#Res        AtomicFlx
   1.000       5.2893
   2.000       3.8922
   3.000       3.0062
   4.000       2.0142
   5.000       2.2305
   6.000       2.6944
   7.000       2.2800
   8.000       2.4258
   9.000       1.5608
  10.000       1.1359
  11.000       0.9378
  12.000       1.0497
  13.000       1.0068
  14.000       0.7052
  15.000       0.5903
  16.000       0.6189
  17.000       0.5409
  18.000       0.4746
  19.000       0.4960
  20.000       0.4371
  21.000       0.4475
  22.000       0.4089
  23.000       0.6684
  24.000       0.6900
  25.000       0.7011
  26.000       0.5444
  27.000       0.4748
  28.000       0.9540
  29.000       0.6968
  30.000       0.7348
  31.000       0.8648
  32.000       0.9569
  33.000       0.8277
  34.000       0.9119
  35.000       1.3081
  36.000       1.2337
  37.000       0.9246
  38.000       1.4520
  39.000       1.0928
  40.000       1.0863
  41.000       1.3932
  42.000       1.0379
  43.000       0.8825
  44.000       0.9205
  45.000       0.6875
  46.000       0.5820
  47.000       0.7321
  48.000       0.7134
  49.000       0.5972
  50.000       0.6220
  51.000       0.7062
  52.000       0.7629
  53.000       0.7585
  54.000       0.6861
  55.000       0.6189
  56.000       0.6201
  57.000       0.6191
  58.000       0.5317
  59.000       0.5232
  60.000       0.5700
  61.000       0.5623
  62.000       0.5415
  63.000       0.5742
  64.000       0.6132
  65.000       0.6305
  66.000       0.6074
  67.000       0.7266
  68.000       0.6705
  69.000       0.6112
  70.000       0.6586
  71.000       0.7948
  72.000       0.7237
  73.000       0.6243
  74.000       0.7457
  75.000       0.7554
  76.000       0.6491
  77.000       0.6492
  78.000       0.7698
  79.000       0.8254
  80.000       0.7877
  81.000       0.7433
  82.000       0.8382
  83.000       0.7604
  84.000       0.6869
  85.000       0.6108
  86.000       0.5578
  87.000       0.5496
  88.000       0.5397
  89.000       0.5417
  90.000       0.5346
  91.000       0.5713
  92.000       0.5626
  93.000       0.5443
  94.000       0.5592
  95.000       0.5831
  96.000       0.5229
  97.000       0.4621
  98.000       0.4649
  99.000       0.5125
 100.000       0.4909
 101.000       0.4113
 102.000       0.4376
 103.000       0.4611
 104.000       0.4759
 105.000       0.4641
 106.000       0.4664
 107.000       0.4576
 108.000       0.4501
 109.000       0.4454
 110.000       0.4855
 111.000       0.4696
 112.000       0.4734
 113.000       0.5556
 114.000       0.6028
 115.000       0.6318
 116.000       0.8543
 117.000       1.5036
 118.000       1.8247
 119.000       1.3301
 120.000       0.7849
 121.000       0.8663
 122.000       1.1896
 123.000       1.2958
 124.000       1.4375
 125.000       1.1259
 126.000       1.2963
 127.000       1.2360
 128.000       1.4341
 129.000       1.2513
 130.000       1.0899
 131.000       1.2434
 132.000       1.9921
 133.000       1.4569
 134.000       1.5125
 135.000       1.4860
 136.000       1.6516
 137.000       1.3209
 138.000       2.0183
 139.000       2.8286
 140.000       4.0725
 141.000       4.8730
 142.000       4.9845
 143.000       4.4410
 144.000       4.8590
 145.000       4.1766
 146.000       3.5125
 147.000       3.0464
 148.000       2.1530
 149.000       1.4223
 150.000       1.0299
 151.000       0.9443
 152.000       0.8580
 153.000       0.7869
 154.000       0.8113
 155.000       0.8437
 156.000       0.7582
 157.000       0.7619
 158.000       0.8652
 159.000       0.8891
 160.000       0.9492
 161.000       0.9468
 162.000       1.0043
 163.000       0.9596
 164.000       1.1111
 165.000       1.2081
 166.000       1.0733
 167.000       1.0731
 168.000       1.4297
 169.000       1.1413
 170.000       1.0493
 171.000       1.5481
 172.000       1.3531
 173.000       1.3944
 174.000       1.2043
 175.000       0.9632
 176.000       1.0027
 177.000       1.1481
 178.000       1.1524
 179.000       0.8950
 180.000       0.6905
 181.000       0.7748
 182.000       0.7050
 183.000       0.5638
 184.000       0.5866
 185.000       0.6458
 186.000       0.6349
 187.000       0.5854
 188.000       0.6014
 189.000       0.6951
 190.000       0.6486
 191.000       0.5688
 192.000       0.6508
 193.000       0.6857
 194.000       0.6305
 195.000       0.6404
 196.000       0.7352
 197.000       0.8372
 198.000       0.9659
 199.000       0.9501
 200.000       1.0620
 201.000       0.7072
 202.000       0.7144
 203.000       1.1300
 204.000       1.3471
 205.000       0.9376
 206.000       0.8683
 207.000       1.2442
 208.000       0.9438
 209.000       0.6244
 210.000       1.2262
 211.000       1.1413
 212.000       0.8328
 213.000       0.6233
 214.000       0.5852
 215.000       0.5591
 216.000       0.5527
 217.000       0.5669
 218.000       0.6104
 219.000       0.5686
 220.000       0.5495
 221.000       0.6013
 222.000       0.6175
 223.000       0.5883
 224.000       0.6678
 225.000       0.7129
 226.000       0.7216
 227.000       0.7867
 228.000       0.8133
 229.000       0.7976
 230.000       0.7228
 231.000       0.8048
 232.000       0.8409
 233.000       0.8458
 234.000       0.8570
 235.000       0.8526
 236.000       0.9531
 237.000       0.9880
 238.000       0.9739
 239.000       0.9898
 240.000       1.0583
 241.000       1.1814
 242.000       1.3756
 243.000       1.3780
 244.000       1.1303
 245.000       1.2278
 246.000       1.2404
 247.000       1.0764
 248.000       0.9561
 249.000       0.7853
 250.000       0.6498
 251.000       0.6267
 252.000       0.5958
 253.000       0.5361
 254.000       0.5244
 255.000       0.5033
 256.000       0.4757
 257.000       0.4592
 258.000       0.4469
 259.000       0.4557
 260.000       0.4636
 261.000       0.4513
 262.000       0.4682
 263.000       0.5173
 264.000       0.4845
 265.000       0.5095
 266.000       0.5626
 267.000       0.5976
 268.000       0.5202
 269.000       0.5023
 270.000       0.5668
 271.000       0.7140
 272.000       0.7199
 273.000       0.6831
 274.000       0.7377
 275.000       0.9705
 276.000       0.9839
 277.000       1.0755
 278.000       1.0223
 279.000       0.9486
 280.000       0.8758
 281.000       0.8949
 282.000       0.7157
 283.000       0.6304
 284.000       0.6185
 285.000       0.6372
 286.000       0.5672
 287.000       0.5491
 288.000       0.5534
 289.000       0.4787
 290.000       0.5219
 291.000       0.5795
 292.000       0.4886
 293.000       0.4290
 294.000       0.4942
 295.000       0.5366
 296.000       0.4406
 297.000       0.4542
 298.000       0.5572
 299.000       0.5340
 300.000       0.5002
 301.000       0.5290
 302.000       0.5028
 303.000       0.4794
 304.000       0.4731
 305.000       0.5723
 306.000       0.5593
 307.000       0.7344
 308.000       0.8227
 309.000       0.7981
 310.000       0.8414
 311.000       0.8987
 312.000       0.9970
 313.000       1.2516
 314.000       1.3433
 315.000       1.3954
 316.000       1.5715
 317.000       1.4722
 318.000       1.2861
 319.000       1.0841
 320.000       1.2554
 321.000       1.0969
 322.000       0.8809
 323.000       0.9962
 324.000       1.3929
 325.000       1.8466
 326.000       1.1066
 327.000       1.0192
 328.000       1.1845
 329.000       0.9869
 330.000       0.7142
 331.000       0.7397
 332.000       0.6564
 333.000       0.6915
 334.000       0.7954
 335.000       0.7282
 336.000       0.6620
 337.000       0.6410
 338.000       0.7105
 339.000       0.7348
 340.000       0.8161
 341.000       0.8664
 342.000       0.8627
 343.000       0.9036
 344.000       0.8003
 345.000       0.6248
 346.000       0.6281
 347.000       0.6471
 348.000       0.5697
 349.000       0.5339
 350.000       0.5306
 351.000       0.5204
 352.000       0.4876
 353.000       0.4564
 354.000       0.4833
 355.000       0.4639
 356.000       0.4620
 357.000       0.4611
 358.000       0.4965
 359.000       0.4978
 360.000       0.5277
 361.000       0.4352
 362.000       0.4352
 363.000       0.4634
 364.000       0.4523
 365.000       0.4619
 366.000       0.5374
 367.000       0.5993
 368.000       0.5397
 369.000       0.5720
 370.000       0.5832
 371.000       0.5520
 372.000       0.5052
 373.000       0.5478
 374.000       0.5942
 375.000       0.6212
 376.000       0.6319
 377.000       0.6441
 378.000       0.7234
 379.000       0.7668
 380.000       0.9787
 381.000       1.0990
 382.000       1.0747
 383.000       1.2769
 384.000       1.2538
 385.000       1.1057
 386.000       1.3608
 387.000       1.0843
 388.000       1.0746
 389.000       1.2028
 390.000       1.1078
 391.000       0.8065
 392.000       0.9646
 393.000       0.9851
 394.000       0.7728
 395.000       0.7656
 396.000       0.8618
 397.000       0.7297
 398.000       0.7090
 399.000       0.8572
 400.000       0.7952
 401.000       0.7063
 402.000       0.8994
 403.000       0.9749
 404.000       0.7242
 405.000       0.6180
 406.000       0.7499
 407.000       0.7634
 408.000       0.7531
 409.000       1.0660
 410.000       0.8443
 411.000       0.8081
 412.000       0.6446
 413.000       0.5716
 414.000       0.6304
 415.000       0.6848
 416.000       0.6793
 417.000       0.6085
 418.000       0.6230
 419.000       0.6602
 420.000       0.6921
 421.000       0.7036
 422.000       0.5619
 423.000       0.6721
 424.000       0.6251
 425.000       0.5629
 426.000       0.5361
 427.000       0.5227
 428.000       0.5424
 429.000       0.5536
 430.000       0.5509
 431.000       0.5452
 432.000       0.6142
 433.000       0.6954
 434.000       0.7083
 435.000       0.7752
 436.000       0.8815
 437.000       0.9615
 438.000       0.9681
 439.000       1.0037
 440.000       1.1359
 441.000       1.1470
 442.000       1.1008
 443.000       0.9868
 444.000       1.1666
 445.000       1.0869
 446.000       0.8110
 447.000       0.8542
 448.000       0.9431
 449.000       0.9041
 450.000       0.8936
 451.000       1.0121
 452.000       1.1861
 453.000       1.4847
 454.000       1.6258
 455.000       1.3235
 456.000       1.5929
 457.000       1.1836
 458.000       0.9345
 459.000       1.0136
 460.000       0.9605
 461.000       0.8291
 462.000       0.7363
 463.000       0.8089
 464.000       0.8755
 465.000       0.7540
 466.000       0.7380
 467.000       0.8718
 468.000       0.8338
 469.000       0.6860
 470.000       0.6759
 471.000       0.6883
 472.000       0.6942
 473.000       0.6077
 474.000       0.5462
 475.000       0.6388
 476.000       0.6844
 477.000       0.6303
 478.000       0.7082
 479.000       0.8201
 480.000       0.7816
 481.000       0.9045
 482.000       1.1046
 483.000       0.9672
 484.000       1.1718
 485.000       1.1739
 486.000       1.3749
 487.000       1.1059
 488.000       0.9075
 489.000       1.0318
 490.000       0.9552
 491.000       1.0832
 492.000       1.2868
 493.000       0.9962
 494.000       1.0746
 495.000       0.8762
 496.000       0.9732
 497.000       1.2334
 498.000       1.2595
 499.000       1.3220
 500.000       1.1982
 501.000       0.9151
 502.000       0.9011
 503.000       0.9074
 504.000       1.0120
 505.000       0.9970
 506.000       0.8510
 507.000       0.9449
 508.000       1.2218
 509.000       1.1097
 510.000       0.7996
 511.000       0.8230
 512.000       0.8071
 513.000       0.7270
 514.000       0.7283
 515.000       0.9466
 516.000       0.9835
 517.000       0.7500
 518.000       0.9762
 519.000       1.2755
 520.000       1.1522
 521.000       1.0494
 522.000       1.5039
 523.000       1.6708
 524.000       1.5252
 525.000       1.5671
 526.000       1.9950
 527.000       2.2179
 528.000       2.2760
 529.000       2.3290
 530.000       2.3667
 531.000       1.9251
 532.000       1.6643
 533.000       1.7057
 534.000       1.7215
 535.000       1.7541
 536.000       1.6834
 537.000       1.8758
 538.000       2.2141
 539.000       2.8109
 540.000       3.3268
 541.000       4.6641
 542.000       6.3617
