#Res        AtomicFlx
   1.000       6.1577
   2.000       4.5908
   3.000       3.0974
   4.000       1.9896
   5.000       1.3016
   6.000       1.0586
   7.000       1.1902
   8.000       1.8628
   9.000       1.2424
  10.000       1.1012
  11.000       0.9838
  12.000       0.8559
  13.000       0.6825
  14.000       0.7058
  15.000       0.7236
  16.000       0.6055
  17.000       0.5487
  18.000       0.5270
  19.000       0.5336
  20.000       0.4923
  21.000       0.5600
  22.000       0.4848
  23.000       0.7150
  24.000       1.0123
  25.000       1.0639
  26.000       0.7116
  27.000       0.5436
  28.000       0.4930
  29.000       0.5062
  30.000       0.4813
  31.000       0.5122
  32.000       0.5561
  33.000       0.6152
  34.000       0.6155
  35.000       0.7276
  36.000       0.7833
  37.000       0.7116
  38.000       0.8551
  39.000       0.7750
  40.000       0.8469
  41.000       0.8326
  42.000       0.6775
  43.000       0.6682
  44.000       0.7406
  45.000       0.6737
  46.000       0.5755
  47.000       0.6303
  48.000       0.6306
  49.000       0.5612
  50.000       0.5589
  51.000       0.6120
  52.000       0.6752
  53.000       0.6702
  54.000       0.6744
  55.000       0.5539
  56.000       0.5377
  57.000       0.6036
  58.000       0.5650
  59.000       0.5336
  60.000       0.5961
  61.000       0.6062
  62.000       0.5498
  63.000       0.5685
  64.000       0.6323
  65.000       0.6359
  66.000       0.6792
  67.000       0.6805
  68.000       0.9503
  69.000       0.7407
  70.000       0.7007
  71.000       0.7511
  72.000       0.6378
  73.000       0.5982
  74.000       0.6496
  75.000       0.7241
  76.000       0.7043
  77.000       0.9787
  78.000       1.0596
  79.000       0.9606
  80.000       0.8885
  81.000       0.8561
  82.000       0.9046
  83.000       0.7651
  84.000       0.6565
  85.000       0.6648
  86.000       0.6757
  87.000       0.5960
  88.000       0.5680
  89.000       0.5796
  90.000       0.5903
  91.000       0.6599
  92.000       0.7364
  93.000       0.6437
  94.000       0.7327
  95.000       0.8294
  96.000       0.8377
  97.000       0.8404
  98.000       1.0410
  99.000       1.1374
 100.000       1.1403
 101.000       0.9273
 102.000       0.6332
 103.000       0.6993
 104.000       0.6188
 105.000       0.5626
 106.000       0.5435
 107.000       0.5438
 108.000       0.5355
 109.000       0.5173
 110.000       0.5368
 111.000       0.5172
 112.000       0.5352
 113.000       0.6234
 114.000       0.6633
 115.000       0.6726
 116.000       0.8486
 117.000       0.8899
 118.000       0.9856
 119.000       0.9390
 120.000       0.6913
 121.000       0.7305
 122.000       0.8663
 123.000       1.0444
 124.000       1.2940
 125.000       1.3315
 126.000       1.6178
 127.000       1.5352
 128.000       1.8880
 129.000       1.6853
 130.000       1.4803
 131.000       1.7656
 132.000       2.8760
 133.000       3.3017
 134.000       2.9202
 135.000       3.4446
 136.000       4.3914
 137.000       5.2587
 138.000       5.9912
 139.000       5.5746
 140.000       5.3535
 141.000       4.8350
 142.000       4.2372
 143.000       4.2835
 144.000       4.2340
 145.000       3.7676
 146.000       3.8253
 147.000       4.1494
 148.000       3.4923
 149.000       2.6083
 150.000       1.6079
 151.000       1.1329
 152.000       0.7916
 153.000       0.6797
 154.000       0.8211
 155.000       0.8431
 156.000       0.7222
 157.000       0.7627
 158.000       1.0761
 159.000       1.1879
 160.000       1.0707
 161.000       0.9500
 162.000       1.0606
 163.000       0.9898
 164.000       1.3592
 165.000       1.4034
 166.000       1.1276
 167.000       1.2355
 168.000       1.2390
 169.000       1.2313
 170.000       1.4061
 171.000       2.0292
 172.000       1.4397
 173.000       1.1451
 174.000       1.0443
 175.000       1.0203
 176.000       1.0026
 177.000       1.0352
 178.000       0.9311
 179.000       0.7998
 180.000       0.6939
 181.000       0.6961
 182.000       0.6540
 183.000       0.5885
 184.000       0.6305
 185.000       0.6547
 186.000       0.6436
 187.000       0.6270
 188.000       0.6168
 189.000       0.7023
 190.000       0.7064
 191.000       0.6535
 192.000       0.6901
 193.000       0.7950
 194.000       0.7575
 195.000       0.6950
 196.000       0.7237
 197.000       0.8166
 198.000       0.8166
 199.000       1.1024
 200.000       1.1891
 201.000       1.0415
 202.000       1.0547
 203.000       1.5780
 204.000       1.6280
 205.000       1.1363
 206.000       1.0702
 207.000       1.3271
 208.000       1.4737
 209.000       1.3216
 210.000       1.1286
 211.000       0.9087
 212.000       0.8270
 213.000       0.7514
 214.000       0.7161
 215.000       0.7134
 216.000       0.6897
 217.000       0.6837
 218.000       0.6972
 219.000       0.6561
 220.000       0.6021
 221.000       0.6612
 222.000       0.7032
 223.000       0.6455
 224.000       0.6791
 225.000       0.7770
 226.000       0.7895
 227.000       0.7580
 228.000       0.7768
 229.000       0.7255
 230.000       0.6592
 231.000       0.8163
 232.000       0.8899
 233.000       0.7264
 234.000       0.6971
 235.000       0.8127
 236.000       0.7655
 237.000       0.6383
 238.000       0.7481
 239.000       0.8123
 240.000       0.8507
 241.000       0.8924
 242.000       0.9308
 243.000       1.0273
 244.000       0.9407
 245.000       0.9423
 246.000       1.0369
 247.000       0.9554
 248.000       0.9128
 249.000       0.8731
 250.000       0.7402
 251.000       0.6589
 252.000       0.6395
 253.000       0.5966
 254.000       0.5692
 255.000       0.5451
 256.000       0.5352
 257.000       0.4882
 258.000       0.5864
 259.000       0.6005
 260.000       0.5365
 261.000       0.5277
 262.000       0.6274
 263.000       0.7040
 264.000       0.7828
 265.000       0.6503
 266.000       0.5910
 267.000       0.7094
 268.000       0.5027
 269.000       0.6011
 270.000       0.6232
 271.000       0.5750
 272.000       0.5115
 273.000       0.6489
 274.000       0.7498
 275.000       0.6938
 276.000       0.7839
 277.000       0.8393
 278.000       0.7490
 279.000       0.8046
 280.000       0.8910
 281.000       0.9014
 282.000       0.7972
 283.000       0.7248
 284.000       0.6772
 285.000       0.6446
 286.000       0.6138
 287.000       0.5896
 288.000       0.5838
 289.000       0.5362
 290.000       0.5572
 291.000       0.5934
 292.000       0.5414
 293.000       0.5208
 294.000       0.5837
 295.000       0.5722
 296.000       0.5205
 297.000       0.5578
 298.000       0.5676
 299.000       0.5443
 300.000       0.5414
 301.000       0.5382
 302.000       0.5121
 303.000       0.4964
 304.000       0.4863
 305.000       0.5002
 306.000       0.5136
 307.000       0.5357
 308.000       0.5602
 309.000       0.5806
 310.000       0.6116
 311.000       0.6951
 312.000       0.7202
 313.000       0.8825
 314.000       1.0880
 315.000       1.0688
 316.000       1.0988
 317.000       0.9168
 318.000       0.8293
 319.000       0.6952
 320.000       0.8418
 321.000       0.8537
 322.000       0.6883
 323.000       0.6498
 324.000       0.7800
 325.000       0.7083
 326.000       0.7586
 327.000       0.7532
 328.000       0.7392
 329.000       0.7434
 330.000       0.5708
 331.000       0.5448
 332.000       0.5416
 333.000       0.5691
 334.000       0.6173
 335.000       0.5765
 336.000       0.5820
 337.000       0.6220
 338.000       0.6858
 339.000       0.7094
 340.000       0.7488
 341.000       0.8206
 342.000       0.8469
 343.000       0.9273
 344.000       0.8198
 345.000       0.6892
 346.000       0.6880
 347.000       0.6682
 348.000       0.5951
 349.000       0.5724
 350.000       0.5844
 351.000       0.5867
 352.000       0.5316
 353.000       0.5016
 354.000       0.5530
 355.000       0.5668
 356.000       0.5402
 357.000       0.5204
 358.000       0.5515
 359.000       0.5432
 360.000       0.5512
 361.000       0.5273
 362.000       0.5060
 363.000       0.4755
 364.000       0.5027
 365.000       0.5076
 366.000       0.5338
 367.000       0.5843
 368.000       0.5290
 369.000       0.5676
 370.000       0.5941
 371.000       0.5924
 372.000       0.5333
 373.000       0.5485
 374.000       0.6163
 375.000       0.6237
 376.000       0.6293
 377.000       0.7004
 378.000       0.8046
 379.000       0.9027
 380.000       1.2118
 381.000       1.3215
 382.000       1.2260
 383.000       1.2311
 384.000       1.5371
 385.000       1.1287
 386.000       1.0018
 387.000       0.7550
 388.000       0.9171
 389.000       0.8409
 390.000       0.6720
 391.000       0.6305
 392.000       0.6883
 393.000       0.6880
 394.000       0.6127
 395.000       0.6086
 396.000       0.6820
 397.000       0.6934
 398.000       0.6414
 399.000       0.6855
 400.000       0.8788
 401.000       0.8866
 402.000       0.8416
 403.000       0.9815
 404.000       0.8781
 405.000       0.7999
 406.000       0.8637
 407.000       0.7864
 408.000       0.9096
 409.000       1.1561
 410.000       1.1122
 411.000       1.1054
 412.000       0.9935
 413.000       0.8608
 414.000       0.8003
 415.000       0.9543
 416.000       0.9188
 417.000       0.8663
 418.000       1.0114
 419.000       0.9937
 420.000       1.0838
 421.000       1.2836
 422.000       1.3334
 423.000       0.9336
 424.000       0.8252
 425.000       0.7649
 426.000       0.6550
 427.000       0.5653
 428.000       0.6173
 429.000       0.6016
 430.000       0.5467
 431.000       0.5273
 432.000       0.5971
 433.000       0.6391
 434.000       0.6514
 435.000       0.6359
 436.000       0.6626
 437.000       0.7004
 438.000       0.6800
 439.000       0.7118
 440.000       0.7747
 441.000       0.7476
 442.000       0.7157
 443.000       0.6720
 444.000       0.7234
 445.000       0.7207
 446.000       0.6635
 447.000       0.6893
 448.000       0.7470
 449.000       0.7409
 450.000       0.7421
 451.000       0.7850
 452.000       0.9247
 453.000       1.0136
 454.000       1.0335
 455.000       1.0453
 456.000       0.9519
 457.000       0.9511
 458.000       0.8764
 459.000       1.0177
 460.000       0.9528
 461.000       0.8064
 462.000       0.7356
 463.000       0.7771
 464.000       0.7525
 465.000       0.6315
 466.000       0.6443
 467.000       0.7472
 468.000       0.6975
 469.000       0.6325
 470.000       0.6930
 471.000       0.6586
 472.000       0.6194
 473.000       0.5431
 474.000       0.5347
 475.000       0.6197
 476.000       0.6014
 477.000       0.5968
 478.000       0.6599
 479.000       0.7798
 480.000       0.7734
 481.000       0.7866
 482.000       0.9375
 483.000       0.9667
 484.000       0.9795
 485.000       1.9075
 486.000       2.4034
 487.000       1.6837
 488.000       1.5220
 489.000       1.6510
 490.000       1.6071
 491.000       1.5834
 492.000       1.6740
 493.000       1.5717
 494.000       1.7052
 495.000       1.7845
 496.000       1.7449
 497.000       1.8482
 498.000       1.8053
 499.000       1.5503
 500.000       1.4068
 501.000       1.1791
 502.000       1.1085
 503.000       1.0641
 504.000       1.0830
 505.000       1.0302
 506.000       1.1384
 507.000       1.3459
 508.000       1.4207
 509.000       1.3781
 510.000       1.2218
 511.000       1.2942
 512.000       1.3874
 513.000       1.1875
 514.000       1.1442
 515.000       1.1026
 516.000       1.1687
 517.000       1.0431
 518.000       1.0169
 519.000       1.1785
 520.000       1.3022
 521.000       1.2335
 522.000       1.2905
 523.000       1.5426
 524.000       1.7277
 525.000       1.7197
 526.000       2.1054
 527.000       2.1601
 528.000       2.0783
 529.000       1.8577
 530.000       1.9656
 531.000       1.9104
 532.000       1.5536
 533.000       1.4791
 534.000       1.7250
 535.000       1.6488
 536.000       1.2854
 537.000       1.3819
 538.000       1.6411
 539.000       1.5845
 540.000       2.0893
 541.000       3.1540
 542.000       4.7084
