#Res        AtomicFlx
   1.000       2.7918
   2.000       2.0156
   3.000       3.1680
   4.000       1.9273
   5.000       1.6961
   6.000       1.8447
   7.000       1.7927
   8.000       1.4947
   9.000       1.4291
  10.000       1.3246
  11.000       1.0125
  12.000       1.0438
  13.000       0.9014
  14.000       0.7734
  15.000       0.7845
  16.000       0.6812
  17.000       0.7838
  18.000       0.7598
  19.000       0.7540
  20.000       0.7008
  21.000       0.9504
  22.000       0.6788
  23.000       0.7012
  24.000       0.9568
  25.000       1.7199
  26.000       1.7274
  27.000       0.6935
  28.000       0.8448
  29.000       2.3223
  30.000       1.2203
  31.000       1.2265
  32.000       2.7702
  33.000       2.3309
  34.000       1.0542
  35.000       1.3791
  36.000       1.1367
  37.000       1.2850
  38.000       1.5902
  39.000       1.1379
  40.000       1.3712
  41.000       2.1427
  42.000       0.7822
  43.000       0.7661
  44.000       1.7690
  45.000       0.9912
  46.000       0.7357
  47.000       0.9012
  48.000       1.2594
  49.000       1.3276
  50.000       0.9419
  51.000       0.6469
  52.000       0.7649
  53.000       0.7721
  54.000       1.0939
  55.000       0.9568
  56.000       0.7371
  57.000       1.0486
  58.000       0.9994
  59.000       0.8959
  60.000       0.6825
  61.000       0.8276
  62.000       0.7105
  63.000       0.9552
  64.000       1.3602
  65.000       1.2598
  66.000       1.0319
  67.000       1.1616
  68.000       0.8142
  69.000       1.0375
  70.000       0.9368
  71.000       0.7894
  72.000       1.0085
  73.000       1.0606
  74.000       2.2740
  75.000       1.7302
  76.000       1.1241
  77.000       1.4433
  78.000       1.3224
  79.000       1.4732
  80.000       0.9871
  81.000       0.6135
  82.000       0.7170
  83.000       0.5473
  84.000       0.9974
  85.000       0.5901
  86.000       0.9279
  87.000       1.0536
  88.000       0.7291
  89.000       0.9191
  90.000       0.7734
  91.000       0.7597
  92.000       0.9904
  93.000       1.0499
  94.000       0.7994
  95.000       1.0556
  96.000       1.1333
  97.000       1.2790
  98.000       1.0854
  99.000       0.8748
 100.000       0.8103
 101.000       0.7824
 102.000       0.8980
 103.000       0.7952
 104.000       0.5899
 105.000       0.8891
 106.000       0.9571
 107.000       0.7773
 108.000       0.8267
 109.000       0.7943
 110.000       0.7207
 111.000       0.6665
 112.000       0.9299
 113.000       0.9406
 114.000       1.6957
 115.000       1.0786
 116.000       0.9011
 117.000       0.8160
 118.000       0.8143
 119.000       0.8763
 120.000       1.0656
 121.000       0.9803
 122.000       1.2601
 123.000       0.8864
 124.000       1.1268
 125.000       0.9393
 126.000       0.9805
 127.000       1.4643
 128.000       2.5498
 129.000       2.2682
 130.000       1.5743
 131.000       1.5197
 132.000       1.1682
 133.000       1.5248
 134.000       1.6677
 135.000       1.9454
 136.000       2.4323
 137.000       2.8026
 138.000       2.3126
 139.000       2.5543
 140.000       3.0409
 141.000       3.1571
 142.000       3.1619
 143.000       3.4793
 144.000       6.4560
 145.000       3.9870
 146.000       2.4355
 147.000       2.0479
 148.000       1.9516
 149.000       1.7395
 150.000       1.6382
 151.000       1.4683
 152.000       1.4275
 153.000       1.3836
 154.000       1.4352
 155.000       1.1964
 156.000       1.5512
 157.000       1.3068
 158.000       2.2187
 159.000       1.6574
 160.000       2.1668
 161.000       2.2199
 162.000       2.2219
 163.000       1.4069
 164.000       0.9324
 165.000       0.7509
 166.000       0.8768
 167.000       1.0264
 168.000       0.8932
 169.000       0.6738
 170.000       0.7229
 171.000       1.2128
 172.000       0.8714
 173.000       1.0454
 174.000       0.7489
 175.000       0.8496
 176.000       1.1695
 177.000       1.2490
 178.000       1.0809
 179.000       1.3428
 180.000       1.3330
 181.000       1.0821
 182.000       1.1007
 183.000       1.6956
 184.000       1.4170
 185.000       0.9398
 186.000       1.4176
 187.000       0.9169
 188.000       0.7200
 189.000       1.1234
 190.000       0.7609
 191.000       0.9160
 192.000       0.7843
 193.000       0.5702
 194.000       0.5867
 195.000       0.7501
 196.000       0.5722
 197.000       0.7787
 198.000       0.7672
 199.000       0.6623
 200.000       0.8767
 201.000       0.8413
 202.000       1.0268
 203.000       1.0852
 204.000       1.0004
 205.000       0.7810
 206.000       1.1123
 207.000       1.1702
 208.000       1.6755
 209.000       0.9531
 210.000       1.4083
 211.000       1.7185
 212.000       0.8724
 213.000       1.0099
 214.000       0.8650
 215.000       1.4225
 216.000       0.9773
 217.000       1.0897
 218.000       1.4088
 219.000       1.5543
 220.000       1.0291
 221.000       0.9581
 222.000       0.8962
 223.000       1.6100
 224.000       0.7513
 225.000       0.7118
 226.000       0.7900
 227.000       0.7783
 228.000       0.8318
 229.000       0.7162
 230.000       0.9068
 231.000       0.8030
 232.000       1.0563
 233.000       0.8956
 234.000       0.9406
 235.000       0.7803
 236.000       1.2328
 237.000       1.0573
 238.000       1.0196
 239.000       1.2912
 240.000       0.7830
 241.000       0.8394
 242.000       1.7827
 243.000       1.1571
 244.000       0.7027
 245.000       1.0757
 246.000       1.2930
 247.000       2.4504
 248.000       0.9128
 249.000       1.2881
 250.000       1.1448
 251.000       1.2295
 252.000       1.7016
 253.000       1.8532
 254.000       1.6783
 255.000       1.5333
 256.000       1.3136
 257.000       1.4847
 258.000       1.5472
 259.000       1.0170
 260.000       1.6119
 261.000       0.8858
 262.000       0.7916
 263.000       0.6358
 264.000       0.8763
 265.000       0.6829
 266.000       0.6377
 267.000       0.7093
 268.000       0.6606
 269.000       1.0122
 270.000       0.6257
 271.000       1.0122
 272.000       0.7110
 273.000       0.9597
 274.000       0.7865
 275.000       1.0205
 276.000       0.8609
 277.000       1.1364
 278.000       0.6364
 279.000       0.5920
 280.000       0.9582
 281.000       0.8191
 282.000       0.6949
 283.000       1.1062
 284.000       0.8687
 285.000       0.8432
 286.000       1.1182
 287.000       1.2066
 288.000       2.4259
 289.000       2.2439
 290.000       1.8446
 291.000       1.5566
 292.000       1.4216
 293.000       1.0402
 294.000       1.2328
 295.000       1.8962
 296.000       0.9782
 297.000       0.7732
 298.000       0.8275
 299.000       0.9943
 300.000       0.7479
 301.000       0.7693
 302.000       1.0754
 303.000       0.6884
 304.000       0.7420
 305.000       0.9613
 306.000       0.6887
 307.000       0.6274
 308.000       0.5812
 309.000       0.7794
 310.000       0.9131
 311.000       0.6418
 312.000       0.5848
 313.000       0.9945
 314.000       0.7067
 315.000       0.7005
 316.000       0.9723
 317.000       0.6528
 318.000       0.9511
 319.000       1.0644
 320.000       0.6999
 321.000       0.8177
 322.000       1.0904
 323.000       0.8656
 324.000       1.2283
 325.000       1.1768
 326.000       1.2877
 327.000       1.0255
 328.000       1.0866
 329.000       1.4068
 330.000       1.0711
 331.000       1.1381
 332.000       2.0071
 333.000       1.1490
 334.000       0.9999
 335.000       1.3503
 336.000       2.7969
 337.000       1.0694
 338.000       1.0438
 339.000       0.7370
 340.000       0.9571
 341.000       0.8303
 342.000       0.9323
 343.000       0.8007
 344.000       0.7450
 345.000       0.6411
 346.000       0.7721
 347.000       1.1225
 348.000       0.7460
 349.000       0.9038
 350.000       1.1554
 351.000       1.2872
 352.000       1.1834
 353.000       1.1205
 354.000       1.2801
 355.000       0.9735
 356.000       0.8171
 357.000       0.9855
 358.000       0.7556
 359.000       0.8119
 360.000       1.0278
 361.000       0.8384
 362.000       0.6309
 363.000       0.6128
 364.000       1.0897
 365.000       0.8059
 366.000       1.0303
 367.000       0.7046
 368.000       0.9481
 369.000       0.8771
 370.000       0.5937
 371.000       0.9443
 372.000       0.6470
 373.000       0.7139
 374.000       0.7513
 375.000       1.1830
 376.000       0.7655
 377.000       1.1903
 378.000       0.8044
 379.000       0.9270
 380.000       0.6447
 381.000       0.8150
 382.000       0.7778
 383.000       0.7247
 384.000       0.7922
 385.000       0.9399
 386.000       0.9499
 387.000       1.0586
 388.000       1.1211
 389.000       1.1901
 390.000       1.3957
 391.000       2.3110
 392.000       2.3891
 393.000       2.5580
 394.000       1.2346
 395.000       1.4970
 396.000       1.7799
 397.000       1.4717
 398.000       1.3229
 399.000       1.2561
 400.000       1.4832
 401.000       0.9240
 402.000       0.8132
 403.000       1.0365
 404.000       0.7764
 405.000       0.8234
 406.000       0.7589
 407.000       0.8782
 408.000       0.7987
 409.000       0.6714
 410.000       1.0151
 411.000       1.1535
 412.000       1.1392
 413.000       0.6696
 414.000       0.9211
 415.000       0.8610
 416.000       0.8462
 417.000       0.7626
 418.000       0.7675
 419.000       0.9624
 420.000       0.8248
 421.000       0.7926
 422.000       1.0521
 423.000       0.7584
 424.000       0.8215
 425.000       1.0060
 426.000       0.9799
 427.000       1.1362
 428.000       1.1700
 429.000       1.0915
 430.000       1.4162
 431.000       1.2563
 432.000       1.4466
 433.000       1.7635
 434.000       1.6580
 435.000       1.7606
 436.000       1.0635
 437.000       1.1283
 438.000       0.9740
 439.000       0.8810
 440.000       0.8976
 441.000       0.7229
 442.000       1.0202
 443.000       1.1181
 444.000       1.0601
 445.000       0.9171
 446.000       1.0321
 447.000       0.9491
 448.000       1.0584
 449.000       1.0823
 450.000       1.2221
 451.000       1.2246
 452.000       1.2902
 453.000       1.0027
 454.000       1.6645
 455.000       2.2571
 456.000       1.3003
 457.000       0.9919
 458.000       1.9750
 459.000       1.6455
 460.000       1.3366
 461.000       1.1163
 462.000       1.4346
 463.000       2.0485
 464.000       1.3836
 465.000       1.4584
 466.000       1.5239
 467.000       1.8801
 468.000       1.4106
 469.000       1.3562
 470.000       1.2674
 471.000       1.3935
 472.000       1.6247
 473.000       1.4721
 474.000       1.4453
 475.000       1.1766
 476.000       0.9401
 477.000       0.9232
 478.000       1.3564
 479.000       1.0639
 480.000       1.0061
 481.000       1.0314
 482.000       0.9593
 483.000       0.8566
 484.000       0.9211
 485.000       0.9634
 486.000       1.6673
 487.000       0.9742
 488.000       0.7400
 489.000       0.9617
 490.000       0.8895
 491.000       1.0784
 492.000       0.9800
 493.000       1.0934
 494.000       1.2076
 495.000       1.2790
 496.000       1.2786
 497.000       1.8472
 498.000       1.3392
 499.000       1.3279
 500.000       1.2084
 501.000       1.3654
 502.000       1.8174
 503.000       2.4985
 504.000       1.4355
 505.000       1.7112
 506.000       1.1651
 507.000       0.9568
 508.000       0.9794
 509.000       0.9970
 510.000       0.8383
 511.000       1.0229
 512.000       0.9254
 513.000       1.0022
 514.000       0.7694
 515.000       1.7406
 516.000       1.1977
 517.000       1.2079
 518.000       0.8455
 519.000       1.1608
 520.000       0.7562
 521.000       0.6552
 522.000       1.0022
 523.000       1.0655
 524.000       0.8017
 525.000       0.8912
 526.000       0.8388
 527.000       1.2979
 528.000       0.9149
 529.000       0.9083
 530.000       1.5978
 531.000       1.2303
 532.000       1.6072
 533.000       1.4957
 534.000       1.6086
 535.000       2.0957
 536.000       1.6694
 537.000       2.4480
 538.000       2.5238
 539.000       3.4096
 540.000       3.0172
 541.000       2.4210
 542.000       3.0419
 543.000       2.9407
 544.000       2.0985
 545.000       2.1686
 546.000       2.7516
 547.000       1.9435
 548.000       1.4887
 549.000       2.0266
 550.000       2.5269
 551.000       2.5376
 552.000       3.7841
 553.000       4.7760
 554.000       6.6362
 555.000       8.2559
 556.000       9.9934
 557.000      11.2069
 558.000       9.2386
 559.000      11.3255
 560.000      11.8323
 561.000       5.2292
 562.000       7.6866
 563.000      10.7876
 564.000      11.8165
 565.000      12.2706
 566.000      13.4684
 567.000      13.7665
 568.000      16.3121
 569.000      16.1497
 570.000       2.4407
 571.000       3.5890
 572.000       3.4132
 573.000       4.0703
 574.000       5.5551
 575.000       7.5154
 576.000       5.5550
 577.000       7.9215
 578.000       7.4101
 579.000       3.1570
 580.000       4.0891
 581.000       6.6299
 582.000       5.6487
 583.000       8.0621
 584.000       8.8980
 585.000      10.6310
 586.000      13.0858
 587.000      13.8933
 588.000      51.8836
 589.000       1.9718
 590.000      41.2189
 591.000      51.6460
 592.000      51.0705
 593.000      51.2910
 594.000      50.3497
 595.000      50.3506
 596.000      51.8907
 597.000      51.6704
 598.000      51.5391
 599.000      50.2917
 600.000      50.1420
 601.000      51.9302
 602.000      52.2654
 603.000      50.7779
 604.000      50.1519
 605.000      51.2258
 606.000      51.5663
 607.000      51.0334
 608.000      50.7345
 609.000      52.7835
 610.000      53.0911
 611.000      51.0944
 612.000      50.3667
 613.000      50.8278
 614.000      51.1573
 615.000      51.7871
 616.000      51.9788
 617.000      50.6177
 618.000      51.4768
 619.000      50.3939
 620.000      50.3567
 621.000      51.4217
 622.000      50.9572
 623.000      50.3368
 624.000      49.6282
 625.000      50.5222
 626.000      51.3175
 627.000      52.4644
 628.000      49.9078
 629.000      51.9618
 630.000      48.0320
 631.000      51.4370
 632.000      51.7376
 633.000       0.7131
 634.000      53.0833
 635.000      53.2879
 636.000      52.3400
 637.000      52.6627
 638.000      52.8201
 639.000      53.6845
 640.000      52.5764
 641.000      53.3914
 642.000      52.4285
 643.000      53.5256
 644.000      52.8367
 645.000      53.5726
 646.000      52.6100
 647.000      53.2997
 648.000      53.4443
 649.000      54.0120
 650.000      51.8779
 651.000      53.1994
 652.000      53.4386
 653.000      53.5663
 654.000      53.4474
 655.000      51.5839
 656.000      52.9522
 657.000      52.4966
 658.000      52.9858
 659.000      53.3270
 660.000      52.9097
 661.000      52.5707
 662.000      53.7157
 663.000      53.7777
 664.000      52.4469
 665.000      54.1552
 666.000      52.8731
 667.000      53.5170
 668.000      53.0607
 669.000      53.8209
 670.000      53.1951
 671.000      53.2940
 672.000      52.7042
 673.000      53.1266
 674.000      53.0212
 675.000      53.1411
 676.000      52.4445
 677.000      53.5032
 678.000      53.3964
 679.000      52.3682
