#Res        AtomicFlx
   1.000       2.9619
   2.000       1.7047
   3.000       1.8083
   4.000       0.9996
   5.000       1.3936
   6.000       1.6291
   7.000       1.5137
   8.000       1.4626
   9.000       1.2674
  10.000       0.8823
  11.000       0.9393
  12.000       1.1402
  13.000       0.8564
  14.000       0.6609
  15.000       0.8042
  16.000       0.6708
  17.000       0.7453
  18.000       0.6727
  19.000       0.6682
  20.000       0.5414
  21.000       0.7735
  22.000       0.5945
  23.000       0.5432
  24.000       0.8845
  25.000       0.8145
  26.000       1.7837
  27.000       0.6561
  28.000       0.6538
  29.000       1.0673
  30.000       0.8759
  31.000       0.7375
  32.000       1.1696
  33.000       1.8815
  34.000       0.9073
  35.000       1.0196
  36.000       0.9105
  37.000       1.1219
  38.000       1.2960
  39.000       0.8900
  40.000       0.9997
  41.000       1.3183
  42.000       0.7289
  43.000       0.6197
  44.000       1.6541
  45.000       0.8508
  46.000       0.7301
  47.000       0.8555
  48.000       1.0566
  49.000       1.2423
  50.000       0.9946
  51.000       0.6269
  52.000       0.7566
  53.000       0.6970
  54.000       0.8907
  55.000       0.9403
  56.000       0.6944
  57.000       0.9600
  58.000       0.7694
  59.000       0.8966
  60.000       0.7322
  61.000       1.0422
  62.000       0.6632
  63.000       0.8323
  64.000       1.1565
  65.000       0.9760
  66.000       0.9964
  67.000       1.1639
  68.000       0.8253
  69.000       0.9189
  70.000       0.9488
  71.000       0.7771
  72.000       1.1320
  73.000       1.0350
  74.000       3.0297
  75.000       2.7096
  76.000       1.5407
  77.000       1.9050
  78.000       1.4772
  79.000       1.4222
  80.000       0.9773
  81.000       0.6464
  82.000       0.7710
  83.000       0.6015
  84.000       0.9663
  85.000       0.6249
  86.000       0.9591
  87.000       0.7503
  88.000       0.7752
  89.000       0.7565
  90.000       0.6164
  91.000       0.7110
  92.000       0.8280
  93.000       0.9781
  94.000       0.6362
  95.000       0.9789
  96.000       0.8019
  97.000       1.0629
  98.000       0.9954
  99.000       0.7600
 100.000       0.8866
 101.000       1.1118
 102.000       0.6408
 103.000       0.8317
 104.000       0.6037
 105.000       0.8558
 106.000       0.9936
 107.000       0.8098
 108.000       0.6495
 109.000       0.9875
 110.000       0.6857
 111.000       0.6589
 112.000       0.9316
 113.000       0.9378
 114.000       1.5240
 115.000       1.0343
 116.000       0.7784
 117.000       0.7321
 118.000       0.6694
 119.000       0.7340
 120.000       1.0677
 121.000       1.0507
 122.000       1.3712
 123.000       1.0701
 124.000       1.4031
 125.000       1.0468
 126.000       0.9945
 127.000       1.5639
 128.000       2.3751
 129.000       3.2562
 130.000       2.1149
 131.000       2.2953
 132.000       1.4018
 133.000       1.3037
 134.000       1.3788
 135.000       1.8384
 136.000       1.9160
 137.000       2.1353
 138.000       1.6441
 139.000       1.8836
 140.000       2.2388
 141.000       2.2330
 142.000       1.8244
 143.000       1.9679
 144.000       2.5356
 145.000       2.3860
 146.000       2.0105
 147.000       1.6717
 148.000       1.9850
 149.000       1.7757
 150.000       1.5434
 151.000       0.9974
 152.000       1.5395
 153.000       1.5673
 154.000       1.5824
 155.000       1.4377
 156.000       1.9291
 157.000       1.6777
 158.000       2.7564
 159.000       2.3824
 160.000       2.0913
 161.000       2.2726
 162.000       2.0366
 163.000       1.4918
 164.000       1.0836
 165.000       0.8383
 166.000       0.8327
 167.000       1.1541
 168.000       1.0575
 169.000       0.7388
 170.000       0.8968
 171.000       1.7848
 172.000       1.2402
 173.000       1.2769
 174.000       0.9611
 175.000       1.0451
 176.000       1.2300
 177.000       1.2921
 178.000       1.1970
 179.000       1.3777
 180.000       1.9218
 181.000       1.4818
 182.000       1.4491
 183.000       1.8278
 184.000       1.6199
 185.000       1.0782
 186.000       1.6312
 187.000       1.4293
 188.000       1.5998
 189.000       1.5143
 190.000       1.0638
 191.000       1.2162
 192.000       1.0504
 193.000       0.7321
 194.000       0.6318
 195.000       0.7864
 196.000       0.6596
 197.000       0.8751
 198.000       0.8076
 199.000       0.7443
 200.000       0.9790
 201.000       0.9681
 202.000       0.9534
 203.000       0.7862
 204.000       1.1206
 205.000       1.1272
 206.000       0.9597
 207.000       1.2447
 208.000       1.7852
 209.000       0.9947
 210.000       1.7118
 211.000       2.1128
 212.000       0.9284
 213.000       0.8832
 214.000       0.7827
 215.000       1.3943
 216.000       0.8015
 217.000       0.7581
 218.000       1.7909
 219.000       0.9692
 220.000       0.6584
 221.000       0.7251
 222.000       0.7973
 223.000       0.9557
 224.000       0.5980
 225.000       0.5811
 226.000       0.7722
 227.000       0.7268
 228.000       0.6965
 229.000       0.6759
 230.000       0.8990
 231.000       0.7617
 232.000       1.0322
 233.000       0.9071
 234.000       0.9296
 235.000       0.7217
 236.000       1.2905
 237.000       1.2464
 238.000       0.9659
 239.000       1.3026
 240.000       0.8457
 241.000       0.8242
 242.000       1.7189
 243.000       1.0910
 244.000       0.7618
 245.000       0.9844
 246.000       1.2748
 247.000       1.2951
 248.000       0.8233
 249.000       1.2446
 250.000       1.1629
 251.000       1.1658
 252.000       1.5311
 253.000       2.1776
 254.000       1.8114
 255.000       1.6184
 256.000       1.6184
 257.000       1.7109
 258.000       1.4987
 259.000       1.0036
 260.000       1.6625
 261.000       0.8687
 262.000       0.8432
 263.000       0.6974
 264.000       0.9072
 265.000       0.7033
 266.000       0.7010
 267.000       0.7797
 268.000       0.6351
 269.000       1.1452
 270.000       0.7046
 271.000       0.9944
 272.000       0.5808
 273.000       0.8737
 274.000       0.7923
 275.000       0.9148
 276.000       1.0811
 277.000       1.0473
 278.000       0.7662
 279.000       0.7210
 280.000       0.8933
 281.000       0.7434
 282.000       0.7486
 283.000       1.0621
 284.000       0.7619
 285.000       0.7575
 286.000       1.1137
 287.000       1.0115
 288.000       1.4505
 289.000       1.2453
 290.000       1.4955
 291.000       1.2485
 292.000       1.2564
 293.000       1.0857
 294.000       1.5533
 295.000       1.6025
 296.000       0.9565
 297.000       0.7389
 298.000       0.8170
 299.000       0.9385
 300.000       0.8154
 301.000       0.6621
 302.000       1.2082
 303.000       0.6848
 304.000       0.6018
 305.000       0.8752
 306.000       0.7041
 307.000       0.6138
 308.000       0.5439
 309.000       0.7574
 310.000       0.9118
 311.000       0.6331
 312.000       0.5781
 313.000       0.9896
 314.000       0.6838
 315.000       0.6698
 316.000       0.7725
 317.000       0.6483
 318.000       0.7817
 319.000       0.7603
 320.000       0.7001
 321.000       0.7966
 322.000       0.8916
 323.000       0.8606
 324.000       1.0744
 325.000       1.0877
 326.000       1.3162
 327.000       1.1608
 328.000       1.1772
 329.000       1.4333
 330.000       1.1564
 331.000       1.1103
 332.000       2.0343
 333.000       1.0047
 334.000       0.9008
 335.000       0.9891
 336.000       1.6858
 337.000       0.7830
 338.000       0.8556
 339.000       0.6649
 340.000       0.8184
 341.000       0.6454
 342.000       0.6129
 343.000       0.6959
 344.000       0.6352
 345.000       0.5490
 346.000       0.5889
 347.000       0.9012
 348.000       0.6612
 349.000       0.7616
 350.000       0.9317
 351.000       1.2202
 352.000       1.1714
 353.000       0.8561
 354.000       1.0984
 355.000       0.9494
 356.000       0.7163
 357.000       0.9022
 358.000       0.6878
 359.000       0.7412
 360.000       1.0302
 361.000       0.8022
 362.000       0.5628
 363.000       0.5494
 364.000       0.9426
 365.000       0.7097
 366.000       0.8749
 367.000       0.6283
 368.000       0.7082
 369.000       0.8211
 370.000       0.6255
 371.000       1.0911
 372.000       0.6553
 373.000       0.8561
 374.000       0.9251
 375.000       1.0156
 376.000       0.9942
 377.000       1.0257
 378.000       0.9419
 379.000       1.0595
 380.000       0.7281
 381.000       0.8703
 382.000       0.8206
 383.000       0.9965
 384.000       0.7976
 385.000       0.8938
 386.000       0.9568
 387.000       1.2359
 388.000       1.1351
 389.000       1.1980
 390.000       1.4361
 391.000       2.1160
 392.000       2.0668
 393.000       1.9284
 394.000       1.1672
 395.000       1.4428
 396.000       1.6235
 397.000       1.3770
 398.000       1.3067
 399.000       1.0310
 400.000       1.8634
 401.000       0.8960
 402.000       0.7570
 403.000       0.9096
 404.000       0.7257
 405.000       0.8086
 406.000       0.7195
 407.000       0.8265
 408.000       0.7647
 409.000       0.6542
 410.000       0.9936
 411.000       1.0332
 412.000       0.9505
 413.000       0.7248
 414.000       0.9791
 415.000       0.8770
 416.000       0.9810
 417.000       0.9305
 418.000       0.8345
 419.000       1.0192
 420.000       0.8546
 421.000       0.7784
 422.000       1.0324
 423.000       0.9299
 424.000       0.8963
 425.000       0.9119
 426.000       1.0977
 427.000       1.0644
 428.000       1.0460
 429.000       0.8781
 430.000       1.0996
 431.000       0.8048
 432.000       0.7735
 433.000       0.8410
 434.000       0.8970
 435.000       1.3290
 436.000       0.7840
 437.000       1.0715
 438.000       0.9682
 439.000       0.8685
 440.000       1.0724
 441.000       0.8287
 442.000       0.9107
 443.000       1.0288
 444.000       0.9976
 445.000       0.8083
 446.000       0.9044
 447.000       0.8306
 448.000       0.9751
 449.000       0.8824
 450.000       1.0977
 451.000       1.1065
 452.000       1.1010
 453.000       0.8453
 454.000       1.4113
 455.000       1.9081
 456.000       1.0778
 457.000       0.9032
 458.000       1.2106
 459.000       1.3244
 460.000       0.9800
 461.000       0.8650
 462.000       1.1330
 463.000       1.6604
 464.000       1.1134
 465.000       1.2111
 466.000       0.9957
 467.000       1.6363
 468.000       1.0734
 469.000       1.0449
 470.000       0.9610
 471.000       1.3276
 472.000       1.2408
 473.000       1.1188
 474.000       1.5289
 475.000       1.3232
 476.000       0.8224
 477.000       0.8216
 478.000       1.2912
 479.000       1.3327
 480.000       1.1633
 481.000       1.3250
 482.000       1.1428
 483.000       1.0421
 484.000       1.2177
 485.000       1.1206
 486.000       1.6985
 487.000       1.1325
 488.000       0.8292
 489.000       1.0128
 490.000       0.9669
 491.000       1.1612
 492.000       0.8998
 493.000       1.0046
 494.000       1.2048
 495.000       1.2633
 496.000       1.0105
 497.000       1.8105
 498.000       1.1634
 499.000       1.1446
 500.000       1.2630
 501.000       1.4487
 502.000       2.0766
 503.000       2.8379
 504.000       1.9764
 505.000       1.9228
 506.000       1.2599
 507.000       1.2046
 508.000       1.2312
 509.000       1.2492
 510.000       1.0132
 511.000       1.1190
 512.000       1.0620
 513.000       1.1057
 514.000       0.8061
 515.000       1.4474
 516.000       1.2673
 517.000       1.0302
 518.000       0.8829
 519.000       1.3303
 520.000       0.9056
 521.000       0.8919
 522.000       1.1154
 523.000       1.0883
 524.000       0.8176
 525.000       0.9978
 526.000       0.9938
 527.000       1.4228
 528.000       1.0048
 529.000       1.3459
 530.000       2.0978
 531.000       1.9443
 532.000       1.9100
 533.000       2.5144
 534.000       2.5580
 535.000       2.8249
 536.000       2.7970
 537.000       3.5647
 538.000       4.0368
 539.000       4.9978
 540.000       4.8102
 541.000       4.1246
 542.000       4.7202
 543.000       4.6506
 544.000       3.6414
 545.000       3.6817
 546.000       4.2793
 547.000       3.3112
 548.000       2.7315
 549.000       3.2666
 550.000       4.1281
 551.000       4.6989
 552.000       2.8038
 553.000       4.5003
 554.000       6.0868
 555.000       5.9626
 556.000       8.6433
 557.000       8.8861
 558.000       9.3924
 559.000      12.0297
 560.000      12.0899
 561.000       3.6940
 562.000       5.5982
 563.000       7.5485
 564.000       9.8981
 565.000      11.5018
 566.000      12.9701
 567.000       8.7641
 568.000      10.8567
 569.000      10.8560
 570.000       1.2351
 571.000       1.1926
 572.000       1.3673
 573.000       1.6623
 574.000       2.9328
 575.000       2.2706
 576.000       1.7889
 577.000       3.1933
 578.000       2.6757
 579.000       2.6308
 580.000       3.5402
 581.000       4.5479
 582.000       5.6528
 583.000       7.8243
 584.000       7.8399
 585.000       7.7151
 586.000       9.8850
 587.000      10.2954
 588.000      50.6987
 589.000       0.5254
 590.000       0.8445
 591.000      50.6383
 592.000      51.9073
 593.000      51.1904
 594.000      52.3107
 595.000      50.5974
 596.000      50.8913
 597.000      49.7915
 598.000      52.4754
 599.000      49.8982
 600.000      51.7596
 601.000      52.4455
 602.000      51.6556
 603.000      51.6246
 604.000      50.3170
 605.000      51.3000
 606.000      52.0173
 607.000      52.3431
 608.000      50.2103
 609.000      51.1548
 610.000      51.0304
 611.000      50.8734
 612.000      51.7408
 613.000      50.5815
 614.000      50.7615
 615.000      50.6732
 616.000      52.5192
 617.000      51.1241
 618.000      51.1142
 619.000      50.6516
 620.000      48.9801
 621.000      52.2530
 622.000      51.0386
 623.000      50.2230
 624.000      50.2415
 625.000      49.4770
 626.000      50.3270
 627.000      51.0306
 628.000      51.3288
 629.000      50.8530
 630.000      50.3950
 631.000      51.0090
 632.000      52.0455
 633.000       0.6168
 634.000      52.8713
 635.000      53.2065
 636.000      53.7252
 637.000      53.1430
 638.000      52.4478
 639.000      52.9375
 640.000      53.1743
 641.000      53.1224
 642.000      52.5225
 643.000      52.9284
 644.000      53.4395
 645.000      52.9422
 646.000      53.2120
 647.000      52.7387
 648.000      52.8360
 649.000      53.5028
 650.000      54.1822
 651.000      52.4306
 652.000      52.1384
 653.000      52.8126
 654.000      53.3306
 655.000      52.7770
 656.000      53.3067
 657.000      52.8678
 658.000      52.6980
 659.000      52.9532
 660.000      53.1363
 661.000      53.0335
 662.000      52.5113
 663.000      52.4595
 664.000      52.2970
 665.000      53.1145
 666.000      53.3779
 667.000      53.0227
 668.000      54.1509
 669.000      45.8968
 670.000      52.9202
 671.000      53.4298
 672.000      53.5684
 673.000      51.8212
 674.000      53.6752
 675.000      53.6839
 676.000      53.0769
 677.000      53.1093
 678.000      52.3344
 679.000      53.1534
