#Res        AtomicFlx
   1.000       3.5859
   2.000       1.8969
   3.000       1.9676
   4.000       0.9142
   5.000       1.3277
   6.000       1.5069
   7.000       1.2749
   8.000       1.3781
   9.000       1.1865
  10.000       0.6793
  11.000       0.7516
  12.000       1.1432
  13.000       0.6984
  14.000       0.5168
  15.000       0.6832
  16.000       0.5871
  17.000       0.5959
  18.000       0.6012
  19.000       0.6656
  20.000       0.6004
  21.000       0.9903
  22.000       0.6597
  23.000       0.5335
  24.000       0.9865
  25.000       0.7577
  26.000       1.3200
  27.000       0.5877
  28.000       0.6324
  29.000       0.7228
  30.000       0.6809
  31.000       0.5970
  32.000       0.7452
  33.000       1.2511
  34.000       0.6809
  35.000       0.7066
  36.000       0.6653
  37.000       0.6927
  38.000       0.7812
  39.000       0.6413
  40.000       0.8992
  41.000       1.1099
  42.000       0.6965
  43.000       0.5847
  44.000       1.6738
  45.000       0.8785
  46.000       0.6973
  47.000       0.7302
  48.000       1.2501
  49.000       1.1687
  50.000       0.9337
  51.000       0.6031
  52.000       0.7411
  53.000       0.6700
  54.000       1.0360
  55.000       0.9069
  56.000       0.6492
  57.000       0.9946
  58.000       0.5853
  59.000       0.8271
  60.000       0.6441
  61.000       0.8192
  62.000       0.6285
  63.000       0.8363
  64.000       1.4017
  65.000       1.0018
  66.000       0.9931
  67.000       1.1224
  68.000       0.7663
  69.000       0.7731
  70.000       1.0653
  71.000       0.7466
  72.000       0.7880
  73.000       0.9245
  74.000       2.3559
  75.000       1.7814
  76.000       1.2491
  77.000       1.3130
  78.000       1.2820
  79.000       1.3235
  80.000       0.8849
  81.000       0.5916
  82.000       0.7130
  83.000       0.5837
  84.000       1.1147
  85.000       0.5885
  86.000       0.7548
  87.000       0.9454
  88.000       0.7626
  89.000       0.9474
  90.000       0.7763
  91.000       0.7986
  92.000       0.7384
  93.000       1.0065
  94.000       0.7047
  95.000       1.0814
  96.000       1.1457
  97.000       1.1408
  98.000       1.0075
  99.000       0.8305
 100.000       0.8334
 101.000       0.7739
 102.000       0.8330
 103.000       0.7663
 104.000       0.5987
 105.000       0.8793
 106.000       0.9559
 107.000       0.7929
 108.000       0.6906
 109.000       1.0168
 110.000       0.7408
 111.000       0.7578
 112.000       1.0648
 113.000       1.1068
 114.000       1.8573
 115.000       1.4749
 116.000       1.0453
 117.000       0.8928
 118.000       0.7905
 119.000       0.9825
 120.000       2.0948
 121.000       1.0261
 122.000       1.9626
 123.000       1.2683
 124.000       1.4672
 125.000       1.2065
 126.000       1.0733
 127.000       1.3386
 128.000       2.1458
 129.000       1.5946
 130.000       1.0867
 131.000       1.5798
 132.000       1.8466
 133.000       1.9631
 134.000       2.7050
 135.000       2.8508
 136.000       3.5496
 137.000       3.9936
 138.000       3.1158
 139.000       3.7318
 140.000       4.5838
 141.000       4.4249
 142.000       3.4863
 143.000       3.4091
 144.000       5.8582
 145.000       3.8024
 146.000       2.6762
 147.000       1.8881
 148.000       1.3684
 149.000       1.6286
 150.000       1.5435
 151.000       1.1795
 152.000       1.3105
 153.000       1.9200
 154.000       2.2729
 155.000       1.7229
 156.000       2.0841
 157.000       1.8099
 158.000       2.4258
 159.000       2.4489
 160.000       2.9550
 161.000       2.4605
 162.000       2.0468
 163.000       1.1145
 164.000       1.0248
 165.000       0.8007
 166.000       0.9377
 167.000       1.0460
 168.000       0.9753
 169.000       0.7854
 170.000       1.1858
 171.000       1.0176
 172.000       1.3880
 173.000       2.1296
 174.000       1.2038
 175.000       1.4085
 176.000       1.3062
 177.000       1.6931
 178.000       1.6329
 179.000       1.8451
 180.000       1.8811
 181.000       1.3971
 182.000       1.4791
 183.000       2.1896
 184.000       1.8236
 185.000       1.2408
 186.000       1.7465
 187.000       1.4724
 188.000       1.4297
 189.000       1.2239
 190.000       0.8679
 191.000       1.0355
 192.000       0.9682
 193.000       0.6412
 194.000       0.6346
 195.000       0.8711
 196.000       0.7090
 197.000       0.8660
 198.000       0.8814
 199.000       0.8004
 200.000       0.9921
 201.000       0.9290
 202.000       0.8446
 203.000       1.0309
 204.000       1.0500
 205.000       1.0602
 206.000       1.0209
 207.000       1.1297
 208.000       1.9123
 209.000       1.0011
 210.000       1.6343
 211.000       2.0149
 212.000       0.9200
 213.000       1.0812
 214.000       0.9985
 215.000       1.5671
 216.000       0.9889
 217.000       0.8817
 218.000       1.9148
 219.000       0.9845
 220.000       0.7503
 221.000       0.8423
 222.000       0.8402
 223.000       1.1710
 224.000       0.6893
 225.000       0.6162
 226.000       0.8533
 227.000       0.8281
 228.000       0.9348
 229.000       0.6872
 230.000       1.0559
 231.000       0.9821
 232.000       1.0550
 233.000       0.9471
 234.000       1.0836
 235.000       0.7286
 236.000       1.1981
 237.000       1.1836
 238.000       0.9032
 239.000       1.1803
 240.000       0.6720
 241.000       0.7166
 242.000       1.7532
 243.000       1.0073
 244.000       0.6174
 245.000       0.8269
 246.000       1.1358
 247.000       0.8044
 248.000       0.6450
 249.000       0.8839
 250.000       0.8300
 251.000       0.8762
 252.000       1.3495
 253.000       1.7164
 254.000       1.4451
 255.000       1.0563
 256.000       1.2865
 257.000       1.5850
 258.000       1.2535
 259.000       0.8363
 260.000       1.5413
 261.000       0.7077
 262.000       0.8398
 263.000       0.5685
 264.000       0.6309
 265.000       0.6018
 266.000       0.6132
 267.000       0.7214
 268.000       0.5328
 269.000       0.9239
 270.000       0.5883
 271.000       1.9139
 272.000       0.5020
 273.000       0.6954
 274.000       0.5534
 275.000       0.6571
 276.000       0.6563
 277.000       0.7903
 278.000       0.5774
 279.000       0.5688
 280.000       0.7596
 281.000       0.7570
 282.000       0.6678
 283.000       0.8923
 284.000       0.6713
 285.000       0.6665
 286.000       1.0007
 287.000       0.9517
 288.000       1.7533
 289.000       1.9373
 290.000       1.7584
 291.000       1.3092
 292.000       1.0951
 293.000       1.0623
 294.000       1.1037
 295.000       1.6813
 296.000       0.8407
 297.000       0.6492
 298.000       0.7896
 299.000       0.8905
 300.000       0.6203
 301.000       0.5687
 302.000       1.1040
 303.000       0.5975
 304.000       0.5331
 305.000       0.5981
 306.000       0.6357
 307.000       0.5839
 308.000       0.4929
 309.000       0.6738
 310.000       0.8860
 311.000       0.6406
 312.000       0.5426
 313.000       0.9955
 314.000       0.8168
 315.000       0.7694
 316.000       0.6248
 317.000       0.5987
 318.000       0.8756
 319.000       0.8016
 320.000       0.5999
 321.000       0.7134
 322.000       1.0617
 323.000       0.7571
 324.000       0.8683
 325.000       0.7863
 326.000       1.1763
 327.000       0.8816
 328.000       1.0548
 329.000       1.1774
 330.000       0.9084
 331.000       0.9098
 332.000       1.6589
 333.000       0.9716
 334.000       0.7892
 335.000       0.9179
 336.000       0.9867
 337.000       0.7153
 338.000       0.8061
 339.000       0.7319
 340.000       1.1482
 341.000       0.7106
 342.000       0.6566
 343.000       0.8098
 344.000       0.8814
 345.000       1.2747
 346.000       0.9889
 347.000       1.0864
 348.000       0.8625
 349.000       1.0521
 350.000       1.1090
 351.000       1.2635
 352.000       0.9810
 353.000       1.0122
 354.000       1.1542
 355.000       0.9842
 356.000       0.9087
 357.000       1.4644
 358.000       1.0346
 359.000       0.8439
 360.000       1.1045
 361.000       1.0556
 362.000       0.7070
 363.000       0.5903
 364.000       0.9416
 365.000       0.8128
 366.000       1.0235
 367.000       0.8362
 368.000       0.7237
 369.000       0.9369
 370.000       0.5901
 371.000       0.8598
 372.000       0.6260
 373.000       0.7691
 374.000       0.6575
 375.000       0.7215
 376.000       0.7103
 377.000       0.8328
 378.000       0.9184
 379.000       0.9588
 380.000       0.6346
 381.000       0.8753
 382.000       0.8149
 383.000       0.8682
 384.000       0.7907
 385.000       0.9146
 386.000       0.9713
 387.000       1.2416
 388.000       1.0651
 389.000       1.1237
 390.000       1.2261
 391.000       1.5542
 392.000       1.9376
 393.000       2.1432
 394.000       1.1238
 395.000       1.5189
 396.000       1.6523
 397.000       1.3924
 398.000       1.3727
 399.000       1.0475
 400.000       1.9090
 401.000       0.9056
 402.000       0.8058
 403.000       0.9313
 404.000       0.7678
 405.000       0.8820
 406.000       0.8290
 407.000       0.9339
 408.000       0.9132
 409.000       0.8251
 410.000       1.1603
 411.000       1.2998
 412.000       1.2719
 413.000       0.8849
 414.000       1.1285
 415.000       1.0171
 416.000       1.1015
 417.000       1.0059
 418.000       0.8807
 419.000       1.5866
 420.000       0.9260
 421.000       0.8815
 422.000       1.2443
 423.000       0.8800
 424.000       0.9054
 425.000       1.0913
 426.000       1.2038
 427.000       1.1585
 428.000       1.1849
 429.000       1.0678
 430.000       1.4508
 431.000       1.4422
 432.000       1.2571
 433.000       1.1437
 434.000       1.2650
 435.000       1.4955
 436.000       0.9566
 437.000       1.0686
 438.000       0.9916
 439.000       0.7840
 440.000       0.8331
 441.000       0.6972
 442.000       0.9598
 443.000       1.0701
 444.000       0.8813
 445.000       0.7700
 446.000       0.9242
 447.000       0.8422
 448.000       1.0281
 449.000       1.0163
 450.000       1.1451
 451.000       1.1312
 452.000       1.2199
 453.000       0.9946
 454.000       1.5331
 455.000       2.3235
 456.000       1.3700
 457.000       0.9861
 458.000       1.3755
 459.000       1.4514
 460.000       1.3167
 461.000       1.1262
 462.000       1.3985
 463.000       1.8430
 464.000       1.7621
 465.000       1.5137
 466.000       1.5818
 467.000       1.7548
 468.000       1.4199
 469.000       1.2381
 470.000       1.1085
 471.000       1.2530
 472.000       1.2221
 473.000       1.1898
 474.000       1.3362
 475.000       1.1635
 476.000       0.8009
 477.000       0.7782
 478.000       1.6538
 479.000       1.1151
 480.000       1.0470
 481.000       1.1380
 482.000       1.0278
 483.000       0.9306
 484.000       1.0189
 485.000       1.0339
 486.000       1.5731
 487.000       0.8240
 488.000       0.7840
 489.000       0.9944
 490.000       0.9174
 491.000       1.0977
 492.000       0.9371
 493.000       1.1290
 494.000       1.2616
 495.000       1.2724
 496.000       1.3940
 497.000       1.9757
 498.000       1.4810
 499.000       1.3494
 500.000       1.4238
 501.000       1.6534
 502.000       2.0941
 503.000       2.8405
 504.000       1.5373
 505.000       1.9205
 506.000       1.2127
 507.000       1.0868
 508.000       1.0880
 509.000       1.1042
 510.000       0.9133
 511.000       1.0436
 512.000       0.9456
 513.000       1.0578
 514.000       0.7960
 515.000       1.6293
 516.000       1.2416
 517.000       1.1248
 518.000       0.8162
 519.000       1.1158
 520.000       0.6987
 521.000       0.6867
 522.000       0.9909
 523.000       1.0455
 524.000       0.8110
 525.000       0.8818
 526.000       0.8380
 527.000       1.3628
 528.000       1.0257
 529.000       0.9214
 530.000       1.6282
 531.000       1.5868
 532.000       1.7208
 533.000       1.5873
 534.000       1.8265
 535.000       2.2168
 536.000       1.9465
 537.000       2.6379
 538.000       2.7822
 539.000       3.6981
 540.000       3.2321
 541.000       2.6103
 542.000       3.1615
 543.000       3.3020
 544.000       2.3325
 545.000       2.4148
 546.000       2.9976
 547.000       2.3825
 548.000       1.8792
 549.000       2.2658
 550.000       2.8266
 551.000       3.0078
 552.000       4.5940
 553.000       6.6836
 554.000       8.5969
 555.000       8.9448
 556.000      10.3014
 557.000      12.1568
 558.000      11.2431
 559.000      12.9381
 560.000      14.4551
 561.000       6.2512
 562.000       8.7798
 563.000      11.4683
 564.000      13.0190
 565.000      14.0109
 566.000      14.2186
 567.000      13.8440
 568.000      15.8643
 569.000      16.4618
 570.000       2.5458
 571.000       3.7416
 572.000       4.8981
 573.000       6.0551
 574.000       7.7795
 575.000       8.5789
 576.000       7.7536
 577.000       9.1037
 578.000      11.3885
 579.000       2.4215
 580.000       3.8441
 581.000       5.3216
 582.000       5.8051
 583.000       6.8884
 584.000       8.6464
 585.000       6.8835
 586.000       8.0839
 587.000       8.9873
 588.000      51.5864
 589.000       0.5124
 590.000       0.6679
 591.000      51.9079
 592.000      51.7201
 593.000      49.9397
 594.000      51.2151
 595.000      50.8868
 596.000      50.8286
 597.000      51.8394
 598.000      51.8584
 599.000      50.9013
 600.000      51.3378
 601.000      49.7321
 602.000      49.3664
 603.000      48.6559
 604.000      50.4773
 605.000      49.7189
 606.000      51.2114
 607.000      51.9876
 608.000      50.9333
 609.000      50.1307
 610.000      51.9755
 611.000      51.3557
 612.000      50.8376
 613.000      49.9980
 614.000      49.4085
 615.000      52.1177
 616.000      51.8507
 617.000      51.1848
 618.000      50.8334
 619.000      50.9878
 620.000      52.7629
 621.000      47.9890
 622.000      52.1229
 623.000      51.5396
 624.000      50.0821
 625.000      50.8599
 626.000      51.3890
 627.000      50.1578
 628.000      52.0623
 629.000      50.9017
 630.000      50.8145
 631.000      51.9387
 632.000      50.0690
 633.000       0.5776
 634.000      52.4271
 635.000      52.8442
 636.000      53.3472
 637.000      52.9728
 638.000      53.0558
 639.000      53.0646
 640.000      52.6255
 641.000      53.9556
 642.000      52.4372
 643.000      53.2737
 644.000      52.9993
 645.000      53.5935
 646.000      52.7553
 647.000      53.7087
 648.000      53.2363
 649.000      52.7297
 650.000      54.0320
 651.000      53.2444
 652.000      52.9706
 653.000      51.9209
 654.000      53.3312
 655.000      52.9091
 656.000      52.8739
 657.000      52.7562
 658.000      53.1730
 659.000      52.5878
 660.000      52.8002
 661.000      52.9826
 662.000      52.9082
 663.000      52.6165
 664.000      52.5580
 665.000      52.9868
 666.000      52.8208
 667.000      53.5402
 668.000      52.8265
 669.000      52.8967
 670.000      51.9579
 671.000      53.1679
 672.000      52.8247
 673.000      53.4334
 674.000      53.3112
 675.000      52.7379
 676.000      52.7438
 677.000      52.8251
 678.000      52.9684
 679.000      52.4998
