#Res        AtomicFlx
   1.000       4.3302
   2.000       1.6919
   3.000       1.4824
   4.000       1.0116
   5.000       1.3390
   6.000       1.4228
   7.000       1.5254
   8.000       1.3948
   9.000       1.2590
  10.000       1.1401
  11.000       0.8264
  12.000       1.1433
  13.000       0.7364
  14.000       0.6692
  15.000       0.7937
  16.000       0.6733
  17.000       1.0923
  18.000       0.7350
  19.000       0.7958
  20.000       0.7503
  21.000       1.0003
  22.000       0.7320
  23.000       0.6529
  24.000       1.0472
  25.000       1.5774
  26.000       1.3400
  27.000       0.7498
  28.000       0.8823
  29.000       2.0201
  30.000       1.1580
  31.000       1.2576
  32.000       2.7447
  33.000       2.2258
  34.000       0.9969
  35.000       1.2508
  36.000       1.0467
  37.000       1.1456
  38.000       1.2846
  39.000       0.9526
  40.000       1.1944
  41.000       1.5197
  42.000       0.8303
  43.000       0.7157
  44.000       2.0012
  45.000       0.9947
  46.000       0.7832
  47.000       0.9294
  48.000       1.1693
  49.000       1.4577
  50.000       0.9683
  51.000       0.7148
  52.000       0.8343
  53.000       0.7355
  54.000       1.1012
  55.000       1.0378
  56.000       0.9639
  57.000       1.0431
  58.000       0.8654
  59.000       1.1124
  60.000       0.7236
  61.000       0.9802
  62.000       0.7245
  63.000       0.8394
  64.000       1.0065
  65.000       0.9597
  66.000       1.0595
  67.000       1.3531
  68.000       1.0869
  69.000       1.4159
  70.000       1.2488
  71.000       0.8990
  72.000       1.1511
  73.000       1.3569
  74.000       3.2936
  75.000       3.0306
  76.000       1.7526
  77.000       2.0849
  78.000       1.8060
  79.000       1.8210
  80.000       1.0038
  81.000       0.7763
  82.000       0.8374
  83.000       0.6659
  84.000       1.0708
  85.000       0.6789
  86.000       1.0458
  87.000       0.9412
  88.000       0.8118
  89.000       0.8366
  90.000       0.7188
  91.000       0.7970
  92.000       0.9132
  93.000       1.0772
  94.000       0.8051
  95.000       1.2018
  96.000       1.4777
  97.000       1.6176
  98.000       1.3738
  99.000       1.1883
 100.000       0.9800
 101.000       1.0243
 102.000       1.1396
 103.000       0.9516
 104.000       0.6985
 105.000       0.9196
 106.000       0.9853
 107.000       0.7500
 108.000       0.7190
 109.000       1.0867
 110.000       0.7473
 111.000       0.7619
 112.000       1.0180
 113.000       0.9818
 114.000       1.8060
 115.000       1.2459
 116.000       0.8766
 117.000       0.9013
 118.000       0.8632
 119.000       1.0830
 120.000       1.9135
 121.000       1.1941
 122.000       2.1192
 123.000       2.5710
 124.000       2.6650
 125.000       4.6248
 126.000       3.6574
 127.000       2.4979
 128.000       3.0698
 129.000       1.8897
 130.000       1.2156
 131.000       1.3454
 132.000       1.5997
 133.000       2.8860
 134.000       3.9561
 135.000       2.7069
 136.000       3.4353
 137.000       2.7525
 138.000       2.4458
 139.000       3.9503
 140.000       3.8420
 141.000       3.0308
 142.000       2.9123
 143.000       2.7977
 144.000       5.3484
 145.000       3.8484
 146.000       2.9724
 147.000       2.4057
 148.000       1.7756
 149.000       2.3983
 150.000       2.3712
 151.000       1.4722
 152.000       1.9486
 153.000       2.6375
 154.000       2.6378
 155.000       2.2005
 156.000       2.4244
 157.000       3.2340
 158.000       4.8044
 159.000       3.5411
 160.000       4.5861
 161.000       2.9421
 162.000       2.2506
 163.000       1.2650
 164.000       1.0299
 165.000       0.9267
 166.000       0.8635
 167.000       1.0530
 168.000       1.0868
 169.000       0.7746
 170.000       1.0483
 171.000       1.6010
 172.000       1.5676
 173.000       1.5065
 174.000       1.3057
 175.000       1.5761
 176.000       1.2529
 177.000       1.4780
 178.000       1.1964
 179.000       1.4812
 180.000       1.5947
 181.000       1.1751
 182.000       1.2587
 183.000       1.6493
 184.000       1.7396
 185.000       1.3073
 186.000       1.9315
 187.000       1.6744
 188.000       2.0127
 189.000       1.5018
 190.000       1.0830
 191.000       1.3936
 192.000       1.3519
 193.000       1.0118
 194.000       0.9698
 195.000       1.0882
 196.000       1.0296
 197.000       1.1628
 198.000       1.0102
 199.000       1.0826
 200.000       1.2901
 201.000       1.1318
 202.000       1.3233
 203.000       1.3322
 204.000       1.4145
 205.000       1.1632
 206.000       1.8013
 207.000       1.9171
 208.000       1.8519
 209.000       1.2258
 210.000       1.4961
 211.000       2.1727
 212.000       1.2688
 213.000       1.0914
 214.000       0.8344
 215.000       1.2953
 216.000       0.8990
 217.000       0.8551
 218.000       1.6712
 219.000       1.1592
 220.000       0.6974
 221.000       0.8082
 222.000       0.8432
 223.000       1.3013
 224.000       0.6924
 225.000       0.6777
 226.000       0.8441
 227.000       0.7940
 228.000       0.7827
 229.000       0.6879
 230.000       1.0032
 231.000       0.7942
 232.000       1.0337
 233.000       0.9097
 234.000       1.1032
 235.000       0.7265
 236.000       1.2350
 237.000       1.2556
 238.000       0.8694
 239.000       1.2956
 240.000       0.7997
 241.000       0.8161
 242.000       1.8452
 243.000       1.3578
 244.000       0.7577
 245.000       0.9893
 246.000       1.4730
 247.000       2.3577
 248.000       0.8470
 249.000       1.1145
 250.000       1.1910
 251.000       1.3753
 252.000       1.9875
 253.000       3.0225
 254.000       2.3759
 255.000       1.4773
 256.000       1.8585
 257.000       2.1071
 258.000       1.5149
 259.000       1.0688
 260.000       1.6383
 261.000       0.9260
 262.000       0.8885
 263.000       0.7488
 264.000       0.9458
 265.000       0.7714
 266.000       0.7470
 267.000       0.7883
 268.000       0.6685
 269.000       0.8539
 270.000       0.7242
 271.000       1.1282
 272.000       0.8319
 273.000       1.0349
 274.000       0.9091
 275.000       0.9868
 276.000       1.0002
 277.000       1.0446
 278.000       1.5653
 279.000       1.3638
 280.000       1.3299
 281.000       0.9012
 282.000       1.0338
 283.000       1.2123
 284.000       0.8023
 285.000       0.8289
 286.000       1.1423
 287.000       1.0311
 288.000       1.3881
 289.000       1.1143
 290.000       1.2741
 291.000       1.2004
 292.000       1.1288
 293.000       0.9081
 294.000       1.8111
 295.000       1.7100
 296.000       0.9188
 297.000       0.7145
 298.000       0.7699
 299.000       0.9573
 300.000       0.7093
 301.000       0.7329
 302.000       1.1231
 303.000       0.6721
 304.000       0.6324
 305.000       1.0065
 306.000       0.6946
 307.000       0.6304
 308.000       0.5396
 309.000       0.7229
 310.000       0.9042
 311.000       0.6469
 312.000       0.5650
 313.000       1.0434
 314.000       0.7082
 315.000       0.6994
 316.000       0.8772
 317.000       0.6903
 318.000       0.8794
 319.000       0.9206
 320.000       0.6991
 321.000       0.7580
 322.000       1.2139
 323.000       0.9160
 324.000       1.1645
 325.000       0.9453
 326.000       1.3684
 327.000       1.1721
 328.000       1.2861
 329.000       1.5947
 330.000       1.1618
 331.000       1.3058
 332.000       2.1660
 333.000       1.2280
 334.000       1.1672
 335.000       1.4390
 336.000       2.6562
 337.000       1.2513
 338.000       1.1658
 339.000       0.8106
 340.000       1.1984
 341.000       0.8844
 342.000       0.9155
 343.000       0.7774
 344.000       0.8002
 345.000       0.9506
 346.000       0.7342
 347.000       0.9387
 348.000       0.8353
 349.000       0.8416
 350.000       1.0005
 351.000       1.3213
 352.000       0.9425
 353.000       0.9349
 354.000       1.2548
 355.000       0.8158
 356.000       0.8297
 357.000       1.1656
 358.000       0.8605
 359.000       0.7784
 360.000       1.0499
 361.000       0.8349
 362.000       0.6050
 363.000       0.6194
 364.000       0.9782
 365.000       0.8198
 366.000       1.0359
 367.000       0.7608
 368.000       0.8020
 369.000       1.0694
 370.000       0.7071
 371.000       1.1843
 372.000       0.9757
 373.000       1.0270
 374.000       0.9826
 375.000       1.1925
 376.000       1.1226
 377.000       1.0917
 378.000       1.3074
 379.000       1.0082
 380.000       0.7997
 381.000       0.9682
 382.000       0.9430
 383.000       1.0760
 384.000       0.9571
 385.000       1.1422
 386.000       1.2219
 387.000       1.3946
 388.000       1.2067
 389.000       1.2858
 390.000       2.1633
 391.000       3.6258
 392.000       2.5797
 393.000       2.6461
 394.000       1.5193
 395.000       1.9559
 396.000       1.9914
 397.000       1.5358
 398.000       1.6926
 399.000       1.4019
 400.000       1.5734
 401.000       1.0709
 402.000       0.9850
 403.000       1.1436
 404.000       0.9452
 405.000       1.0539
 406.000       1.0179
 407.000       1.0771
 408.000       1.0574
 409.000       0.9895
 410.000       1.2969
 411.000       1.4345
 412.000       1.3192
 413.000       1.0596
 414.000       1.3001
 415.000       1.1761
 416.000       1.2313
 417.000       1.1910
 418.000       1.0282
 419.000       1.4020
 420.000       1.0279
 421.000       0.9941
 422.000       1.3808
 423.000       1.1427
 424.000       1.0190
 425.000       1.2348
 426.000       1.3835
 427.000       1.3071
 428.000       1.3784
 429.000       1.3755
 430.000       1.8998
 431.000       1.7052
 432.000       1.2950
 433.000       1.5783
 434.000       1.8017
 435.000       1.7105
 436.000       0.9055
 437.000       0.9577
 438.000       0.9576
 439.000       0.9467
 440.000       1.0893
 441.000       0.7677
 442.000       0.7962
 443.000       0.9628
 444.000       0.9988
 445.000       0.9188
 446.000       0.8924
 447.000       0.8301
 448.000       1.0101
 449.000       0.9968
 450.000       1.3216
 451.000       1.0962
 452.000       1.2516
 453.000       0.9650
 454.000       1.3604
 455.000       2.1041
 456.000       1.1591
 457.000       1.0290
 458.000       1.6361
 459.000       1.4339
 460.000       1.1352
 461.000       1.1981
 462.000       1.2579
 463.000       1.7134
 464.000       1.1390
 465.000       1.2650
 466.000       1.0897
 467.000       1.5815
 468.000       1.1024
 469.000       1.1058
 470.000       1.0833
 471.000       1.4030
 472.000       1.3429
 473.000       1.1940
 474.000       1.3174
 475.000       1.2447
 476.000       0.8742
 477.000       0.8533
 478.000       1.2834
 479.000       1.5870
 480.000       0.9470
 481.000       0.7659
 482.000       0.8526
 483.000       0.8433
 484.000       0.9401
 485.000       1.0951
 486.000       1.1876
 487.000       1.1969
 488.000       0.8001
 489.000       0.9237
 490.000       0.9468
 491.000       1.1580
 492.000       0.9212
 493.000       1.1192
 494.000       1.2608
 495.000       1.3611
 496.000       1.4923
 497.000       2.0431
 498.000       1.8568
 499.000       2.9742
 500.000       2.0513
 501.000       2.0752
 502.000       2.1961
 503.000       3.3143
 504.000       1.4925
 505.000       1.9819
 506.000       1.5503
 507.000       1.3802
 508.000       1.5181
 509.000       1.3982
 510.000       1.2526
 511.000       1.5288
 512.000       1.4459
 513.000       1.4497
 514.000       1.2011
 515.000       2.2294
 516.000       1.5230
 517.000       1.3681
 518.000       1.1833
 519.000       1.7014
 520.000       1.0616
 521.000       1.0432
 522.000       1.3264
 523.000       1.3301
 524.000       0.9447
 525.000       1.2031
 526.000       1.0392
 527.000       1.4780
 528.000       1.3416
 529.000       1.2667
 530.000       1.9245
 531.000       1.9069
 532.000       1.7362
 533.000       2.0128
 534.000       1.9556
 535.000       2.3769
 536.000       2.2609
 537.000       2.7724
 538.000       2.8799
 539.000       3.8192
 540.000       3.2761
 541.000       2.7522
 542.000       3.3323
 543.000       3.4206
 544.000       2.7281
 545.000       2.7938
 546.000       3.2617
 547.000       2.7281
 548.000       2.2828
 549.000       2.6583
 550.000       3.5323
 551.000       4.1156
 552.000       3.3098
 553.000       5.9227
 554.000       7.7107
 555.000       5.6852
 556.000       7.6532
 557.000       8.1273
 558.000      11.3867
 559.000      13.4687
 560.000      14.3997
 561.000       5.2692
 562.000       7.6326
 563.000       9.9693
 564.000      11.1781
 565.000      12.8631
 566.000      14.1728
 567.000      12.0908
 568.000      14.0797
 569.000      14.9290
 570.000       1.6758
 571.000       2.7072
 572.000       3.2657
 573.000       4.2480
 574.000       5.7943
 575.000       6.7317
 576.000       4.3800
 577.000       5.9584
 578.000       6.5853
 579.000       5.1717
 580.000       7.1041
 581.000       9.7573
 582.000       9.2477
 583.000      10.6575
 584.000      12.1313
 585.000      12.9734
 586.000      15.5713
 587.000      14.9927
 588.000      50.2526
 589.000       0.6275
 590.000       0.7280
 591.000      48.5081
 592.000      51.0512
 593.000      51.7691
 594.000      51.6083
 595.000      52.2135
 596.000      51.2960
 597.000      50.2721
 598.000      51.2523
 599.000      50.9904
 600.000      51.2557
 601.000      49.9067
 602.000      51.8205
 603.000      51.1535
 604.000      52.2566
 605.000      51.7042
 606.000      50.1035
 607.000      50.1877
 608.000      50.2643
 609.000      47.4260
 610.000      51.1571
 611.000      51.3467
 612.000      51.5258
 613.000      51.6291
 614.000      50.0588
 615.000      50.1902
 616.000      50.1698
 617.000      52.6532
 618.000      51.9614
 619.000      51.6080
 620.000      51.9286
 621.000      53.0656
 622.000      52.0352
 623.000      52.2414
 624.000      52.2142
 625.000      51.3208
 626.000      52.2158
 627.000      48.9391
 628.000      51.6897
 629.000      50.9513
 630.000      51.5184
 631.000      49.6963
 632.000      50.7769
 633.000       0.6675
 634.000      52.7734
 635.000      53.1615
 636.000      53.0073
 637.000      53.0369
 638.000      52.3927
 639.000      52.5736
 640.000      53.0926
 641.000      53.3089
 642.000      52.7326
 643.000      53.1843
 644.000      52.8178
 645.000      53.2952
 646.000      53.4441
 647.000      52.3918
 648.000      52.7897
 649.000      53.3402
 650.000      52.9960
 651.000      52.8527
 652.000      52.9341
 653.000      52.2451
 654.000      52.4860
 655.000      52.8151
 656.000      52.2183
 657.000      52.9817
 658.000      53.3966
 659.000      52.5322
 660.000      54.0751
 661.000      53.8797
 662.000      52.6624
 663.000      53.2914
 664.000      53.2335
 665.000      53.3255
 666.000      52.8288
 667.000      53.0745
 668.000      53.5745
 669.000      52.2594
 670.000      53.6286
 671.000      52.9321
 672.000      52.7478
 673.000      53.4382
 674.000      53.5551
 675.000      52.6320
 676.000      53.0118
 677.000      53.1699
 678.000      52.8047
 679.000      52.6175
