#Res        AtomicFlx
   1.000       4.0573
   2.000       2.1732
   3.000       1.6855
   4.000       1.0609
   5.000       1.6198
   6.000       1.6127
   7.000       1.6494
   8.000       1.4537
   9.000       1.2544
  10.000       0.9221
  11.000       0.8285
  12.000       1.1760
  13.000       0.7480
  14.000       0.6049
  15.000       0.7495
  16.000       0.6916
  17.000       1.3463
  18.000       0.6691
  19.000       0.6949
  20.000       0.5946
  21.000       0.9692
  22.000       0.6858
  23.000       0.5537
  24.000       0.9985
  25.000       0.9607
  26.000       1.5618
  27.000       0.6591
  28.000       0.8119
  29.000       1.8837
  30.000       1.0588
  31.000       1.1857
  32.000       2.4878
  33.000       2.1548
  34.000       0.8971
  35.000       1.2362
  36.000       1.0899
  37.000       1.2404
  38.000       1.3315
  39.000       0.9219
  40.000       1.1975
  41.000       1.6399
  42.000       0.8790
  43.000       0.7353
  44.000       1.9228
  45.000       1.0839
  46.000       0.8689
  47.000       0.9321
  48.000       1.1781
  49.000       1.3837
  50.000       1.1491
  51.000       0.6252
  52.000       0.7427
  53.000       0.6696
  54.000       1.0947
  55.000       0.9839
  56.000       0.7140
  57.000       1.0031
  58.000       0.9815
  59.000       1.0539
  60.000       0.6933
  61.000       0.8676
  62.000       0.6204
  63.000       0.7368
  64.000       0.9504
  65.000       1.0142
  66.000       0.9711
  67.000       1.1654
  68.000       0.7821
  69.000       0.8578
  70.000       1.1457
  71.000       0.7468
  72.000       1.0295
  73.000       0.9432
  74.000       2.4792
  75.000       2.5072
  76.000       1.4526
  77.000       1.8822
  78.000       1.7666
  79.000       1.6953
  80.000       0.9387
  81.000       0.6266
  82.000       0.8085
  83.000       0.6370
  84.000       0.8596
  85.000       0.6887
  86.000       1.1700
  87.000       1.0486
  88.000       0.9658
  89.000       1.1130
  90.000       0.8774
  91.000       0.9312
  92.000       1.0678
  93.000       1.2775
  94.000       0.8159
  95.000       1.2287
  96.000       1.0240
  97.000       1.2249
  98.000       1.1843
  99.000       0.8199
 100.000       0.9543
 101.000       0.8767
 102.000       0.7156
 103.000       0.8410
 104.000       0.6329
 105.000       0.8386
 106.000       1.0294
 107.000       0.6050
 108.000       0.9636
 109.000       1.0268
 110.000       0.8197
 111.000       0.6823
 112.000       0.9875
 113.000       1.0443
 114.000       1.5933
 115.000       1.0492
 116.000       0.8132
 117.000       0.7569
 118.000       0.7101
 119.000       0.7657
 120.000       0.9512
 121.000       0.7492
 122.000       0.9194
 123.000       0.8707
 124.000       1.1504
 125.000       0.9121
 126.000       0.8678
 127.000       1.3269
 128.000       2.2061
 129.000       1.7373
 130.000       0.9252
 131.000       1.1149
 132.000       0.8535
 133.000       0.9633
 134.000       1.3694
 135.000       1.6982
 136.000       2.4419
 137.000       3.0484
 138.000       2.3323
 139.000       3.6007
 140.000       3.0609
 141.000       3.1627
 142.000       2.4606
 143.000       2.3113
 144.000       2.2152
 145.000       2.2223
 146.000       1.6920
 147.000       1.2170
 148.000       1.4195
 149.000       1.2505
 150.000       1.0947
 151.000       0.9413
 152.000       1.2874
 153.000       1.1645
 154.000       1.2590
 155.000       1.5112
 156.000       1.2775
 157.000       1.5068
 158.000       3.3075
 159.000       3.6765
 160.000       3.5275
 161.000       2.5103
 162.000       2.0260
 163.000       1.2632
 164.000       1.0301
 165.000       0.7667
 166.000       0.8485
 167.000       1.1260
 168.000       1.1636
 169.000       0.7636
 170.000       0.9817
 171.000       1.9197
 172.000       1.3264
 173.000       1.1312
 174.000       0.9827
 175.000       1.6463
 176.000       1.1635
 177.000       1.9015
 178.000       1.6732
 179.000       1.8867
 180.000       1.7717
 181.000       1.3844
 182.000       1.2797
 183.000       1.8997
 184.000       1.6190
 185.000       0.9669
 186.000       1.6531
 187.000       1.3846
 188.000       1.9770
 189.000       1.5254
 190.000       1.0244
 191.000       1.2401
 192.000       1.1896
 193.000       0.7609
 194.000       0.7124
 195.000       0.8889
 196.000       0.7615
 197.000       0.9166
 198.000       0.8933
 199.000       0.8710
 200.000       1.0585
 201.000       1.1280
 202.000       1.0091
 203.000       1.0801
 204.000       1.1660
 205.000       1.3538
 206.000       1.1463
 207.000       1.2813
 208.000       1.9670
 209.000       1.0623
 210.000       1.5060
 211.000       1.9338
 212.000       1.0995
 213.000       1.0331
 214.000       0.8694
 215.000       1.4056
 216.000       0.9361
 217.000       1.0234
 218.000       1.8917
 219.000       1.0421
 220.000       0.9903
 221.000       1.2785
 222.000       1.1214
 223.000       1.4655
 224.000       0.7915
 225.000       0.9305
 226.000       0.8256
 227.000       0.8351
 228.000       0.8326
 229.000       0.7093
 230.000       1.0088
 231.000       0.8652
 232.000       1.1322
 233.000       1.1084
 234.000       1.0596
 235.000       0.7934
 236.000       1.2097
 237.000       1.2225
 238.000       0.9923
 239.000       1.3217
 240.000       0.7989
 241.000       0.8201
 242.000       1.6947
 243.000       1.1477
 244.000       0.7580
 245.000       1.1464
 246.000       1.3340
 247.000       2.2340
 248.000       0.9192
 249.000       1.1851
 250.000       1.0890
 251.000       1.1053
 252.000       1.4921
 253.000       1.9873
 254.000       1.6781
 255.000       1.2577
 256.000       1.5964
 257.000       1.7034
 258.000       1.4207
 259.000       0.9835
 260.000       1.4987
 261.000       0.8200
 262.000       0.9223
 263.000       0.6456
 264.000       0.6741
 265.000       0.6748
 266.000       0.6742
 267.000       0.6380
 268.000       0.5772
 269.000       0.8619
 270.000       0.6438
 271.000       0.9099
 272.000       0.5835
 273.000       1.1496
 274.000       1.1539
 275.000       1.3579
 276.000       1.3209
 277.000       2.0641
 278.000       0.8802
 279.000       0.7167
 280.000       0.9733
 281.000       0.8458
 282.000       0.7755
 283.000       1.2258
 284.000       0.7589
 285.000       0.7898
 286.000       1.0685
 287.000       1.0040
 288.000       1.4333
 289.000       1.1981
 290.000       1.2499
 291.000       1.2293
 292.000       1.2590
 293.000       0.9952
 294.000       1.4520
 295.000       2.1428
 296.000       0.9685
 297.000       0.7532
 298.000       0.7306
 299.000       0.9129
 300.000       0.6755
 301.000       0.6016
 302.000       1.0691
 303.000       0.6335
 304.000       0.5615
 305.000       0.7833
 306.000       0.6613
 307.000       0.6034
 308.000       0.5267
 309.000       0.7343
 310.000       0.9103
 311.000       0.6357
 312.000       0.5685
 313.000       1.0530
 314.000       0.7149
 315.000       0.6741
 316.000       0.7256
 317.000       0.6894
 318.000       0.8359
 319.000       0.8426
 320.000       0.6024
 321.000       0.7014
 322.000       0.9221
 323.000       0.8004
 324.000       0.9874
 325.000       0.9977
 326.000       1.3335
 327.000       1.1520
 328.000       1.2588
 329.000       1.5900
 330.000       1.1148
 331.000       1.2191
 332.000       2.2809
 333.000       1.1114
 334.000       0.8987
 335.000       1.0632
 336.000       2.1705
 337.000       0.9142
 338.000       0.9475
 339.000       0.6935
 340.000       0.8566
 341.000       0.7094
 342.000       0.6571
 343.000       0.7559
 344.000       0.7447
 345.000       0.6223
 346.000       0.7314
 347.000       1.1055
 348.000       0.8162
 349.000       1.0495
 350.000       1.0967
 351.000       1.1423
 352.000       1.2404
 353.000       1.0212
 354.000       1.1341
 355.000       0.8732
 356.000       0.7708
 357.000       1.3177
 358.000       0.8664
 359.000       0.7522
 360.000       1.0143
 361.000       1.0040
 362.000       0.6071
 363.000       0.6158
 364.000       1.0363
 365.000       0.8562
 366.000       1.0234
 367.000       0.6944
 368.000       0.8501
 369.000       1.1137
 370.000       0.7010
 371.000       1.0463
 372.000       0.8211
 373.000       1.0417
 374.000       0.7920
 375.000       0.9776
 376.000       0.8067
 377.000       1.2014
 378.000       1.0322
 379.000       0.9866
 380.000       0.6891
 381.000       0.9948
 382.000       0.8725
 383.000       0.9837
 384.000       0.8349
 385.000       1.1010
 386.000       0.9537
 387.000       1.2370
 388.000       1.0718
 389.000       1.1425
 390.000       1.3280
 391.000       1.6911
 392.000       1.9712
 393.000       1.3998
 394.000       1.1286
 395.000       1.5753
 396.000       1.6988
 397.000       1.4021
 398.000       1.4353
 399.000       1.0722
 400.000       1.7306
 401.000       0.9105
 402.000       0.8174
 403.000       0.9881
 404.000       0.7801
 405.000       0.8965
 406.000       0.8439
 407.000       0.9416
 408.000       0.9083
 409.000       0.8214
 410.000       1.1585
 411.000       1.2591
 412.000       1.2700
 413.000       0.8509
 414.000       1.0833
 415.000       0.9701
 416.000       1.0649
 417.000       0.9727
 418.000       0.8252
 419.000       0.9192
 420.000       0.8612
 421.000       0.7592
 422.000       1.1756
 423.000       1.1676
 424.000       0.8916
 425.000       0.9264
 426.000       1.2513
 427.000       1.2273
 428.000       1.3064
 429.000       1.0668
 430.000       1.2795
 431.000       1.1582
 432.000       0.9770
 433.000       1.1543
 434.000       1.0261
 435.000       1.5744
 436.000       0.8091
 437.000       0.8767
 438.000       0.9156
 439.000       0.9008
 440.000       1.0168
 441.000       0.6199
 442.000       0.9157
 443.000       1.0007
 444.000       1.0857
 445.000       0.9026
 446.000       1.0059
 447.000       0.9338
 448.000       1.1426
 449.000       1.1277
 450.000       1.5076
 451.000       1.1099
 452.000       1.2539
 453.000       0.9154
 454.000       1.7569
 455.000       2.2800
 456.000       1.2673
 457.000       0.9148
 458.000       1.4171
 459.000       1.5534
 460.000       0.9476
 461.000       0.8897
 462.000       1.2566
 463.000       1.8119
 464.000       1.0784
 465.000       1.2283
 466.000       0.9871
 467.000       1.6721
 468.000       1.3034
 469.000       1.3796
 470.000       1.4500
 471.000       1.7757
 472.000       1.5366
 473.000       1.3402
 474.000       1.7181
 475.000       1.3691
 476.000       0.8284
 477.000       0.8917
 478.000       1.9646
 479.000       1.6560
 480.000       0.9213
 481.000       0.9594
 482.000       0.9498
 483.000       0.8091
 484.000       1.0397
 485.000       1.0412
 486.000       1.5305
 487.000       1.0475
 488.000       0.8119
 489.000       0.9755
 490.000       0.9408
 491.000       1.0277
 492.000       0.9057
 493.000       1.0212
 494.000       1.2407
 495.000       1.3025
 496.000       1.3163
 497.000       1.8662
 498.000       1.3726
 499.000       1.4406
 500.000       1.4118
 501.000       2.4672
 502.000       2.2392
 503.000       2.4852
 504.000       1.5307
 505.000       1.6351
 506.000       1.1905
 507.000       1.1714
 508.000       1.1450
 509.000       1.1691
 510.000       1.0381
 511.000       1.1524
 512.000       1.0718
 513.000       1.1845
 514.000       0.9837
 515.000       1.4979
 516.000       1.4688
 517.000       1.4051
 518.000       1.1478
 519.000       1.6895
 520.000       1.2613
 521.000       1.1952
 522.000       1.2193
 523.000       1.2565
 524.000       0.8032
 525.000       0.9890
 526.000       0.9454
 527.000       1.4328
 528.000       0.9283
 529.000       1.2331
 530.000       1.8881
 531.000       1.9938
 532.000       1.8219
 533.000       2.2865
 534.000       2.3587
 535.000       2.6301
 536.000       2.6145
 537.000       3.8112
 538.000       3.6583
 539.000       4.0156
 540.000       3.6035
 541.000       3.0738
 542.000       3.5640
 543.000       3.6546
 544.000       3.1555
 545.000       2.9204
 546.000       3.5693
 547.000       3.1758
 548.000       2.4456
 549.000       3.4103
 550.000       4.8395
 551.000       5.1377
 552.000       1.8539
 553.000       3.6678
 554.000       4.3272
 555.000       7.0771
 556.000       9.5858
 557.000       9.5305
 558.000       6.1100
 559.000       7.8333
 560.000       8.3936
 561.000       5.7880
 562.000       8.3122
 563.000      11.9254
 564.000      12.0511
 565.000      13.2130
 566.000      15.6307
 567.000      14.5716
 568.000      17.7726
 569.000      16.5465
 570.000       1.1176
 571.000       1.2922
 572.000       1.3453
 573.000       1.7975
 574.000       2.0920
 575.000       3.6794
 576.000       1.6844
 577.000       3.0415
 578.000       2.3869
 579.000       3.3104
 580.000       4.1131
 581.000       6.2044
 582.000       6.3168
 583.000       7.8146
 584.000       7.8939
 585.000      10.3480
 586.000      12.0361
 587.000      13.7539
 588.000      51.6621
 589.000       0.5936
 590.000       0.7309
 591.000      52.7476
 592.000      50.6199
 593.000      52.4230
 594.000      51.8404
 595.000      50.2855
 596.000      51.9787
 597.000      39.7232
 598.000      50.8260
 599.000      51.4321
 600.000      52.6639
 601.000      51.4521
 602.000      51.3318
 603.000      50.4772
 604.000      52.0366
 605.000      50.7449
 606.000      52.5108
 607.000      51.6192
 608.000      50.8189
 609.000      51.3188
 610.000      51.9381
 611.000      51.4111
 612.000      52.0712
 613.000      48.8424
 614.000      49.5833
 615.000      52.3675
 616.000      49.9231
 617.000      51.0179
 618.000      51.6696
 619.000      53.1946
 620.000      51.8306
 621.000      51.6220
 622.000      52.6435
 623.000      49.5218
 624.000      51.6206
 625.000      50.7831
 626.000      52.3791
 627.000      50.8711
 628.000      52.6448
 629.000      51.1101
 630.000      51.3835
 631.000      50.8102
 632.000      51.4062
 633.000       0.6050
 634.000      53.3979
 635.000      52.5127
 636.000      52.7808
 637.000      53.0032
 638.000      52.4881
 639.000      52.8365
 640.000      53.1017
 641.000      53.3294
 642.000      52.7240
 643.000      53.3801
 644.000      52.6416
 645.000      52.4762
 646.000      52.9983
 647.000      53.3521
 648.000      53.4264
 649.000      53.5631
 650.000      54.0491
 651.000      53.1670
 652.000      53.2158
 653.000      53.0974
 654.000      53.0065
 655.000      53.0865
 656.000      53.7421
 657.000      53.9173
 658.000      53.4345
 659.000      52.9188
 660.000      53.6768
 661.000      52.3465
 662.000      52.5436
 663.000      53.0948
 664.000      52.9157
 665.000      52.9044
 666.000      52.7985
 667.000      52.7777
 668.000      52.8710
 669.000      52.9530
 670.000      53.2496
 671.000      53.4028
 672.000      52.4278
 673.000      53.2035
 674.000      52.7955
 675.000      52.5063
 676.000      53.6358
 677.000      52.6455
 678.000      53.4167
 679.000      52.3726
