#Res        AtomicFlx
   1.000       4.4761
   2.000       2.9782
   3.000       2.7935
   4.000       2.3960
   5.000       1.8724
   6.000       1.6570
   7.000       1.5931
   8.000       1.4117
   9.000       1.2557
  10.000       1.1170
  11.000       0.8212
  12.000       1.1634
  13.000       0.8517
  14.000       0.6356
  15.000       0.7375
  16.000       0.6597
  17.000       0.7115
  18.000       0.6317
  19.000       0.6765
  20.000       0.6260
  21.000       0.8757
  22.000       0.6968
  23.000       0.6262
  24.000       1.1509
  25.000       1.6498
  26.000       1.5865
  27.000       0.6544
  28.000       0.8436
  29.000       1.8420
  30.000       1.0656
  31.000       1.1514
  32.000       2.4193
  33.000       2.1863
  34.000       0.8768
  35.000       1.1735
  36.000       0.9857
  37.000       1.1046
  38.000       1.2877
  39.000       0.9047
  40.000       1.1043
  41.000       1.2262
  42.000       0.7347
  43.000       0.6146
  44.000       1.7923
  45.000       0.8829
  46.000       0.6783
  47.000       0.7808
  48.000       1.0262
  49.000       1.1774
  50.000       0.8199
  51.000       0.5665
  52.000       0.6749
  53.000       0.6339
  54.000       1.0224
  55.000       0.8757
  56.000       0.7026
  57.000       0.9692
  58.000       0.7379
  59.000       0.8584
  60.000       0.5841
  61.000       0.8029
  62.000       0.6801
  63.000       0.8926
  64.000       1.2187
  65.000       1.1510
  66.000       1.0693
  67.000       0.9909
  68.000       0.9543
  69.000       1.1293
  70.000       1.1792
  71.000       0.8336
  72.000       0.8976
  73.000       0.7520
  74.000       1.8412
  75.000       1.1553
  76.000       1.1703
  77.000       1.3927
  78.000       1.4621
  79.000       1.2680
  80.000       1.0859
  81.000       0.6307
  82.000       0.7035
  83.000       0.6089
  84.000       1.1003
  85.000       0.6304
  86.000       0.9787
  87.000       1.4225
  88.000       0.9423
  89.000       1.2682
  90.000       1.2426
  91.000       1.2806
  92.000       1.2874
  93.000       1.4400
  94.000       1.2248
  95.000       1.5089
  96.000       1.4107
  97.000       1.7072
  98.000       1.2057
  99.000       1.1012
 100.000       1.0274
 101.000       0.8420
 102.000       0.6713
 103.000       0.8336
 104.000       0.6114
 105.000       0.8936
 106.000       0.8076
 107.000       0.5433
 108.000       0.6148
 109.000       0.9300
 110.000       0.6363
 111.000       0.5913
 112.000       0.8601
 113.000       0.8072
 114.000       1.4940
 115.000       1.0325
 116.000       0.6937
 117.000       0.7118
 118.000       0.6922
 119.000       0.8175
 120.000       1.3591
 121.000       0.8611
 122.000       1.4213
 123.000       1.1268
 124.000       1.1466
 125.000       0.8708
 126.000       0.7909
 127.000       1.0174
 128.000       1.8553
 129.000       1.1787
 130.000       0.8573
 131.000       1.0652
 132.000       1.3999
 133.000       2.0908
 134.000       2.7186
 135.000       2.2072
 136.000       2.9588
 137.000       3.3286
 138.000       4.0744
 139.000       4.4747
 140.000       4.4906
 141.000       4.2735
 142.000       2.7220
 143.000       1.9980
 144.000       2.3086
 145.000       1.6923
 146.000       1.3989
 147.000       1.0653
 148.000       0.9234
 149.000       1.1248
 150.000       1.3252
 151.000       1.0607
 152.000       1.4000
 153.000       1.5549
 154.000       1.7704
 155.000       1.9608
 156.000       1.8834
 157.000       2.2061
 158.000       2.7495
 159.000       2.5823
 160.000       3.4589
 161.000       1.9792
 162.000       1.1537
 163.000       1.1542
 164.000       0.7337
 165.000       0.6692
 166.000       0.7449
 167.000       1.0039
 168.000       0.7777
 169.000       0.5863
 170.000       1.0626
 171.000       1.5549
 172.000       1.1398
 173.000       0.9649
 174.000       1.1259
 175.000       1.4781
 176.000       1.9598
 177.000       1.1683
 178.000       0.9364
 179.000       1.4331
 180.000       1.2479
 181.000       1.0521
 182.000       1.3180
 183.000       1.3804
 184.000       1.6726
 185.000       1.1276
 186.000       1.4548
 187.000       1.2392
 188.000       0.9936
 189.000       1.2631
 190.000       0.7998
 191.000       0.8232
 192.000       0.9670
 193.000       0.7332
 194.000       0.6339
 195.000       0.9341
 196.000       0.7993
 197.000       0.9736
 198.000       0.8782
 199.000       0.8862
 200.000       1.1394
 201.000       1.1173
 202.000       1.0764
 203.000       1.0357
 204.000       1.2985
 205.000       1.2703
 206.000       1.1620
 207.000       1.4396
 208.000       2.0232
 209.000       1.0875
 210.000       1.5742
 211.000       2.0147
 212.000       1.0641
 213.000       1.0114
 214.000       0.9579
 215.000       1.5218
 216.000       1.1430
 217.000       1.2921
 218.000       1.5661
 219.000       1.1733
 220.000       1.3372
 221.000       1.3719
 222.000       1.0659
 223.000       1.0280
 224.000       0.7226
 225.000       0.6502
 226.000       0.8714
 227.000       0.7564
 228.000       0.7817
 229.000       0.7299
 230.000       1.0638
 231.000       0.8118
 232.000       1.1293
 233.000       0.8862
 234.000       0.9669
 235.000       0.8872
 236.000       1.2615
 237.000       1.2859
 238.000       1.0751
 239.000       1.3923
 240.000       0.8227
 241.000       0.8038
 242.000       1.7783
 243.000       1.0746
 244.000       0.6808
 245.000       1.0052
 246.000       1.2887
 247.000       2.2449
 248.000       0.8231
 249.000       1.1135
 250.000       0.9983
 251.000       1.0722
 252.000       1.4906
 253.000       2.5066
 254.000       1.6339
 255.000       1.3208
 256.000       1.5120
 257.000       1.6815
 258.000       1.3715
 259.000       0.9083
 260.000       1.6696
 261.000       0.7973
 262.000       1.0002
 263.000       0.5958
 264.000       0.8222
 265.000       0.6106
 266.000       0.6057
 267.000       0.6773
 268.000       0.5834
 269.000       0.7754
 270.000       0.6040
 271.000       0.8794
 272.000       0.5091
 273.000       0.7238
 274.000       0.6965
 275.000       0.7568
 276.000       0.8573
 277.000       1.2000
 278.000       0.8337
 279.000       0.6515
 280.000       0.8915
 281.000       0.7775
 282.000       0.7204
 283.000       0.9683
 284.000       0.7431
 285.000       0.7219
 286.000       1.2820
 287.000       1.0899
 288.000       2.0094
 289.000       1.3668
 290.000       1.4646
 291.000       1.5084
 292.000       1.1182
 293.000       1.1472
 294.000       1.1842
 295.000       1.8275
 296.000       0.8798
 297.000       0.6751
 298.000       0.7375
 299.000       0.9651
 300.000       0.6499
 301.000       0.5265
 302.000       0.9162
 303.000       0.6229
 304.000       0.5305
 305.000       0.6125
 306.000       0.6327
 307.000       0.5844
 308.000       0.5026
 309.000       0.6952
 310.000       0.9046
 311.000       0.6220
 312.000       0.5347
 313.000       1.1390
 314.000       0.6685
 315.000       0.6751
 316.000       0.8985
 317.000       0.5571
 318.000       0.7818
 319.000       0.7065
 320.000       0.5894
 321.000       0.7426
 322.000       0.7929
 323.000       0.7306
 324.000       1.0465
 325.000       1.3690
 326.000       1.0497
 327.000       0.8763
 328.000       1.0539
 329.000       1.2761
 330.000       1.0667
 331.000       1.0306
 332.000       2.0033
 333.000       1.0326
 334.000       0.8351
 335.000       1.0386
 336.000       1.9848
 337.000       0.9266
 338.000       1.0538
 339.000       0.7502
 340.000       0.8361
 341.000       0.7069
 342.000       0.7053
 343.000       0.7609
 344.000       0.6980
 345.000       0.5699
 346.000       0.6363
 347.000       0.8274
 348.000       0.6879
 349.000       0.9347
 350.000       0.6815
 351.000       0.8370
 352.000       1.0003
 353.000       0.8153
 354.000       1.1318
 355.000       0.6831
 356.000       0.6643
 357.000       0.8270
 358.000       0.6905
 359.000       0.6287
 360.000       0.9914
 361.000       0.8296
 362.000       0.6057
 363.000       0.6046
 364.000       0.9854
 365.000       0.7998
 366.000       1.0763
 367.000       0.6829
 368.000       1.1018
 369.000       1.1252
 370.000       0.8427
 371.000       1.3054
 372.000       1.1424
 373.000       1.2033
 374.000       1.2583
 375.000       0.9466
 376.000       1.1011
 377.000       1.2502
 378.000       1.2350
 379.000       1.2769
 380.000       0.8590
 381.000       1.0556
 382.000       0.9793
 383.000       1.0127
 384.000       0.9679
 385.000       1.3545
 386.000       1.4212
 387.000       1.3713
 388.000       1.4364
 389.000       1.7734
 390.000       1.5016
 391.000       2.0112
 392.000       2.5988
 393.000       2.2793
 394.000       1.7969
 395.000       2.1393
 396.000       2.0036
 397.000       1.7703
 398.000       1.9195
 399.000       1.4027
 400.000       1.7139
 401.000       1.1740
 402.000       1.0396
 403.000       1.0331
 404.000       0.8730
 405.000       1.0399
 406.000       0.9308
 407.000       1.0453
 408.000       1.0307
 409.000       0.9303
 410.000       1.2355
 411.000       1.4888
 412.000       1.4275
 413.000       0.9133
 414.000       1.2050
 415.000       1.1085
 416.000       1.1116
 417.000       0.8744
 418.000       0.8465
 419.000       1.1501
 420.000       0.8917
 421.000       0.7982
 422.000       1.0474
 423.000       1.1646
 424.000       0.8963
 425.000       1.1845
 426.000       1.1736
 427.000       1.1490
 428.000       1.1812
 429.000       1.1326
 430.000       1.4156
 431.000       1.2899
 432.000       1.2896
 433.000       1.7444
 434.000       1.3660
 435.000       1.8866
 436.000       1.0081
 437.000       1.0574
 438.000       0.8777
 439.000       0.8351
 440.000       0.8461
 441.000       0.7022
 442.000       0.8673
 443.000       1.0232
 444.000       0.9085
 445.000       0.8354
 446.000       0.9560
 447.000       0.8421
 448.000       1.1425
 449.000       1.0385
 450.000       2.1091
 451.000       1.5579
 452.000       1.7189
 453.000       0.9322
 454.000       1.7413
 455.000       2.4962
 456.000       1.3752
 457.000       1.2410
 458.000       1.1093
 459.000       1.3364
 460.000       1.1719
 461.000       1.2979
 462.000       1.2293
 463.000       1.4610
 464.000       1.2407
 465.000       1.1605
 466.000       0.9425
 467.000       1.2828
 468.000       1.0528
 469.000       1.1404
 470.000       1.1567
 471.000       1.4819
 472.000       1.7375
 473.000       1.2247
 474.000       1.3236
 475.000       1.3031
 476.000       0.9868
 477.000       1.1457
 478.000       1.1258
 479.000       1.1458
 480.000       0.9093
 481.000       0.9076
 482.000       0.9064
 483.000       0.8441
 484.000       0.8777
 485.000       1.0693
 486.000       1.7283
 487.000       1.0532
 488.000       0.8703
 489.000       1.0429
 490.000       0.9713
 491.000       1.1809
 492.000       0.9846
 493.000       1.1181
 494.000       1.2665
 495.000       1.3820
 496.000       1.2067
 497.000       1.9137
 498.000       1.2917
 499.000       1.3062
 500.000       1.3601
 501.000       1.7229
 502.000       2.0007
 503.000       2.3555
 504.000       1.2256
 505.000       1.8556
 506.000       1.2175
 507.000       1.1917
 508.000       1.2334
 509.000       1.1738
 510.000       0.9782
 511.000       1.1184
 512.000       1.0010
 513.000       1.0355
 514.000       0.7465
 515.000       1.7838
 516.000       1.1757
 517.000       1.1637
 518.000       0.8411
 519.000       1.3358
 520.000       0.7511
 521.000       0.6659
 522.000       0.9925
 523.000       1.2019
 524.000       0.8015
 525.000       0.9043
 526.000       0.9155
 527.000       1.3992
 528.000       1.5265
 529.000       1.1437
 530.000       1.8376
 531.000       2.1800
 532.000       2.0776
 533.000       1.9403
 534.000       2.1291
 535.000       2.6015
 536.000       2.1778
 537.000       2.8942
 538.000       3.1341
 539.000       4.0873
 540.000       3.7067
 541.000       3.0403
 542.000       3.4562
 543.000       3.5062
 544.000       2.7623
 545.000       2.7689
 546.000       3.1909
 547.000       2.5935
 548.000       2.0663
 549.000       2.4684
 550.000       2.9974
 551.000       3.1560
 552.000       4.2108
 553.000       6.9043
 554.000      42.3022
 555.000       0.4893
 556.000       0.9973
 557.000      51.1504
 558.000      52.9331
 559.000      51.6000
 560.000      48.9852
 561.000      52.1167
 562.000      51.5856
 563.000      51.6119
 564.000      51.3037
 565.000      51.6580
 566.000      51.9111
 567.000      52.3534
 568.000      51.3232
 569.000      49.8989
 570.000      52.5393
 571.000      52.1523
 572.000      50.6294
 573.000      50.9771
 574.000      50.8578
 575.000      49.5523
 576.000      51.5021
 577.000      51.3037
 578.000      51.9272
 579.000      50.7663
 580.000      49.7476
 581.000      51.1522
 582.000      51.9998
 583.000      51.7584
 584.000      50.9676
 585.000      51.5634
 586.000      51.8590
 587.000      50.4971
 588.000      51.9918
 589.000      51.3267
 590.000      51.2541
 591.000      51.1822
 592.000      50.8754
 593.000      51.6359
 594.000      51.1219
 595.000      50.5276
 596.000      50.3033
 597.000      51.9222
 598.000      50.2732
 599.000       0.5888
 600.000      52.3530
 601.000      51.9947
 602.000      52.5400
 603.000      51.7129
 604.000      52.9217
 605.000      52.4791
 606.000      52.2460
 607.000      52.6698
 608.000      51.9264
 609.000      52.0480
 610.000      50.4957
 611.000      51.9848
 612.000      52.9316
 613.000      52.4403
 614.000      52.7433
 615.000      52.8720
 616.000      53.1190
 617.000      52.1258
 618.000      53.0029
 619.000      51.6015
 620.000      52.3096
 621.000      52.6543
 622.000      52.6201
 623.000      52.5993
 624.000      52.2101
 625.000      51.8761
 626.000      52.7531
 627.000      52.4987
 628.000      52.0893
 629.000      52.8824
 630.000      53.4189
 631.000      51.9327
 632.000      53.2048
 633.000      52.4198
 634.000      52.7577
 635.000      52.6402
 636.000      52.4303
 637.000      51.1743
 638.000      52.6082
 639.000      52.7271
 640.000      52.4932
 641.000      52.9399
 642.000      52.8691
 643.000      52.4084
 644.000      52.4907
 645.000      52.7449
