#Res        AtomicFlx
   1.000       3.6396
   2.000       1.9517
   3.000       2.0970
   4.000       1.1719
   5.000       1.5368
   6.000       1.5826
   7.000       1.5569
   8.000       1.4445
   9.000       1.2458
  10.000       0.8413
  11.000       0.8854
  12.000       1.2166
  13.000       0.8500
  14.000       0.6862
  15.000       0.8435
  16.000       0.7590
  17.000       0.8085
  18.000       0.7888
  19.000       0.9427
  20.000       0.7164
  21.000       0.9636
  22.000       0.8496
  23.000       0.8140
  24.000       1.1359
  25.000       0.9288
  26.000       1.5760
  27.000       0.7555
  28.000       0.7394
  29.000       1.3554
  30.000       1.0015
  31.000       0.7182
  32.000       1.2334
  33.000       1.9635
  34.000       0.8646
  35.000       0.8826
  36.000       0.8432
  37.000       0.9581
  38.000       1.0121
  39.000       0.8043
  40.000       1.0340
  41.000       1.2582
  42.000       0.8357
  43.000       0.7326
  44.000       1.8507
  45.000       0.9861
  46.000       0.8192
  47.000       0.8635
  48.000       1.1285
  49.000       1.1050
  50.000       0.8131
  51.000       0.7193
  52.000       0.8436
  53.000       0.6504
  54.000       0.8641
  55.000       0.8696
  56.000       0.8611
  57.000       1.0217
  58.000       1.2128
  59.000       1.0850
  60.000       0.7987
  61.000       1.1106
  62.000       0.7534
  63.000       1.0711
  64.000       1.3076
  65.000       0.9680
  66.000       1.0578
  67.000       1.1054
  68.000       0.8020
  69.000       0.9321
  70.000       1.0297
  71.000       0.7813
  72.000       0.9194
  73.000       0.9620
  74.000       2.2114
  75.000       1.7363
  76.000       1.2387
  77.000       1.2882
  78.000       1.3088
  79.000       1.2849
  80.000       1.0853
  81.000       0.7329
  82.000       0.8335
  83.000       0.6643
  84.000       1.0446
  85.000       0.6700
  86.000       1.0150
  87.000       0.9867
  88.000       0.8938
  89.000       0.8843
  90.000       0.8775
  91.000       0.7756
  92.000       0.8852
  93.000       1.2865
  94.000       0.7872
  95.000       1.0991
  96.000       1.1471
  97.000       1.2511
  98.000       1.0903
  99.000       1.0840
 100.000       0.8792
 101.000       0.9084
 102.000       0.6953
 103.000       0.8806
 104.000       0.7165
 105.000       1.0727
 106.000       1.1006
 107.000       0.9264
 108.000       0.7695
 109.000       1.7753
 110.000       0.8031
 111.000       0.7287
 112.000       0.9920
 113.000       0.9856
 114.000       1.8282
 115.000       1.2607
 116.000       0.9210
 117.000       0.9460
 118.000       1.0568
 119.000       1.1805
 120.000       1.4347
 121.000       1.7575
 122.000       1.9193
 123.000       1.4147
 124.000       1.7191
 125.000       1.4525
 126.000       1.4339
 127.000       2.2791
 128.000       3.5854
 129.000       3.0235
 130.000       2.6255
 131.000       2.8047
 132.000       2.7571
 133.000       3.1967
 134.000       3.6164
 135.000       4.3618
 136.000       5.8589
 137.000       7.2285
 138.000       8.3821
 139.000       7.4146
 140.000       8.4685
 141.000       7.5373
 142.000       6.9650
 143.000       5.9975
 144.000       7.1660
 145.000       5.4058
 146.000       4.3285
 147.000       3.7742
 148.000       4.0065
 149.000       3.7374
 150.000       3.3998
 151.000       3.3411
 152.000       3.9286
 153.000       3.8305
 154.000       3.7350
 155.000       3.9483
 156.000       3.6739
 157.000       3.8606
 158.000       4.9053
 159.000       2.8695
 160.000       3.7643
 161.000       3.6483
 162.000       3.5482
 163.000       1.8679
 164.000       1.1765
 165.000       1.0005
 166.000       0.9237
 167.000       1.1822
 168.000       1.2375
 169.000       1.0354
 170.000       1.0652
 171.000       1.4085
 172.000       1.7130
 173.000       1.6506
 174.000       1.2234
 175.000       1.6466
 176.000       1.6017
 177.000       1.6262
 178.000       1.2231
 179.000       1.6375
 180.000       1.5780
 181.000       1.1949
 182.000       1.3623
 183.000       1.4947
 184.000       1.5749
 185.000       1.2617
 186.000       1.6749
 187.000       1.6520
 188.000       2.1825
 189.000       1.5257
 190.000       1.0545
 191.000       1.1198
 192.000       1.3031
 193.000       0.7917
 194.000       0.7369
 195.000       0.8925
 196.000       0.7394
 197.000       1.0495
 198.000       0.9684
 199.000       0.7838
 200.000       0.9434
 201.000       1.1363
 202.000       1.1396
 203.000       1.0937
 204.000       1.3356
 205.000       1.1199
 206.000       1.2453
 207.000       1.5866
 208.000       1.9204
 209.000       1.2815
 210.000       2.1369
 211.000       2.5654
 212.000       1.8879
 213.000       1.7880
 214.000       1.2478
 215.000       1.9673
 216.000       1.4464
 217.000       1.1479
 218.000       1.7120
 219.000       1.6681
 220.000       1.1654
 221.000       1.2002
 222.000       1.1323
 223.000       1.5127
 224.000       0.8771
 225.000       1.0940
 226.000       0.9993
 227.000       0.9567
 228.000       0.9574
 229.000       0.9564
 230.000       1.2268
 231.000       1.0952
 232.000       1.3086
 233.000       1.1237
 234.000       1.3888
 235.000       1.0594
 236.000       1.5455
 237.000       1.5691
 238.000       1.2578
 239.000       1.6337
 240.000       1.0741
 241.000       1.0250
 242.000       1.6835
 243.000       1.2355
 244.000       0.8836
 245.000       1.2668
 246.000       1.4083
 247.000       1.4664
 248.000       0.9300
 249.000       1.3598
 250.000       1.1475
 251.000       1.0922
 252.000       1.4319
 253.000       2.1436
 254.000       1.6113
 255.000       1.3429
 256.000       1.7098
 257.000       1.8656
 258.000       1.5104
 259.000       1.0971
 260.000       1.8516
 261.000       0.9706
 262.000       0.9376
 263.000       0.7949
 264.000       0.8781
 265.000       0.7988
 266.000       0.7899
 267.000       0.8570
 268.000       1.0326
 269.000       0.9287
 270.000       1.0099
 271.000       1.7571
 272.000       0.9327
 273.000       1.2617
 274.000       1.4092
 275.000       2.0038
 276.000       1.1683
 277.000       1.6453
 278.000       0.9277
 279.000       1.1261
 280.000       1.2841
 281.000       0.8550
 282.000       0.9292
 283.000       1.2199
 284.000       0.7941
 285.000       0.8501
 286.000       1.1376
 287.000       1.1009
 288.000       1.7570
 289.000       2.1013
 290.000       1.7805
 291.000       1.3941
 292.000       1.0783
 293.000       1.1817
 294.000       1.2030
 295.000       2.0014
 296.000       1.0129
 297.000       0.8359
 298.000       0.8565
 299.000       1.0151
 300.000       0.7556
 301.000       0.7264
 302.000       1.1826
 303.000       0.7863
 304.000       0.8160
 305.000       0.9575
 306.000       0.8613
 307.000       0.8182
 308.000       0.7329
 309.000       0.9191
 310.000       1.0867
 311.000       0.8437
 312.000       0.7348
 313.000       1.2206
 314.000       0.9726
 315.000       0.8940
 316.000       0.8432
 317.000       0.8463
 318.000       1.0353
 319.000       1.0174
 320.000       0.9120
 321.000       1.0379
 322.000       1.2268
 323.000       1.0974
 324.000       1.3890
 325.000       1.7899
 326.000       1.6820
 327.000       1.4153
 328.000       1.4342
 329.000       1.4521
 330.000       1.2004
 331.000       1.2273
 332.000       2.0773
 333.000       1.2687
 334.000       1.0085
 335.000       1.1317
 336.000       1.9633
 337.000       0.9238
 338.000       0.9637
 339.000       0.8413
 340.000       0.9735
 341.000       0.8314
 342.000       0.8534
 343.000       0.9248
 344.000       0.8749
 345.000       0.8897
 346.000       0.8788
 347.000       1.1453
 348.000       0.9520
 349.000       1.0880
 350.000       1.1366
 351.000       1.3803
 352.000       1.2346
 353.000       1.2839
 354.000       1.3390
 355.000       0.9522
 356.000       0.9166
 357.000       1.3995
 358.000       1.0759
 359.000       0.8193
 360.000       0.9803
 361.000       1.1446
 362.000       0.7686
 363.000       0.7136
 364.000       1.0810
 365.000       0.9302
 366.000       1.0270
 367.000       1.0163
 368.000       0.9838
 369.000       0.8537
 370.000       0.6924
 371.000       1.1287
 372.000       0.6893
 373.000       0.9594
 374.000       1.1988
 375.000       1.1995
 376.000       0.8354
 377.000       1.0730
 378.000       0.8431
 379.000       0.9745
 380.000       0.7664
 381.000       0.8994
 382.000       0.7727
 383.000       0.8954
 384.000       0.8041
 385.000       0.8838
 386.000       1.1968
 387.000       1.2871
 388.000       1.1302
 389.000       1.1873
 390.000       1.3414
 391.000       2.2874
 392.000       2.0947
 393.000       2.0407
 394.000       1.3705
 395.000       1.6334
 396.000       1.8656
 397.000       1.6198
 398.000       1.5809
 399.000       1.3303
 400.000       1.6759
 401.000       0.9916
 402.000       0.8352
 403.000       1.1520
 404.000       0.8870
 405.000       0.8852
 406.000       0.8148
 407.000       1.0926
 408.000       0.9534
 409.000       0.8236
 410.000       1.1631
 411.000       1.4118
 412.000       1.2064
 413.000       0.8342
 414.000       1.1303
 415.000       1.0160
 416.000       1.1028
 417.000       0.9171
 418.000       0.8066
 419.000       1.2380
 420.000       0.8603
 421.000       0.8376
 422.000       1.0475
 423.000       0.9389
 424.000       0.8910
 425.000       1.1347
 426.000       1.2538
 427.000       1.0347
 428.000       1.1281
 429.000       1.0461
 430.000       1.0608
 431.000       0.9994
 432.000       0.9893
 433.000       1.1721
 434.000       0.9937
 435.000       1.2194
 436.000       0.7925
 437.000       0.8853
 438.000       0.8612
 439.000       0.9017
 440.000       0.9318
 441.000       0.8638
 442.000       0.9401
 443.000       0.8945
 444.000       0.9393
 445.000       0.8304
 446.000       0.9371
 447.000       0.8247
 448.000       1.0480
 449.000       1.0303
 450.000       1.1544
 451.000       1.0461
 452.000       1.1833
 453.000       0.8579
 454.000       1.8025
 455.000       2.2128
 456.000       1.2188
 457.000       1.1624
 458.000       1.2592
 459.000       1.4415
 460.000       1.2570
 461.000       1.2217
 462.000       1.4986
 463.000       2.0094
 464.000       2.0207
 465.000       1.7859
 466.000       1.7628
 467.000       2.1168
 468.000       1.4368
 469.000       1.1555
 470.000       1.0052
 471.000       1.2634
 472.000       1.2069
 473.000       1.1259
 474.000       1.2352
 475.000       1.0366
 476.000       0.6685
 477.000       0.6621
 478.000       0.8750
 479.000       0.9583
 480.000       0.7902
 481.000       0.7104
 482.000       0.7318
 483.000       0.7619
 484.000       0.8277
 485.000       0.9269
 486.000       1.6256
 487.000       1.0633
 488.000       0.8298
 489.000       1.0025
 490.000       1.0004
 491.000       1.2776
 492.000       0.9753
 493.000       1.1395
 494.000       1.4692
 495.000       1.4779
 496.000       1.3999
 497.000       2.0848
 498.000       1.4561
 499.000       1.4112
 500.000       1.3537
 501.000       1.7012
 502.000       2.0538
 503.000       2.4049
 504.000       1.8387
 505.000       1.7185
 506.000       1.4717
 507.000       1.1842
 508.000       1.2064
 509.000       1.2042
 510.000       0.9240
 511.000       1.0667
 512.000       0.9860
 513.000       1.1162
 514.000       0.8578
 515.000       1.9242
 516.000       1.4321
 517.000       1.3223
 518.000       1.1532
 519.000       1.6168
 520.000       1.1875
 521.000       1.2720
 522.000       1.3379
 523.000       1.3266
 524.000       0.8435
 525.000       1.1046
 526.000       1.1997
 527.000       1.6404
 528.000       1.3167
 529.000       1.5151
 530.000       2.0873
 531.000       2.0776
 532.000       1.8822
 533.000       2.2538
 534.000       2.2772
 535.000       2.3921
 536.000       2.5763
 537.000       3.4176
 538.000       3.0580
 539.000       3.9415
 540.000       3.5093
 541.000       3.0470
 542.000       3.3696
 543.000       3.3548
 544.000       2.7900
 545.000       2.8025
 546.000       3.0603
 547.000       2.6580
 548.000       2.2811
 549.000       2.4094
 550.000       3.0017
 551.000       3.1340
 552.000       6.7870
 553.000       9.8333
 554.000      51.1017
 555.000       2.2732
 556.000      51.9948
 557.000      52.0463
 558.000      52.1786
 559.000      51.8293
 560.000      50.9047
 561.000      51.6745
 562.000      51.8761
 563.000      49.7313
 564.000      51.5324
 565.000      51.3485
 566.000      49.8698
 567.000      49.3068
 568.000      50.0108
 569.000      51.7938
 570.000      51.2955
 571.000      52.0090
 572.000      52.0548
 573.000      52.4200
 574.000      51.9106
 575.000      51.0488
 576.000      51.8653
 577.000      51.1508
 578.000      51.9214
 579.000      52.7837
 580.000      51.7997
 581.000      52.6446
 582.000      50.4475
 583.000      50.1519
 584.000      50.7346
 585.000      51.0959
 586.000      51.4653
 587.000      51.9873
 588.000      49.4508
 589.000      50.3257
 590.000      51.1308
 591.000      51.3079
 592.000      51.1927
 593.000      51.3366
 594.000      51.0520
 595.000      51.8287
 596.000      53.4435
 597.000      52.4028
 598.000      49.6807
 599.000      28.3473
 600.000      53.2004
 601.000      52.3363
 602.000      52.0166
 603.000      52.3102
 604.000      52.5091
 605.000      52.2088
 606.000      52.7719
 607.000      52.7196
 608.000      52.4512
 609.000      51.9304
 610.000      52.6991
 611.000      52.4242
 612.000      52.9644
 613.000      52.3636
 614.000      52.7211
 615.000      52.9526
 616.000      52.7893
 617.000      52.4292
 618.000      52.1851
 619.000      52.7477
 620.000      52.6296
 621.000      53.0968
 622.000      51.8451
 623.000      52.7313
 624.000      52.1152
 625.000      52.8999
 626.000      52.6283
 627.000      52.4799
 628.000      52.4831
 629.000      52.3706
 630.000      52.8966
 631.000      52.7751
 632.000      52.3509
 633.000      52.2793
 634.000      53.0606
 635.000      52.8913
 636.000      53.2872
 637.000      52.3691
 638.000      52.5983
 639.000      52.7828
 640.000      53.0282
 641.000      52.2798
 642.000      52.8614
 643.000      52.5039
 644.000      52.6104
 645.000      52.9184
