#Res        AtomicFlx
   1.000       5.3643
   2.000       2.0391
   3.000       1.8157
   4.000       0.9984
   5.000       1.5527
   6.000       1.6081
   7.000       1.9881
   8.000       1.6149
   9.000       1.3334
  10.000       0.9009
  11.000       0.9267
  12.000       1.1382
  13.000       0.7864
  14.000       0.6218
  15.000       0.8051
  16.000       0.6701
  17.000       0.7323
  18.000       0.6351
  19.000       0.6674
  20.000       0.6010
  21.000       0.8494
  22.000       0.6336
  23.000       0.5704
  24.000       0.8736
  25.000       0.7616
  26.000       1.6450
  27.000       0.5948
  28.000       0.5897
  29.000       0.8833
  30.000       0.7870
  31.000       0.6452
  32.000       1.1937
  33.000       1.8322
  34.000       0.7214
  35.000       0.7804
  36.000       0.7679
  37.000       0.9046
  38.000       0.9755
  39.000       0.7304
  40.000       0.9422
  41.000       1.2160
  42.000       0.6882
  43.000       0.6068
  44.000       1.7573
  45.000       0.9010
  46.000       0.7028
  47.000       0.8047
  48.000       1.2565
  49.000       1.2699
  50.000       0.8064
  51.000       0.5731
  52.000       0.6896
  53.000       0.6501
  54.000       0.8475
  55.000       1.0056
  56.000       0.8446
  57.000       1.0299
  58.000       0.9016
  59.000       1.2119
  60.000       0.8297
  61.000       1.0238
  62.000       0.7024
  63.000       0.8275
  64.000       1.6755
  65.000       0.9425
  66.000       0.9831
  67.000       1.1801
  68.000       0.8040
  69.000       0.8208
  70.000       0.9930
  71.000       0.8236
  72.000       1.1352
  73.000       1.1386
  74.000       3.3002
  75.000       2.5721
  76.000       1.6913
  77.000       1.7050
  78.000       1.3067
  79.000       1.3332
  80.000       0.9682
  81.000       0.6433
  82.000       0.7491
  83.000       0.5820
  84.000       1.0172
  85.000       0.5894
  86.000       0.7608
  87.000       0.8679
  88.000       0.7400
  89.000       0.9535
  90.000       0.7120
  91.000       0.7322
  92.000       0.7209
  93.000       1.0832
  94.000       0.6250
  95.000       1.1015
  96.000       1.0605
  97.000       1.0785
  98.000       0.7218
  99.000       0.7266
 100.000       0.7393
 101.000       0.7493
 102.000       0.6402
 103.000       0.8639
 104.000       0.6404
 105.000       1.0102
 106.000       0.8292
 107.000       0.8960
 108.000       0.6945
 109.000       1.1240
 110.000       0.8245
 111.000       0.7098
 112.000       0.9977
 113.000       0.9013
 114.000       1.3430
 115.000       1.0565
 116.000       0.7503
 117.000       0.7537
 118.000       0.7242
 119.000       0.8329
 120.000       1.2048
 121.000       1.6330
 122.000       2.7040
 123.000       1.6480
 124.000       2.0982
 125.000       2.0757
 126.000       1.9906
 127.000       3.9758
 128.000       4.6212
 129.000       4.1981
 130.000       3.0273
 131.000       4.0649
 132.000       4.1127
 133.000       3.9284
 134.000       3.7429
 135.000       4.5749
 136.000       4.9571
 137.000       4.9060
 138.000       4.1404
 139.000       4.2461
 140.000       5.4957
 141.000       4.8720
 142.000       3.2688
 143.000       2.9327
 144.000       3.2602
 145.000       2.8246
 146.000       2.0241
 147.000       1.4610
 148.000       1.4479
 149.000       1.5236
 150.000       1.7590
 151.000       1.7958
 152.000       1.5663
 153.000       3.0730
 154.000       3.3503
 155.000       4.4776
 156.000       6.0403
 157.000       4.5312
 158.000       6.3586
 159.000       5.2116
 160.000       6.2504
 161.000       4.5606
 162.000       4.6381
 163.000       2.4139
 164.000       1.0780
 165.000       0.7208
 166.000       0.8155
 167.000       1.0373
 168.000       1.1805
 169.000       0.9797
 170.000       0.9692
 171.000       2.1279
 172.000       1.5260
 173.000       1.3170
 174.000       1.1887
 175.000       1.5448
 176.000       2.3434
 177.000       2.7181
 178.000       2.3180
 179.000       3.1354
 180.000       2.1259
 181.000       1.2923
 182.000       1.4448
 183.000       1.5663
 184.000       1.3376
 185.000       1.1578
 186.000       1.7420
 187.000       1.3995
 188.000       1.6532
 189.000       1.3670
 190.000       0.9514
 191.000       0.9479
 192.000       1.0440
 193.000       0.7146
 194.000       0.6670
 195.000       0.7482
 196.000       0.6935
 197.000       0.8970
 198.000       0.8291
 199.000       0.6824
 200.000       1.1167
 201.000       1.0982
 202.000       0.9112
 203.000       1.0697
 204.000       1.2450
 205.000       1.0075
 206.000       1.1464
 207.000       1.3537
 208.000       1.5662
 209.000       1.2846
 210.000       1.6058
 211.000       1.9055
 212.000       1.1229
 213.000       0.9710
 214.000       0.7378
 215.000       1.2608
 216.000       0.7848
 217.000       0.7769
 218.000       1.3820
 219.000       0.9806
 220.000       0.6816
 221.000       0.7129
 222.000       0.7267
 223.000       1.1376
 224.000       0.6123
 225.000       0.5865
 226.000       0.7740
 227.000       0.7530
 228.000       0.7269
 229.000       0.6732
 230.000       0.9199
 231.000       0.7641
 232.000       1.0278
 233.000       0.8369
 234.000       0.7369
 235.000       0.6987
 236.000       1.1308
 237.000       0.9003
 238.000       0.9918
 239.000       1.2950
 240.000       0.7940
 241.000       0.7923
 242.000       1.7043
 243.000       1.0789
 244.000       0.7443
 245.000       0.9374
 246.000       1.3949
 247.000       1.6800
 248.000       0.9277
 249.000       1.1489
 250.000       1.0186
 251.000       0.9694
 252.000       1.3765
 253.000       1.8945
 254.000       1.5587
 255.000       1.3924
 256.000       1.5474
 257.000       1.6514
 258.000       1.4906
 259.000       1.0039
 260.000       1.4517
 261.000       0.7777
 262.000       0.8931
 263.000       0.6528
 264.000       0.7159
 265.000       0.6484
 266.000       0.6703
 267.000       0.7370
 268.000       0.6210
 269.000       0.9557
 270.000       0.6569
 271.000       0.9926
 272.000       0.6608
 273.000       0.7948
 274.000       0.6370
 275.000       1.0964
 276.000       0.9131
 277.000       1.6654
 278.000       0.8444
 279.000       0.7295
 280.000       1.1989
 281.000       0.7927
 282.000       0.7093
 283.000       0.9716
 284.000       0.7806
 285.000       0.7049
 286.000       1.0595
 287.000       0.9794
 288.000       1.5341
 289.000       1.6180
 290.000       1.8359
 291.000       1.3028
 292.000       1.2683
 293.000       1.4208
 294.000       1.2401
 295.000       2.4243
 296.000       1.1384
 297.000       0.7834
 298.000       0.7549
 299.000       1.1040
 300.000       0.7793
 301.000       0.5450
 302.000       0.9462
 303.000       0.6452
 304.000       0.5974
 305.000       0.8854
 306.000       0.6471
 307.000       0.6035
 308.000       0.5359
 309.000       0.7814
 310.000       0.9091
 311.000       0.6520
 312.000       0.5802
 313.000       0.9995
 314.000       0.7038
 315.000       0.6927
 316.000       0.6678
 317.000       0.6506
 318.000       0.8236
 319.000       0.8351
 320.000       0.6838
 321.000       0.7670
 322.000       0.9908
 323.000       0.8472
 324.000       1.1551
 325.000       1.4875
 326.000       1.3674
 327.000       1.0713
 328.000       1.3229
 329.000       1.3914
 330.000       1.0633
 331.000       1.1222
 332.000       2.0427
 333.000       1.0696
 334.000       0.8159
 335.000       0.9008
 336.000       1.3318
 337.000       0.6546
 338.000       0.7342
 339.000       0.6359
 340.000       0.7307
 341.000       0.6601
 342.000       0.6633
 343.000       0.7016
 344.000       0.6526
 345.000       0.5777
 346.000       0.6354
 347.000       0.7936
 348.000       0.6642
 349.000       0.7493
 350.000       0.8317
 351.000       1.1283
 352.000       1.0511
 353.000       0.9373
 354.000       1.0157
 355.000       0.7332
 356.000       0.6876
 357.000       0.9062
 358.000       0.7144
 359.000       0.7536
 360.000       1.0489
 361.000       0.7778
 362.000       0.6074
 363.000       0.6241
 364.000       1.0131
 365.000       0.7405
 366.000       1.0149
 367.000       0.6468
 368.000       0.7157
 369.000       0.8668
 370.000       0.6371
 371.000       0.9969
 372.000       0.6167
 373.000       0.7796
 374.000       0.7112
 375.000       0.9970
 376.000       0.9430
 377.000       0.9859
 378.000       0.8746
 379.000       0.9405
 380.000       0.6666
 381.000       0.8429
 382.000       0.8018
 383.000       0.9870
 384.000       0.8483
 385.000       0.9865
 386.000       1.0470
 387.000       1.3052
 388.000       1.1800
 389.000       1.2437
 390.000       1.4587
 391.000       2.1492
 392.000       2.2526
 393.000       2.4078
 394.000       1.2770
 395.000       1.6595
 396.000       1.7565
 397.000       1.5274
 398.000       1.3952
 399.000       1.1639
 400.000       1.6508
 401.000       0.9443
 402.000       0.7911
 403.000       0.9439
 404.000       0.7436
 405.000       0.7944
 406.000       0.7342
 407.000       0.8555
 408.000       0.7670
 409.000       0.6442
 410.000       1.0143
 411.000       1.0603
 412.000       0.9468
 413.000       0.6621
 414.000       0.9337
 415.000       0.8362
 416.000       0.9499
 417.000       0.9657
 418.000       0.7461
 419.000       1.4519
 420.000       0.8181
 421.000       0.7536
 422.000       1.1659
 423.000       1.0008
 424.000       0.8658
 425.000       1.0247
 426.000       1.0297
 427.000       1.0488
 428.000       1.3690
 429.000       0.9775
 430.000       1.2239
 431.000       1.0613
 432.000       0.9112
 433.000       0.9788
 434.000       0.9646
 435.000       1.6592
 436.000       0.8869
 437.000       0.9163
 438.000       1.0097
 439.000       0.8117
 440.000       0.8520
 441.000       0.7335
 442.000       0.9143
 443.000       1.1012
 444.000       1.0684
 445.000       0.7715
 446.000       1.0018
 447.000       0.9462
 448.000       1.1583
 449.000       1.0164
 450.000       1.2811
 451.000       1.3049
 452.000       2.4673
 453.000       1.1062
 454.000       1.3059
 455.000       2.4364
 456.000       1.4036
 457.000       1.0967
 458.000       1.3054
 459.000       1.4385
 460.000       1.2217
 461.000       1.1926
 462.000       1.4873
 463.000       1.7945
 464.000       2.2850
 465.000       1.7694
 466.000       1.5329
 467.000       2.0724
 468.000       1.4606
 469.000       1.3433
 470.000       1.1788
 471.000       1.3788
 472.000       1.4285
 473.000       1.1866
 474.000       1.2114
 475.000       1.0757
 476.000       0.7756
 477.000       0.8794
 478.000       1.1741
 479.000       1.1305
 480.000       0.7954
 481.000       0.8143
 482.000       0.7607
 483.000       0.7483
 484.000       0.8681
 485.000       0.9113
 486.000       1.7827
 487.000       0.9948
 488.000       0.8807
 489.000       0.9567
 490.000       0.9320
 491.000       1.2022
 492.000       0.9146
 493.000       1.0156
 494.000       1.2484
 495.000       1.1961
 496.000       0.9318
 497.000       1.7244
 498.000       1.0478
 499.000       1.0497
 500.000       1.0443
 501.000       1.4443
 502.000       1.7560
 503.000       2.0144
 504.000       1.2410
 505.000       1.5229
 506.000       1.0332
 507.000       0.9913
 508.000       0.9286
 509.000       1.0695
 510.000       0.8766
 511.000       0.9264
 512.000       0.8992
 513.000       1.0390
 514.000       0.7566
 515.000       1.1817
 516.000       1.3057
 517.000       1.2426
 518.000       0.8955
 519.000       1.2044
 520.000       1.1837
 521.000       1.1183
 522.000       1.1427
 523.000       1.2125
 524.000       0.8457
 525.000       0.9083
 526.000       0.8362
 527.000       1.3717
 528.000       1.1103
 529.000       1.0205
 530.000       1.7610
 531.000       1.8354
 532.000       1.6395
 533.000       1.7228
 534.000       1.8454
 535.000       2.2416
 536.000       1.9144
 537.000       2.6283
 538.000       3.0256
 539.000       4.2998
 540.000       3.8970
 541.000       2.9832
 542.000       3.7232
 543.000       3.6647
 544.000       2.8279
 545.000       2.7579
 546.000       3.7234
 547.000       2.8243
 548.000       2.4864
 549.000       3.5095
 550.000       5.0735
 551.000       5.4814
 552.000       4.5030
 553.000       7.7825
 554.000      51.4765
 555.000       1.0725
 556.000       0.8355
 557.000      52.0749
 558.000      50.8028
 559.000      50.9435
 560.000      52.1017
 561.000      51.1278
 562.000      52.1371
 563.000      51.4697
 564.000      52.3865
 565.000      52.3927
 566.000      52.5057
 567.000      51.8374
 568.000      51.8796
 569.000      51.4080
 570.000      50.5770
 571.000      53.2236
 572.000      49.4281
 573.000      51.7364
 574.000      51.6474
 575.000      52.6069
 576.000      51.3809
 577.000      52.7943
 578.000      48.7071
 579.000      52.1884
 580.000      50.5888
 581.000      51.2897
 582.000      50.7334
 583.000      51.5521
 584.000      52.0704
 585.000      52.2053
 586.000      51.7843
 587.000      52.1220
 588.000      51.9120
 589.000      52.2780
 590.000      50.9014
 591.000      51.3286
 592.000      50.9109
 593.000      49.8701
 594.000      50.6066
 595.000      49.2513
 596.000      52.3201
 597.000      51.8623
 598.000      51.6509
 599.000       0.6700
 600.000      52.6905
 601.000      52.5938
 602.000      52.8966
 603.000      52.7306
 604.000      51.0227
 605.000      53.1950
 606.000      53.5633
 607.000      42.7715
 608.000      52.8761
 609.000      53.0431
 610.000      52.5112
 611.000      53.0123
 612.000      52.4799
 613.000      51.8984
 614.000      52.4551
 615.000      53.2543
 616.000      52.4233
 617.000      53.0135
 618.000      52.8776
 619.000      52.8100
 620.000      52.5802
 621.000      52.4399
 622.000      53.2800
 623.000      52.6293
 624.000      52.9985
 625.000      52.5351
 626.000      53.1917
 627.000      52.5648
 628.000      52.9025
 629.000      52.5129
 630.000      52.3581
 631.000      52.5671
 632.000      52.7622
 633.000      51.8220
 634.000      52.9566
 635.000      52.2053
 636.000      52.1306
 637.000      53.0831
 638.000      52.7707
 639.000      53.2103
 640.000      52.9032
 641.000      52.5046
 642.000      52.7790
 643.000      53.0981
 644.000      52.7221
 645.000      53.0147
