#Res        AtomicFlx
   1.000       5.2219
   2.000       3.1777
   3.000       4.6631
   4.000       1.8783
   5.000       1.9593
   6.000       1.6917
   7.000       1.4996
   8.000       1.5705
   9.000       1.4820
  10.000       1.0009
  11.000       0.9084
  12.000       1.3254
  13.000       0.8248
  14.000       0.6529
  15.000       0.7347
  16.000       0.6155
  17.000       0.7339
  18.000       0.7238
  19.000       0.7541
  20.000       0.8428
  21.000       0.9695
  22.000       0.7972
  23.000       1.3820
  24.000       1.2565
  25.000       1.1792
  26.000       1.2774
  27.000       0.7584
  28.000       0.9330
  29.000       1.3822
  30.000       1.0284
  31.000       1.0385
  32.000       1.7058
  33.000       2.0340
  34.000       0.9429
  35.000       1.1671
  36.000       1.0245
  37.000       1.1099
  38.000       1.3005
  39.000       0.9843
  40.000       1.1965
  41.000       2.0288
  42.000       0.8593
  43.000       0.9528
  44.000       1.7989
  45.000       1.0336
  46.000       0.8139
  47.000       0.8992
  48.000       1.3012
  49.000       1.3621
  50.000       0.9887
  51.000       0.7130
  52.000       0.8191
  53.000       0.7597
  54.000       0.8909
  55.000       1.0187
  56.000       0.7583
  57.000       0.9686
  58.000       1.0997
  59.000       1.1296
  60.000       0.6871
  61.000       1.0371
  62.000       0.8669
  63.000       0.9353
  64.000       1.1450
  65.000       1.1773
  66.000       1.3901
  67.000       1.6847
  68.000       1.4835
  69.000       1.9046
  70.000       1.4468
  71.000       0.9531
  72.000       1.0751
  73.000       1.2801
  74.000       2.7945
  75.000       2.3060
  76.000       1.8935
  77.000       2.2999
  78.000       2.0000
  79.000       1.9103
  80.000       1.2465
  81.000       0.7545
  82.000       0.9200
  83.000       0.7829
  84.000       1.0148
  85.000       0.7193
  86.000       1.0872
  87.000       1.0922
  88.000       0.8805
  89.000       1.0007
  90.000       0.9054
  91.000       0.8803
  92.000       0.8891
  93.000       1.1987
  94.000       0.7708
  95.000       1.2289
  96.000       1.0173
  97.000       1.1645
  98.000       1.1803
  99.000       0.8783
 100.000       0.7628
 101.000       0.7984
 102.000       0.7180
 103.000       0.8277
 104.000       0.6586
 105.000       1.0566
 106.000       0.7961
 107.000       0.9212
 108.000       0.7450
 109.000       1.1379
 110.000       0.8362
 111.000       0.7527
 112.000       1.0720
 113.000       1.0957
 114.000       1.8471
 115.000       1.3031
 116.000       0.9365
 117.000       0.9070
 118.000       0.9440
 119.000       1.0449
 120.000       1.4421
 121.000       1.1622
 122.000       2.5886
 123.000       2.9014
 124.000       4.1429
 125.000       5.3679
 126.000       4.5262
 127.000       2.8615
 128.000       3.0878
 129.000       2.0540
 130.000       1.2843
 131.000       1.3219
 132.000       1.8208
 133.000       2.7357
 134.000       3.3272
 135.000       3.7858
 136.000       4.6174
 137.000       4.4697
 138.000       5.3261
 139.000       5.1209
 140.000       4.4287
 141.000       5.1882
 142.000       4.3323
 143.000       4.7577
 144.000       5.0534
 145.000       4.6459
 146.000       3.7079
 147.000       2.7607
 148.000       2.5965
 149.000       2.3154
 150.000       2.2134
 151.000       2.0253
 152.000       1.6191
 153.000       1.7532
 154.000       2.0919
 155.000       1.4729
 156.000       1.9411
 157.000       2.8358
 158.000       3.2608
 159.000       2.4740
 160.000       3.3679
 161.000       3.0267
 162.000       2.2545
 163.000       1.7419
 164.000       1.3940
 165.000       1.0597
 166.000       1.3405
 167.000       1.5824
 168.000       1.4155
 169.000       1.0316
 170.000       1.5896
 171.000       1.9870
 172.000       1.8173
 173.000       1.2039
 174.000       1.3416
 175.000       1.5602
 176.000       1.3377
 177.000       1.2712
 178.000       1.2571
 179.000       1.4215
 180.000       1.4803
 181.000       1.1070
 182.000       1.0808
 183.000       1.3820
 184.000       1.4656
 185.000       0.9652
 186.000       1.5782
 187.000       1.3374
 188.000       0.9589
 189.000       1.4303
 190.000       0.9533
 191.000       1.0378
 192.000       1.1004
 193.000       0.8247
 194.000       0.7768
 195.000       0.8853
 196.000       0.8226
 197.000       0.9782
 198.000       0.9646
 199.000       0.8849
 200.000       1.0372
 201.000       1.0401
 202.000       1.1250
 203.000       1.1391
 204.000       1.2913
 205.000       1.4490
 206.000       1.3615
 207.000       1.5357
 208.000       2.5075
 209.000       2.6127
 210.000       2.2915
 211.000       3.0462
 212.000       2.2332
 213.000       1.6034
 214.000       1.0831
 215.000       1.9561
 216.000       1.1824
 217.000       1.2847
 218.000       1.7521
 219.000       1.1398
 220.000       1.0314
 221.000       0.9907
 222.000       0.9700
 223.000       1.2683
 224.000       0.6830
 225.000       0.9294
 226.000       0.8556
 227.000       0.8205
 228.000       0.8523
 229.000       0.7230
 230.000       1.0662
 231.000       0.8741
 232.000       1.1330
 233.000       0.9254
 234.000       0.8853
 235.000       0.8713
 236.000       1.2103
 237.000       0.9884
 238.000       1.1835
 239.000       1.4654
 240.000       0.9166
 241.000       0.9332
 242.000       1.9668
 243.000       1.2430
 244.000       0.7762
 245.000       0.9991
 246.000       1.4008
 247.000       1.6217
 248.000       0.7282
 249.000       1.0839
 250.000       1.0609
 251.000       1.1949
 252.000       1.6029
 253.000       2.7225
 254.000       1.8219
 255.000       1.3024
 256.000       1.4496
 257.000       1.7031
 258.000       1.5522
 259.000       1.0923
 260.000       1.7733
 261.000       0.9787
 262.000       1.0400
 263.000       0.7856
 264.000       0.9612
 265.000       0.7668
 266.000       0.7569
 267.000       0.7532
 268.000       0.9370
 269.000       0.8780
 270.000       0.6965
 271.000       0.9977
 272.000       0.8764
 273.000       1.2836
 274.000       1.1489
 275.000       2.0587
 276.000       1.3051
 277.000       1.4030
 278.000       0.8615
 279.000       0.8397
 280.000       1.2398
 281.000       1.0041
 282.000       0.9989
 283.000       1.0966
 284.000       0.9287
 285.000       1.1491
 286.000       1.4587
 287.000       1.2658
 288.000       1.7821
 289.000       1.9075
 290.000       1.7535
 291.000       1.3419
 292.000       1.0951
 293.000       1.1922
 294.000       1.2068
 295.000       1.6159
 296.000       0.9507
 297.000       0.7282
 298.000       0.7816
 299.000       1.0563
 300.000       0.6990
 301.000       0.6650
 302.000       1.0594
 303.000       0.6608
 304.000       0.7676
 305.000       0.8744
 306.000       0.6743
 307.000       0.6176
 308.000       0.5982
 309.000       0.7330
 310.000       0.9120
 311.000       0.6572
 312.000       0.6038
 313.000       1.1381
 314.000       0.7765
 315.000       0.7191
 316.000       0.9552
 317.000       0.8025
 318.000       0.8895
 319.000       0.8035
 320.000       0.7271
 321.000       0.8397
 322.000       0.9240
 323.000       0.8763
 324.000       1.2300
 325.000       1.3610
 326.000       1.4956
 327.000       1.1180
 328.000       1.2836
 329.000       1.2771
 330.000       1.0298
 331.000       0.9559
 332.000       2.1654
 333.000       1.0391
 334.000       0.8253
 335.000       1.0323
 336.000       1.7313
 337.000       0.7957
 338.000       0.8561
 339.000       0.6604
 340.000       0.8216
 341.000       0.6697
 342.000       0.7227
 343.000       0.9991
 344.000       0.7053
 345.000       0.6387
 346.000       0.7265
 347.000       0.9654
 348.000       0.7655
 349.000       0.8077
 350.000       0.8458
 351.000       1.1807
 352.000       0.9706
 353.000       1.0328
 354.000       1.3955
 355.000       0.8039
 356.000       0.8459
 357.000       1.0865
 358.000       0.9055
 359.000       0.7457
 360.000       1.0664
 361.000       0.8535
 362.000       0.5932
 363.000       0.6074
 364.000       1.0377
 365.000       0.7044
 366.000       0.9847
 367.000       0.7065
 368.000       0.7862
 369.000       0.6938
 370.000       0.6299
 371.000       0.9434
 372.000       0.6563
 373.000       0.9005
 374.000       0.7680
 375.000       0.9561
 376.000       0.8150
 377.000       0.9481
 378.000       1.0965
 379.000       1.0534
 380.000       0.8029
 381.000       1.1025
 382.000       0.9474
 383.000       1.1137
 384.000       0.9553
 385.000       1.1047
 386.000       1.1860
 387.000       1.4189
 388.000       1.3641
 389.000       1.4814
 390.000       1.5387
 391.000       2.6613
 392.000       2.2809
 393.000       2.5699
 394.000       1.3563
 395.000       1.7696
 396.000       1.7731
 397.000       1.6040
 398.000       1.5281
 399.000       1.2014
 400.000       2.0344
 401.000       1.0170
 402.000       0.9372
 403.000       1.1234
 404.000       0.8827
 405.000       1.0826
 406.000       0.8838
 407.000       0.9925
 408.000       0.9139
 409.000       0.7879
 410.000       1.1379
 411.000       1.2474
 412.000       1.1621
 413.000       0.7682
 414.000       1.0637
 415.000       0.9259
 416.000       1.0490
 417.000       0.9954
 418.000       0.8007
 419.000       1.0929
 420.000       0.8117
 421.000       0.8190
 422.000       1.0253
 423.000       0.8997
 424.000       0.8331
 425.000       1.0556
 426.000       1.2009
 427.000       1.0442
 428.000       1.1804
 429.000       0.9803
 430.000       1.1793
 431.000       1.0431
 432.000       0.8255
 433.000       0.9448
 434.000       1.2778
 435.000       1.7441
 436.000       0.8928
 437.000       0.8303
 438.000       1.0375
 439.000       1.0174
 440.000       1.0161
 441.000       0.7761
 442.000       0.9669
 443.000       1.1811
 444.000       1.1071
 445.000       0.7725
 446.000       1.2126
 447.000       1.2149
 448.000       1.2436
 449.000       1.1069
 450.000       1.2403
 451.000       1.6421
 452.000       2.9139
 453.000       1.1459
 454.000       1.2040
 455.000       2.3856
 456.000       1.3895
 457.000       1.0057
 458.000       1.4051
 459.000       1.5630
 460.000       1.2757
 461.000       1.0340
 462.000       1.5167
 463.000       1.8610
 464.000       1.5028
 465.000       1.3854
 466.000       1.1727
 467.000       1.5749
 468.000       1.3424
 469.000       1.3484
 470.000       1.2280
 471.000       1.4676
 472.000       1.7688
 473.000       1.1747
 474.000       1.3141
 475.000       1.1278
 476.000       0.8355
 477.000       0.9213
 478.000       1.2672
 479.000       0.9727
 480.000       0.8316
 481.000       0.8725
 482.000       0.7606
 483.000       0.7506
 484.000       0.9276
 485.000       0.8764
 486.000       1.8319
 487.000       1.0624
 488.000       0.8754
 489.000       0.9548
 490.000       0.9625
 491.000       1.2280
 492.000       0.9838
 493.000       1.0838
 494.000       1.3513
 495.000       1.3367
 496.000       0.9995
 497.000       1.8622
 498.000       1.2810
 499.000       1.2303
 500.000       1.3623
 501.000       1.5327
 502.000       2.0943
 503.000       2.2114
 504.000       1.9158
 505.000       1.7087
 506.000       1.0517
 507.000       1.0863
 508.000       1.0741
 509.000       1.0890
 510.000       0.9332
 511.000       1.0827
 512.000       0.9790
 513.000       1.0959
 514.000       0.8983
 515.000       1.6269
 516.000       1.3213
 517.000       1.3134
 518.000       1.1088
 519.000       1.3425
 520.000       1.0383
 521.000       1.0751
 522.000       1.1766
 523.000       1.1080
 524.000       0.8191
 525.000       1.0558
 526.000       0.9882
 527.000       1.4701
 528.000       1.2810
 529.000       1.5032
 530.000       1.9844
 531.000       2.2699
 532.000       2.2351
 533.000       2.6108
 534.000       2.7081
 535.000       3.1464
 536.000       3.0939
 537.000       4.1012
 538.000       4.0735
 539.000       4.0006
 540.000       3.6858
 541.000       3.4364
 542.000       3.6624
 543.000       3.5240
 544.000       3.1057
 545.000       3.0990
 546.000       3.4793
 547.000       3.0253
 548.000       2.6962
 549.000       2.9493
 550.000       3.3402
 551.000       3.3122
 552.000       7.4824
 553.000       8.9916
 554.000      48.0709
 555.000      35.6397
 556.000       0.6351
 557.000      50.6412
 558.000      51.0718
 559.000      51.6393
 560.000      51.6679
 561.000      50.9822
 562.000      50.0139
 563.000      51.6949
 564.000      51.3243
 565.000      51.0130
 566.000      51.5919
 567.000      50.0714
 568.000      48.6213
 569.000      51.3526
 570.000      51.9794
 571.000      50.3522
 572.000      52.4553
 573.000      49.8380
 574.000      50.1281
 575.000      51.5947
 576.000      50.5574
 577.000      50.8282
 578.000      51.6301
 579.000      52.1081
 580.000      51.0701
 581.000      50.2082
 582.000      50.1247
 583.000      50.7925
 584.000      52.0551
 585.000      47.2327
 586.000      51.9562
 587.000      51.4334
 588.000      50.7881
 589.000      51.5233
 590.000      52.2618
 591.000      52.8520
 592.000      51.3161
 593.000      50.9447
 594.000      49.2945
 595.000      52.7870
 596.000      48.4540
 597.000      51.7323
 598.000      52.1537
 599.000       4.6681
 600.000      52.9281
 601.000      52.1021
 602.000      52.1374
 603.000      53.0518
 604.000      52.2514
 605.000      52.5895
 606.000      51.8798
 607.000      52.6502
 608.000      52.8971
 609.000      52.4572
 610.000      52.1715
 611.000      51.9015
 612.000      52.3397
 613.000      52.2593
 614.000      52.7363
 615.000      52.9365
 616.000      52.3422
 617.000      53.1676
 618.000      52.2831
 619.000      52.0204
 620.000      52.3513
 621.000      51.7678
 622.000      52.1188
 623.000      52.5498
 624.000      52.8776
 625.000      52.4953
 626.000      52.7413
 627.000      52.4582
 628.000      52.4377
 629.000      52.4283
 630.000      52.2089
 631.000      52.1764
 632.000      52.7384
 633.000      51.9159
 634.000      52.5910
 635.000      52.9656
 636.000      52.4792
 637.000      52.1462
 638.000      53.1914
 639.000      52.4779
 640.000      52.5220
 641.000      52.7276
 642.000      52.5700
 643.000      52.3716
 644.000      52.8844
 645.000      52.9043
