#Res        AtomicFlx
   1.000       2.5570
   2.000       1.2813
   3.000       1.3745
   4.000       0.8909
   5.000       1.2729
   6.000       1.4500
   7.000       1.1467
   8.000       1.3844
   9.000       1.1880
  10.000       0.7689
  11.000       0.8291
  12.000       1.1461
  13.000       0.7072
  14.000       0.6029
  15.000       0.7398
  16.000       0.6218
  17.000       0.7015
  18.000       0.6467
  19.000       0.7058
  20.000       0.6149
  21.000       0.8750
  22.000       0.6690
  23.000       0.6139
  24.000       1.1261
  25.000       1.2292
  26.000       1.7440
  27.000       0.7065
  28.000       0.7224
  29.000       1.2048
  30.000       0.9515
  31.000       0.7273
  32.000       1.1597
  33.000       2.1482
  34.000       0.8454
  35.000       0.9666
  36.000       0.8169
  37.000       0.9195
  38.000       1.1477
  39.000       0.8796
  40.000       1.1406
  41.000       1.1778
  42.000       0.6957
  43.000       0.6388
  44.000       1.6863
  45.000       0.8684
  46.000       0.7120
  47.000       0.8056
  48.000       1.1967
  49.000       1.2409
  50.000       0.8902
  51.000       0.6638
  52.000       0.7773
  53.000       0.7392
  54.000       1.0518
  55.000       0.9512
  56.000       0.9689
  57.000       1.0019
  58.000       0.8385
  59.000       0.8845
  60.000       0.6892
  61.000       1.0404
  62.000       0.7226
  63.000       1.1988
  64.000       1.8233
  65.000       0.9888
  66.000       1.0135
  67.000       1.2410
  68.000       0.8617
  69.000       1.0301
  70.000       1.0899
  71.000       0.8002
  72.000       0.8403
  73.000       1.1307
  74.000       2.3581
  75.000       2.7641
  76.000       1.3757
  77.000       1.3690
  78.000       1.4846
  79.000       1.4245
  80.000       1.0027
  81.000       0.6393
  82.000       0.7755
  83.000       0.6139
  84.000       0.9832
  85.000       0.6043
  86.000       1.0763
  87.000       0.8749
  88.000       0.7541
  89.000       0.9041
  90.000       0.8768
  91.000       0.8427
  92.000       0.7926
  93.000       1.1462
  94.000       0.8769
  95.000       1.2120
  96.000       1.1569
  97.000       1.3364
  98.000       1.1204
  99.000       0.9059
 100.000       0.9271
 101.000       0.8961
 102.000       0.7255
 103.000       0.8680
 104.000       0.6460
 105.000       0.8661
 106.000       1.0568
 107.000       0.9184
 108.000       0.7544
 109.000       1.0318
 110.000       0.7783
 111.000       0.7328
 112.000       1.0047
 113.000       1.0731
 114.000       1.7978
 115.000       1.3529
 116.000       1.0109
 117.000       1.0759
 118.000       1.0821
 119.000       1.8792
 120.000       2.3103
 121.000       1.7412
 122.000       2.1727
 123.000       1.8284
 124.000       2.2305
 125.000       1.7524
 126.000       1.5922
 127.000       2.1957
 128.000       3.3856
 129.000       2.9819
 130.000       2.1631
 131.000       3.2854
 132.000       4.5159
 133.000       6.4407
 134.000       8.2046
 135.000       7.6011
 136.000       7.6577
 137.000       7.4934
 138.000       8.1481
 139.000       7.8762
 140.000       5.5411
 141.000       5.5488
 142.000       2.9619
 143.000       2.5398
 144.000       2.6483
 145.000       2.4490
 146.000       2.0031
 147.000       1.8683
 148.000       2.0885
 149.000       1.8624
 150.000       1.9948
 151.000       2.2799
 152.000       2.1223
 153.000       2.2989
 154.000       4.0117
 155.000       3.4867
 156.000       4.8483
 157.000       6.3470
 158.000       6.5976
 159.000       4.5529
 160.000       4.7479
 161.000       5.1512
 162.000       4.3172
 163.000       2.5230
 164.000       1.3326
 165.000       1.2045
 166.000       1.0124
 167.000       1.1833
 168.000       1.2349
 169.000       1.2415
 170.000       0.9359
 171.000       1.5889
 172.000       1.0736
 173.000       1.3361
 174.000       1.0132
 175.000       1.1744
 176.000       1.2658
 177.000       1.4056
 178.000       1.2512
 179.000       1.5888
 180.000       2.5343
 181.000       1.6637
 182.000       1.6763
 183.000       2.3579
 184.000       2.3124
 185.000       1.6424
 186.000       1.8335
 187.000       1.2997
 188.000       1.1362
 189.000       1.3418
 190.000       0.9431
 191.000       0.9866
 192.000       1.0163
 193.000       0.7980
 194.000       0.7183
 195.000       0.8657
 196.000       0.7935
 197.000       0.9125
 198.000       0.8828
 199.000       0.8249
 200.000       1.0697
 201.000       0.9378
 202.000       0.9980
 203.000       1.1187
 204.000       1.1981
 205.000       0.9745
 206.000       1.2853
 207.000       1.2942
 208.000       1.7272
 209.000       1.0312
 210.000       1.4376
 211.000       1.8081
 212.000       1.0292
 213.000       1.1081
 214.000       1.0256
 215.000       1.4808
 216.000       1.0441
 217.000       1.1065
 218.000       1.8046
 219.000       1.1121
 220.000       1.2513
 221.000       1.3638
 222.000       1.0853
 223.000       1.3005
 224.000       0.8468
 225.000       0.7383
 226.000       0.9070
 227.000       0.8764
 228.000       0.8359
 229.000       0.7933
 230.000       1.1403
 231.000       0.9246
 232.000       1.1799
 233.000       1.1272
 234.000       1.4070
 235.000       0.8930
 236.000       1.3947
 237.000       1.3596
 238.000       1.0122
 239.000       1.3671
 240.000       0.8042
 241.000       0.8599
 242.000       1.5753
 243.000       1.0340
 244.000       0.7070
 245.000       0.9490
 246.000       1.3234
 247.000       1.3420
 248.000       0.8763
 249.000       1.1451
 250.000       0.9866
 251.000       0.9890
 252.000       1.5090
 253.000       2.2557
 254.000       1.6243
 255.000       1.5282
 256.000       1.4820
 257.000       1.6216
 258.000       1.4900
 259.000       1.0283
 260.000       1.5331
 261.000       0.8737
 262.000       0.8089
 263.000       0.6690
 264.000       0.7335
 265.000       0.6835
 266.000       0.6673
 267.000       0.7263
 268.000       0.5825
 269.000       1.0261
 270.000       0.7307
 271.000       1.6654
 272.000       0.5683
 273.000       0.8330
 274.000       0.6950
 275.000       1.0045
 276.000       1.4966
 277.000       1.4057
 278.000       1.1024
 279.000       0.7409
 280.000       0.9092
 281.000       0.8168
 282.000       0.7716
 283.000       1.0570
 284.000       0.7607
 285.000       0.7675
 286.000       0.9657
 287.000       1.0210
 288.000       1.6295
 289.000       2.3582
 290.000       1.8035
 291.000       1.4578
 292.000       1.4701
 293.000       1.1297
 294.000       1.2019
 295.000       2.1686
 296.000       0.9205
 297.000       0.6703
 298.000       0.8223
 299.000       0.9858
 300.000       0.7288
 301.000       0.6356
 302.000       1.0620
 303.000       0.7082
 304.000       0.5593
 305.000       0.6751
 306.000       0.7376
 307.000       0.6617
 308.000       0.5764
 309.000       0.8183
 310.000       0.9852
 311.000       0.7253
 312.000       0.6718
 313.000       1.0920
 314.000       0.8097
 315.000       0.7784
 316.000       0.9571
 317.000       0.7581
 318.000       0.9517
 319.000       0.8672
 320.000       0.6938
 321.000       0.8536
 322.000       0.9664
 323.000       0.8626
 324.000       1.1664
 325.000       1.5330
 326.000       1.4365
 327.000       1.0885
 328.000       1.2797
 329.000       1.3719
 330.000       1.1179
 331.000       1.1845
 332.000       2.1501
 333.000       1.0265
 334.000       1.0685
 335.000       1.1659
 336.000       2.0522
 337.000       0.9461
 338.000       0.9762
 339.000       0.7482
 340.000       0.8210
 341.000       0.7117
 342.000       0.6893
 343.000       0.8164
 344.000       0.7416
 345.000       0.7703
 346.000       0.7599
 347.000       1.0900
 348.000       0.8663
 349.000       1.0644
 350.000       1.1124
 351.000       1.2379
 352.000       1.2396
 353.000       1.1842
 354.000       1.3943
 355.000       0.9172
 356.000       0.8682
 357.000       1.3838
 358.000       0.9899
 359.000       0.7658
 360.000       0.9993
 361.000       1.0689
 362.000       0.6199
 363.000       0.6145
 364.000       0.9981
 365.000       0.8488
 366.000       1.0700
 367.000       0.7376
 368.000       0.9247
 369.000       1.0256
 370.000       0.8603
 371.000       1.1707
 372.000       0.9587
 373.000       0.8855
 374.000       1.0330
 375.000       1.0518
 376.000       0.8639
 377.000       1.1129
 378.000       0.9594
 379.000       1.0584
 380.000       0.7339
 381.000       0.9416
 382.000       0.8421
 383.000       1.0357
 384.000       0.8274
 385.000       0.9281
 386.000       1.0136
 387.000       1.3031
 388.000       1.1116
 389.000       1.1883
 390.000       1.3952
 391.000       2.0491
 392.000       2.1715
 393.000       2.4155
 394.000       1.3807
 395.000       1.6455
 396.000       1.7514
 397.000       1.3967
 398.000       1.4636
 399.000       1.1772
 400.000       1.3348
 401.000       0.9476
 402.000       0.8465
 403.000       0.9873
 404.000       0.7979
 405.000       0.8780
 406.000       0.8221
 407.000       0.9254
 408.000       0.8653
 409.000       0.7521
 410.000       1.0974
 411.000       1.2146
 412.000       1.0862
 413.000       0.7687
 414.000       1.0592
 415.000       0.9461
 416.000       1.0331
 417.000       0.9140
 418.000       1.0281
 419.000       1.6591
 420.000       1.0183
 421.000       0.8674
 422.000       1.0731
 423.000       1.1654
 424.000       1.0155
 425.000       1.0500
 426.000       1.1814
 427.000       1.1695
 428.000       1.0802
 429.000       1.1206
 430.000       1.3662
 431.000       0.9405
 432.000       0.9626
 433.000       1.2198
 434.000       1.1571
 435.000       1.7351
 436.000       0.8330
 437.000       1.2023
 438.000       0.9333
 439.000       1.0554
 440.000       0.8676
 441.000       0.8916
 442.000       1.0110
 443.000       0.9551
 444.000       1.0577
 445.000       0.9148
 446.000       0.9765
 447.000       0.7638
 448.000       1.0976
 449.000       0.8654
 450.000       1.1281
 451.000       0.9795
 452.000       1.1523
 453.000       0.7798
 454.000       1.3304
 455.000       1.9559
 456.000       1.2214
 457.000       0.9591
 458.000       1.5588
 459.000       1.5542
 460.000       1.4363
 461.000       1.5519
 462.000       2.0057
 463.000       2.4195
 464.000       2.3023
 465.000       1.9273
 466.000       2.6010
 467.000       2.7022
 468.000       1.9793
 469.000       1.4063
 470.000       1.2071
 471.000       1.3220
 472.000       1.2764
 473.000       1.2877
 474.000       1.1715
 475.000       1.0535
 476.000       0.7057
 477.000       0.7906
 478.000       1.2313
 479.000       0.9728
 480.000       0.8822
 481.000       0.9492
 482.000       0.8109
 483.000       0.7694
 484.000       0.8743
 485.000       0.9363
 486.000       1.7462
 487.000       1.0293
 488.000       0.8166
 489.000       0.9544
 490.000       0.9224
 491.000       0.9331
 492.000       0.9059
 493.000       1.1345
 494.000       1.3179
 495.000       1.3762
 496.000       1.3344
 497.000       2.1119
 498.000       1.5197
 499.000       1.6132
 500.000       1.9610
 501.000       4.2466
 502.000       4.0675
 503.000       4.3948
 504.000       3.9980
 505.000       2.7159
 506.000       1.7772
 507.000       1.3324
 508.000       1.3647
 509.000       1.3622
 510.000       1.0491
 511.000       1.2221
 512.000       1.1385
 513.000       1.2627
 514.000       0.8262
 515.000       1.9464
 516.000       1.3539
 517.000       1.1513
 518.000       1.0121
 519.000       1.6140
 520.000       0.8732
 521.000       0.8690
 522.000       1.2083
 523.000       1.2454
 524.000       0.7560
 525.000       0.9682
 526.000       0.9419
 527.000       1.3501
 528.000       1.1195
 529.000       1.1693
 530.000       1.8144
 531.000       2.0399
 532.000       1.8110
 533.000       1.9677
 534.000       2.0518
 535.000       2.5791
 536.000       2.2275
 537.000       3.2983
 538.000       3.0832
 539.000       3.6309
 540.000       3.1721
 541.000       2.9450
 542.000       3.0130
 543.000       2.8690
 544.000       2.6592
 545.000       2.4977
 546.000       2.6535
 547.000       2.1111
 548.000       1.9744
 549.000       2.0855
 550.000       2.6396
 551.000       3.2452
 552.000       9.8854
 553.000       9.5924
 554.000      48.8570
 555.000       0.5071
 556.000      49.4576
 557.000      52.3570
 558.000      51.6490
 559.000      51.1012
 560.000      52.6308
 561.000      50.9454
 562.000      51.4378
 563.000      51.3866
 564.000      51.3034
 565.000      51.0589
 566.000      50.6501
 567.000      51.8309
 568.000      51.2016
 569.000      51.2061
 570.000      52.6386
 571.000      50.8868
 572.000      50.9292
 573.000      50.4311
 574.000      50.8262
 575.000      52.1563
 576.000      50.8479
 577.000      53.1477
 578.000      52.3728
 579.000      51.5373
 580.000      48.5471
 581.000      52.3897
 582.000      48.9902
 583.000      51.7417
 584.000      51.8741
 585.000      50.1420
 586.000      51.3090
 587.000      52.0422
 588.000      51.5838
 589.000      51.0523
 590.000      50.0189
 591.000      51.2697
 592.000      50.6825
 593.000      51.9201
 594.000      51.9383
 595.000      52.1146
 596.000      50.1719
 597.000      53.4193
 598.000      51.2915
 599.000       0.5720
 600.000      52.5133
 601.000      53.3867
 602.000      52.3480
 603.000      52.5482
 604.000      52.4314
 605.000      53.2026
 606.000      53.1531
 607.000      51.8575
 608.000      52.5378
 609.000      52.5010
 610.000      52.5372
 611.000      52.7232
 612.000      52.8699
 613.000      52.2294
 614.000      52.5266
 615.000      52.3997
 616.000      51.9404
 617.000      53.0464
 618.000      52.4722
 619.000      52.3503
 620.000      52.8798
 621.000      52.4208
 622.000      52.5194
 623.000      53.1471
 624.000      51.9626
 625.000      53.0893
 626.000      51.7137
 627.000      52.7070
 628.000      52.8203
 629.000      52.1230
 630.000      53.1936
 631.000      52.8642
 632.000      52.5492
 633.000      52.6333
 634.000      53.0297
 635.000      52.9252
 636.000      52.7385
 637.000      52.8756
 638.000      51.9830
 639.000      52.2048
 640.000      52.9699
 641.000      52.6301
 642.000      52.8597
 643.000      51.7755
 644.000      52.7403
 645.000      52.1315
