#Res        AtomicFlx
   1.000       3.3023
   2.000       1.4813
   3.000       1.4763
   4.000       0.9674
   5.000       1.4237
   6.000       1.4978
   7.000       1.5879
   8.000       1.4120
   9.000       1.2120
  10.000       0.8972
  11.000       0.8509
  12.000       1.1723
  13.000       0.7208
  14.000       0.6089
  15.000       0.7503
  16.000       0.6647
  17.000       0.6255
  18.000       0.6461
  19.000       0.7075
  20.000       0.6547
  21.000       0.8251
  22.000       0.6924
  23.000       0.6354
  24.000       1.1557
  25.000       1.5690
  26.000       1.3358
  27.000       0.7250
  28.000       0.7402
  29.000       1.4358
  30.000       1.0468
  31.000       1.0223
  32.000       1.9048
  33.000       1.9083
  34.000       0.8075
  35.000       0.9055
  36.000       0.8751
  37.000       0.9039
  38.000       0.9199
  39.000       0.7638
  40.000       0.9965
  41.000       1.5646
  42.000       0.7221
  43.000       0.6469
  44.000       1.5173
  45.000       0.9097
  46.000       0.7095
  47.000       0.8236
  48.000       1.0555
  49.000       1.1672
  50.000       0.8747
  51.000       0.6175
  52.000       0.7566
  53.000       0.6629
  54.000       0.9261
  55.000       0.8632
  56.000       1.0393
  57.000       1.0009
  58.000       0.7529
  59.000       1.0428
  60.000       0.7810
  61.000       1.0676
  62.000       0.6586
  63.000       0.7684
  64.000       0.8650
  65.000       0.9146
  66.000       0.9650
  67.000       1.1444
  68.000       0.7280
  69.000       0.7799
  70.000       0.8167
  71.000       0.7337
  72.000       1.0685
  73.000       1.0986
  74.000       3.5468
  75.000       2.6446
  76.000       1.1153
  77.000       1.0820
  78.000       1.2867
  79.000       1.1460
  80.000       0.8593
  81.000       0.5590
  82.000       0.7091
  83.000       0.5247
  84.000       0.7652
  85.000       0.5894
  86.000       1.0309
  87.000       0.8769
  88.000       0.8270
  89.000       0.9235
  90.000       0.8445
  91.000       0.8784
  92.000       1.0360
  93.000       1.1251
  94.000       0.9030
  95.000       1.0391
  96.000       1.1568
  97.000       1.1059
  98.000       1.0815
  99.000       1.0249
 100.000       0.9696
 101.000       0.7792
 102.000       0.8965
 103.000       0.9461
 104.000       0.6787
 105.000       0.9422
 106.000       1.1045
 107.000       0.9465
 108.000       0.6505
 109.000       0.9743
 110.000       0.7361
 111.000       0.6602
 112.000       0.8951
 113.000       0.8904
 114.000       1.0679
 115.000       1.0458
 116.000       0.8074
 117.000       0.7862
 118.000       0.8209
 119.000       0.8835
 120.000       1.2500
 121.000       0.9405
 122.000       1.4840
 123.000       1.3204
 124.000       1.3942
 125.000       1.3791
 126.000       1.2968
 127.000       1.4195
 128.000       2.1677
 129.000       1.7166
 130.000       1.0676
 131.000       1.3021
 132.000       1.4617
 133.000       1.7240
 134.000       2.3237
 135.000       2.6614
 136.000       3.4148
 137.000       4.3028
 138.000       3.7055
 139.000       3.9487
 140.000       5.3861
 141.000       5.7783
 142.000       5.4825
 143.000       5.5023
 144.000       6.4375
 145.000       5.3716
 146.000       4.5954
 147.000       3.5987
 148.000       3.1568
 149.000       3.1954
 150.000       2.6358
 151.000       2.9236
 152.000       2.1168
 153.000       1.2083
 154.000       2.1491
 155.000       1.5217
 156.000       2.3041
 157.000       2.2069
 158.000       3.5785
 159.000       2.2963
 160.000       2.7889
 161.000       2.3842
 162.000       1.9216
 163.000       1.2536
 164.000       0.9712
 165.000       0.7321
 166.000       0.8288
 167.000       1.0974
 168.000       1.0765
 169.000       0.7029
 170.000       1.0619
 171.000       1.7019
 172.000       2.0975
 173.000       1.9393
 174.000       1.4849
 175.000       1.5254
 176.000       1.4920
 177.000       1.8510
 178.000       1.8135
 179.000       1.9037
 180.000       1.9171
 181.000       1.4471
 182.000       1.6806
 183.000       1.9647
 184.000       1.7271
 185.000       1.1039
 186.000       1.5975
 187.000       1.2032
 188.000       1.8456
 189.000       1.4899
 190.000       1.0830
 191.000       1.0908
 192.000       0.9374
 193.000       0.7267
 194.000       0.6929
 195.000       0.7382
 196.000       0.6115
 197.000       0.8106
 198.000       0.7204
 199.000       0.6918
 200.000       0.8973
 201.000       0.8447
 202.000       0.8066
 203.000       0.9643
 204.000       0.9330
 205.000       1.0994
 206.000       1.0666
 207.000       1.1426
 208.000       1.8837
 209.000       0.8816
 210.000       1.3466
 211.000       1.6495
 212.000       0.8952
 213.000       1.0975
 214.000       1.0000
 215.000       1.5073
 216.000       1.0953
 217.000       0.9468
 218.000       2.0833
 219.000       1.1319
 220.000       0.9118
 221.000       0.8669
 222.000       0.9080
 223.000       1.2388
 224.000       0.6793
 225.000       0.6339
 226.000       0.8116
 227.000       0.7883
 228.000       0.8938
 229.000       0.7056
 230.000       0.8942
 231.000       0.8196
 232.000       1.1064
 233.000       0.8542
 234.000       0.7582
 235.000       0.7769
 236.000       1.2298
 237.000       0.9073
 238.000       0.9449
 239.000       1.3344
 240.000       0.8455
 241.000       0.8504
 242.000       1.9073
 243.000       1.1412
 244.000       0.7086
 245.000       0.9986
 246.000       1.3220
 247.000       1.8499
 248.000       0.9550
 249.000       1.0396
 250.000       0.9379
 251.000       0.9660
 252.000       1.4474
 253.000       1.8765
 254.000       1.5032
 255.000       1.0573
 256.000       1.4056
 257.000       1.7837
 258.000       1.2701
 259.000       0.9785
 260.000       1.5714
 261.000       0.8215
 262.000       0.9050
 263.000       0.6883
 264.000       0.9203
 265.000       0.6816
 266.000       0.6919
 267.000       0.7368
 268.000       0.7098
 269.000       0.7844
 270.000       0.7774
 271.000       1.0817
 272.000       0.8658
 273.000       1.0051
 274.000       0.8158
 275.000       0.8657
 276.000       0.9282
 277.000       0.9449
 278.000       1.1557
 279.000       0.6866
 280.000       1.0141
 281.000       0.7114
 282.000       0.6444
 283.000       0.9714
 284.000       0.7481
 285.000       0.6965
 286.000       0.8722
 287.000       0.9803
 288.000       1.4693
 289.000       1.1411
 290.000       1.2371
 291.000       1.1991
 292.000       1.2737
 293.000       1.0350
 294.000       1.5372
 295.000       2.0402
 296.000       0.9707
 297.000       0.6974
 298.000       0.7787
 299.000       1.1513
 300.000       0.7074
 301.000       0.6761
 302.000       1.0906
 303.000       0.6985
 304.000       0.6566
 305.000       0.9916
 306.000       0.7194
 307.000       0.6675
 308.000       0.6123
 309.000       0.8104
 310.000       0.9540
 311.000       0.7372
 312.000       0.6518
 313.000       1.0424
 314.000       0.7715
 315.000       0.7676
 316.000       0.9954
 317.000       0.7190
 318.000       1.0040
 319.000       1.1008
 320.000       0.7456
 321.000       0.9052
 322.000       1.2811
 323.000       0.9679
 324.000       1.2433
 325.000       1.5136
 326.000       1.3550
 327.000       1.0717
 328.000       1.3493
 329.000       1.6777
 330.000       1.1816
 331.000       1.2186
 332.000       2.2168
 333.000       1.1932
 334.000       0.9724
 335.000       1.2760
 336.000       1.8522
 337.000       1.1807
 338.000       1.1467
 339.000       0.8698
 340.000       1.1161
 341.000       0.9554
 342.000       0.9488
 343.000       0.8878
 344.000       0.8412
 345.000       0.6817
 346.000       0.8022
 347.000       1.0743
 348.000       0.8725
 349.000       0.7997
 350.000       0.8693
 351.000       1.3077
 352.000       0.9295
 353.000       0.8836
 354.000       1.0063
 355.000       0.6797
 356.000       0.7025
 357.000       0.9936
 358.000       0.7377
 359.000       0.7206
 360.000       0.9372
 361.000       0.8680
 362.000       0.6563
 363.000       0.6392
 364.000       0.9746
 365.000       0.7902
 366.000       0.9936
 367.000       0.6658
 368.000       0.8004
 369.000       0.9565
 370.000       0.6293
 371.000       0.8873
 372.000       0.5798
 373.000       0.7974
 374.000       0.5924
 375.000       0.9932
 376.000       0.8223
 377.000       1.0607
 378.000       0.8141
 379.000       0.8795
 380.000       0.6176
 381.000       0.9265
 382.000       0.7119
 383.000       0.8645
 384.000       0.6928
 385.000       0.7621
 386.000       0.7832
 387.000       1.0634
 388.000       0.9250
 389.000       0.9659
 390.000       0.9358
 391.000       1.5760
 392.000       1.9555
 393.000       2.0488
 394.000       0.9913
 395.000       1.2747
 396.000       1.5574
 397.000       1.1909
 398.000       1.2020
 399.000       1.0204
 400.000       1.4330
 401.000       0.8063
 402.000       0.6855
 403.000       0.8969
 404.000       0.6947
 405.000       0.8011
 406.000       0.6949
 407.000       0.8309
 408.000       0.7999
 409.000       0.6726
 410.000       1.0253
 411.000       1.1647
 412.000       1.0902
 413.000       0.7053
 414.000       0.9888
 415.000       0.8992
 416.000       0.9817
 417.000       0.9538
 418.000       0.8668
 419.000       1.4539
 420.000       0.9481
 421.000       0.8462
 422.000       1.2062
 423.000       0.9667
 424.000       0.8986
 425.000       1.0290
 426.000       1.2720
 427.000       1.1070
 428.000       1.0234
 429.000       1.0320
 430.000       1.2790
 431.000       0.9123
 432.000       0.8649
 433.000       1.0704
 434.000       1.1309
 435.000       1.2622
 436.000       0.9167
 437.000       1.0668
 438.000       0.9380
 439.000       0.8147
 440.000       1.0008
 441.000       0.8043
 442.000       0.9031
 443.000       0.8063
 444.000       1.0837
 445.000       0.7783
 446.000       0.8444
 447.000       0.7334
 448.000       0.9612
 449.000       0.9535
 450.000       1.1811
 451.000       0.9908
 452.000       1.0309
 453.000       0.8311
 454.000       1.7415
 455.000       2.3346
 456.000       1.1509
 457.000       0.9817
 458.000       2.0351
 459.000       1.5045
 460.000       1.0222
 461.000       1.0720
 462.000       1.2395
 463.000       1.7967
 464.000       1.1680
 465.000       1.3484
 466.000       1.2013
 467.000       1.7135
 468.000       1.1894
 469.000       1.1634
 470.000       1.0900
 471.000       1.3545
 472.000       1.3951
 473.000       1.2607
 474.000       1.2732
 475.000       1.1503
 476.000       0.7193
 477.000       0.8128
 478.000       1.3057
 479.000       1.6387
 480.000       0.8734
 481.000       0.9275
 482.000       0.8278
 483.000       0.7927
 484.000       0.8767
 485.000       0.8829
 486.000       1.7724
 487.000       1.0379
 488.000       0.7476
 489.000       0.8973
 490.000       0.8898
 491.000       1.1209
 492.000       0.8576
 493.000       1.0336
 494.000       1.2002
 495.000       1.2551
 496.000       1.0086
 497.000       1.8353
 498.000       1.2284
 499.000       1.2026
 500.000       1.2299
 501.000       1.5672
 502.000       1.8975
 503.000       2.5790
 504.000       1.9115
 505.000       1.7346
 506.000       1.2656
 507.000       1.2851
 508.000       1.3522
 509.000       1.4181
 510.000       1.2081
 511.000       1.2968
 512.000       1.3058
 513.000       1.3462
 514.000       1.1140
 515.000       1.5711
 516.000       1.5407
 517.000       1.2667
 518.000       1.2738
 519.000       1.8949
 520.000       1.2603
 521.000       1.3631
 522.000       1.2459
 523.000       1.2039
 524.000       0.7757
 525.000       0.9949
 526.000       0.9460
 527.000       1.3037
 528.000       0.9586
 529.000       1.0860
 530.000       1.8452
 531.000       1.4883
 532.000       1.2983
 533.000       1.8409
 534.000       1.9927
 535.000       2.2219
 536.000       2.3250
 537.000       2.9952
 538.000       3.5055
 539.000       4.6260
 540.000       4.1528
 541.000       3.3592
 542.000       3.9398
 543.000       3.9708
 544.000       2.9723
 545.000       2.8292
 546.000       3.6114
 547.000       2.7906
 548.000       2.1727
 549.000       3.1484
 550.000       4.0690
 551.000       4.6049
 552.000       5.0388
 553.000       7.5830
 554.000      51.5530
 555.000       0.5714
 556.000       0.7781
 557.000      51.0169
 558.000      51.3582
 559.000      50.6015
 560.000      49.5945
 561.000      51.4792
 562.000      52.2949
 563.000      52.5194
 564.000      51.1243
 565.000      51.0531
 566.000      51.8243
 567.000      51.7496
 568.000      52.3692
 569.000      52.3673
 570.000      50.4630
 571.000      51.6357
 572.000      52.0248
 573.000      51.5316
 574.000      52.0161
 575.000      52.6864
 576.000      52.5959
 577.000      51.3399
 578.000      51.1538
 579.000      50.5387
 580.000      50.9688
 581.000      51.5957
 582.000      51.4964
 583.000      51.6884
 584.000      51.6280
 585.000      51.8750
 586.000      52.3727
 587.000      52.9684
 588.000      51.1736
 589.000      52.4722
 590.000      50.5502
 591.000      51.2679
 592.000      51.2563
 593.000      52.5131
 594.000      51.9987
 595.000      51.9553
 596.000      52.3016
 597.000      51.6679
 598.000      51.9217
 599.000       0.7481
 600.000      52.5351
 601.000      52.5357
 602.000      52.9854
 603.000      52.5443
 604.000      52.7917
 605.000      52.4352
 606.000      52.3083
 607.000      52.5239
 608.000      53.3038
 609.000      52.5942
 610.000      53.0677
 611.000      51.6973
 612.000      53.0655
 613.000      52.9885
 614.000      53.2459
 615.000      52.4493
 616.000      52.6314
 617.000      53.3210
 618.000      53.2443
 619.000      52.9595
 620.000      52.9248
 621.000      52.4918
 622.000      52.0338
 623.000      52.5712
 624.000      52.9379
 625.000      52.2830
 626.000      52.7656
 627.000      53.1838
 628.000      53.1006
 629.000      53.1907
 630.000      53.0959
 631.000      52.7331
 632.000      52.9976
 633.000      51.4093
 634.000      52.3857
 635.000      52.7133
 636.000      52.3898
 637.000      52.5930
 638.000      51.9150
 639.000      52.6570
 640.000      53.0178
 641.000      52.6930
 642.000      52.6799
 643.000      53.2653
 644.000      52.7891
 645.000      52.9469
