#Res        AtomicFlx
   1.000       4.7745
   2.000       2.4579
   3.000       0.9471
   4.000       1.4922
   5.000       1.0458
   6.000       0.7794
   7.000       1.0970
   8.000       1.5133
   9.000       1.4455
  10.000       1.3104
  11.000       0.9867
  12.000       0.6999
  13.000       1.1374
  14.000       0.8642
  15.000       0.6113
  16.000       0.9172
  17.000       0.9547
  18.000       0.6062
  19.000       0.5837
  20.000       0.6847
  21.000       0.8775
  22.000       0.8321
  23.000       0.9110
  24.000       0.7944
  25.000       0.9529
  26.000       1.1646
  27.000       1.0972
  28.000       1.4449
  29.000       0.6892
  30.000       0.8469
  31.000       1.4854
  32.000       1.0108
  33.000       1.0535
  34.000       2.0495
  35.000       1.7674
  36.000       0.9929
  37.000       1.1617
  38.000       0.9433
  39.000       0.9492
  40.000       1.0751
  41.000       0.8523
  42.000       1.1085
  43.000       1.0175
  44.000       0.8927
  45.000       0.7888
  46.000       1.3112
  47.000       1.2918
  48.000       1.7323
  49.000       0.9439
  50.000       1.1695
  51.000       1.4135
  52.000       0.8088
  53.000       0.6055
  54.000       0.6993
  55.000       0.6098
  56.000       0.6916
  57.000       0.6285
  58.000       0.7135
  59.000       0.7373
  60.000       0.5686
  61.000       0.7455
  62.000       0.5814
  63.000       0.6409
  64.000       0.5064
  65.000       0.7164
  66.000       0.6845
  67.000       0.6847
  68.000       1.2550
  69.000       0.7868
  70.000       0.5316
  71.000       0.6735
  72.000       0.7634
  73.000       0.5944
  74.000       0.8053
  75.000       0.8267
  76.000       1.4632
  77.000       1.5584
  78.000       1.1677
  79.000       0.9411
  80.000       1.0426
  81.000       0.8024
  82.000       0.9342
  83.000       0.5919
  84.000       0.7482
  85.000       0.6931
  86.000       1.0686
  87.000       0.8341
  88.000       1.0035
  89.000       0.8150
  90.000       1.1225
  91.000       1.2247
  92.000       0.7675
  93.000       1.0548
  94.000       1.2184
  95.000       0.9484
  96.000       1.0242
  97.000       1.6181
  98.000       1.4245
  99.000       1.2739
 100.000       0.8692
 101.000       0.8893
 102.000       1.0001
 103.000       0.8963
 104.000       0.6973
 105.000       0.7065
 106.000       0.7260
 107.000       1.0810
 108.000       0.8933
 109.000       1.0123
 110.000       0.8331
 111.000       1.2094
 112.000       0.9394
 113.000       0.8406
 114.000       1.4216
 115.000       1.2332
 116.000       1.6309
 117.000       1.8029
 118.000       1.1218
 119.000       1.0426
 120.000       0.9470
 121.000       1.4299
 122.000       1.6412
 123.000       1.4452
 124.000       2.2956
 125.000       1.5632
 126.000       1.7627
 127.000       1.6627
 128.000       1.4595
 129.000       2.4406
 130.000       3.1275
 131.000       4.5644
 132.000       2.6896
 133.000       3.1751
 134.000       3.8931
 135.000       3.8450
 136.000       5.6425
 137.000       6.2382
 138.000       7.4499
 139.000       9.2899
 140.000      10.4064
 141.000      11.7214
 142.000      12.6031
 143.000      14.0043
 144.000      12.3307
 145.000      10.9995
 146.000       9.4136
 147.000       8.6493
 148.000       7.7105
 149.000       6.9337
 150.000       4.5988
 151.000       5.8006
 152.000       3.3193
 153.000       2.4486
 154.000       1.3993
 155.000       1.1077
 156.000       0.9260
 157.000       0.9161
 158.000       1.2332
 159.000       0.9260
 160.000       0.8002
 161.000       1.3043
 162.000       1.8053
 163.000       0.9980
 164.000       0.9073
 165.000       0.9039
 166.000       1.5221
 167.000       1.2302
 168.000       2.4557
 169.000       2.8533
 170.000       2.6464
 171.000       2.5574
 172.000       1.5134
 173.000       1.6788
 174.000       1.8708
 175.000       1.6440
 176.000       1.2996
 177.000       1.0468
 178.000       1.2359
 179.000       1.0160
 180.000       1.3593
 181.000       2.2752
 182.000       1.6134
 183.000       1.1268
 184.000       0.8552
 185.000       0.8804
 186.000       0.8078
 187.000       1.0912
 188.000       0.9758
 189.000       1.3336
 190.000       0.9495
 191.000       0.9981
 192.000       0.9845
 193.000       1.3139
 194.000       1.1750
 195.000       1.1249
 196.000       1.7932
 197.000       1.2949
 198.000       1.2011
 199.000       1.3140
 200.000       1.5174
 201.000       0.9267
 202.000       1.1445
 203.000       1.5027
 204.000       1.0756
 205.000       1.0177
 206.000       0.9927
 207.000       1.5669
 208.000       1.0687
 209.000       1.0830
 210.000       1.6316
 211.000       1.5699
 212.000       1.2736
 213.000       1.3652
 214.000       1.5759
 215.000       1.5766
 216.000       0.8171
 217.000       1.1773
 218.000       0.9571
 219.000       0.8299
 220.000       1.0422
 221.000       0.8505
 222.000       0.8557
 223.000       0.9720
 224.000       1.1091
 225.000       1.2365
 226.000       0.9868
 227.000       0.9210
 228.000       1.3487
 229.000       1.1728
 230.000       1.1081
 231.000       1.1475
 232.000       1.0058
 233.000       1.0242
 234.000       1.3894
 235.000       1.2810
 236.000       0.8991
 237.000       1.1749
 238.000       1.7634
 239.000       1.0425
 240.000       0.8149
 241.000       1.1104
 242.000       1.1945
 243.000       1.3494
 244.000       1.5918
 245.000       2.2836
 246.000       2.4678
 247.000       1.8248
 248.000       1.6321
 249.000       2.2127
 250.000       1.7274
 251.000       1.4525
 252.000       1.3436
 253.000       1.1333
 254.000       1.6147
 255.000       1.3061
 256.000       0.9744
 257.000       0.9200
 258.000       1.0630
 259.000       1.0628
 260.000       1.1115
 261.000       1.1726
 262.000       0.8787
 263.000       1.8183
 264.000       1.0805
 265.000       0.8331
 266.000       0.5566
 267.000       0.9390
 268.000       0.7295
 269.000       0.8580
 270.000       0.5730
 271.000       0.7267
 272.000       0.8514
 273.000       0.5847
 274.000       0.5894
 275.000       0.7777
 276.000       0.5028
 277.000       0.5727
 278.000       1.0035
 279.000       0.9437
 280.000       1.5345
 281.000       1.0739
 282.000       1.0738
 283.000       1.3886
 284.000       1.1488
 285.000       1.1414
 286.000       1.0892
 287.000       2.1183
 288.000       1.0851
 289.000       0.7062
 290.000       0.8353
 291.000       0.9401
 292.000       0.9449
 293.000       0.6609
 294.000       0.7665
 295.000       0.8742
 296.000       0.7754
 297.000       0.8065
 298.000       1.0916
 299.000       0.6972
 300.000       0.7650
 301.000       1.1177
 302.000       0.7395
 303.000       0.6868
 304.000       0.7587
 305.000       1.3385
 306.000       0.9807
 307.000       0.8217
 308.000       0.9212
 309.000       0.9693
 310.000       1.1900
 311.000       1.0886
 312.000       0.9066
 313.000       1.0503
 314.000       1.1351
 315.000       1.0536
 316.000       1.7576
 317.000       1.6607
 318.000       1.3953
 319.000       1.3673
 320.000       1.4000
 321.000       1.2299
 322.000       1.4358
 323.000       1.1906
 324.000       1.4619
 325.000       1.4207
 326.000       1.3373
 327.000       1.5375
 328.000       1.4376
 329.000       1.1329
 330.000       0.9568
 331.000       0.8453
 332.000       1.1061
 333.000       1.0681
 334.000       0.8184
 335.000       0.9024
 336.000       0.9526
 337.000       1.2613
 338.000       0.8998
 339.000       1.1767
 340.000       0.9811
 341.000       1.2325
 342.000       1.1780
 343.000       1.2900
 344.000       1.1053
 345.000       1.1759
 346.000       1.2260
 347.000       0.9444
 348.000       1.0262
 349.000       0.9601
 350.000       0.8685
 351.000       0.8137
 352.000       0.8583
 353.000       1.0284
 354.000       1.0692
 355.000       0.7386
 356.000       0.9615
 357.000       0.8846
 358.000       0.8921
 359.000       0.9614
 360.000       0.7817
 361.000       0.8573
 362.000       0.6455
 363.000       0.8383
 364.000       0.5787
 365.000       0.6816
 366.000       0.6959
 367.000       1.3071
 368.000       0.5808
 369.000       0.5770
 370.000       0.8934
 371.000       1.1773
 372.000       0.5872
 373.000       0.6579
 374.000       0.8071
 375.000       0.7049
 376.000       0.5846
 377.000       0.8011
 378.000       0.9043
 379.000       0.9338
 380.000       0.9571
 381.000       1.1253
 382.000       1.7115
 383.000       1.5926
 384.000       1.1887
 385.000       1.4673
 386.000       2.3918
 387.000       1.6381
 388.000       1.9148
 389.000       1.6059
 390.000       1.5923
 391.000       0.9338
 392.000       0.9852
 393.000       1.1657
 394.000       1.6408
 395.000       0.9286
 396.000       0.9076
 397.000       1.2990
 398.000       0.8869
 399.000       0.9749
 400.000       0.8439
 401.000       1.3237
 402.000       1.2075
 403.000       0.9044
 404.000       1.2213
 405.000       1.5770
 406.000       0.9430
 407.000       0.8606
 408.000       0.8457
 409.000       0.9625
 410.000       0.8067
 411.000       0.7438
 412.000       0.8624
 413.000       0.9358
 414.000       0.9305
 415.000       1.0555
 416.000       0.9231
 417.000       1.3202
 418.000       1.1678
 419.000       1.0667
 420.000       1.3284
 421.000       1.2566
 422.000       1.3287
 423.000       1.4738
 424.000       1.1332
 425.000       1.3770
 426.000       1.0236
 427.000       1.3902
 428.000       0.8998
 429.000       1.5469
 430.000       0.6804
 431.000       0.9858
 432.000       0.7733
 433.000       1.1879
 434.000       0.7209
 435.000       0.7012
 436.000       1.0139
 437.000       0.6550
 438.000       1.0010
 439.000       0.7857
 440.000       1.9813
 441.000       0.9629
 442.000       1.1880
 443.000       0.7534
 444.000       0.8492
 445.000       0.7326
 446.000       1.2289
 447.000       0.6430
 448.000       0.8379
 449.000       0.9751
 450.000       0.7348
 451.000       0.8440
 452.000       1.0560
 453.000       1.4634
 454.000       0.9702
 455.000       1.0496
 456.000       0.9882
 457.000       1.7924
 458.000       1.9193
 459.000       1.0448
 460.000       1.3055
 461.000       1.2627
 462.000       1.2738
 463.000       0.9980
 464.000       1.0123
 465.000       1.3315
 466.000       0.7851
 467.000       0.6415
 468.000       1.5644
 469.000       1.3397
 470.000       0.9459
 471.000       0.9822
 472.000       0.9068
 473.000       0.9940
 474.000       1.5014
 475.000       0.9936
 476.000       1.0659
 477.000       1.2228
 478.000       0.9025
 479.000       0.9403
 480.000       1.0014
 481.000       1.0052
 482.000       1.0423
 483.000       1.3280
 484.000       1.2934
 485.000       1.3609
 486.000       1.6798
 487.000       2.8906
 488.000       1.5799
 489.000       1.2548
 490.000       1.7587
 491.000       1.3984
 492.000       1.4918
 493.000       1.6986
 494.000       1.8173
 495.000       1.7553
 496.000       1.4320
 497.000       1.2749
 498.000       1.5287
 499.000       1.3569
 500.000       1.0499
 501.000       1.3996
 502.000       1.2042
 503.000       1.2784
 504.000       0.9076
 505.000       1.4668
 506.000       1.2058
 507.000       1.3336
 508.000       1.1547
 509.000       1.2944
 510.000       1.5116
 511.000       1.7670
 512.000       1.9542
 513.000       1.3124
 514.000       1.3705
 515.000       0.8922
 516.000       1.0247
 517.000       1.4139
 518.000       1.2958
 519.000       1.0596
 520.000       1.1955
 521.000       1.7753
 522.000       1.4045
 523.000       1.7759
 524.000       1.7973
 525.000       1.7800
 526.000       1.7022
 527.000       2.0167
 528.000       2.2307
 529.000       2.3901
 530.000       2.4978
 531.000       3.0595
 532.000       2.2408
 533.000       1.8533
 534.000       1.9809
 535.000       1.7974
 536.000       2.1307
 537.000       1.4417
 538.000       1.9781
 539.000       1.5624
 540.000       1.8341
 541.000       2.8946
 542.000       4.5323
 543.000       5.2434
 544.000       7.3087
 545.000       1.4722
 546.000       0.5767
 547.000      47.7127
 548.000      50.5191
 549.000      52.2363
 550.000      51.7780
 551.000      52.2756
 552.000      50.9816
 553.000      51.6616
 554.000      52.4168
 555.000      50.7827
 556.000      51.8339
 557.000      51.3825
 558.000      51.7026
 559.000      52.1743
 560.000      29.4218
 561.000      51.2387
 562.000      50.9432
 563.000      52.4680
 564.000      51.2503
 565.000      51.5032
 566.000      50.3204
 567.000      52.3219
 568.000      52.6731
 569.000      52.4608
 570.000      51.9042
 571.000      50.8788
 572.000      51.8813
 573.000      51.5427
 574.000      51.6735
 575.000      52.3308
 576.000      52.2102
 577.000      51.0745
 578.000      50.1597
 579.000      51.1591
 580.000      53.1720
 581.000      51.8852
 582.000      50.8939
 583.000      53.4463
 584.000      52.5531
 585.000      50.4967
 586.000      51.7969
 587.000      51.5619
 588.000      51.9605
 589.000      51.8063
 590.000      51.7455
 591.000      51.1208
 592.000      51.7276
 593.000      51.5051
 594.000      51.1128
 595.000      50.2428
 596.000      53.4801
 597.000      53.0239
 598.000      53.3996
 599.000      53.0715
 600.000      53.0776
 601.000      53.8480
 602.000      53.4887
 603.000      53.0543
 604.000      53.3743
 605.000      53.0421
 606.000      52.9502
 607.000      53.9686
 608.000      53.2241
 609.000      53.1401
 610.000      53.6950
 611.000      53.5070
 612.000      53.0160
 613.000      53.4819
 614.000      53.5734
 615.000      53.3528
 616.000      53.4283
 617.000      53.6689
 618.000      53.3966
 619.000      52.8381
 620.000      53.0370
 621.000      53.1572
 622.000      53.0021
 623.000      53.8657
 624.000      53.7001
 625.000      53.5597
 626.000      53.0147
 627.000      53.2407
 628.000      53.1587
 629.000      53.6364
 630.000      53.2387
 631.000      54.1352
 632.000      53.1540
 633.000      52.9986
 634.000      53.1536
 635.000      53.1304
 636.000      53.9017
 637.000      53.5647
 638.000      53.5249
 639.000      53.2366
 640.000      53.3289
