#Res        AtomicFlx
   1.000       7.9577
   2.000       5.5682
   3.000       4.1747
   4.000       2.6254
   5.000       1.4317
   6.000       1.0513
   7.000       1.6218
   8.000       1.6636
   9.000       1.2643
  10.000       1.2083
  11.000       0.9791
  12.000       0.6990
  13.000       0.8413
  14.000       0.8437
  15.000       0.6514
  16.000       0.6732
  17.000       0.9378
  18.000       0.5799
  19.000       0.6411
  20.000       0.6514
  21.000       0.6995
  22.000       0.8559
  23.000       0.8585
  24.000       0.9196
  25.000       1.1269
  26.000       1.0656
  27.000       0.9307
  28.000       1.7836
  29.000       0.7639
  30.000       0.8912
  31.000       1.8206
  32.000       1.1303
  33.000       1.0865
  34.000       2.3199
  35.000       1.7882
  36.000       0.9939
  37.000       1.2902
  38.000       1.0496
  39.000       1.0516
  40.000       1.1201
  41.000       0.8706
  42.000       1.2043
  43.000       1.0119
  44.000       0.8114
  45.000       0.7694
  46.000       1.2056
  47.000       1.1228
  48.000       0.9377
  49.000       0.8733
  50.000       1.1906
  51.000       1.3593
  52.000       0.8003
  53.000       0.6326
  54.000       0.8016
  55.000       0.6471
  56.000       0.9939
  57.000       0.6109
  58.000       0.8348
  59.000       0.8762
  60.000       0.6661
  61.000       0.6460
  62.000       0.6042
  63.000       0.9500
  64.000       0.4995
  65.000       0.6058
  66.000       0.9436
  67.000       0.5886
  68.000       0.6688
  69.000       0.7857
  70.000       0.5751
  71.000       0.6850
  72.000       0.7825
  73.000       0.7066
  74.000       0.7783
  75.000       0.8456
  76.000       1.7116
  77.000       1.9958
  78.000       1.1562
  79.000       0.9215
  80.000       1.0887
  81.000       1.0057
  82.000       1.0465
  83.000       0.5794
  84.000       0.7051
  85.000       0.5487
  86.000       0.9310
  87.000       0.6311
  88.000       0.6593
  89.000       0.7685
  90.000       0.9573
  91.000       0.8185
  92.000       0.6126
  93.000       0.9049
  94.000       1.1033
  95.000       0.7638
  96.000       0.6400
  97.000       1.2505
  98.000       0.9380
  99.000       0.5975
 100.000       0.8083
 101.000       0.8394
 102.000       0.6903
 103.000       0.7163
 104.000       0.6111
 105.000       0.6477
 106.000       0.6269
 107.000       0.8938
 108.000       0.8539
 109.000       0.7604
 110.000       0.7156
 111.000       1.0519
 112.000       0.7194
 113.000       0.7451
 114.000       1.2978
 115.000       1.1735
 116.000       1.7138
 117.000       1.7939
 118.000       1.0343
 119.000       0.9532
 120.000       0.9108
 121.000       1.4672
 122.000       1.6845
 123.000       1.4719
 124.000       2.8284
 125.000       1.6139
 126.000       1.7315
 127.000       1.6234
 128.000       1.2055
 129.000       2.0478
 130.000       2.6981
 131.000       3.3601
 132.000       2.2194
 133.000       2.9820
 134.000       4.3060
 135.000       5.0132
 136.000       4.7438
 137.000       4.2108
 138.000       3.9207
 139.000       4.0077
 140.000       3.4832
 141.000       2.9447
 142.000       3.4149
 143.000       4.5856
 144.000       6.9205
 145.000       7.8394
 146.000       6.9859
 147.000       7.7079
 148.000       6.8452
 149.000       6.0496
 150.000       4.5163
 151.000       4.2959
 152.000       2.0395
 153.000       1.5440
 154.000       1.0746
 155.000       0.8169
 156.000       0.7501
 157.000       0.7444
 158.000       0.9263
 159.000       0.8153
 160.000       0.7192
 161.000       1.0476
 162.000       1.5506
 163.000       0.8810
 164.000       0.9309
 165.000       0.9381
 166.000       1.0853
 167.000       1.1766
 168.000       2.2945
 169.000       3.3173
 170.000       2.7638
 171.000       3.5536
 172.000       1.9964
 173.000       1.8540
 174.000       1.9534
 175.000       1.5748
 176.000       1.0815
 177.000       0.8774
 178.000       1.0538
 179.000       0.8784
 180.000       1.0926
 181.000       2.2941
 182.000       1.5707
 183.000       1.1231
 184.000       0.7468
 185.000       0.7396
 186.000       0.6875
 187.000       0.8968
 188.000       0.8132
 189.000       1.1012
 190.000       0.8144
 191.000       0.8188
 192.000       0.8874
 193.000       1.1124
 194.000       1.1291
 195.000       1.1622
 196.000       1.4249
 197.000       1.1444
 198.000       1.1333
 199.000       1.1877
 200.000       1.3834
 201.000       1.1418
 202.000       1.4648
 203.000       1.7478
 204.000       1.3281
 205.000       1.1119
 206.000       1.0516
 207.000       1.7168
 208.000       1.2333
 209.000       1.1060
 210.000       1.3567
 211.000       1.3750
 212.000       1.1609
 213.000       1.2913
 214.000       1.2791
 215.000       1.9099
 216.000       0.8443
 217.000       1.0920
 218.000       0.8663
 219.000       0.7463
 220.000       0.9145
 221.000       0.7496
 222.000       0.6876
 223.000       0.8901
 224.000       0.9833
 225.000       1.1922
 226.000       0.7769
 227.000       0.7308
 228.000       0.9484
 229.000       0.9488
 230.000       0.9369
 231.000       0.9593
 232.000       0.7838
 233.000       0.8144
 234.000       1.1689
 235.000       1.0638
 236.000       0.7521
 237.000       1.2485
 238.000       1.5262
 239.000       0.9441
 240.000       0.7726
 241.000       1.1411
 242.000       1.1204
 243.000       1.3356
 244.000       1.6502
 245.000       2.3208
 246.000       2.7763
 247.000       1.7649
 248.000       1.5364
 249.000       1.5198
 250.000       1.6278
 251.000       1.1856
 252.000       1.2002
 253.000       1.0336
 254.000       1.0272
 255.000       1.2450
 256.000       0.9829
 257.000       0.7474
 258.000       0.7642
 259.000       0.9223
 260.000       0.8754
 261.000       0.7307
 262.000       0.9087
 263.000       1.0676
 264.000       0.8673
 265.000       0.8545
 266.000       0.6236
 267.000       0.9004
 268.000       0.5645
 269.000       0.6266
 270.000       0.5246
 271.000       0.5873
 272.000       0.6618
 273.000       0.5983
 274.000       0.5924
 275.000       0.9005
 276.000       0.5132
 277.000       0.7188
 278.000       1.3394
 279.000       0.8119
 280.000       1.4755
 281.000       1.1109
 282.000       1.0209
 283.000       1.4001
 284.000       1.5155
 285.000       1.5546
 286.000       2.0338
 287.000       1.9487
 288.000       1.2675
 289.000       0.7969
 290.000       0.9286
 291.000       0.9901
 292.000       0.6952
 293.000       0.7168
 294.000       0.6743
 295.000       0.8443
 296.000       0.6236
 297.000       0.8109
 298.000       1.0610
 299.000       0.7325
 300.000       0.7623
 301.000       1.0914
 302.000       0.6807
 303.000       0.7582
 304.000       0.6198
 305.000       1.1440
 306.000       0.7613
 307.000       0.7506
 308.000       0.7827
 309.000       0.7096
 310.000       0.9886
 311.000       1.0005
 312.000       0.6850
 313.000       0.8238
 314.000       0.9433
 315.000       0.8658
 316.000       1.6209
 317.000       1.4655
 318.000       1.2801
 319.000       1.3081
 320.000       1.3627
 321.000       1.1708
 322.000       1.3351
 323.000       1.2034
 324.000       1.4824
 325.000       1.3007
 326.000       1.2090
 327.000       1.5708
 328.000       1.8529
 329.000       1.1265
 330.000       0.9691
 331.000       0.8079
 332.000       1.1937
 333.000       1.3862
 334.000       1.0533
 335.000       0.7384
 336.000       1.0666
 337.000       1.1842
 338.000       0.9296
 339.000       1.0538
 340.000       0.8106
 341.000       1.2801
 342.000       1.1063
 343.000       1.1251
 344.000       0.9934
 345.000       0.9122
 346.000       1.0362
 347.000       0.6856
 348.000       0.8106
 349.000       0.7149
 350.000       0.6801
 351.000       0.6183
 352.000       0.6600
 353.000       0.8928
 354.000       0.6192
 355.000       0.6260
 356.000       0.9154
 357.000       0.8225
 358.000       0.8042
 359.000       1.0544
 360.000       0.8365
 361.000       1.1082
 362.000       0.5875
 363.000       0.8924
 364.000       0.5435
 365.000       0.5242
 366.000       0.5875
 367.000       1.2715
 368.000       0.5253
 369.000       0.5282
 370.000       0.8683
 371.000       0.9346
 372.000       0.5700
 373.000       0.6851
 374.000       0.8212
 375.000       0.8484
 376.000       0.6941
 377.000       0.8269
 378.000       1.1011
 379.000       1.5681
 380.000       1.0552
 381.000       1.4366
 382.000       2.1941
 383.000       2.4873
 384.000       1.4606
 385.000       1.9638
 386.000       2.4013
 387.000       1.3891
 388.000       1.5238
 389.000       1.4837
 390.000       1.4238
 391.000       0.8668
 392.000       0.9929
 393.000       1.2096
 394.000       1.7047
 395.000       0.9173
 396.000       1.0201
 397.000       1.2845
 398.000       0.8215
 399.000       0.8977
 400.000       1.0165
 401.000       1.1226
 402.000       1.0080
 403.000       0.7732
 404.000       1.1113
 405.000       1.2317
 406.000       0.8268
 407.000       0.9280
 408.000       0.7632
 409.000       0.9447
 410.000       0.7505
 411.000       0.6793
 412.000       0.8320
 413.000       1.0237
 414.000       0.7862
 415.000       0.6904
 416.000       0.7979
 417.000       1.0351
 418.000       0.8043
 419.000       0.8653
 420.000       1.2271
 421.000       0.7818
 422.000       0.8072
 423.000       0.8372
 424.000       0.7230
 425.000       0.9341
 426.000       0.7593
 427.000       1.0584
 428.000       0.7722
 429.000       1.0547
 430.000       0.6885
 431.000       0.8766
 432.000       0.7492
 433.000       1.1143
 434.000       0.8144
 435.000       0.7157
 436.000       0.9977
 437.000       0.7388
 438.000       0.9042
 439.000       0.9927
 440.000       1.2337
 441.000       1.4640
 442.000       1.6655
 443.000       1.2837
 444.000       1.4106
 445.000       0.8555
 446.000       1.5421
 447.000       1.1218
 448.000       0.8683
 449.000       1.4219
 450.000       1.4260
 451.000       1.1209
 452.000       1.9455
 453.000       2.2663
 454.000       1.6556
 455.000       1.1995
 456.000       1.4524
 457.000       2.1419
 458.000       2.7432
 459.000       1.7390
 460.000       1.3468
 461.000       1.7197
 462.000       2.1074
 463.000       1.2601
 464.000       1.5816
 465.000       1.7723
 466.000       1.1620
 467.000       0.9926
 468.000       1.6699
 469.000       1.6550
 470.000       1.0861
 471.000       0.9547
 472.000       0.9540
 473.000       1.1273
 474.000       0.8097
 475.000       0.7381
 476.000       1.0437
 477.000       1.4209
 478.000       0.8675
 479.000       0.8445
 480.000       0.9743
 481.000       1.0206
 482.000       1.0772
 483.000       1.3223
 484.000       1.4402
 485.000       1.4184
 486.000       1.5949
 487.000       2.7440
 488.000       1.3746
 489.000       1.2726
 490.000       1.9261
 491.000       1.4952
 492.000       1.7931
 493.000       2.0854
 494.000       1.5548
 495.000       1.5832
 496.000       1.3781
 497.000       1.2197
 498.000       1.6069
 499.000       1.3485
 500.000       1.0111
 501.000       1.2392
 502.000       1.0787
 503.000       1.2042
 504.000       0.7697
 505.000       1.1241
 506.000       1.0923
 507.000       1.0515
 508.000       0.9468
 509.000       1.2357
 510.000       1.0017
 511.000       0.9613
 512.000       0.9466
 513.000       0.8724
 514.000       1.0150
 515.000       0.7958
 516.000       0.7955
 517.000       1.2075
 518.000       1.0319
 519.000       0.8755
 520.000       1.0629
 521.000       1.4848
 522.000       1.1305
 523.000       1.5583
 524.000       1.4877
 525.000       1.5015
 526.000       1.4228
 527.000       1.8936
 528.000       2.0623
 529.000       2.1599
 530.000       2.4812
 531.000       2.9085
 532.000       2.0152
 533.000       1.5328
 534.000       1.9147
 535.000       1.5271
 536.000       1.7396
 537.000       1.1469
 538.000       1.7869
 539.000       1.4394
 540.000       1.9244
 541.000       2.4413
 542.000       3.8067
 543.000       5.7774
 544.000       8.4337
 545.000       0.7405
 546.000       0.5400
 547.000      49.1766
 548.000      52.2698
 549.000      51.3861
 550.000      51.4068
 551.000      50.5775
 552.000      51.7031
 553.000      51.2596
 554.000      48.4866
 555.000      51.0372
 556.000      50.9367
 557.000      52.9989
 558.000      49.4631
 559.000      50.8032
 560.000      50.5750
 561.000      50.9011
 562.000      51.8795
 563.000      52.9027
 564.000      51.7749
 565.000      52.2708
 566.000      17.1882
 567.000      51.7511
 568.000      51.1805
 569.000      51.5798
 570.000      50.1281
 571.000      52.0108
 572.000      50.6441
 573.000      51.0740
 574.000      51.6056
 575.000      49.7890
 576.000      51.6560
 577.000      50.8811
 578.000      52.2858
 579.000      50.7539
 580.000      49.3799
 581.000      50.5913
 582.000      51.0284
 583.000      50.4166
 584.000      50.2745
 585.000      51.5819
 586.000      50.4880
 587.000      52.2637
 588.000      49.8950
 589.000      50.2235
 590.000      50.9429
 591.000      49.7141
 592.000      50.6543
 593.000      50.8632
 594.000      52.5913
 595.000      49.3613
 596.000      53.7211
 597.000      53.5489
 598.000      53.3552
 599.000      53.0765
 600.000      53.9421
 601.000      53.1040
 602.000      52.9423
 603.000      53.7013
 604.000      53.4081
 605.000      53.1775
 606.000      53.7837
 607.000      53.4543
 608.000      53.5316
 609.000      52.5417
 610.000      53.0671
 611.000      53.3044
 612.000      53.2069
 613.000      53.5108
 614.000      53.2131
 615.000      52.9582
 616.000      53.4549
 617.000      53.4255
 618.000      53.2400
 619.000      53.4026
 620.000      52.8452
 621.000      53.2579
 622.000      53.3115
 623.000      53.4754
 624.000      52.9018
 625.000      53.3994
 626.000      53.2958
 627.000      53.2924
 628.000      53.4020
 629.000      53.3079
 630.000      52.7234
 631.000      52.7887
 632.000      53.0455
 633.000      53.1516
 634.000      53.6247
 635.000      53.5908
 636.000      54.1962
 637.000      53.2135
 638.000      53.3555
 639.000      53.0560
 640.000      53.4679
