#Res        AtomicFlx
   1.000       7.9562
   2.000       5.6734
   3.000       4.6156
   4.000       2.7336
   5.000       1.5966
   6.000       1.1884
   7.000       2.0291
   8.000       1.8061
   9.000       1.9224
  10.000       1.4140
  11.000       1.2873
  12.000       0.7701
  13.000       1.0340
  14.000       1.2403
  15.000       0.7631
  16.000       0.9420
  17.000       0.7463
  18.000       0.6263
  19.000       0.7163
  20.000       0.6615
  21.000       0.8373
  22.000       1.0730
  23.000       1.1104
  24.000       0.9199
  25.000       0.7051
  26.000       1.1612
  27.000       0.8534
  28.000       0.9795
  29.000       0.6823
  30.000       0.8237
  31.000       1.2613
  32.000       0.9792
  33.000       0.9779
  34.000       1.6411
  35.000       1.5878
  36.000       1.2084
  37.000       1.4236
  38.000       1.0888
  39.000       1.0132
  40.000       1.1560
  41.000       0.8880
  42.000       1.2511
  43.000       1.0338
  44.000       0.8935
  45.000       0.6861
  46.000       1.1887
  47.000       1.1256
  48.000       0.8218
  49.000       0.7691
  50.000       1.0882
  51.000       1.4278
  52.000       0.8860
  53.000       0.6824
  54.000       1.0551
  55.000       0.6721
  56.000       0.9442
  57.000       0.8781
  58.000       0.7618
  59.000       0.8626
  60.000       0.6908
  61.000       0.7185
  62.000       0.6412
  63.000       0.7469
  64.000       0.5155
  65.000       0.9068
  66.000       0.6904
  67.000       0.6259
  68.000       0.9235
  69.000       0.8503
  70.000       0.6075
  71.000       0.7415
  72.000       0.7155
  73.000       0.6151
  74.000       0.7082
  75.000       0.7805
  76.000       1.0745
  77.000       0.9159
  78.000       0.8385
  79.000       0.8151
  80.000       0.9123
  81.000       0.8666
  82.000       0.8489
  83.000       0.5697
  84.000       0.7216
  85.000       0.6233
  86.000       0.9401
  87.000       0.8290
  88.000       0.9611
  89.000       0.8058
  90.000       1.0805
  91.000       1.0193
  92.000       0.6219
  93.000       1.1480
  94.000       1.1983
  95.000       0.9070
  96.000       0.7794
  97.000       1.6963
  98.000       1.1971
  99.000       1.3617
 100.000       1.0337
 101.000       0.8752
 102.000       1.0290
 103.000       0.9296
 104.000       0.8014
 105.000       0.9541
 106.000       0.8878
 107.000       0.9830
 108.000       0.9674
 109.000       1.1453
 110.000       0.9522
 111.000       1.2456
 112.000       1.0058
 113.000       0.9305
 114.000       1.4446
 115.000       1.1951
 116.000       1.6948
 117.000       1.8723
 118.000       1.1420
 119.000       1.1123
 120.000       1.0718
 121.000       1.6723
 122.000       2.4364
 123.000       1.7048
 124.000       2.5299
 125.000       1.7173
 126.000       1.8352
 127.000       1.8064
 128.000       1.4712
 129.000       2.2539
 130.000       2.7958
 131.000       3.2507
 132.000       2.3096
 133.000       3.1608
 134.000       4.6178
 135.000       5.0679
 136.000       5.7903
 137.000       7.3887
 138.000       8.3252
 139.000       9.7153
 140.000      11.1957
 141.000      12.1306
 142.000      11.9964
 143.000      12.9489
 144.000      10.6612
 145.000       9.8448
 146.000       9.1259
 147.000       9.2373
 148.000       7.0432
 149.000       7.3053
 150.000       5.5787
 151.000       5.4014
 152.000       3.4069
 153.000       2.7904
 154.000       1.6911
 155.000       1.1178
 156.000       0.9312
 157.000       0.9497
 158.000       1.2106
 159.000       0.9382
 160.000       0.9111
 161.000       1.3193
 162.000       1.6021
 163.000       1.0939
 164.000       1.0200
 165.000       1.0334
 166.000       1.4969
 167.000       1.3844
 168.000       2.1428
 169.000       1.9079
 170.000       1.6240
 171.000       2.3175
 172.000       1.1225
 173.000       1.2088
 174.000       1.5621
 175.000       1.5453
 176.000       1.1009
 177.000       0.9413
 178.000       1.0994
 179.000       0.8946
 180.000       1.2048
 181.000       2.4813
 182.000       1.5810
 183.000       1.1458
 184.000       0.8030
 185.000       0.8668
 186.000       0.8346
 187.000       0.8291
 188.000       0.9664
 189.000       1.2193
 190.000       0.8650
 191.000       1.2166
 192.000       0.9478
 193.000       1.2454
 194.000       0.9109
 195.000       1.2015
 196.000       1.5316
 197.000       1.0309
 198.000       0.9816
 199.000       1.6699
 200.000       1.9817
 201.000       1.5298
 202.000       2.7063
 203.000       3.2855
 204.000       3.3591
 205.000       2.8796
 206.000       2.5402
 207.000       2.5816
 208.000       1.8197
 209.000       2.1984
 210.000       1.9127
 211.000       1.5214
 212.000       1.7103
 213.000       1.3782
 214.000       1.0497
 215.000       1.4902
 216.000       0.8587
 217.000       1.2171
 218.000       0.9259
 219.000       0.8278
 220.000       1.0082
 221.000       0.8568
 222.000       0.7961
 223.000       0.9858
 224.000       1.0770
 225.000       1.2333
 226.000       0.9079
 227.000       0.8136
 228.000       1.1813
 229.000       1.0076
 230.000       1.0381
 231.000       1.1325
 232.000       0.9550
 233.000       0.9238
 234.000       1.2185
 235.000       1.1927
 236.000       0.8603
 237.000       1.1777
 238.000       1.7928
 239.000       1.0960
 240.000       0.8764
 241.000       1.2137
 242.000       1.3700
 243.000       1.5648
 244.000       2.0159
 245.000       2.8485
 246.000       3.4959
 247.000       2.2208
 248.000       1.6943
 249.000       1.9539
 250.000       2.1321
 251.000       1.5834
 252.000       1.5888
 253.000       1.4897
 254.000       1.6627
 255.000       1.4898
 256.000       1.0949
 257.000       0.9119
 258.000       0.9493
 259.000       1.1402
 260.000       0.8332
 261.000       0.8874
 262.000       1.1132
 263.000       1.1527
 264.000       1.0997
 265.000       1.3284
 266.000       0.6831
 267.000       0.7473
 268.000       0.6493
 269.000       0.6672
 270.000       0.5513
 271.000       0.6292
 272.000       0.6290
 273.000       0.6462
 274.000       0.5855
 275.000       0.8872
 276.000       0.5217
 277.000       0.6315
 278.000       1.5490
 279.000       0.8299
 280.000       1.5821
 281.000       1.1833
 282.000       1.2378
 283.000       1.4516
 284.000       1.2684
 285.000       1.1941
 286.000       1.0447
 287.000       1.9715
 288.000       0.9223
 289.000       0.7110
 290.000       0.8700
 291.000       0.8087
 292.000       0.6585
 293.000       0.8593
 294.000       0.7014
 295.000       0.8945
 296.000       0.7162
 297.000       0.8117
 298.000       1.0145
 299.000       0.7460
 300.000       0.6184
 301.000       0.9458
 302.000       0.7748
 303.000       0.7028
 304.000       0.6912
 305.000       1.2847
 306.000       0.9703
 307.000       0.8162
 308.000       0.8487
 309.000       0.8207
 310.000       1.1345
 311.000       0.9650
 312.000       0.8523
 313.000       1.0234
 314.000       1.2629
 315.000       1.0613
 316.000       1.6051
 317.000       1.8902
 318.000       1.3587
 319.000       1.3785
 320.000       1.4875
 321.000       1.2417
 322.000       1.4288
 323.000       1.3057
 324.000       1.4806
 325.000       1.4837
 326.000       1.3218
 327.000       1.4812
 328.000       1.5370
 329.000       1.1108
 330.000       1.0585
 331.000       0.9564
 332.000       1.2586
 333.000       1.3538
 334.000       0.9859
 335.000       0.9953
 336.000       1.1368
 337.000       1.6898
 338.000       1.0077
 339.000       1.3099
 340.000       1.1220
 341.000       1.5015
 342.000       1.3809
 343.000       1.5216
 344.000       1.3070
 345.000       1.2744
 346.000       1.3405
 347.000       1.0394
 348.000       1.1270
 349.000       1.0238
 350.000       0.9288
 351.000       0.9427
 352.000       0.9930
 353.000       1.2237
 354.000       1.3441
 355.000       0.9653
 356.000       1.1668
 357.000       1.0908
 358.000       1.2662
 359.000       1.0465
 360.000       0.9779
 361.000       1.0612
 362.000       0.6937
 363.000       0.8846
 364.000       0.7280
 365.000       0.7928
 366.000       0.7607
 367.000       1.3903
 368.000       0.7080
 369.000       0.7010
 370.000       0.8785
 371.000       0.9869
 372.000       0.9490
 373.000       0.9734
 374.000       0.8980
 375.000       1.0023
 376.000       0.7303
 377.000       0.7873
 378.000       0.8434
 379.000       1.0084
 380.000       0.8862
 381.000       1.0613
 382.000       1.6507
 383.000       1.2644
 384.000       0.9316
 385.000       1.2480
 386.000       1.7964
 387.000       1.1940
 388.000       1.7109
 389.000       1.3877
 390.000       1.3702
 391.000       0.8556
 392.000       0.8805
 393.000       1.2074
 394.000       1.7772
 395.000       0.8963
 396.000       0.9215
 397.000       1.3070
 398.000       0.9280
 399.000       0.9320
 400.000       1.0600
 401.000       1.3198
 402.000       1.5241
 403.000       0.7875
 404.000       1.0311
 405.000       1.3255
 406.000       0.8179
 407.000       0.8677
 408.000       0.8300
 409.000       0.9575
 410.000       0.8093
 411.000       0.7295
 412.000       0.9207
 413.000       0.8292
 414.000       0.8015
 415.000       1.0081
 416.000       0.7705
 417.000       1.0374
 418.000       0.9330
 419.000       0.8873
 420.000       1.3906
 421.000       0.9834
 422.000       0.8331
 423.000       0.9540
 424.000       0.6777
 425.000       0.9399
 426.000       0.7766
 427.000       0.9109
 428.000       0.7721
 429.000       1.0541
 430.000       0.6205
 431.000       0.9005
 432.000       0.6970
 433.000       1.0858
 434.000       0.6571
 435.000       0.6156
 436.000       1.0693
 437.000       0.5847
 438.000       0.7528
 439.000       0.7477
 440.000       1.2942
 441.000       1.2910
 442.000       0.7042
 443.000       0.6737
 444.000       0.8721
 445.000       0.7500
 446.000       1.1721
 447.000       0.6791
 448.000       0.7162
 449.000       0.9949
 450.000       0.7197
 451.000       0.8400
 452.000       1.2954
 453.000       1.4784
 454.000       1.0062
 455.000       1.3713
 456.000       1.4445
 457.000       1.8615
 458.000       1.9539
 459.000       0.9766
 460.000       1.3293
 461.000       1.3986
 462.000       1.2463
 463.000       1.3005
 464.000       1.0680
 465.000       1.2957
 466.000       0.8111
 467.000       0.6906
 468.000       1.2065
 469.000       1.2328
 470.000       0.8896
 471.000       0.8706
 472.000       0.7562
 473.000       0.9923
 474.000       0.8757
 475.000       0.7774
 476.000       1.0670
 477.000       1.4964
 478.000       0.9633
 479.000       0.8590
 480.000       0.9465
 481.000       0.9717
 482.000       1.0426
 483.000       1.2949
 484.000       1.2750
 485.000       1.2301
 486.000       1.3761
 487.000       2.5879
 488.000       1.3757
 489.000       1.3212
 490.000       1.8272
 491.000       1.4510
 492.000       1.7030
 493.000       1.8722
 494.000       1.2943
 495.000       1.5308
 496.000       1.3434
 497.000       1.1479
 498.000       1.4502
 499.000       1.2429
 500.000       1.0157
 501.000       1.4264
 502.000       1.0416
 503.000       1.2756
 504.000       0.9793
 505.000       1.4729
 506.000       1.1736
 507.000       1.2797
 508.000       1.1515
 509.000       1.3886
 510.000       1.4200
 511.000       1.9643
 512.000       1.9555
 513.000       1.5293
 514.000       1.9909
 515.000       1.0928
 516.000       1.0447
 517.000       1.4479
 518.000       1.3364
 519.000       0.8608
 520.000       1.0134
 521.000       1.1678
 522.000       1.0926
 523.000       1.3501
 524.000       1.4611
 525.000       1.4158
 526.000       1.3415
 527.000       1.7827
 528.000       1.8405
 529.000       1.8042
 530.000       2.1386
 531.000       2.3409
 532.000       1.7062
 533.000       1.3249
 534.000       1.6037
 535.000       1.2762
 536.000       1.6302
 537.000       1.0161
 538.000       1.5349
 539.000       1.1624
 540.000       1.1506
 541.000       1.6064
 542.000       3.3073
 543.000       4.0362
 544.000       5.6499
 545.000       1.2172
 546.000       0.7261
 547.000       0.8214
 548.000      50.7476
 549.000      51.7746
 550.000      52.9620
 551.000      51.2227
 552.000      52.4111
 553.000      51.7228
 554.000      50.8695
 555.000      51.8038
 556.000      51.2936
 557.000      51.0018
 558.000      52.6046
 559.000      50.5947
 560.000      51.6679
 561.000      51.5406
 562.000      52.6403
 563.000      50.5993
 564.000      52.2207
 565.000      50.6565
 566.000      52.4086
 567.000      51.2466
 568.000      51.2792
 569.000      51.6980
 570.000      51.6075
 571.000      51.6257
 572.000      51.1781
 573.000      51.3340
 574.000      51.2537
 575.000      51.0839
 576.000      51.4208
 577.000      51.6416
 578.000      49.9041
 579.000      52.3337
 580.000      51.0739
 581.000      52.4245
 582.000      52.2814
 583.000      52.0531
 584.000      52.1760
 585.000      51.3173
 586.000      51.4430
 587.000      52.0333
 588.000      50.4435
 589.000      53.0298
 590.000      51.5950
 591.000      50.8801
 592.000      52.0343
 593.000      51.4379
 594.000      50.7724
 595.000       0.7388
 596.000      53.2379
 597.000      53.1648
 598.000      53.6204
 599.000      53.5268
 600.000      52.8556
 601.000      52.5355
 602.000      54.0043
 603.000      53.5241
 604.000      52.6144
 605.000      53.6329
 606.000      52.3006
 607.000      52.7308
 608.000      54.0604
 609.000      53.3903
 610.000      52.9961
 611.000      53.3894
 612.000      53.5792
 613.000      53.1311
 614.000      52.7090
 615.000      52.8783
 616.000      54.0588
 617.000      53.1607
 618.000      53.0194
 619.000      53.6176
 620.000      53.2454
 621.000      53.2630
 622.000      53.6510
 623.000      53.3152
 624.000      53.5931
 625.000      52.7661
 626.000      52.7467
 627.000      53.1994
 628.000      53.0534
 629.000      53.6724
 630.000      53.9038
 631.000      53.1151
 632.000      53.1475
 633.000      52.7844
 634.000      52.6816
 635.000      53.0957
 636.000      53.7867
 637.000      53.4687
 638.000      53.3310
 639.000      53.2395
 640.000      53.1411
