#Res        AtomicFlx
   1.000       1.3371
   2.000       1.1642
   3.000       0.9632
   4.000       0.9466
   5.000       1.4086
   6.000       1.0955
   7.000       1.0713
   8.000       0.9343
   9.000       0.8403
  10.000       0.6843
  11.000       0.7138
  12.000       0.7668
  13.000       0.6431
  14.000       0.5811
  15.000       0.6298
  16.000       0.6898
  17.000       0.6084
  18.000       0.5611
  19.000       0.4976
  20.000       0.5881
  21.000       0.6667
  22.000       0.6872
  23.000       0.5289
  24.000       0.6347
  25.000       0.8452
  26.000       0.6388
  27.000       0.5215
  28.000       0.5838
  29.000       0.6198
  30.000       0.5514
  31.000       0.5927
  32.000       0.6847
  33.000       0.7089
  34.000       0.6659
  35.000       0.8383
  36.000       0.8023
  37.000       0.7462
  38.000       0.7690
  39.000       0.6306
  40.000       0.6503
  41.000       0.6845
  42.000       0.5668
  43.000       0.4995
  44.000       0.5905
  45.000       0.5891
  46.000       0.5409
  47.000       0.5338
  48.000       0.5915
  49.000       0.6421
  50.000       0.6442
  51.000       0.5520
  52.000       0.5503
  53.000       0.5644
  54.000       0.5639
  55.000       0.5115
  56.000       0.5380
  57.000       0.5154
  58.000       0.5564
  59.000       0.5522
  60.000       0.5416
  61.000       0.5508
  62.000       0.5688
  63.000       0.5448
  64.000       0.6526
  65.000       0.8421
  66.000       0.6809
  67.000       0.6921
  68.000       0.7766
  69.000       0.8078
  70.000       0.7921
  71.000       0.8031
  72.000       0.7027
  73.000       0.7818
  74.000       1.2731
  75.000       1.2145
  76.000       0.9483
  77.000       1.1638
  78.000       0.7829
  79.000       0.7224
  80.000       0.5825
  81.000       0.5632
  82.000       0.5222
  83.000       0.5161
  84.000       0.5143
  85.000       0.5399
  86.000       0.5462
  87.000       0.5661
  88.000       0.5471
  89.000       0.6009
  90.000       0.6729
  91.000       0.6632
  92.000       0.6697
  93.000       0.7400
  94.000       0.7125
  95.000       0.6423
  96.000       0.6699
  97.000       0.6566
  98.000       0.6034
  99.000       0.5779
 100.000       0.6065
 101.000       0.5867
 102.000       0.5458
 103.000       0.5321
 104.000       0.5118
 105.000       0.5105
 106.000       0.5255
 107.000       0.5023
 108.000       0.4991
 109.000       0.5676
 110.000       0.6237
 111.000       0.6064
 112.000       0.7101
 113.000       0.7629
 114.000       0.7799
 115.000       0.6953
 116.000       0.6065
 117.000       0.6668
 118.000       0.7111
 119.000       0.7157
 120.000       0.7037
 121.000       0.7768
 122.000       0.9814
 123.000       1.5380
 124.000       1.7224
 125.000       1.6524
 126.000       1.2613
 127.000       1.4718
 128.000       1.7431
 129.000       1.5967
 130.000       1.1459
 131.000       1.1310
 132.000       1.1770
 133.000       0.9673
 134.000       0.9753
 135.000       1.2655
 136.000       1.4837
 137.000       1.7159
 138.000       1.5142
 139.000       1.3802
 140.000       1.8355
 141.000       1.8962
 142.000       1.8355
 143.000       1.4956
 144.000       1.3105
 145.000       1.4938
 146.000       1.4347
 147.000       1.1298
 148.000       1.3671
 149.000       1.7976
 150.000       1.5729
 151.000       1.3821
 152.000       2.0931
 153.000       2.3491
 154.000       2.2485
 155.000       2.7191
 156.000       3.1030
 157.000       3.4911
 158.000       3.5135
 159.000       3.5699
 160.000       2.9469
 161.000       2.2911
 162.000       1.5599
 163.000       1.2578
 164.000       0.8497
 165.000       0.8068
 166.000       0.5909
 167.000       0.7337
 168.000       1.0008
 169.000       0.9514
 170.000       0.9351
 171.000       1.3116
 172.000       1.3500
 173.000       1.4416
 174.000       1.0741
 175.000       1.4916
 176.000       1.7075
 177.000       1.2785
 178.000       1.3211
 179.000       1.2325
 180.000       1.3169
 181.000       0.9845
 182.000       1.3447
 183.000       1.3146
 184.000       1.0841
 185.000       1.0167
 186.000       1.0896
 187.000       1.0475
 188.000       0.9990
 189.000       0.9027
 190.000       0.8366
 191.000       0.7468
 192.000       0.6537
 193.000       0.6263
 194.000       0.5576
 195.000       0.5697
 196.000       0.6096
 197.000       0.5852
 198.000       0.5861
 199.000       0.5857
 200.000       0.6292
 201.000       0.6384
 202.000       0.6094
 203.000       0.6213
 204.000       0.7532
 205.000       0.7414
 206.000       0.7091
 207.000       0.9310
 208.000       1.1491
 209.000       1.0452
 210.000       1.1184
 211.000       1.2320
 212.000       1.0039
 213.000       0.9017
 214.000       0.9250
 215.000       0.8196
 216.000       0.9012
 217.000       0.9152
 218.000       0.7930
 219.000       0.7167
 220.000       1.0961
 221.000       1.3291
 222.000       1.0316
 223.000       0.7961
 224.000       0.6664
 225.000       0.5945
 226.000       0.6770
 227.000       0.6476
 228.000       0.5831
 229.000       0.6000
 230.000       0.6640
 231.000       0.6283
 232.000       0.6566
 233.000       0.7186
 234.000       0.7458
 235.000       0.7719
 236.000       0.8279
 237.000       0.9421
 238.000       0.8071
 239.000       0.8426
 240.000       0.8207
 241.000       0.7216
 242.000       0.7759
 243.000       0.7588
 244.000       0.6548
 245.000       0.6409
 246.000       0.7227
 247.000       0.6850
 248.000       0.6063
 249.000       0.6751
 250.000       0.7431
 251.000       0.7917
 252.000       0.8417
 253.000       1.0183
 254.000       1.0852
 255.000       0.8156
 256.000       0.9040
 257.000       1.1867
 258.000       0.8793
 259.000       0.8220
 260.000       0.7628
 261.000       0.6283
 262.000       0.6021
 263.000       0.6260
 264.000       0.5648
 265.000       0.5176
 266.000       0.5268
 267.000       0.5391
 268.000       0.4833
 269.000       0.4811
 270.000       0.4892
 271.000       0.5189
 272.000       0.4833
 273.000       0.5578
 274.000       0.8688
 275.000       1.1176
 276.000       0.9932
 277.000       1.0332
 278.000       0.7620
 279.000       0.5972
 280.000       0.5921
 281.000       0.5233
 282.000       0.5670
 283.000       0.6162
 284.000       0.6080
 285.000       0.5890
 286.000       0.6330
 287.000       0.7151
 288.000       0.8791
 289.000       0.8133
 290.000       0.7847
 291.000       0.8388
 292.000       0.8264
 293.000       1.0296
 294.000       0.8970
 295.000       0.8317
 296.000       0.8264
 297.000       0.6951
 298.000       0.5822
 299.000       0.6201
 300.000       0.5162
 301.000       0.5199
 302.000       0.5522
 303.000       0.5172
 304.000       0.4649
 305.000       0.5105
 306.000       0.5390
 307.000       0.4867
 308.000       0.4643
 309.000       0.5107
 310.000       0.5308
 311.000       0.5352
 312.000       0.5369
 313.000       0.5587
 314.000       0.5419
 315.000       0.4934
 316.000       0.5301
 317.000       0.5670
 318.000       0.6104
 319.000       0.6462
 320.000       0.6546
 321.000       0.6609
 322.000       0.6906
 323.000       0.7271
 324.000       0.8047
 325.000       0.9276
 326.000       0.9950
 327.000       1.0157
 328.000       0.9361
 329.000       0.8942
 330.000       0.7503
 331.000       0.8380
 332.000       0.8724
 333.000       0.7843
 334.000       0.7986
 335.000       0.9242
 336.000       1.1099
 337.000       1.3327
 338.000       0.8399
 339.000       0.6807
 340.000       0.6882
 341.000       0.7345
 342.000       0.6410
 343.000       0.6267
 344.000       0.6602
 345.000       0.6083
 346.000       0.6445
 347.000       0.6757
 348.000       0.6507
 349.000       0.6381
 350.000       0.6688
 351.000       0.7518
 352.000       0.7636
 353.000       0.8428
 354.000       0.7539
 355.000       0.6264
 356.000       0.6220
 357.000       0.6789
 358.000       0.6099
 359.000       0.5482
 360.000       0.5594
 361.000       0.5714
 362.000       0.5264
 363.000       0.5161
 364.000       0.5216
 365.000       0.5695
 366.000       0.6159
 367.000       0.4979
 368.000       0.5711
 369.000       0.7315
 370.000       0.7266
 371.000       0.6966
 372.000       0.8080
 373.000       0.6246
 374.000       0.4667
 375.000       0.5297
 376.000       0.5265
 377.000       0.5299
 378.000       0.5244
 379.000       0.5015
 380.000       0.5040
 381.000       0.5258
 382.000       0.5504
 383.000       0.5761
 384.000       0.6105
 385.000       0.6816
 386.000       0.7572
 387.000       0.8249
 388.000       0.8499
 389.000       0.9611
 390.000       1.1318
 391.000       1.5468
 392.000       1.4815
 393.000       1.2791
 394.000       0.9530
 395.000       1.0420
 396.000       1.1369
 397.000       0.9487
 398.000       0.7986
 399.000       0.7917
 400.000       0.7708
 401.000       0.6758
 402.000       0.6159
 403.000       0.6551
 404.000       0.6939
 405.000       0.6179
 406.000       0.6115
 407.000       0.6547
 408.000       0.6752
 409.000       0.6454
 410.000       0.6216
 411.000       0.6860
 412.000       0.6809
 413.000       0.6366
 414.000       0.7110
 415.000       0.7536
 416.000       0.6715
 417.000       0.7343
 418.000       0.7134
 419.000       0.7365
 420.000       0.7950
 421.000       0.7389
 422.000       0.7654
 423.000       0.7196
 424.000       0.6700
 425.000       0.7202
 426.000       0.7997
 427.000       0.7889
 428.000       0.7532
 429.000       0.8190
 430.000       0.8715
 431.000       0.7756
 432.000       0.9160
 433.000       0.8757
 434.000       0.8520
 435.000       0.7542
 436.000       0.6913
 437.000       0.6463
 438.000       0.5688
 439.000       0.5706
 440.000       0.5678
 441.000       0.5881
 442.000       0.6216
 443.000       0.5844
 444.000       0.5856
 445.000       0.6280
 446.000       0.6931
 447.000       0.6766
 448.000       0.6507
 449.000       0.7054
 450.000       0.7816
 451.000       0.7737
 452.000       0.7736
 453.000       0.8224
 454.000       0.8540
 455.000       0.8687
 456.000       0.8108
 457.000       0.7658
 458.000       0.7890
 459.000       0.9000
 460.000       0.9957
 461.000       0.7465
 462.000       1.0021
 463.000       1.3553
 464.000       1.2398
 465.000       1.3349
 466.000       1.4419
 467.000       1.2426
 468.000       1.1064
 469.000       1.0728
 470.000       0.9816
 471.000       0.9038
 472.000       0.9091
 473.000       0.7772
 474.000       0.7689
 475.000       0.7985
 476.000       0.6574
 477.000       0.7059
 478.000       0.8719
 479.000       0.8170
 480.000       0.7415
 481.000       0.8415
 482.000       0.8459
 483.000       0.7771
 484.000       0.6302
 485.000       0.6340
 486.000       0.7059
 487.000       0.6749
 488.000       0.6244
 489.000       0.6682
 490.000       0.7232
 491.000       0.7122
 492.000       0.7070
 493.000       0.7542
 494.000       0.8906
 495.000       0.9443
 496.000       0.8999
 497.000       1.2598
 498.000       1.1685
 499.000       1.2261
 500.000       1.2376
 501.000       1.2100
 502.000       1.5578
 503.000       2.0954
 504.000       1.6527
 505.000       1.4799
 506.000       1.1330
 507.000       1.1930
 508.000       1.2579
 509.000       1.1191
 510.000       0.9315
 511.000       0.9656
 512.000       0.9334
 513.000       0.8072
 514.000       0.7735
 515.000       0.7662
 516.000       0.7582
 517.000       0.7539
 518.000       0.7277
 519.000       0.7513
 520.000       0.6485
 521.000       0.5724
 522.000       0.6493
 523.000       0.6968
 524.000       0.6514
 525.000       0.6455
 526.000       0.7572
 527.000       0.8193
 528.000       0.7100
 529.000       0.7678
 530.000       0.9201
 531.000       0.9296
 532.000       0.8959
 533.000       1.0773
 534.000       1.2791
 535.000       1.2999
 536.000       1.3186
 537.000       1.6927
 538.000       1.7504
 539.000       2.0949
 540.000       2.0155
 541.000       1.7692
 542.000       1.8484
 543.000       1.7556
 544.000       1.4545
 545.000       1.4162
 546.000       1.5830
 547.000       1.4612
 548.000       1.3181
 549.000       1.5094
 550.000       1.6420
 551.000       2.1331
 554.000      44.3088
