#Res        AtomicFlx
   1.000       1.6553
   2.000       1.3389
   3.000       1.1275
   4.000       1.0272
   5.000       1.4508
   6.000       1.1035
   7.000       0.9951
   8.000       0.9331
   9.000       0.8512
  10.000       0.7329
  11.000       0.6836
  12.000       0.7292
  13.000       0.6622
  14.000       0.5902
  15.000       0.6125
  16.000       0.6592
  17.000       0.6037
  18.000       0.5791
  19.000       0.5399
  20.000       0.5650
  21.000       0.6112
  22.000       0.7002
  23.000       0.5944
  24.000       0.6719
  25.000       0.6899
  26.000       1.0599
  27.000       0.7552
  28.000       0.8199
  29.000       1.0744
  30.000       0.7105
  31.000       0.9205
  32.000       1.3165
  33.000       1.1421
  34.000       0.8341
  35.000       1.1280
  36.000       0.8514
  37.000       1.0116
  38.000       1.2520
  39.000       1.0263
  40.000       0.9727
  41.000       0.9292
  42.000       0.7312
  43.000       0.6794
  44.000       0.8089
  45.000       0.8034
  46.000       0.7379
  47.000       0.7478
  48.000       0.8444
  49.000       0.9506
  50.000       0.9335
  51.000       0.7230
  52.000       0.6875
  53.000       0.7310
  54.000       0.6997
  55.000       0.6245
  56.000       0.6757
  57.000       0.7198
  58.000       0.6990
  59.000       0.7461
  60.000       0.7780
  61.000       0.7805
  62.000       0.8702
  63.000       0.9842
  64.000       1.0172
  65.000       1.1368
  66.000       1.4481
  67.000       1.0363
  68.000       1.2226
  69.000       1.1453
  70.000       1.0579
  71.000       0.9908
  72.000       0.8356
  73.000       0.9002
  74.000       1.1096
  75.000       1.1716
  76.000       1.5556
  77.000       1.8909
  78.000       1.0930
  79.000       0.8469
  80.000       0.6501
  81.000       0.6497
  82.000       0.6121
  83.000       0.6543
  84.000       0.6491
  85.000       0.6632
  86.000       0.6392
  87.000       0.6560
  88.000       0.6645
  89.000       0.6508
  90.000       0.6399
  91.000       0.6369
  92.000       0.6118
  93.000       0.6429
  94.000       0.6494
  95.000       0.6088
  96.000       0.6054
  97.000       0.5784
  98.000       0.6072
  99.000       0.6285
 100.000       0.5773
 101.000       0.5539
 102.000       0.5556
 103.000       0.5518
 104.000       0.5126
 105.000       0.5189
 106.000       0.5582
 107.000       0.5068
 108.000       0.4950
 109.000       0.5837
 110.000       0.6393
 111.000       0.5887
 112.000       0.7296
 113.000       0.7882
 114.000       1.0092
 115.000       0.9782
 116.000       0.7408
 117.000       0.8992
 118.000       1.1129
 119.000       1.2832
 120.000       1.2315
 121.000       1.1843
 122.000       1.6144
 123.000       2.1728
 124.000       3.5716
 125.000       3.4163
 126.000       2.9564
 127.000       3.2431
 128.000       2.4191
 129.000       1.6191
 130.000       1.4206
 131.000       1.9639
 132.000       1.8403
 133.000       1.7994
 134.000       2.7542
 135.000       3.3625
 136.000       4.1284
 137.000       5.0571
 138.000       4.9656
 139.000       3.5907
 140.000       3.1024
 141.000       3.4559
 142.000       3.8375
 143.000       4.4112
 144.000       3.9863
 145.000       4.1323
 146.000       3.2947
 147.000       2.0798
 148.000       2.1780
 149.000       2.1626
 150.000       1.5382
 151.000       1.4263
 152.000       2.0885
 153.000       1.8574
 154.000       1.8202
 155.000       2.1861
 156.000       3.5385
 157.000       3.3443
 158.000       3.7957
 159.000       4.0260
 160.000       3.7760
 161.000       3.7095
 162.000       2.4724
 163.000       1.5474
 164.000       1.0038
 165.000       0.8155
 166.000       0.6851
 167.000       0.7647
 168.000       0.9208
 169.000       0.7767
 170.000       0.6471
 171.000       0.7877
 172.000       0.9684
 173.000       1.0355
 174.000       0.8652
 175.000       0.7837
 176.000       1.1851
 177.000       1.5030
 178.000       1.4392
 179.000       1.5911
 180.000       1.4404
 181.000       1.6930
 182.000       1.6862
 183.000       1.7304
 184.000       1.4076
 185.000       1.8442
 186.000       1.0006
 187.000       0.8110
 188.000       0.7801
 189.000       0.8086
 190.000       0.7789
 191.000       0.6755
 192.000       0.6982
 193.000       0.6910
 194.000       0.5998
 195.000       0.6239
 196.000       0.6915
 197.000       0.6501
 198.000       0.6327
 199.000       0.6418
 200.000       0.6835
 201.000       0.6555
 202.000       0.6481
 203.000       0.7069
 204.000       0.7558
 205.000       0.7840
 206.000       0.8973
 207.000       1.1032
 208.000       1.2635
 209.000       1.1668
 210.000       1.3576
 211.000       1.4817
 212.000       1.1908
 213.000       1.1541
 214.000       1.5692
 215.000       0.9033
 216.000       0.8483
 217.000       0.7389
 218.000       0.7162
 219.000       0.6872
 220.000       0.6132
 221.000       0.6397
 222.000       0.6910
 223.000       0.7183
 224.000       0.6417
 225.000       0.6214
 226.000       0.7005
 227.000       0.6762
 228.000       0.6398
 229.000       0.7078
 230.000       0.7799
 231.000       0.7442
 232.000       0.7929
 233.000       0.9210
 234.000       1.0168
 235.000       0.9212
 236.000       0.9151
 237.000       1.0908
 238.000       0.8412
 239.000       0.9100
 240.000       0.8362
 241.000       0.7509
 242.000       0.8767
 243.000       0.8265
 244.000       0.6953
 245.000       0.6938
 246.000       0.7959
 247.000       0.8269
 248.000       0.7642
 249.000       0.8224
 250.000       0.9534
 251.000       0.9734
 252.000       0.9486
 253.000       1.0920
 254.000       1.1449
 255.000       1.1677
 256.000       1.0731
 257.000       1.3421
 258.000       1.1956
 259.000       1.0118
 260.000       0.8904
 261.000       0.7712
 262.000       0.7504
 263.000       0.7302
 264.000       0.6390
 265.000       0.6201
 266.000       0.6388
 267.000       0.5890
 268.000       0.5142
 269.000       0.5972
 270.000       0.6056
 271.000       0.5704
 272.000       0.4832
 273.000       0.5265
 274.000       0.6543
 275.000       0.6034
 276.000       0.6596
 277.000       0.6639
 278.000       0.7923
 279.000       0.8685
 280.000       0.7991
 281.000       0.8061
 282.000       1.0493
 283.000       1.1117
 284.000       0.8807
 285.000       0.9519
 286.000       1.0145
 287.000       0.9533
 288.000       1.1078
 289.000       1.0901
 290.000       1.0406
 291.000       1.0110
 292.000       1.0320
 293.000       0.8696
 294.000       0.8049
 295.000       0.8374
 296.000       0.7988
 297.000       0.6834
 298.000       0.6898
 299.000       0.7179
 300.000       0.5852
 301.000       0.5723
 302.000       0.6591
 303.000       0.6334
 304.000       0.5078
 305.000       0.5811
 306.000       0.6506
 307.000       0.5690
 308.000       0.5342
 309.000       0.6345
 310.000       0.6255
 311.000       0.5949
 312.000       0.6294
 313.000       0.6652
 314.000       0.6420
 315.000       0.5712
 316.000       0.5726
 317.000       0.6025
 318.000       0.6379
 319.000       0.6627
 320.000       0.6784
 321.000       0.6685
 322.000       0.6911
 323.000       0.7613
 324.000       0.8426
 325.000       0.9173
 326.000       1.0547
 327.000       1.1177
 328.000       1.0562
 329.000       0.9847
 330.000       0.8135
 331.000       1.0011
 332.000       1.1002
 333.000       0.9103
 334.000       0.9281
 335.000       1.1217
 336.000       1.5115
 337.000       1.2404
 338.000       0.9828
 339.000       0.7547
 340.000       0.8395
 341.000       0.8067
 342.000       0.6851
 343.000       0.6689
 344.000       0.7102
 345.000       0.6617
 346.000       0.6545
 347.000       0.7182
 348.000       0.7112
 349.000       0.6512
 350.000       0.7324
 351.000       0.8705
 352.000       0.8843
 353.000       0.9811
 354.000       0.8969
 355.000       0.6801
 356.000       0.6391
 357.000       0.6621
 358.000       0.6242
 359.000       0.5416
 360.000       0.5497
 361.000       0.6110
 362.000       0.5492
 363.000       0.5234
 364.000       0.5807
 365.000       0.6192
 366.000       0.5998
 367.000       0.5332
 368.000       0.5657
 369.000       0.6087
 370.000       0.6401
 371.000       0.6176
 372.000       0.7899
 373.000       0.7693
 374.000       0.6242
 375.000       0.7388
 376.000       0.8169
 377.000       0.7813
 378.000       0.7278
 379.000       0.7750
 380.000       0.7395
 381.000       0.7756
 382.000       0.8315
 383.000       0.8493
 384.000       0.8701
 385.000       0.9485
 386.000       1.0049
 387.000       1.0471
 388.000       1.1849
 389.000       1.3031
 390.000       1.3648
 391.000       1.6089
 392.000       1.7153
 393.000       1.6251
 394.000       1.3232
 395.000       1.3992
 396.000       1.5042
 397.000       1.2875
 398.000       1.0989
 399.000       1.0559
 400.000       1.0492
 401.000       0.9827
 402.000       0.8761
 403.000       0.8877
 404.000       0.9322
 405.000       0.8282
 406.000       0.7755
 407.000       0.8331
 408.000       0.8583
 409.000       0.7792
 410.000       0.7537
 411.000       0.8539
 412.000       0.8339
 413.000       0.7547
 414.000       0.8289
 415.000       0.8416
 416.000       0.7393
 417.000       0.8154
 418.000       0.7793
 419.000       0.8631
 420.000       0.9099
 421.000       0.9075
 422.000       1.0908
 423.000       1.0456
 424.000       0.7856
 425.000       0.7558
 426.000       0.8947
 427.000       0.8581
 428.000       0.7291
 429.000       0.8201
 430.000       0.9251
 431.000       0.8909
 432.000       1.0605
 433.000       1.2191
 434.000       1.1963
 435.000       1.1688
 436.000       0.8803
 437.000       0.8071
 438.000       0.7256
 439.000       0.7475
 440.000       0.6784
 441.000       0.7136
 442.000       0.7926
 443.000       0.7517
 444.000       0.7620
 445.000       0.8756
 446.000       0.9575
 447.000       0.9517
 448.000       0.9294
 449.000       0.9891
 450.000       1.1713
 451.000       1.2455
 452.000       1.1438
 453.000       1.1220
 454.000       1.1326
 455.000       1.2790
 456.000       1.4266
 457.000       1.1568
 458.000       1.0852
 459.000       1.3246
 460.000       1.4142
 461.000       1.1735
 462.000       1.2337
 463.000       1.5848
 464.000       1.6482
 465.000       1.5700
 466.000       1.5590
 467.000       1.3734
 468.000       1.2401
 469.000       1.1250
 470.000       1.1367
 471.000       1.1762
 472.000       1.1015
 473.000       0.9804
 474.000       1.0335
 475.000       1.0875
 476.000       0.9418
 477.000       0.9262
 478.000       1.0682
 479.000       1.0519
 480.000       0.9900
 481.000       1.0844
 482.000       1.0092
 483.000       0.9129
 484.000       0.7916
 485.000       0.7531
 486.000       0.8124
 487.000       0.7695
 488.000       0.7552
 489.000       0.8037
 490.000       0.9029
 491.000       0.9459
 492.000       0.9746
 493.000       1.0752
 494.000       1.2350
 495.000       1.3489
 496.000       1.2397
 497.000       1.4534
 498.000       1.4008
 499.000       1.3022
 500.000       1.4455
 501.000       1.5705
 502.000       2.0071
 503.000       2.3381
 504.000       2.3157
 505.000       2.1384
 506.000       1.5911
 507.000       1.6567
 508.000       1.6391
 509.000       1.4700
 510.000       1.2770
 511.000       1.2988
 512.000       1.2735
 513.000       1.1008
 514.000       1.0901
 515.000       1.1004
 516.000       1.1020
 517.000       1.1240
 518.000       1.1131
 519.000       1.2166
 520.000       1.1045
 521.000       1.1540
 522.000       1.0497
 523.000       0.8505
 524.000       0.7778
 525.000       0.8724
 526.000       1.2238
 527.000       1.1773
 528.000       1.1324
 529.000       1.4739
 530.000       1.7065
 531.000       1.6802
 532.000       1.7789
 533.000       2.1835
 534.000       2.4281
 535.000       2.4605
 536.000       2.5868
 537.000       3.2053
 538.000       3.7064
 539.000       4.2814
 540.000       4.3070
 541.000       3.8482
 542.000       4.0585
 543.000       3.9327
 544.000       3.2770
 545.000       3.2412
 546.000       3.6325
 547.000       3.2405
 548.000       2.7628
 549.000       3.1932
 550.000       3.5544
 551.000       4.9036
 554.000      52.3519
