#Res        AtomicFlx
   1.000       2.4640
   2.000       2.9773
   3.000       2.7791
   4.000       2.6708
   5.000       2.6953
   6.000       1.8899
   7.000       1.4122
   8.000       1.3740
   9.000       1.3556
  10.000       1.0753
  11.000       1.0101
  12.000       1.1180
  13.000       1.0532
  14.000       0.8200
  15.000       0.8621
  16.000       1.0484
  17.000       0.9066
  18.000       0.7087
  19.000       0.6315
  20.000       0.6612
  21.000       0.6373
  22.000       0.6988
  23.000       0.5959
  24.000       0.6012
  25.000       0.6223
  26.000       0.6898
  27.000       0.6235
  28.000       0.6178
  29.000       0.6552
  30.000       0.7046
  31.000       0.6858
  32.000       0.7021
  33.000       0.7982
  34.000       0.7906
  35.000       0.9452
  36.000       0.8165
  37.000       1.0063
  38.000       1.1294
  39.000       0.8646
  40.000       0.8216
  41.000       0.7918
  42.000       0.7281
  43.000       0.6848
  44.000       0.7461
  45.000       0.8040
  46.000       0.7930
  47.000       0.7997
  48.000       0.8893
  49.000       1.0074
  50.000       1.0312
  51.000       0.8071
  52.000       0.7589
  53.000       0.7829
  54.000       0.7623
  55.000       0.7321
  56.000       0.7597
  57.000       0.7306
  58.000       0.7798
  59.000       0.8105
  60.000       0.7354
  61.000       0.8056
  62.000       0.9302
  63.000       0.8742
  64.000       1.0598
  65.000       1.1210
  66.000       0.9638
  67.000       0.9842
  68.000       1.1446
  69.000       1.1532
  70.000       0.9537
  71.000       0.8287
  72.000       0.8230
  73.000       1.2672
  74.000       2.1699
  75.000       2.3622
  76.000       1.9660
  77.000       2.2865
  78.000       1.5712
  79.000       0.8795
  80.000       0.7637
  81.000       0.7887
  82.000       0.7492
  83.000       0.7499
  84.000       0.7899
  85.000       0.8365
  86.000       0.8321
  87.000       0.8526
  88.000       0.9100
  89.000       0.9090
  90.000       0.9427
  91.000       0.9535
  92.000       0.9447
  93.000       0.9944
  94.000       0.9739
  95.000       0.8617
  96.000       0.8560
  97.000       0.7551
  98.000       0.7311
  99.000       0.7284
 100.000       0.6821
 101.000       0.5910
 102.000       0.5764
 103.000       0.5535
 104.000       0.5028
 105.000       0.5227
 106.000       0.5606
 107.000       0.4909
 108.000       0.4914
 109.000       0.5698
 110.000       0.5993
 111.000       0.5871
 112.000       0.7335
 113.000       0.8190
 114.000       0.9693
 115.000       1.0634
 116.000       0.7285
 117.000       0.7797
 118.000       0.7188
 119.000       0.8114
 120.000       0.8023
 121.000       0.8721
 122.000       1.3306
 123.000       1.0758
 124.000       1.2849
 125.000       1.1524
 126.000       1.0988
 127.000       1.5922
 128.000       1.9692
 129.000       1.9498
 130.000       1.6116
 131.000       2.0020
 132.000       1.7498
 133.000       1.3682
 134.000       1.4998
 135.000       2.6076
 136.000       3.8279
 137.000       5.1305
 138.000       6.1641
 139.000       6.2109
 140.000       7.1496
 141.000       6.2499
 142.000       3.6928
 143.000       2.3281
 144.000       2.0997
 145.000       2.1180
 146.000       1.7013
 147.000       1.2448
 148.000       0.9986
 149.000       1.4831
 150.000       1.3532
 151.000       1.1277
 152.000       1.1765
 153.000       1.3835
 154.000       1.3683
 155.000       1.3274
 156.000       1.8369
 157.000       1.7001
 158.000       1.6122
 159.000       1.8358
 160.000       2.2652
 161.000       2.2847
 162.000       1.6467
 163.000       1.1892
 164.000       0.8023
 165.000       0.7621
 166.000       0.6881
 167.000       0.7612
 168.000       0.7977
 169.000       0.7310
 170.000       0.8101
 171.000       0.8988
 172.000       0.9045
 173.000       0.8821
 174.000       0.8942
 175.000       1.0793
 176.000       0.9473
 177.000       0.9004
 178.000       0.9085
 179.000       0.9733
 180.000       1.0754
 181.000       1.0673
 182.000       1.4607
 183.000       1.2840
 184.000       1.3550
 185.000       1.3402
 186.000       1.2349
 187.000       1.2790
 188.000       1.1787
 189.000       0.9597
 190.000       0.8868
 191.000       0.7976
 192.000       0.6985
 193.000       0.6320
 194.000       0.5783
 195.000       0.6004
 196.000       0.6180
 197.000       0.5960
 198.000       0.6099
 199.000       0.6293
 200.000       0.6620
 201.000       0.6308
 202.000       0.6399
 203.000       0.6800
 204.000       0.7327
 205.000       0.7407
 206.000       0.8196
 207.000       0.9452
 208.000       1.0096
 209.000       1.4016
 210.000       1.3089
 211.000       1.2805
 212.000       1.2086
 213.000       1.0369
 214.000       0.8685
 215.000       0.9011
 216.000       0.8579
 217.000       0.7885
 218.000       0.7540
 219.000       0.7735
 220.000       0.7225
 221.000       0.7372
 222.000       0.7428
 223.000       0.8131
 224.000       0.7325
 225.000       0.6679
 226.000       0.7171
 227.000       0.7184
 228.000       0.6503
 229.000       0.6363
 230.000       0.6803
 231.000       0.6682
 232.000       0.6748
 233.000       0.7775
 234.000       0.8348
 235.000       0.7841
 236.000       0.8615
 237.000       0.9128
 238.000       0.8063
 239.000       0.8701
 240.000       0.8125
 241.000       0.7375
 242.000       0.8762
 243.000       0.8195
 244.000       0.6973
 245.000       0.7398
 246.000       0.8440
 247.000       0.7977
 248.000       0.7305
 249.000       0.8937
 250.000       0.9299
 251.000       0.9598
 252.000       1.0111
 253.000       1.3239
 254.000       1.2389
 255.000       1.2199
 256.000       1.2567
 257.000       1.5269
 258.000       1.2168
 259.000       1.0264
 260.000       0.8859
 261.000       0.7746
 262.000       0.7644
 263.000       0.7767
 264.000       0.6974
 265.000       0.6734
 266.000       0.7090
 267.000       0.7120
 268.000       0.7146
 269.000       0.8290
 270.000       0.7255
 271.000       0.8746
 272.000       1.1434
 273.000       0.8890
 274.000       0.8299
 275.000       0.7672
 276.000       1.1890
 277.000       1.0604
 278.000       1.1016
 279.000       1.3019
 280.000       0.9059
 281.000       0.9248
 282.000       1.0244
 283.000       1.0360
 284.000       0.8713
 285.000       0.9019
 286.000       1.2096
 287.000       1.0435
 288.000       1.2436
 289.000       1.4347
 290.000       1.3760
 291.000       1.3573
 292.000       1.2914
 293.000       0.9346
 294.000       0.9143
 295.000       0.9206
 296.000       0.9057
 297.000       0.8486
 298.000       0.8548
 299.000       0.8417
 300.000       0.7768
 301.000       0.7915
 302.000       0.8255
 303.000       0.8379
 304.000       0.7722
 305.000       0.7103
 306.000       0.7084
 307.000       0.6400
 308.000       0.5765
 309.000       0.5943
 310.000       0.5972
 311.000       0.6203
 312.000       0.6312
 313.000       0.6392
 314.000       0.6226
 315.000       0.5671
 316.000       0.5689
 317.000       0.6248
 318.000       0.6243
 319.000       0.6064
 320.000       0.6445
 321.000       0.6679
 322.000       0.6817
 323.000       0.7158
 324.000       0.7737
 325.000       0.8716
 326.000       0.9186
 327.000       0.9541
 328.000       0.9370
 329.000       0.8876
 330.000       0.7512
 331.000       0.9273
 332.000       0.9737
 333.000       0.8099
 334.000       0.8356
 335.000       0.9205
 336.000       1.1183
 337.000       0.9979
 338.000       0.8285
 339.000       0.6895
 340.000       0.6296
 341.000       0.6961
 342.000       0.5736
 343.000       0.5886
 344.000       0.6140
 345.000       0.5834
 346.000       0.6018
 347.000       0.6157
 348.000       0.6289
 349.000       0.6994
 350.000       0.7782
 351.000       0.7675
 352.000       0.8294
 353.000       0.8736
 354.000       0.7484
 355.000       0.6437
 356.000       0.6272
 357.000       0.7014
 358.000       0.5965
 359.000       0.4953
 360.000       0.5622
 361.000       0.6214
 362.000       0.5296
 363.000       0.4793
 364.000       0.5781
 365.000       0.6540
 366.000       0.6346
 367.000       0.5941
 368.000       0.7378
 369.000       0.8656
 370.000       0.8306
 371.000       0.7111
 372.000       0.7703
 373.000       0.7675
 374.000       0.6654
 375.000       0.6426
 376.000       0.7485
 377.000       0.8162
 378.000       0.7083
 379.000       0.6233
 380.000       0.7141
 381.000       0.7977
 382.000       0.7570
 383.000       0.7977
 384.000       0.8495
 385.000       0.8840
 386.000       0.9266
 387.000       0.9738
 388.000       0.9938
 389.000       1.1105
 390.000       1.2624
 391.000       1.5118
 392.000       1.4961
 393.000       1.4131
 394.000       1.1101
 395.000       1.1588
 396.000       1.2040
 397.000       1.0595
 398.000       0.9362
 399.000       0.9643
 400.000       0.9245
 401.000       0.8425
 402.000       0.7996
 403.000       0.8316
 404.000       0.8804
 405.000       0.8041
 406.000       0.7551
 407.000       0.8465
 408.000       0.9014
 409.000       0.8177
 410.000       0.8004
 411.000       1.0126
 412.000       1.0612
 413.000       0.9694
 414.000       1.1099
 415.000       1.2889
 416.000       1.1906
 417.000       1.3043
 418.000       1.2598
 419.000       1.2023
 420.000       1.3165
 421.000       1.5296
 422.000       1.4406
 423.000       1.0234
 424.000       1.1047
 425.000       1.2100
 426.000       1.0855
 427.000       0.9536
 428.000       1.0066
 429.000       1.0070
 430.000       0.9792
 431.000       0.9400
 432.000       1.0563
 433.000       1.1223
 434.000       1.1192
 435.000       1.1330
 436.000       0.9690
 437.000       0.7338
 438.000       0.7306
 439.000       0.7956
 440.000       0.7155
 441.000       0.7330
 442.000       0.7844
 443.000       0.7410
 444.000       0.7634
 445.000       0.8293
 446.000       0.8215
 447.000       0.8052
 448.000       0.8155
 449.000       0.8511
 450.000       0.9224
 451.000       0.9545
 452.000       0.9514
 453.000       1.0109
 454.000       1.0099
 455.000       1.1056
 456.000       1.0562
 457.000       0.9651
 458.000       0.9167
 459.000       1.0102
 460.000       1.1177
 461.000       0.9298
 462.000       1.0213
 463.000       1.3031
 464.000       1.3689
 465.000       1.5321
 466.000       1.5510
 467.000       1.7033
 468.000       1.3389
 469.000       1.1499
 470.000       1.1494
 471.000       1.1121
 472.000       1.0013
 473.000       0.8437
 474.000       0.8460
 475.000       0.9009
 476.000       0.7986
 477.000       0.8070
 478.000       0.9633
 479.000       0.9384
 480.000       1.0020
 481.000       1.1739
 482.000       1.0727
 483.000       0.9603
 484.000       0.8543
 485.000       0.8305
 486.000       0.8573
 487.000       0.7934
 488.000       0.7478
 489.000       0.8029
 490.000       0.8441
 491.000       0.8010
 492.000       0.8337
 493.000       0.9098
 494.000       1.0064
 495.000       1.0559
 496.000       1.0395
 497.000       1.3219
 498.000       1.1814
 499.000       1.0092
 500.000       1.0780
 501.000       1.0796
 502.000       1.3262
 503.000       1.8395
 504.000       1.2126
 505.000       1.2072
 506.000       0.9928
 507.000       1.0448
 508.000       1.1310
 509.000       1.1405
 510.000       1.0470
 511.000       1.0115
 512.000       1.0281
 513.000       1.1653
 514.000       1.2397
 515.000       1.1281
 516.000       1.1899
 517.000       1.5198
 518.000       1.5350
 519.000       1.3964
 520.000       1.4156
 521.000       1.4939
 522.000       1.3576
 523.000       1.0932
 524.000       1.0642
 525.000       0.8379
 526.000       0.9220
 527.000       1.1825
 528.000       1.1341
 529.000       1.2027
 530.000       1.4716
 531.000       1.8064
 532.000       1.8711
 533.000       2.2348
 534.000       2.6664
 535.000       2.8842
 536.000       3.1069
 537.000       4.0311
 538.000       4.7335
 539.000       5.9328
 540.000       5.5744
 541.000       4.4237
 542.000       4.9125
 543.000       5.1404
 544.000       3.9792
 545.000       3.7477
 546.000       4.7527
 547.000       4.2975
 548.000       3.5585
 549.000       4.3326
 550.000       4.6169
 551.000       6.0085
 554.000      51.3667
