#Res        AtomicFlx
   1.000       6.9791
   2.000       4.2474
   3.000       3.8403
   4.000       2.1507
   5.000       1.2317
   6.000       1.0011
   7.000       1.2305
   8.000       1.5998
   9.000       1.3195
  10.000       1.1513
  11.000       0.9619
  12.000       0.7530
  13.000       1.1047
  14.000       0.8692
  15.000       0.6454
  16.000       0.9344
  17.000       0.8730
  18.000       0.6042
  19.000       0.6743
  20.000       0.6941
  21.000       0.7115
  22.000       0.8163
  23.000       0.9377
  24.000       0.8735
  25.000       0.9892
  26.000       1.2626
  27.000       1.1437
  28.000       0.8710
  29.000       0.7031
  30.000       0.8628
  31.000       1.8677
  32.000       1.0816
  33.000       1.1015
  34.000       2.5647
  35.000       1.7154
  36.000       1.0024
  37.000       1.4892
  38.000       1.0710
  39.000       0.8696
  40.000       0.9903
  41.000       0.8125
  42.000       1.1365
  43.000       0.9103
  44.000       0.7484
  45.000       0.6849
  46.000       1.1565
  47.000       0.9611
  48.000       0.7142
  49.000       0.8513
  50.000       0.8295
  51.000       0.9090
  52.000       0.6840
  53.000       0.5564
  54.000       0.6832
  55.000       0.5484
  56.000       0.7479
  57.000       0.8381
  58.000       0.9266
  59.000       0.7888
  60.000       0.5154
  61.000       0.7016
  62.000       0.6054
  63.000       0.9636
  64.000       0.5302
  65.000       0.8039
  66.000       0.7766
  67.000       0.6763
  68.000       0.8568
  69.000       0.7982
  70.000       0.5421
  71.000       0.6727
  72.000       0.7419
  73.000       0.6045
  74.000       0.7171
  75.000       0.8220
  76.000       1.1702
  77.000       1.1394
  78.000       0.8585
  79.000       0.8561
  80.000       1.1845
  81.000       0.8623
  82.000       0.8455
  83.000       0.5388
  84.000       0.6795
  85.000       0.5526
  86.000       0.9371
  87.000       0.6189
  88.000       0.6334
  89.000       1.0041
  90.000       0.9179
  91.000       0.8417
  92.000       0.5867
  93.000       0.9249
  94.000       0.9792
  95.000       0.7242
  96.000       0.7185
  97.000       1.5453
  98.000       1.2073
  99.000       0.9070
 100.000       0.8521
 101.000       0.8620
 102.000       0.9328
 103.000       0.8373
 104.000       0.6209
 105.000       0.9188
 106.000       0.6350
 107.000       0.9929
 108.000       0.7047
 109.000       0.8239
 110.000       0.6735
 111.000       1.2855
 112.000       0.7663
 113.000       0.6663
 114.000       1.2571
 115.000       1.0008
 116.000       1.4242
 117.000       1.7209
 118.000       0.9022
 119.000       0.9309
 120.000       0.9623
 121.000       1.6605
 122.000       2.4131
 123.000       1.5700
 124.000       2.4796
 125.000       1.5209
 126.000       1.5881
 127.000       1.2519
 128.000       1.1726
 129.000       1.6442
 130.000       2.0231
 131.000       2.6760
 132.000       2.0031
 133.000       3.1623
 134.000       4.8579
 135.000       5.1377
 136.000       5.7766
 137.000       6.5769
 138.000       5.5907
 139.000       5.3848
 140.000       4.3976
 141.000       4.9733
 142.000       5.6543
 143.000       5.6046
 144.000       4.8460
 145.000       4.5844
 146.000       3.5988
 147.000       3.4439
 148.000       3.7489
 149.000       3.3182
 150.000       3.8857
 151.000       3.6523
 152.000       2.0457
 153.000       1.5320
 154.000       1.1883
 155.000       0.8774
 156.000       0.7579
 157.000       0.8059
 158.000       1.0557
 159.000       0.7527
 160.000       1.0105
 161.000       1.2203
 162.000       1.4613
 163.000       1.0118
 164.000       1.0207
 165.000       1.1883
 166.000       1.8585
 167.000       1.4552
 168.000       2.3467
 169.000       2.6767
 170.000       2.1531
 171.000       3.3926
 172.000       1.0964
 173.000       1.2471
 174.000       1.7065
 175.000       1.8009
 176.000       1.1591
 177.000       1.0005
 178.000       1.0335
 179.000       0.7996
 180.000       1.5391
 181.000       2.1955
 182.000       1.3188
 183.000       1.0698
 184.000       0.7786
 185.000       0.7388
 186.000       0.6170
 187.000       0.7629
 188.000       0.8483
 189.000       1.1734
 190.000       0.9238
 191.000       1.0121
 192.000       0.8348
 193.000       1.1024
 194.000       1.0948
 195.000       1.0664
 196.000       1.4871
 197.000       0.9242
 198.000       1.1737
 199.000       1.5759
 200.000       1.7695
 201.000       1.3713
 202.000       2.8941
 203.000       3.0438
 204.000       2.2508
 205.000       2.6568
 206.000       2.4179
 207.000       2.6588
 208.000       1.3532
 209.000       1.3983
 210.000       1.4885
 211.000       1.3116
 212.000       0.9861
 213.000       0.9878
 214.000       1.1129
 215.000       1.6580
 216.000       0.8223
 217.000       0.9609
 218.000       0.9036
 219.000       0.8133
 220.000       1.0617
 221.000       0.7539
 222.000       0.6995
 223.000       0.8429
 224.000       0.9205
 225.000       1.1880
 226.000       0.7519
 227.000       0.6760
 228.000       1.0937
 229.000       0.9188
 230.000       0.9061
 231.000       0.9775
 232.000       0.7987
 233.000       0.7716
 234.000       0.9901
 235.000       1.0443
 236.000       0.7380
 237.000       0.9754
 238.000       1.8146
 239.000       0.9033
 240.000       0.8663
 241.000       1.0832
 242.000       1.0452
 243.000       1.1668
 244.000       1.5097
 245.000       2.2612
 246.000       2.7308
 247.000       1.7207
 248.000       1.4941
 249.000       1.5512
 250.000       1.7019
 251.000       1.3104
 252.000       1.3214
 253.000       1.0712
 254.000       1.2268
 255.000       1.3367
 256.000       1.0138
 257.000       0.7656
 258.000       0.7707
 259.000       1.0039
 260.000       0.8102
 261.000       0.7310
 262.000       0.9861
 263.000       1.0640
 264.000       0.8368
 265.000       1.4437
 266.000       0.7020
 267.000       0.9358
 268.000       0.5640
 269.000       0.6372
 270.000       0.5070
 271.000       0.6097
 272.000       0.5988
 273.000       0.5886
 274.000       0.6112
 275.000       0.9941
 276.000       0.5191
 277.000       0.6216
 278.000       1.7489
 279.000       0.7193
 280.000       1.5328
 281.000       1.0855
 282.000       1.1055
 283.000       1.4601
 284.000       1.4768
 285.000       1.2462
 286.000       1.2250
 287.000       2.3890
 288.000       1.1185
 289.000       0.6963
 290.000       0.8933
 291.000       1.0114
 292.000       0.9733
 293.000       0.8415
 294.000       0.6757
 295.000       0.8931
 296.000       0.7400
 297.000       0.8306
 298.000       1.0381
 299.000       0.6855
 300.000       0.6540
 301.000       1.0438
 302.000       0.7225
 303.000       0.7185
 304.000       0.7258
 305.000       1.3286
 306.000       0.7779
 307.000       0.7394
 308.000       1.0677
 309.000       0.7359
 310.000       0.9951
 311.000       0.8831
 312.000       0.7080
 313.000       0.8861
 314.000       1.0479
 315.000       0.9695
 316.000       1.7025
 317.000       1.6407
 318.000       1.5080
 319.000       1.4567
 320.000       1.5201
 321.000       1.3223
 322.000       1.4470
 323.000       1.3011
 324.000       1.5479
 325.000       1.3593
 326.000       1.3126
 327.000       1.4831
 328.000       1.9164
 329.000       1.3815
 330.000       0.9162
 331.000       0.6874
 332.000       0.9243
 333.000       1.0453
 334.000       0.6925
 335.000       0.7364
 336.000       1.1230
 337.000       1.1318
 338.000       0.8302
 339.000       1.0847
 340.000       0.7564
 341.000       1.0012
 342.000       0.9878
 343.000       1.1256
 344.000       0.9705
 345.000       0.8511
 346.000       0.9509
 347.000       0.6388
 348.000       0.6831
 349.000       0.6948
 350.000       0.6626
 351.000       0.6004
 352.000       0.6627
 353.000       1.0066
 354.000       0.6728
 355.000       0.6091
 356.000       0.9682
 357.000       0.8682
 358.000       0.8847
 359.000       1.0121
 360.000       0.8538
 361.000       0.7544
 362.000       0.5896
 363.000       0.8248
 364.000       0.5776
 365.000       0.6913
 366.000       0.6039
 367.000       0.9944
 368.000       0.5372
 369.000       0.5557
 370.000       0.9994
 371.000       1.0620
 372.000       0.7459
 373.000       0.7520
 374.000       1.0670
 375.000       1.2914
 376.000       0.8922
 377.000       0.8945
 378.000       1.2480
 379.000       1.4659
 380.000       1.0071
 381.000       1.2602
 382.000       2.1357
 383.000       1.8780
 384.000       1.2387
 385.000       1.7285
 386.000       2.1792
 387.000       1.5581
 388.000       2.2948
 389.000       1.5647
 390.000       1.4905
 391.000       1.0415
 392.000       1.0182
 393.000       1.0947
 394.000       1.5619
 395.000       0.9394
 396.000       1.0609
 397.000       1.2016
 398.000       0.7800
 399.000       0.8146
 400.000       0.7424
 401.000       1.1220
 402.000       1.0865
 403.000       0.8066
 404.000       1.1299
 405.000       1.4022
 406.000       0.8660
 407.000       0.8026
 408.000       0.7529
 409.000       1.1248
 410.000       0.8466
 411.000       0.6721
 412.000       0.8239
 413.000       0.8472
 414.000       0.8156
 415.000       0.9185
 416.000       0.8100
 417.000       1.0038
 418.000       0.8352
 419.000       0.8628
 420.000       1.3835
 421.000       1.1246
 422.000       1.6219
 423.000       2.2825
 424.000       1.5104
 425.000       1.5865
 426.000       1.1092
 427.000       1.2693
 428.000       1.0117
 429.000       1.5613
 430.000       0.7415
 431.000       0.9283
 432.000       0.8339
 433.000       1.1183
 434.000       0.7909
 435.000       0.7467
 436.000       1.0092
 437.000       0.7304
 438.000       0.9018
 439.000       0.9129
 440.000       1.0133
 441.000       1.2080
 442.000       1.1675
 443.000       0.7303
 444.000       0.9898
 445.000       0.7701
 446.000       1.1422
 447.000       0.9336
 448.000       0.6980
 449.000       1.0030
 450.000       0.9072
 451.000       0.8427
 452.000       1.1778
 453.000       1.4885
 454.000       1.0409
 455.000       1.3753
 456.000       1.5852
 457.000       1.9117
 458.000       1.8096
 459.000       0.9417
 460.000       0.9739
 461.000       1.0337
 462.000       1.0697
 463.000       1.0292
 464.000       0.9729
 465.000       1.2357
 466.000       0.6803
 467.000       0.6474
 468.000       0.8658
 469.000       1.2345
 470.000       0.8067
 471.000       0.7655
 472.000       0.7344
 473.000       1.0020
 474.000       0.7240
 475.000       0.8027
 476.000       0.9900
 477.000       1.3192
 478.000       1.0660
 479.000       0.8908
 480.000       0.9184
 481.000       0.9991
 482.000       1.0962
 483.000       1.3025
 484.000       1.3521
 485.000       1.2817
 486.000       1.3068
 487.000       2.5992
 488.000       1.1808
 489.000       1.2148
 490.000       1.7822
 491.000       1.2876
 492.000       1.4299
 493.000       1.4482
 494.000       0.9807
 495.000       1.3820
 496.000       1.2346
 497.000       1.0647
 498.000       1.4309
 499.000       1.2171
 500.000       0.9427
 501.000       1.2928
 502.000       1.0753
 503.000       1.2318
 504.000       0.9701
 505.000       1.1183
 506.000       1.0657
 507.000       1.1641
 508.000       1.1243
 509.000       1.2522
 510.000       0.7718
 511.000       0.8770
 512.000       0.8543
 513.000       0.8121
 514.000       0.8871
 515.000       0.7753
 516.000       0.7831
 517.000       1.2501
 518.000       1.4079
 519.000       0.8928
 520.000       1.0225
 521.000       1.2899
 522.000       1.1977
 523.000       1.5895
 524.000       1.4636
 525.000       1.4373
 526.000       1.4641
 527.000       1.8822
 528.000       1.8375
 529.000       1.7995
 530.000       1.9597
 531.000       2.4556
 532.000       1.7819
 533.000       1.4369
 534.000       1.6236
 535.000       1.4976
 536.000       1.7422
 537.000       1.2776
 538.000       1.6735
 539.000       1.2780
 540.000       1.2009
 541.000       1.5232
 542.000       2.9789
 543.000       4.5708
 544.000       6.6326
 545.000       4.0257
 546.000       0.8786
 547.000       0.5744
 548.000       2.1145
 549.000      47.6045
 550.000      50.7017
 551.000      51.9272
 552.000      51.7428
 553.000      51.6829
 554.000      51.0853
 555.000      50.2668
 556.000      50.6760
 557.000      50.6988
 558.000      51.4793
 559.000      51.8225
 560.000      52.6930
 561.000      52.5413
 562.000      51.2384
 563.000      51.7209
 564.000      51.6816
 565.000      50.8222
 566.000      51.3425
 567.000      51.0170
 568.000      51.8315
 569.000      49.9177
 570.000      50.8911
 571.000      50.8263
 572.000      51.8207
 573.000      50.2925
 574.000      51.3426
 575.000      51.1417
 576.000      51.4083
 577.000      51.2168
 578.000      50.7535
 579.000      50.5627
 580.000      49.6545
 581.000      51.5208
 582.000      50.5087
 583.000      51.3243
 584.000      51.3531
 585.000      52.9853
 586.000      50.9569
 587.000      51.5429
 588.000      51.5762
 589.000      50.9458
 590.000      50.3453
 591.000      51.3128
 592.000      49.9248
 593.000      51.7491
 594.000      50.3899
 595.000      51.4524
 596.000       1.0420
 597.000      53.3623
 598.000      53.9636
 599.000      53.2087
 600.000      52.7809
 601.000      53.7245
 602.000      53.5004
 603.000      53.3844
 604.000      53.8883
 605.000      53.6932
 606.000      53.8290
 607.000      53.0564
 608.000      52.4868
 609.000      53.9951
 610.000      53.3257
 611.000      53.7257
 612.000      53.2715
 613.000      53.0713
 614.000      54.1741
 615.000      53.9122
 616.000      53.5160
 617.000      53.6152
 618.000      53.5385
 619.000      53.4091
 620.000      53.4894
 621.000      53.6283
 622.000      53.7261
 623.000      53.7129
 624.000      53.4503
 625.000      53.2944
 626.000      53.3117
 627.000      51.8117
 628.000      53.4161
 629.000      53.0497
 630.000      53.2750
 631.000      53.6487
 632.000      53.5719
 633.000      53.9049
 634.000      53.4938
 635.000      53.5288
 636.000      54.0185
 637.000      53.4597
 638.000      53.6618
 639.000      53.4193
 640.000      53.0288
 641.000      53.7540
