#Res        AtomicFlx
   1.000       4.8081
   2.000       4.3555
   3.000       3.3789
   4.000       1.8183
   5.000       1.3107
   6.000       1.0994
   7.000       1.4550
   8.000       1.5265
   9.000       1.4803
  10.000       1.1573
  11.000       1.0511
  12.000       0.7380
  13.000       1.0259
  14.000       0.9353
  15.000       0.7607
  16.000       0.7257
  17.000       0.7253
  18.000       0.5643
  19.000       0.6279
  20.000       0.6242
  21.000       0.6580
  22.000       0.6252
  23.000       0.7603
  24.000       0.6542
  25.000       0.5710
  26.000       1.0474
  27.000       0.8406
  28.000       1.1437
  29.000       0.6552
  30.000       0.7151
  31.000       1.0428
  32.000       0.8831
  33.000       0.9258
  34.000       1.2823
  35.000       1.2649
  36.000       0.9346
  37.000       1.4113
  38.000       1.1447
  39.000       0.9339
  40.000       0.9479
  41.000       0.8023
  42.000       1.2040
  43.000       0.9908
  44.000       0.8475
  45.000       0.7153
  46.000       1.2587
  47.000       1.1775
  48.000       1.0485
  49.000       0.9704
  50.000       1.2276
  51.000       1.2601
  52.000       0.8481
  53.000       0.6597
  54.000       0.6995
  55.000       0.6342
  56.000       0.7601
  57.000       0.8767
  58.000       0.6053
  59.000       0.8250
  60.000       0.7647
  61.000       0.7779
  62.000       0.6477
  63.000       0.9074
  64.000       0.5899
  65.000       0.7284
  66.000       1.1418
  67.000       1.0075
  68.000       1.4520
  69.000       0.8430
  70.000       0.6726
  71.000       0.9103
  72.000       0.9657
  73.000       0.7665
  74.000       0.8006
  75.000       1.0661
  76.000       1.8219
  77.000       1.7473
  78.000       1.1687
  79.000       1.0398
  80.000       1.0718
  81.000       1.1235
  82.000       1.4034
  83.000       0.6323
  84.000       0.7566
  85.000       0.6267
  86.000       0.9521
  87.000       0.6674
  88.000       0.6494
  89.000       0.7444
  90.000       0.8402
  91.000       0.8712
  92.000       0.5353
  93.000       0.9070
  94.000       1.0740
  95.000       0.7215
  96.000       0.6586
  97.000       1.5011
  98.000       0.7765
  99.000       0.9496
 100.000       0.8895
 101.000       0.9361
 102.000       1.0350
 103.000       0.8278
 104.000       0.7536
 105.000       0.8711
 106.000       0.7741
 107.000       0.9257
 108.000       0.9702
 109.000       0.8528
 110.000       0.8310
 111.000       1.1869
 112.000       0.9356
 113.000       0.8072
 114.000       1.3684
 115.000       1.0402
 116.000       1.3620
 117.000       1.5311
 118.000       1.0025
 119.000       1.0340
 120.000       1.0008
 121.000       1.7013
 122.000       1.9244
 123.000       1.5974
 124.000       2.3566
 125.000       1.8158
 126.000       1.9686
 127.000       1.6273
 128.000       1.4019
 129.000       1.8429
 130.000       2.1467
 131.000       2.7957
 132.000       2.3877
 133.000       4.5277
 134.000       6.6020
 135.000       6.9110
 136.000       8.4160
 137.000       9.7228
 138.000      10.1471
 139.000      11.5824
 140.000      11.9912
 141.000      12.8867
 142.000      13.0704
 143.000      13.8395
 144.000      12.7162
 145.000      11.6471
 146.000      10.1899
 147.000       9.2203
 148.000       7.3805
 149.000       8.0365
 150.000       6.6453
 151.000       6.8946
 152.000       3.9949
 153.000       2.9633
 154.000       1.7898
 155.000       1.0795
 156.000       0.9450
 157.000       0.9030
 158.000       1.2827
 159.000       0.8970
 160.000       0.8418
 161.000       1.1540
 162.000       1.7133
 163.000       1.0635
 164.000       1.0177
 165.000       1.0202
 166.000       1.5401
 167.000       1.1986
 168.000       2.2218
 169.000       2.3582
 170.000       2.9055
 171.000       2.7500
 172.000       1.8524
 173.000       2.4436
 174.000       2.4108
 175.000       2.0933
 176.000       1.6205
 177.000       1.3047
 178.000       1.3445
 179.000       1.0342
 180.000       1.5435
 181.000       1.9570
 182.000       1.5858
 183.000       1.1630
 184.000       0.8175
 185.000       0.8295
 186.000       0.7394
 187.000       0.7899
 188.000       0.8921
 189.000       1.1252
 190.000       0.8529
 191.000       0.8175
 192.000       0.8602
 193.000       0.9901
 194.000       0.8973
 195.000       1.0967
 196.000       1.2994
 197.000       0.7445
 198.000       0.8509
 199.000       1.4059
 200.000       1.3913
 201.000       1.1084
 202.000       1.4074
 203.000       1.7551
 204.000       1.3491
 205.000       1.3613
 206.000       1.2458
 207.000       1.7397
 208.000       1.6382
 209.000       1.6893
 210.000       1.8832
 211.000       1.4544
 212.000       0.9500
 213.000       1.1403
 214.000       1.2146
 215.000       1.4017
 216.000       0.7554
 217.000       1.0193
 218.000       0.9506
 219.000       0.8038
 220.000       0.9133
 221.000       0.8332
 222.000       0.7928
 223.000       1.0001
 224.000       1.1073
 225.000       1.2767
 226.000       0.8787
 227.000       0.8910
 228.000       1.2893
 229.000       1.0224
 230.000       1.0808
 231.000       1.1474
 232.000       1.0135
 233.000       1.0087
 234.000       1.4417
 235.000       1.1993
 236.000       0.8792
 237.000       1.1165
 238.000       1.9256
 239.000       0.9963
 240.000       0.8419
 241.000       1.1014
 242.000       1.1584
 243.000       1.2076
 244.000       1.5497
 245.000       2.1642
 246.000       2.5724
 247.000       1.7123
 248.000       1.5696
 249.000       1.7659
 250.000       1.7904
 251.000       1.2354
 252.000       1.1821
 253.000       1.1602
 254.000       1.4006
 255.000       1.1550
 256.000       0.9404
 257.000       0.8171
 258.000       0.8685
 259.000       0.9192
 260.000       0.7487
 261.000       1.1274
 262.000       0.8854
 263.000       1.6281
 264.000       0.6140
 265.000       0.8472
 266.000       0.6297
 267.000       0.9176
 268.000       0.5514
 269.000       0.6169
 270.000       0.6268
 271.000       0.5996
 272.000       0.6326
 273.000       0.6235
 274.000       0.5850
 275.000       0.9333
 276.000       0.6770
 277.000       0.7453
 278.000       1.3469
 279.000       0.8367
 280.000       1.4553
 281.000       1.1349
 282.000       1.0625
 283.000       1.1155
 284.000       0.8118
 285.000       1.0546
 286.000       0.7945
 287.000       1.6118
 288.000       0.8703
 289.000       0.6264
 290.000       0.7768
 291.000       0.7938
 292.000       0.6194
 293.000       0.7867
 294.000       0.6453
 295.000       0.8062
 296.000       0.5851
 297.000       0.7513
 298.000       0.8731
 299.000       0.7985
 300.000       0.5786
 301.000       1.0537
 302.000       0.7416
 303.000       0.7867
 304.000       0.7172
 305.000       1.3060
 306.000       1.0373
 307.000       0.8638
 308.000       0.8939
 309.000       0.9157
 310.000       1.1776
 311.000       1.1400
 312.000       0.8794
 313.000       1.0103
 314.000       1.2008
 315.000       1.0432
 316.000       1.8081
 317.000       1.6499
 318.000       1.5077
 319.000       1.4562
 320.000       1.4902
 321.000       1.2394
 322.000       1.4191
 323.000       1.1800
 324.000       1.4133
 325.000       1.4382
 326.000       1.3400
 327.000       1.4536
 328.000       1.4445
 329.000       1.0533
 330.000       0.9791
 331.000       0.8641
 332.000       1.1454
 333.000       1.3668
 334.000       1.1156
 335.000       0.8776
 336.000       1.2989
 337.000       1.3162
 338.000       0.9707
 339.000       1.2130
 340.000       0.8932
 341.000       1.1284
 342.000       1.0602
 343.000       1.2205
 344.000       1.0775
 345.000       1.0730
 346.000       1.1503
 347.000       0.8579
 348.000       0.9441
 349.000       0.8635
 350.000       0.8208
 351.000       0.7849
 352.000       0.8117
 353.000       0.8008
 354.000       0.7508
 355.000       0.7213
 356.000       0.9377
 357.000       0.8726
 358.000       1.0736
 359.000       1.0844
 360.000       0.6683
 361.000       0.8195
 362.000       0.5499
 363.000       0.8250
 364.000       0.5337
 365.000       0.5309
 366.000       0.6658
 367.000       1.0078
 368.000       0.5696
 369.000       0.5424
 370.000       0.9908
 371.000       0.9071
 372.000       0.8088
 373.000       0.7414
 374.000       0.9491
 375.000       0.9505
 376.000       0.7167
 377.000       0.8679
 378.000       0.9551
 379.000       1.1160
 380.000       1.0145
 381.000       1.1908
 382.000       1.7613
 383.000       1.6921
 384.000       1.1722
 385.000       1.3686
 386.000       2.3253
 387.000       1.2484
 388.000       1.2113
 389.000       1.3052
 390.000       1.2677
 391.000       0.9124
 392.000       0.8614
 393.000       1.1274
 394.000       1.8588
 395.000       1.0343
 396.000       0.8742
 397.000       1.2826
 398.000       0.8895
 399.000       0.9557
 400.000       0.9025
 401.000       1.1555
 402.000       1.0554
 403.000       0.7289
 404.000       1.0344
 405.000       1.3575
 406.000       0.9342
 407.000       0.9097
 408.000       0.8493
 409.000       1.1983
 410.000       0.8780
 411.000       0.7778
 412.000       0.9278
 413.000       0.8943
 414.000       0.8568
 415.000       1.0077
 416.000       0.8071
 417.000       1.1654
 418.000       0.8834
 419.000       0.9140
 420.000       0.9929
 421.000       0.8645
 422.000       0.8647
 423.000       0.9774
 424.000       0.8165
 425.000       1.2273
 426.000       0.9672
 427.000       1.0784
 428.000       1.1496
 429.000       1.5320
 430.000       0.8005
 431.000       1.0208
 432.000       0.8243
 433.000       1.1548
 434.000       0.9663
 435.000       0.7364
 436.000       1.0034
 437.000       0.7428
 438.000       0.8857
 439.000       0.9047
 440.000       1.2410
 441.000       1.3092
 442.000       1.4377
 443.000       0.8093
 444.000       0.9282
 445.000       0.8187
 446.000       1.3244
 447.000       0.7159
 448.000       0.7426
 449.000       1.0324
 450.000       0.8927
 451.000       0.7732
 452.000       1.2220
 453.000       1.4328
 454.000       0.9667
 455.000       1.0986
 456.000       1.0668
 457.000       1.9456
 458.000       1.7291
 459.000       0.9140
 460.000       1.0929
 461.000       1.3250
 462.000       0.9690
 463.000       0.8250
 464.000       1.1173
 465.000       1.1591
 466.000       0.7994
 467.000       0.7120
 468.000       1.1337
 469.000       1.4223
 470.000       1.0153
 471.000       0.9289
 472.000       0.8705
 473.000       1.2227
 474.000       1.6221
 475.000       0.9834
 476.000       1.0695
 477.000       1.7598
 478.000       1.1663
 479.000       1.0560
 480.000       1.1114
 481.000       1.3201
 482.000       1.4439
 483.000       1.7052
 484.000       1.6762
 485.000       2.1189
 486.000       2.2137
 487.000       2.7873
 488.000       1.4886
 489.000       1.1956
 490.000       1.9903
 491.000       1.3668
 492.000       1.4070
 493.000       1.6934
 494.000       1.4121
 495.000       1.8728
 496.000       1.3249
 497.000       1.3368
 498.000       1.8847
 499.000       1.4592
 500.000       1.4812
 501.000       1.6704
 502.000       1.2122
 503.000       1.3801
 504.000       1.1754
 505.000       1.4661
 506.000       1.1501
 507.000       1.3846
 508.000       1.0171
 509.000       1.2078
 510.000       1.2328
 511.000       1.0310
 512.000       1.0092
 513.000       1.1573
 514.000       1.2726
 515.000       0.8935
 516.000       0.8897
 517.000       1.2374
 518.000       1.3309
 519.000       0.9591
 520.000       1.2085
 521.000       1.6704
 522.000       1.2560
 523.000       1.7464
 524.000       1.8152
 525.000       1.7935
 526.000       1.6623
 527.000       2.0836
 528.000       2.2571
 529.000       2.3232
 530.000       2.7470
 531.000       2.8538
 532.000       2.1845
 533.000       1.7896
 534.000       1.9097
 535.000       1.6461
 536.000       1.8674
 537.000       1.2676
 538.000       1.7242
 539.000       1.4208
 540.000       1.8822
 541.000       2.4819
 542.000       4.1552
 543.000       6.0509
 544.000       8.0262
 545.000       5.2100
 546.000       0.7574
 547.000       0.4946
 548.000       0.5826
 549.000      50.2207
 550.000      52.0516
 551.000      50.1041
 552.000      51.5392
 553.000      52.1342
 554.000      52.5816
 555.000      51.2087
 556.000      51.0423
 557.000      50.6876
 558.000      51.3211
 559.000      51.3786
 560.000      50.5017
 561.000      52.0532
 562.000      44.4220
 563.000      52.7560
 564.000      50.6275
 565.000      51.4174
 566.000      51.3734
 567.000      51.0916
 568.000      51.8058
 569.000      50.0435
 570.000      49.5465
 571.000      52.3241
 572.000      51.7083
 573.000      51.1624
 574.000      50.9668
 575.000      52.3486
 576.000      51.0564
 577.000      51.1250
 578.000      50.4434
 579.000      47.9190
 580.000      51.4267
 581.000      51.9494
 582.000      52.2044
 583.000      50.6335
 584.000      52.5638
 585.000      51.4711
 586.000      52.7600
 587.000      50.7607
 588.000      52.7587
 589.000      51.1087
 590.000      51.7831
 591.000      51.2591
 592.000      52.5220
 593.000      51.0346
 594.000      52.4980
 595.000      52.2909
 596.000       0.7034
 597.000      53.7644
 598.000      54.0435
 599.000      53.2304
 600.000      52.5837
 601.000      52.6348
 602.000      52.6708
 603.000      52.6021
 604.000      53.6626
 605.000      53.4584
 606.000      53.2340
 607.000      52.9241
 608.000      53.5209
 609.000      52.7551
 610.000      52.8568
 611.000      53.2419
 612.000      52.8996
 613.000      53.3651
 614.000      53.6229
 615.000      53.4441
 616.000      52.5242
 617.000      53.5989
 618.000      53.4719
 619.000      53.6903
 620.000      53.0856
 621.000      53.5106
 622.000      52.7412
 623.000      53.3955
 624.000      53.6600
 625.000      52.6009
 626.000      53.2044
 627.000      53.1289
 628.000      53.3055
 629.000      54.1035
 630.000      52.4569
 631.000      53.3260
 632.000      53.2477
 633.000      52.9312
 634.000      53.5589
 635.000      53.2181
 636.000      53.5030
 637.000      53.9486
 638.000      52.5716
 639.000      52.5580
 640.000      53.4702
 641.000      52.8854
