#Res        AtomicFlx
   1.000       6.8172
   2.000       4.4578
   3.000       3.3206
   4.000       2.3214
   5.000       1.3355
   6.000       0.9471
   7.000       1.1428
   8.000       1.2489
   9.000       0.9140
  10.000       1.1928
  11.000       0.9043
  12.000       0.7091
  13.000       1.0957
  14.000       0.9747
  15.000       0.7327
  16.000       0.8478
  17.000       0.9637
  18.000       0.7021
  19.000       0.7413
  20.000       0.7378
  21.000       0.7768
  22.000       0.7637
  23.000       1.0540
  24.000       0.7746
  25.000       0.7056
  26.000       1.1648
  27.000       0.8776
  28.000       0.8280
  29.000       0.7802
  30.000       0.8565
  31.000       0.9721
  32.000       0.9341
  33.000       0.9047
  34.000       1.3847
  35.000       1.1938
  36.000       1.0436
  37.000       1.1866
  38.000       1.0783
  39.000       1.0203
  40.000       1.0700
  41.000       0.8899
  42.000       1.2700
  43.000       0.9752
  44.000       0.8842
  45.000       0.7403
  46.000       1.1560
  47.000       1.3076
  48.000       1.6826
  49.000       0.8682
  50.000       1.1744
  51.000       1.3705
  52.000       0.7632
  53.000       0.6025
  54.000       0.8772
  55.000       0.6532
  56.000       0.7225
  57.000       0.7017
  58.000       0.7492
  59.000       0.7997
  60.000       0.7287
  61.000       0.7043
  62.000       0.7427
  63.000       1.0609
  64.000       0.6539
  65.000       0.6996
  66.000       0.8956
  67.000       0.8525
  68.000       0.7913
  69.000       1.0059
  70.000       0.7134
  71.000       0.8641
  72.000       0.9059
  73.000       0.8865
  74.000       1.0187
  75.000       1.3297
  76.000       3.1008
  77.000       2.6718
  78.000       1.5411
  79.000       1.4342
  80.000       1.2336
  81.000       1.1645
  82.000       1.0400
  83.000       0.6622
  84.000       0.8044
  85.000       0.7029
  86.000       0.8351
  87.000       0.7512
  88.000       0.9235
  89.000       0.8152
  90.000       0.9434
  91.000       0.9945
  92.000       0.6430
  93.000       1.1189
  94.000       1.0957
  95.000       0.8579
  96.000       0.6506
  97.000       1.0451
  98.000       0.8398
  99.000       0.9689
 100.000       0.7129
 101.000       0.8433
 102.000       1.1846
 103.000       1.0045
 104.000       0.7930
 105.000       0.9260
 106.000       0.8003
 107.000       0.9623
 108.000       1.0696
 109.000       0.8792
 110.000       0.9604
 111.000       1.2719
 112.000       1.0223
 113.000       1.0067
 114.000       1.5447
 115.000       1.1609
 116.000       1.6245
 117.000       1.7532
 118.000       1.0968
 119.000       1.0551
 120.000       1.2149
 121.000       1.7642
 122.000       2.2646
 123.000       1.7011
 124.000       2.1148
 125.000       2.1549
 126.000       2.4211
 127.000       2.1979
 128.000       1.6788
 129.000       2.0600
 130.000       2.4820
 131.000       3.2976
 132.000       2.3778
 133.000       3.4751
 134.000       5.1575
 135.000       5.4213
 136.000       6.8020
 137.000       8.4715
 138.000       9.5466
 139.000      11.5201
 140.000      12.1003
 141.000      13.5380
 142.000      14.6710
 143.000      16.3101
 144.000      15.1407
 145.000      14.1566
 146.000      13.8132
 147.000      13.1912
 148.000      12.2525
 149.000      11.1863
 150.000      10.3415
 151.000       7.8011
 152.000       5.2520
 153.000       3.8003
 154.000       2.2557
 155.000       1.3188
 156.000       0.9504
 157.000       0.9790
 158.000       1.3853
 159.000       1.0519
 160.000       0.8858
 161.000       1.3811
 162.000       1.6710
 163.000       1.1394
 164.000       1.1575
 165.000       1.2077
 166.000       1.4512
 167.000       1.5893
 168.000       2.5365
 169.000       1.9359
 170.000       1.9204
 171.000       2.7743
 172.000       1.3876
 173.000       1.4433
 174.000       1.7914
 175.000       1.8988
 176.000       1.3632
 177.000       1.1364
 178.000       1.2047
 179.000       1.0349
 180.000       1.1786
 181.000       2.5545
 182.000       1.3333
 183.000       1.1842
 184.000       0.9445
 185.000       0.9468
 186.000       0.8091
 187.000       0.8613
 188.000       0.9590
 189.000       1.1590
 190.000       0.9356
 191.000       1.2200
 192.000       0.9026
 193.000       1.0188
 194.000       0.9078
 195.000       1.0680
 196.000       1.5535
 197.000       0.7804
 198.000       0.8755
 199.000       1.4836
 200.000       1.3920
 201.000       1.0115
 202.000       1.9093
 203.000       2.2286
 204.000       2.2162
 205.000       2.3542
 206.000       2.4175
 207.000       2.1585
 208.000       1.3147
 209.000       1.2324
 210.000       1.3576
 211.000       1.3542
 212.000       1.0451
 213.000       1.0718
 214.000       1.2012
 215.000       1.7857
 216.000       0.9706
 217.000       1.0742
 218.000       1.1465
 219.000       1.0430
 220.000       1.1813
 221.000       1.0403
 222.000       1.0781
 223.000       1.1647
 224.000       1.2518
 225.000       1.5411
 226.000       1.1757
 227.000       1.1712
 228.000       1.5577
 229.000       1.3312
 230.000       1.3467
 231.000       1.3907
 232.000       1.2750
 233.000       1.2429
 234.000       1.5271
 235.000       1.4807
 236.000       1.1314
 237.000       1.3980
 238.000       2.1350
 239.000       1.2230
 240.000       1.0284
 241.000       1.2593
 242.000       1.2933
 243.000       1.4495
 244.000       1.6381
 245.000       2.5781
 246.000       2.9616
 247.000       1.9060
 248.000       1.5306
 249.000       1.7669
 250.000       1.6863
 251.000       1.2320
 252.000       1.3349
 253.000       1.2304
 254.000       1.6896
 255.000       1.1711
 256.000       1.0451
 257.000       0.8508
 258.000       0.8600
 259.000       0.9452
 260.000       0.7440
 261.000       0.8380
 262.000       0.7889
 263.000       1.4005
 264.000       0.6407
 265.000       0.7413
 266.000       0.6033
 267.000       0.8278
 268.000       0.6114
 269.000       1.0067
 270.000       0.5926
 271.000       0.6889
 272.000       0.7838
 273.000       0.6624
 274.000       0.6280
 275.000       0.9353
 276.000       0.5705
 277.000       0.7353
 278.000       1.6825
 279.000       0.7526
 280.000       1.5005
 281.000       1.1656
 282.000       1.1384
 283.000       0.8635
 284.000       1.1217
 285.000       1.0139
 286.000       1.0056
 287.000       1.8103
 288.000       0.6916
 289.000       0.7027
 290.000       1.0979
 291.000       0.9047
 292.000       0.9054
 293.000       0.8480
 294.000       0.8166
 295.000       0.9701
 296.000       0.7048
 297.000       0.8261
 298.000       1.1624
 299.000       0.8075
 300.000       0.7431
 301.000       1.4091
 302.000       0.9943
 303.000       0.9601
 304.000       0.9552
 305.000       1.5727
 306.000       1.1707
 307.000       1.1226
 308.000       1.1230
 309.000       1.1648
 310.000       1.4311
 311.000       1.3134
 312.000       1.1805
 313.000       1.3058
 314.000       1.5721
 315.000       1.3716
 316.000       2.1737
 317.000       1.9198
 318.000       1.7715
 319.000       1.7879
 320.000       1.7835
 321.000       1.5593
 322.000       1.6702
 323.000       1.3617
 324.000       1.6193
 325.000       1.5441
 326.000       1.2359
 327.000       1.3428
 328.000       1.2258
 329.000       0.9848
 330.000       0.8812
 331.000       0.8577
 332.000       1.1857
 333.000       1.2112
 334.000       0.8381
 335.000       0.9472
 336.000       1.3693
 337.000       1.4438
 338.000       1.1343
 339.000       1.4279
 340.000       1.0292
 341.000       1.2039
 342.000       1.2420
 343.000       1.3079
 344.000       1.2390
 345.000       1.2022
 346.000       1.3504
 347.000       1.0333
 348.000       1.1490
 349.000       1.0440
 350.000       1.0546
 351.000       0.9533
 352.000       0.9685
 353.000       1.1173
 354.000       0.8723
 355.000       0.8379
 356.000       1.1137
 357.000       0.9918
 358.000       1.0361
 359.000       1.1569
 360.000       0.8909
 361.000       0.8603
 362.000       0.6186
 363.000       0.8379
 364.000       0.6022
 365.000       0.6869
 366.000       0.6530
 367.000       0.9900
 368.000       0.5834
 369.000       0.5624
 370.000       0.7890
 371.000       0.8526
 372.000       0.7577
 373.000       1.0351
 374.000       0.8521
 375.000       0.8945
 376.000       0.8570
 377.000       0.9757
 378.000       1.0259
 379.000       1.1479
 380.000       1.1693
 381.000       1.2266
 382.000       1.8104
 383.000       1.4764
 384.000       1.1554
 385.000       1.3659
 386.000       1.8667
 387.000       1.1673
 388.000       1.7488
 389.000       1.2898
 390.000       1.3706
 391.000       0.9292
 392.000       0.8178
 393.000       1.0998
 394.000       1.7249
 395.000       0.8711
 396.000       1.0203
 397.000       1.2628
 398.000       0.8386
 399.000       0.7726
 400.000       1.1229
 401.000       1.3564
 402.000       1.1837
 403.000       0.8002
 404.000       1.1694
 405.000       1.4501
 406.000       0.8564
 407.000       1.1112
 408.000       0.9683
 409.000       1.1988
 410.000       1.0807
 411.000       0.9065
 412.000       1.0206
 413.000       1.2326
 414.000       0.9827
 415.000       1.1040
 416.000       0.9142
 417.000       1.0976
 418.000       0.9186
 419.000       1.0179
 420.000       1.5719
 421.000       0.9897
 422.000       1.5198
 423.000       1.8543
 424.000       1.4150
 425.000       1.2523
 426.000       1.0006
 427.000       1.1387
 428.000       0.9466
 429.000       0.8965
 430.000       0.7116
 431.000       0.9729
 432.000       0.8319
 433.000       0.9450
 434.000       0.7579
 435.000       0.7568
 436.000       1.0503
 437.000       0.7887
 438.000       0.9392
 439.000       0.9131
 440.000       2.2953
 441.000       1.4993
 442.000       1.4028
 443.000       0.9048
 444.000       0.9419
 445.000       0.9702
 446.000       1.4187
 447.000       0.8128
 448.000       0.8977
 449.000       1.2355
 450.000       0.9676
 451.000       0.9306
 452.000       1.5102
 453.000       1.5879
 454.000       1.0770
 455.000       1.4128
 456.000       1.5969
 457.000       2.2416
 458.000       1.6057
 459.000       0.9441
 460.000       1.0438
 461.000       1.0948
 462.000       1.1801
 463.000       0.8701
 464.000       0.8734
 465.000       1.1107
 466.000       0.7547
 467.000       0.7136
 468.000       1.2131
 469.000       1.1408
 470.000       0.9144
 471.000       0.8866
 472.000       0.7828
 473.000       1.0791
 474.000       1.5150
 475.000       0.8861
 476.000       1.0323
 477.000       1.7728
 478.000       1.0007
 479.000       0.9649
 480.000       1.0629
 481.000       1.1688
 482.000       1.1192
 483.000       1.3280
 484.000       1.5455
 485.000       1.5033
 486.000       1.7023
 487.000       2.9337
 488.000       1.4512
 489.000       1.2635
 490.000       1.8645
 491.000       1.4278
 492.000       1.8196
 493.000       1.8726
 494.000       1.3580
 495.000       1.7536
 496.000       1.4849
 497.000       1.4387
 498.000       1.7275
 499.000       1.9003
 500.000       1.3167
 501.000       1.2908
 502.000       1.3492
 503.000       1.5507
 504.000       1.0603
 505.000       1.2400
 506.000       1.3104
 507.000       1.2520
 508.000       1.0172
 509.000       1.2184
 510.000       1.0851
 511.000       1.1932
 512.000       1.1905
 513.000       1.0424
 514.000       1.0867
 515.000       1.0282
 516.000       1.0881
 517.000       1.4317
 518.000       1.1784
 519.000       1.2861
 520.000       1.5475
 521.000       1.6409
 522.000       1.6691
 523.000       2.4309
 524.000       2.3144
 525.000       2.2156
 526.000       2.9070
 527.000       3.6882
 528.000       3.3304
 529.000       3.1563
 530.000       3.5013
 531.000       3.6286
 532.000       3.0403
 533.000       2.8180
 534.000       2.8659
 535.000       2.7611
 536.000       3.2154
 537.000       2.4244
 538.000       2.7550
 539.000       2.5812
 540.000       2.9411
 541.000       3.6260
 542.000       5.3054
 543.000       7.1313
 544.000       9.5216
 545.000       4.2401
 546.000       0.8131
 547.000       0.6206
 548.000       0.6332
 549.000      50.1443
 550.000      50.9606
 551.000      49.6579
 552.000      51.1819
 553.000      51.6987
 554.000      51.0878
 555.000      50.5847
 556.000      52.5219
 557.000      51.0091
 558.000      52.2717
 559.000      52.1265
 560.000      51.8412
 561.000      52.2095
 562.000      49.7435
 563.000      52.1910
 564.000      50.3814
 565.000      51.6594
 566.000      52.9389
 567.000      51.1452
 568.000      49.9657
 569.000      52.2194
 570.000      51.6177
 571.000      50.7264
 572.000      52.6900
 573.000      52.1459
 574.000      52.3450
 575.000      49.6507
 576.000      51.9468
 577.000      51.9835
 578.000      52.0559
 579.000      50.6833
 580.000      51.1511
 581.000      50.5775
 582.000      52.0732
 583.000      50.6424
 584.000      50.8533
 585.000      50.5978
 586.000      52.8615
 587.000      50.7100
 588.000      49.5556
 589.000      50.4764
 590.000      50.8172
 591.000      50.5295
 592.000      52.1712
 593.000      50.9895
 594.000      49.4648
 595.000      51.6655
 596.000       0.7434
 597.000      52.9451
 598.000      52.9834
 599.000      53.1838
 600.000      53.4022
 601.000      53.0926
 602.000      53.1671
 603.000      53.3329
 604.000      53.2266
 605.000      52.6762
 606.000      52.9057
 607.000      53.4140
 608.000      53.1168
 609.000      53.6093
 610.000      53.6541
 611.000      52.6459
 612.000      53.2962
 613.000      53.6330
 614.000      53.2295
 615.000      53.8310
 616.000      53.1402
 617.000      53.9926
 618.000      53.5445
 619.000      53.2926
 620.000      53.3102
 621.000      53.3888
 622.000      52.8431
 623.000      53.6418
 624.000      53.4187
 625.000      53.1973
 626.000      53.6168
 627.000      53.8431
 628.000      53.2372
 629.000      53.0934
 630.000      53.4530
 631.000      53.0005
 632.000      53.7253
 633.000      52.9752
 634.000      53.2967
 635.000      53.2029
 636.000      52.8223
 637.000      52.9331
 638.000      53.7189
 639.000      53.4391
 640.000      52.6666
 641.000      53.5554
