#Res        AtomicFlx
   1.000       6.0838
   2.000       4.9737
   3.000       3.3725
   4.000       1.9834
   5.000       1.1345
   6.000       0.8012
   7.000       1.1796
   8.000       1.5256
   9.000       1.6765
  10.000       1.1925
  11.000       0.8456
  12.000       0.6499
  13.000       1.0360
  14.000       0.7099
  15.000       0.6082
  16.000       0.7534
  17.000       0.6922
  18.000       0.5425
  19.000       0.6092
  20.000       0.6385
  21.000       0.8290
  22.000       0.8408
  23.000       0.9433
  24.000       0.7770
  25.000       0.8879
  26.000       1.1444
  27.000       1.2499
  28.000       1.5279
  29.000       0.7047
  30.000       0.8014
  31.000       1.1014
  32.000       0.9934
  33.000       0.8105
  34.000       1.0815
  35.000       1.6549
  36.000       0.9574
  37.000       1.1615
  38.000       1.1675
  39.000       1.0314
  40.000       0.9600
  41.000       0.7600
  42.000       1.0857
  43.000       0.9679
  44.000       0.7720
  45.000       0.6550
  46.000       1.0776
  47.000       1.0508
  48.000       0.8582
  49.000       0.8384
  50.000       1.1418
  51.000       1.3682
  52.000       0.7671
  53.000       0.5986
  54.000       1.3124
  55.000       0.6925
  56.000       0.8124
  57.000       0.5689
  58.000       1.0347
  59.000       0.9053
  60.000       0.5935
  61.000       0.7441
  62.000       0.7314
  63.000       0.9361
  64.000       0.6429
  65.000       0.8349
  66.000       0.8535
  67.000       0.7198
  68.000       1.6940
  69.000       0.8950
  70.000       0.6338
  71.000       0.7526
  72.000       0.7215
  73.000       0.5956
  74.000       0.7171
  75.000       0.7040
  76.000       1.4460
  77.000       1.2413
  78.000       1.1734
  79.000       0.9507
  80.000       0.9710
  81.000       1.0346
  82.000       0.8100
  83.000       0.6700
  84.000       0.7696
  85.000       0.6134
  86.000       1.0150
  87.000       0.8514
  88.000       1.0168
  89.000       0.7895
  90.000       1.1344
  91.000       1.0061
  92.000       0.7281
  93.000       0.9991
  94.000       1.4067
  95.000       1.1149
  96.000       1.0273
  97.000       1.8369
  98.000       1.5676
  99.000       1.2733
 100.000       0.8250
 101.000       1.0307
 102.000       0.9180
 103.000       0.8761
 104.000       0.6745
 105.000       0.6973
 106.000       0.6600
 107.000       0.9480
 108.000       0.8027
 109.000       0.6358
 110.000       0.7439
 111.000       1.5644
 112.000       0.8818
 113.000       0.9050
 114.000       1.3327
 115.000       1.0809
 116.000       1.4253
 117.000       1.5863
 118.000       0.9640
 119.000       1.0061
 120.000       0.9308
 121.000       1.3855
 122.000       1.3954
 123.000       1.2095
 124.000       1.6921
 125.000       1.3480
 126.000       1.4793
 127.000       1.2273
 128.000       1.0756
 129.000       1.4592
 130.000       1.8326
 131.000       2.4599
 132.000       1.7006
 133.000       2.7751
 134.000       4.2427
 135.000       4.8246
 136.000       6.7846
 137.000       7.2053
 138.000       7.6164
 139.000       9.2895
 140.000       9.7838
 141.000       9.6480
 142.000       9.6964
 143.000      10.6657
 144.000       9.2047
 145.000       7.9913
 146.000       7.0623
 147.000       6.6077
 148.000       6.1863
 149.000       5.9374
 150.000       5.3713
 151.000       5.0575
 152.000       3.2168
 153.000       2.2447
 154.000       1.1355
 155.000       0.8891
 156.000       0.7848
 157.000       0.8003
 158.000       1.0285
 159.000       0.7938
 160.000       0.7649
 161.000       1.0879
 162.000       1.5222
 163.000       0.9575
 164.000       0.9466
 165.000       1.0104
 166.000       1.6651
 167.000       1.3151
 168.000       2.2593
 169.000       3.5649
 170.000       3.2280
 171.000       2.2369
 172.000       1.4056
 173.000       1.1983
 174.000       1.6438
 175.000       1.4152
 176.000       1.2626
 177.000       1.0700
 178.000       1.1168
 179.000       0.8928
 180.000       1.8157
 181.000       1.9945
 182.000       1.4384
 183.000       1.1389
 184.000       0.7680
 185.000       0.7648
 186.000       0.6888
 187.000       0.8000
 188.000       0.8375
 189.000       1.1691
 190.000       0.8617
 191.000       0.8741
 192.000       0.8704
 193.000       1.1078
 194.000       1.1199
 195.000       0.9679
 196.000       1.7750
 197.000       0.9139
 198.000       1.1408
 199.000       1.1690
 200.000       1.3171
 201.000       0.8487
 202.000       1.0823
 203.000       1.4699
 204.000       0.8895
 205.000       0.9476
 206.000       0.7892
 207.000       1.2730
 208.000       0.8669
 209.000       0.7625
 210.000       1.3610
 211.000       0.9504
 212.000       0.8135
 213.000       1.1259
 214.000       1.1183
 215.000       1.5033
 216.000       0.7302
 217.000       1.0200
 218.000       0.8742
 219.000       0.7364
 220.000       1.0107
 221.000       0.7587
 222.000       0.7201
 223.000       0.8371
 224.000       1.0301
 225.000       1.2476
 226.000       0.8218
 227.000       0.7848
 228.000       1.2085
 229.000       0.9693
 230.000       0.9687
 231.000       1.0229
 232.000       0.8705
 233.000       0.8835
 234.000       1.1401
 235.000       1.1446
 236.000       0.8259
 237.000       1.1557
 238.000       1.7289
 239.000       1.0256
 240.000       0.8341
 241.000       1.1650
 242.000       1.3064
 243.000       1.3866
 244.000       1.7124
 245.000       2.4990
 246.000       2.7528
 247.000       1.6744
 248.000       1.5861
 249.000       1.8321
 250.000       1.7109
 251.000       1.2199
 252.000       1.2530
 253.000       1.1314
 254.000       1.2505
 255.000       1.2061
 256.000       0.9011
 257.000       0.7374
 258.000       0.7598
 259.000       0.9183
 260.000       0.6994
 261.000       0.7450
 262.000       0.9297
 263.000       1.4844
 264.000       0.7620
 265.000       0.8576
 266.000       0.6966
 267.000       0.9977
 268.000       0.6946
 269.000       0.7144
 270.000       0.5900
 271.000       0.6610
 272.000       0.8290
 273.000       0.6888
 274.000       0.6712
 275.000       0.6590
 276.000       0.5978
 277.000       0.6896
 278.000       0.9499
 279.000       0.8665
 280.000       1.5310
 281.000       1.2704
 282.000       1.2893
 283.000       1.3684
 284.000       1.2781
 285.000       1.0823
 286.000       1.3341
 287.000       1.9994
 288.000       0.9322
 289.000       0.6969
 290.000       0.9645
 291.000       0.8644
 292.000       0.6425
 293.000       0.7923
 294.000       0.6854
 295.000       0.8643
 296.000       0.6620
 297.000       0.7772
 298.000       0.8832
 299.000       0.6354
 300.000       0.5716
 301.000       1.0366
 302.000       0.8078
 303.000       0.6936
 304.000       0.7050
 305.000       1.3526
 306.000       0.8313
 307.000       0.7693
 308.000       1.0089
 309.000       0.8357
 310.000       1.0406
 311.000       0.9016
 312.000       0.7790
 313.000       0.9372
 314.000       1.0684
 315.000       0.9385
 316.000       1.7316
 317.000       1.6857
 318.000       1.4957
 319.000       1.3678
 320.000       1.4288
 321.000       1.1243
 322.000       1.3332
 323.000       1.0701
 324.000       1.3665
 325.000       1.2345
 326.000       1.0050
 327.000       1.4272
 328.000       1.4125
 329.000       1.0388
 330.000       0.9080
 331.000       0.7160
 332.000       0.8836
 333.000       0.9739
 334.000       0.7079
 335.000       0.7932
 336.000       1.1169
 337.000       1.1672
 338.000       0.8590
 339.000       1.0841
 340.000       0.8064
 341.000       1.1118
 342.000       0.9652
 343.000       1.2042
 344.000       1.0258
 345.000       0.9657
 346.000       1.0337
 347.000       0.7635
 348.000       0.8023
 349.000       0.7800
 350.000       0.7162
 351.000       0.6862
 352.000       0.7443
 353.000       0.9229
 354.000       0.6920
 355.000       0.6968
 356.000       0.9362
 357.000       0.8777
 358.000       1.0321
 359.000       1.0413
 360.000       0.7974
 361.000       0.9899
 362.000       0.5601
 363.000       0.9410
 364.000       0.6254
 365.000       0.7709
 366.000       0.6931
 367.000       1.0487
 368.000       0.6837
 369.000       0.7458
 370.000       1.0582
 371.000       0.9041
 372.000       0.8537
 373.000       0.7608
 374.000       0.8228
 375.000       0.8180
 376.000       0.7395
 377.000       1.0332
 378.000       1.3080
 379.000       1.9382
 380.000       1.5828
 381.000       2.2431
 382.000       2.9074
 383.000       3.0143
 384.000       2.0472
 385.000       2.4686
 386.000       2.4211
 387.000       1.3006
 388.000       1.2964
 389.000       1.3288
 390.000       1.3547
 391.000       1.1027
 392.000       0.9021
 393.000       1.1964
 394.000       1.8679
 395.000       1.0109
 396.000       1.0487
 397.000       1.3766
 398.000       1.0443
 399.000       1.0447
 400.000       1.0381
 401.000       1.2486
 402.000       1.3492
 403.000       0.8173
 404.000       1.1697
 405.000       1.3499
 406.000       0.9080
 407.000       1.0712
 408.000       0.8131
 409.000       1.1301
 410.000       0.9183
 411.000       0.8651
 412.000       0.9581
 413.000       1.1097
 414.000       0.9016
 415.000       0.9221
 416.000       0.9059
 417.000       1.1250
 418.000       1.1274
 419.000       1.0545
 420.000       1.3735
 421.000       1.1831
 422.000       0.9646
 423.000       1.0843
 424.000       0.8145
 425.000       1.0859
 426.000       0.7684
 427.000       0.9993
 428.000       0.7822
 429.000       1.6057
 430.000       0.6154
 431.000       0.8968
 432.000       0.6663
 433.000       0.7665
 434.000       0.6692
 435.000       0.6157
 436.000       0.8976
 437.000       0.5946
 438.000       0.9389
 439.000       0.8148
 440.000       1.1611
 441.000       1.3357
 442.000       1.2080
 443.000       0.7518
 444.000       0.8459
 445.000       0.7250
 446.000       1.1529
 447.000       0.7113
 448.000       0.7075
 449.000       0.9725
 450.000       0.7746
 451.000       0.8409
 452.000       1.2382
 453.000       1.4375
 454.000       1.1029
 455.000       1.1247
 456.000       1.0819
 457.000       1.9264
 458.000       1.7453
 459.000       0.9248
 460.000       1.0962
 461.000       1.1501
 462.000       1.3686
 463.000       1.2527
 464.000       0.8715
 465.000       1.1428
 466.000       0.7460
 467.000       0.7211
 468.000       0.9103
 469.000       1.2796
 470.000       0.8532
 471.000       0.7939
 472.000       0.7577
 473.000       1.0769
 474.000       0.9962
 475.000       0.7207
 476.000       1.0315
 477.000       1.5306
 478.000       1.0661
 479.000       0.8379
 480.000       0.9404
 481.000       1.0527
 482.000       0.9988
 483.000       1.1138
 484.000       1.1608
 485.000       1.1561
 486.000       1.3888
 487.000       2.8018
 488.000       1.4886
 489.000       1.4234
 490.000       1.8329
 491.000       1.3380
 492.000       1.6869
 493.000       1.7571
 494.000       1.2928
 495.000       1.7317
 496.000       1.4152
 497.000       1.3421
 498.000       1.6574
 499.000       1.3530
 500.000       1.1218
 501.000       1.4586
 502.000       1.1795
 503.000       1.3619
 504.000       1.0054
 505.000       1.8294
 506.000       1.2499
 507.000       1.3361
 508.000       1.1293
 509.000       1.4030
 510.000       1.4862
 511.000       1.4303
 512.000       2.0191
 513.000       1.4934
 514.000       1.4815
 515.000       0.9286
 516.000       1.0452
 517.000       1.3960
 518.000       1.0390
 519.000       0.8559
 520.000       1.0306
 521.000       1.5376
 522.000       1.1819
 523.000       1.4634
 524.000       1.5175
 525.000       1.5737
 526.000       1.5503
 527.000       2.0496
 528.000       2.1663
 529.000       2.2073
 530.000       2.6409
 531.000       2.7870
 532.000       2.2617
 533.000       1.6368
 534.000       1.8424
 535.000       1.8407
 536.000       1.9847
 537.000       1.2357
 538.000       1.7150
 539.000       1.4910
 540.000       1.4202
 541.000       2.0677
 542.000       3.7006
 543.000       5.6737
 544.000       7.7170
 545.000       3.9178
 546.000       1.1772
 547.000       0.5396
 548.000       1.5825
 549.000      51.7571
 550.000      51.2704
 551.000      52.3553
 552.000      52.5444
 553.000      50.4477
 554.000      52.3634
 555.000      50.2257
 556.000      52.6142
 557.000      52.3937
 558.000      52.4210
 559.000      50.3887
 560.000      52.8929
 561.000      52.6884
 562.000      50.7643
 563.000      51.8621
 564.000      50.9111
 565.000      51.4535
 566.000      51.6062
 567.000      52.5478
 568.000      50.9420
 569.000      51.9456
 570.000      51.5681
 571.000      51.8793
 572.000      50.2390
 573.000      53.3325
 574.000      51.9768
 575.000      51.6400
 576.000      51.4016
 577.000      52.0998
 578.000      51.2244
 579.000      51.0733
 580.000      51.2358
 581.000      52.4507
 582.000      50.6151
 583.000      51.7148
 584.000      52.4074
 585.000      53.0362
 586.000      49.2518
 587.000      52.2600
 588.000      51.0929
 589.000      49.7703
 590.000      51.3840
 591.000      52.5330
 592.000      52.0892
 593.000      49.1756
 594.000      52.6773
 595.000      51.4024
 596.000       0.7550
 597.000      52.8224
 598.000      53.1957
 599.000      53.7188
 600.000      53.3519
 601.000      53.1473
 602.000      53.6694
 603.000      53.2362
 604.000      53.5070
 605.000      53.8740
 606.000      53.3798
 607.000      53.4233
 608.000      53.3086
 609.000      54.0007
 610.000      53.8944
 611.000      52.8445
 612.000      53.4719
 613.000      53.4718
 614.000      53.6416
 615.000      53.3331
 616.000      52.8124
 617.000      53.6405
 618.000      53.7386
 619.000      53.7482
 620.000      53.6395
 621.000      53.7604
 622.000      53.7996
 623.000      53.1483
 624.000      53.5450
 625.000      53.6914
 626.000      53.3411
 627.000      53.8746
 628.000      53.2857
 629.000      53.0272
 630.000      53.4964
 631.000      53.5464
 632.000      53.8349
 633.000      53.3531
 634.000      53.5334
 635.000      53.9994
 636.000      53.1632
 637.000      53.6837
 638.000      53.8860
 639.000      53.9661
 640.000      53.9015
 641.000      53.0189
