#Res        AtomicFlx
   1.000       7.7618
   2.000       5.3147
   3.000       4.2721
   4.000       2.5704
   5.000       1.7863
   6.000       1.5260
   7.000       1.7435
   8.000       1.7441
   9.000       1.7009
  10.000       1.3863
  11.000       1.1090
  12.000       0.8184
  13.000       1.0741
  14.000       1.1006
  15.000       0.8275
  16.000       0.9058
  17.000       0.7693
  18.000       0.5857
  19.000       0.6515
  20.000       0.6282
  21.000       0.7409
  22.000       0.5873
  23.000       0.8567
  24.000       0.5787
  25.000       0.5100
  26.000       0.8196
  27.000       0.7058
  28.000       1.3278
  29.000       0.6692
  30.000       0.7424
  31.000       1.1005
  32.000       0.9212
  33.000       1.0155
  34.000       1.1650
  35.000       1.7924
  36.000       0.9389
  37.000       0.9247
  38.000       0.8952
  39.000       1.0108
  40.000       1.0190
  41.000       0.8306
  42.000       1.2868
  43.000       0.9928
  44.000       0.8399
  45.000       0.6876
  46.000       1.2797
  47.000       1.1550
  48.000       0.7265
  49.000       0.9369
  50.000       1.0483
  51.000       1.2727
  52.000       0.7208
  53.000       0.6322
  54.000       0.9396
  55.000       0.6797
  56.000       0.8147
  57.000       1.0026
  58.000       0.8463
  59.000       0.9830
  60.000       0.9066
  61.000       1.1056
  62.000       0.8763
  63.000       0.9407
  64.000       0.6997
  65.000       1.0944
  66.000       1.1782
  67.000       0.8469
  68.000       1.8788
  69.000       1.2007
  70.000       0.9404
  71.000       1.0415
  72.000       1.2441
  73.000       0.9831
  74.000       1.0438
  75.000       1.0864
  76.000       1.7442
  77.000       1.6858
  78.000       1.4311
  79.000       1.2973
  80.000       1.5772
  81.000       1.2213
  82.000       1.3273
  83.000       0.8016
  84.000       0.9237
  85.000       0.8320
  86.000       1.1895
  87.000       0.8194
  88.000       0.8677
  89.000       0.9523
  90.000       0.9986
  91.000       1.1109
  92.000       0.7908
  93.000       1.0608
  94.000       1.0104
  95.000       0.8936
  96.000       0.8078
  97.000       1.0863
  98.000       1.0035
  99.000       1.1258
 100.000       1.0333
 101.000       0.8039
 102.000       0.7322
 103.000       0.8764
 104.000       0.7324
 105.000       1.2517
 106.000       0.6518
 107.000       0.8036
 108.000       0.8465
 109.000       0.9461
 110.000       0.7257
 111.000       1.3819
 112.000       0.7628
 113.000       0.6924
 114.000       1.3634
 115.000       1.1839
 116.000       1.6454
 117.000       1.5721
 118.000       0.8725
 119.000       0.8324
 120.000       0.8012
 121.000       0.9917
 122.000       1.0320
 123.000       1.1856
 124.000       1.4975
 125.000       1.3724
 126.000       1.5181
 127.000       1.3818
 128.000       1.1281
 129.000       1.6151
 130.000       1.9530
 131.000       3.0415
 132.000       2.2665
 133.000       2.6143
 134.000       3.7043
 135.000       2.5025
 136.000       2.4967
 137.000       1.7772
 138.000       1.7227
 139.000       2.4660
 140.000       2.4547
 141.000       1.9183
 142.000       2.1225
 143.000       2.9654
 144.000       2.8338
 145.000       2.5578
 146.000       3.2301
 147.000       3.6279
 148.000       3.7695
 149.000       3.1265
 150.000       2.6213
 151.000       3.3504
 152.000       2.0993
 153.000       1.9909
 154.000       1.0574
 155.000       0.8262
 156.000       0.6634
 157.000       0.7270
 158.000       1.1521
 159.000       0.7799
 160.000       0.8408
 161.000       1.0162
 162.000       1.6722
 163.000       0.9610
 164.000       1.0465
 165.000       1.2439
 166.000       1.8434
 167.000       1.3332
 168.000       2.7791
 169.000       3.5597
 170.000       3.0421
 171.000       3.8434
 172.000       1.3959
 173.000       1.5812
 174.000       1.9612
 175.000       1.6328
 176.000       1.2628
 177.000       1.0527
 178.000       1.2235
 179.000       0.9021
 180.000       1.4844
 181.000       1.7862
 182.000       1.5149
 183.000       1.0961
 184.000       0.8257
 185.000       0.8290
 186.000       0.7269
 187.000       0.9295
 188.000       1.0850
 189.000       1.3480
 190.000       1.0109
 191.000       1.2941
 192.000       1.4135
 193.000       1.7127
 194.000       1.3660
 195.000       1.7169
 196.000       2.1143
 197.000       1.5629
 198.000       1.4790
 199.000       2.2740
 200.000       2.3723
 201.000       1.7172
 202.000       2.5029
 203.000       2.0765
 204.000       1.5787
 205.000       1.7112
 206.000       1.3104
 207.000       1.7071
 208.000       1.5558
 209.000       1.4092
 210.000       1.5269
 211.000       1.7148
 212.000       1.2927
 213.000       1.3067
 214.000       1.2238
 215.000       1.4126
 216.000       0.7350
 217.000       0.9985
 218.000       0.9284
 219.000       0.7103
 220.000       0.8538
 221.000       0.7187
 222.000       0.6452
 223.000       0.8264
 224.000       0.9174
 225.000       1.1285
 226.000       0.6942
 227.000       0.6310
 228.000       1.0958
 229.000       0.8318
 230.000       0.8268
 231.000       0.8467
 232.000       0.7305
 233.000       0.7517
 234.000       1.2729
 235.000       1.1507
 236.000       0.7799
 237.000       1.2166
 238.000       1.7301
 239.000       1.0690
 240.000       0.9043
 241.000       1.2650
 242.000       1.3055
 243.000       1.5692
 244.000       1.4700
 245.000       1.3896
 246.000       2.0102
 247.000       1.7096
 248.000       1.2182
 249.000       1.6479
 250.000       1.6568
 251.000       1.2334
 252.000       1.2360
 253.000       1.2467
 254.000       0.9803
 255.000       1.1488
 256.000       0.9885
 257.000       0.7291
 258.000       0.7143
 259.000       0.8619
 260.000       0.5659
 261.000       0.6754
 262.000       0.7918
 263.000       1.0945
 264.000       0.4732
 265.000       0.7265
 266.000       0.6698
 267.000       1.0658
 268.000       0.7251
 269.000       0.7400
 270.000       0.7262
 271.000       0.7332
 272.000       0.9294
 273.000       0.8819
 274.000       0.8240
 275.000       1.0446
 276.000       0.7825
 277.000       1.0610
 278.000       1.6976
 279.000       1.3189
 280.000       1.8893
 281.000       1.6321
 282.000       1.7003
 283.000       1.6422
 284.000       1.4804
 285.000       1.2492
 286.000       1.4119
 287.000       1.9866
 288.000       0.9706
 289.000       0.7973
 290.000       1.0399
 291.000       0.8724
 292.000       0.6943
 293.000       0.7559
 294.000       0.7611
 295.000       0.8705
 296.000       0.5926
 297.000       0.7377
 298.000       0.9039
 299.000       0.6067
 300.000       0.4872
 301.000       1.1101
 302.000       0.6912
 303.000       0.5734
 304.000       0.6066
 305.000       1.2232
 306.000       0.8286
 307.000       0.6456
 308.000       0.9998
 309.000       0.6467
 310.000       0.9354
 311.000       0.7720
 312.000       0.6571
 313.000       0.7428
 314.000       0.8719
 315.000       0.8249
 316.000       1.1975
 317.000       1.2335
 318.000       1.1883
 319.000       1.1806
 320.000       1.3377
 321.000       1.1083
 322.000       1.2930
 323.000       1.0134
 324.000       1.3327
 325.000       1.1646
 326.000       0.8939
 327.000       1.2040
 328.000       0.9146
 329.000       0.6263
 330.000       0.7617
 331.000       0.6670
 332.000       0.7529
 333.000       0.9099
 334.000       0.6639
 335.000       0.6881
 336.000       0.9813
 337.000       1.0393
 338.000       0.7195
 339.000       0.8703
 340.000       0.7090
 341.000       0.9861
 342.000       0.8382
 343.000       1.0615
 344.000       0.8658
 345.000       0.9146
 346.000       1.0668
 347.000       0.6842
 348.000       0.7985
 349.000       0.7274
 350.000       0.6559
 351.000       0.6184
 352.000       0.6936
 353.000       0.8739
 354.000       0.5994
 355.000       0.6438
 356.000       0.7699
 357.000       0.7241
 358.000       0.8823
 359.000       0.8920
 360.000       0.6016
 361.000       0.6583
 362.000       0.5254
 363.000       0.8817
 364.000       0.5374
 365.000       0.6404
 366.000       0.6277
 367.000       1.4047
 368.000       0.6959
 369.000       0.6719
 370.000       0.8346
 371.000       1.0661
 372.000       1.0075
 373.000       0.8733
 374.000       1.2466
 375.000       1.2146
 376.000       0.8890
 377.000       1.0999
 378.000       1.3097
 379.000       1.4147
 380.000       1.5558
 381.000       1.8131
 382.000       2.1361
 383.000       2.2946
 384.000       1.8151
 385.000       1.9104
 386.000       3.3465
 387.000       2.4473
 388.000       2.3513
 389.000       2.2187
 390.000       2.2504
 391.000       1.4736
 392.000       1.3903
 393.000       1.7229
 394.000       2.4610
 395.000       1.1869
 396.000       1.2829
 397.000       1.6625
 398.000       1.1436
 399.000       0.9088
 400.000       0.9632
 401.000       1.4441
 402.000       1.1446
 403.000       0.7861
 404.000       1.2461
 405.000       1.4665
 406.000       0.9071
 407.000       0.8131
 408.000       0.8235
 409.000       1.2265
 410.000       0.8582
 411.000       0.7641
 412.000       0.8873
 413.000       0.9948
 414.000       0.9218
 415.000       1.1572
 416.000       1.0558
 417.000       1.3471
 418.000       1.3022
 419.000       1.2163
 420.000       1.7114
 421.000       1.5332
 422.000       2.0946
 423.000       2.1348
 424.000       1.2838
 425.000       1.2395
 426.000       1.0039
 427.000       1.4801
 428.000       1.0289
 429.000       1.6042
 430.000       0.7116
 431.000       0.9375
 432.000       0.7788
 433.000       1.2424
 434.000       0.8170
 435.000       0.7439
 436.000       0.9254
 437.000       0.7543
 438.000       1.0416
 439.000       0.9089
 440.000       1.1392
 441.000       1.3903
 442.000       1.4201
 443.000       0.8970
 444.000       1.0693
 445.000       0.9642
 446.000       1.3995
 447.000       0.9065
 448.000       0.9561
 449.000       1.2463
 450.000       1.0775
 451.000       1.0931
 452.000       1.4321
 453.000       1.7642
 454.000       1.3579
 455.000       1.4254
 456.000       1.2781
 457.000       1.9700
 458.000       1.8165
 459.000       1.1171
 460.000       1.2358
 461.000       1.2754
 462.000       1.4622
 463.000       1.0786
 464.000       0.9958
 465.000       1.2098
 466.000       0.7880
 467.000       0.7219
 468.000       1.0288
 469.000       1.2485
 470.000       0.9211
 471.000       0.8604
 472.000       0.7682
 473.000       1.0344
 474.000       1.1657
 475.000       1.1087
 476.000       0.9699
 477.000       1.4483
 478.000       1.0820
 479.000       0.8951
 480.000       0.9009
 481.000       0.9527
 482.000       0.9824
 483.000       1.1404
 484.000       1.3028
 485.000       1.3246
 486.000       1.3325
 487.000       2.8894
 488.000       1.4846
 489.000       1.3835
 490.000       1.9222
 491.000       1.4544
 492.000       1.6351
 493.000       1.8233
 494.000       1.4522
 495.000       1.8981
 496.000       1.5139
 497.000       1.4795
 498.000       1.7802
 499.000       1.5968
 500.000       1.2458
 501.000       1.3441
 502.000       1.2881
 503.000       1.4316
 504.000       0.9436
 505.000       1.2143
 506.000       1.1000
 507.000       1.1072
 508.000       0.9818
 509.000       1.1166
 510.000       1.2746
 511.000       1.4609
 512.000       1.8583
 513.000       1.5441
 514.000       1.6038
 515.000       1.0592
 516.000       1.2773
 517.000       1.8666
 518.000       1.5328
 519.000       1.3014
 520.000       1.7166
 521.000       2.2764
 522.000       1.7798
 523.000       2.2443
 524.000       2.3266
 525.000       2.3855
 526.000       2.2199
 527.000       2.8552
 528.000       3.2588
 529.000       3.3667
 530.000       3.1706
 531.000       3.8415
 532.000       3.2195
 533.000       2.5111
 534.000       2.5803
 535.000       2.4959
 536.000       2.6414
 537.000       1.6773
 538.000       2.3551
 539.000       1.8250
 540.000       1.8024
 541.000       2.2935
 542.000       4.7733
 543.000       5.1707
 544.000       8.3109
 545.000       3.1160
 546.000       0.8528
 547.000       0.5108
 548.000       0.4380
 549.000      51.3949
 550.000      51.6329
 551.000      52.1692
 552.000      52.3323
 553.000      52.6933
 554.000      50.9015
 555.000      51.2365
 556.000      51.7859
 557.000      51.3860
 558.000      51.9885
 559.000      52.8679
 560.000      52.1986
 561.000      51.1426
 562.000      51.1338
 563.000      51.4054
 564.000      51.0159
 565.000      50.8183
 566.000      52.6424
 567.000      51.6178
 568.000      51.4236
 569.000      50.9559
 570.000      50.2664
 571.000      52.1047
 572.000      51.7034
 573.000      49.9790
 574.000      53.6281
 575.000      51.6087
 576.000      51.0252
 577.000      52.3634
 578.000      50.2134
 579.000      50.4853
 580.000      52.2154
 581.000      50.4848
 582.000      52.0938
 583.000      52.3567
 584.000      52.2853
 585.000      51.7718
 586.000      51.9581
 587.000      51.3903
 588.000      51.8988
 589.000      52.0574
 590.000      51.1810
 591.000      51.0553
 592.000      51.7635
 593.000      51.3031
 594.000      50.0461
 595.000      52.0762
 596.000       0.5368
 597.000      53.2028
 598.000      53.2603
 599.000      52.9684
 600.000      53.8182
 601.000      53.0756
 602.000      53.4007
 603.000      53.6263
 604.000      52.8167
 605.000      53.2507
 606.000      53.2544
 607.000      52.4317
 608.000      53.3566
 609.000      53.2007
 610.000      53.6472
 611.000      52.8559
 612.000      53.2881
 613.000      53.6379
 614.000      53.4855
 615.000      53.5809
 616.000      53.5303
 617.000      54.0305
 618.000      53.4448
 619.000      54.2460
 620.000      52.1554
 621.000      53.2486
 622.000      53.3699
 623.000      53.5548
 624.000      53.9808
 625.000      52.8539
 626.000      53.3534
 627.000      53.1317
 628.000      52.5375
 629.000      52.9525
 630.000      53.2822
 631.000      53.1987
 632.000      53.4756
 633.000      53.3841
 634.000      53.8581
 635.000      52.9107
 636.000      53.3204
 637.000      53.1470
 638.000      52.7433
 639.000      53.0420
 640.000      53.5541
 641.000      53.1526
