#Res        AtomicFlx
   1.000       6.4166
   2.000       3.1872
   3.000       2.9026
   4.000       1.9160
   5.000       2.2152
   6.000       2.0742
   7.000       2.0935
   8.000       1.9210
   9.000       1.4801
  10.000       1.2992
  11.000       1.1135
  12.000       1.0796
  13.000       0.9444
  14.000       0.6817
  15.000       0.7836
  16.000       0.6891
  17.000       1.0488
  18.000       0.7025
  19.000       0.7015
  20.000       0.6414
  21.000       0.8906
  22.000       0.7142
  23.000       0.6620
  24.000       1.1850
  25.000       1.4776
  26.000       1.3390
  27.000       0.7143
  28.000       0.8449
  29.000       1.3393
  30.000       0.9312
  31.000       0.9619
  32.000       2.0621
  33.000       2.0419
  34.000       0.8915
  35.000       1.1598
  36.000       0.9603
  37.000       0.8993
  38.000       1.0010
  39.000       0.8187
  40.000       1.0909
  41.000       1.2903
  42.000       0.8175
  43.000       0.6944
  44.000       1.8906
  45.000       0.9976
  46.000       0.8026
  47.000       0.9094
  48.000       1.2586
  49.000       1.4232
  50.000       1.2228
  51.000       0.6535
  52.000       0.9573
  53.000       0.7052
  54.000       1.0420
  55.000       0.9207
  56.000       0.7689
  57.000       1.0368
  58.000       0.7138
  59.000       0.8798
  60.000       0.7353
  61.000       0.7179
  62.000       0.6753
  63.000       1.3007
  64.000       1.4029
  65.000       1.0909
  66.000       1.2146
  67.000       1.1443
  68.000       0.8192
  69.000       1.0337
  70.000       0.9492
  71.000       0.7078
  72.000       1.0490
  73.000       1.0750
  74.000       2.1002
  75.000       1.6030
  76.000       1.2992
  77.000       1.6774
  78.000       1.3026
  79.000       1.5229
  80.000       1.0464
  81.000       0.6843
  82.000       0.8280
  83.000       0.7411
  84.000       1.1009
  85.000       0.7808
  86.000       1.2462
  87.000       1.1111
  88.000       0.9340
  89.000       1.1580
  90.000       0.9896
  91.000       1.0229
  92.000       0.8783
  93.000       1.2049
  94.000       0.9428
  95.000       1.2585
  96.000       1.2757
  97.000       1.2233
  98.000       1.3327
  99.000       1.2039
 100.000       1.0085
 101.000       0.9125
 102.000       0.8857
 103.000       0.9081
 104.000       0.6591
 105.000       0.9022
 106.000       0.9784
 107.000       0.9059
 108.000       0.6816
 109.000       1.0116
 110.000       0.6944
 111.000       0.6583
 112.000       0.9491
 113.000       0.9091
 114.000       1.7145
 115.000       1.0727
 116.000       0.7693
 117.000       0.7343
 118.000       0.7463
 119.000       0.9437
 120.000       2.2374
 121.000       1.2517
 122.000       2.6389
 123.000       2.1277
 124.000       2.4524
 125.000       2.0588
 126.000       1.8585
 127.000       1.6395
 128.000       2.3764
 129.000       1.8934
 130.000       1.2609
 131.000       1.4577
 132.000       1.6231
 133.000       1.6581
 134.000       1.9180
 135.000       2.3953
 136.000       3.3899
 137.000       3.9883
 138.000       4.8108
 139.000       5.8043
 140.000       4.6141
 141.000       5.3380
 142.000       4.0615
 143.000       4.4421
 144.000       5.1834
 145.000       4.8571
 146.000       3.1943
 147.000       2.2595
 148.000       2.8943
 149.000       2.6880
 150.000       2.1622
 151.000       1.5744
 152.000       2.0185
 153.000       2.1677
 154.000       2.6144
 155.000       1.9116
 156.000       2.3480
 157.000       2.7831
 158.000       4.0155
 159.000       3.2469
 160.000       4.1544
 161.000       3.1818
 162.000       2.0363
 163.000       1.4582
 164.000       1.0180
 165.000       0.8381
 166.000       0.9299
 167.000       1.2235
 168.000       1.3199
 169.000       0.8306
 170.000       1.4899
 171.000       2.2608
 172.000       2.2108
 173.000       2.0396
 174.000       1.4470
 175.000       1.6513
 176.000       1.7988
 177.000       2.0392
 178.000       1.6562
 179.000       2.0953
 180.000       1.8352
 181.000       1.2098
 182.000       1.4408
 183.000       1.8900
 184.000       2.1072
 185.000       1.3493
 186.000       1.8656
 187.000       1.7861
 188.000       1.6212
 189.000       1.3133
 190.000       0.9478
 191.000       1.1614
 192.000       1.1718
 193.000       0.6947
 194.000       0.6581
 195.000       0.7833
 196.000       0.6474
 197.000       0.8101
 198.000       0.7569
 199.000       0.6759
 200.000       0.8868
 201.000       0.9275
 202.000       1.0027
 203.000       0.9978
 204.000       0.9964
 205.000       0.7993
 206.000       1.0947
 207.000       1.1746
 208.000       1.9655
 209.000       0.9870
 210.000       1.4770
 211.000       1.8283
 212.000       0.8791
 213.000       0.9199
 214.000       0.8240
 215.000       1.3877
 216.000       1.0829
 217.000       1.0934
 218.000       1.6313
 219.000       1.1528
 220.000       1.2544
 221.000       1.4126
 222.000       1.2060
 223.000       1.4434
 224.000       0.9644
 225.000       0.9949
 226.000       1.0661
 227.000       1.0408
 228.000       1.0274
 229.000       0.8480
 230.000       1.1803
 231.000       1.0644
 232.000       1.1309
 233.000       0.9856
 234.000       0.9041
 235.000       0.8392
 236.000       1.0295
 237.000       1.0490
 238.000       1.1364
 239.000       1.5118
 240.000       1.0810
 241.000       0.9848
 242.000       1.9651
 243.000       1.2740
 244.000       0.8761
 245.000       1.0068
 246.000       1.3301
 247.000       1.5089
 248.000       0.8908
 249.000       1.0331
 250.000       1.0526
 251.000       1.0780
 252.000       1.5423
 253.000       2.4540
 254.000       1.5898
 255.000       1.2205
 256.000       1.4080
 257.000       1.7293
 258.000       1.3899
 259.000       1.0295
 260.000       1.4735
 261.000       0.8717
 262.000       0.9163
 263.000       0.7082
 264.000       0.8709
 265.000       0.6904
 266.000       0.6920
 267.000       0.7973
 268.000       0.6020
 269.000       0.8310
 270.000       0.6964
 271.000       1.0118
 272.000       0.7551
 273.000       1.0236
 274.000       0.7161
 275.000       0.7831
 276.000       0.7385
 277.000       1.6248
 278.000       0.7438
 279.000       0.8883
 280.000       1.1244
 281.000       0.8594
 282.000       0.9671
 283.000       1.0477
 284.000       0.8088
 285.000       1.2789
 286.000       1.6059
 287.000       1.2859
 288.000       1.6809
 289.000       2.5988
 290.000       1.8532
 291.000       1.4355
 292.000       1.3480
 293.000       1.0776
 294.000       1.1552
 295.000       1.7713
 296.000       1.0029
 297.000       0.7838
 298.000       0.7465
 299.000       0.9759
 300.000       0.8299
 301.000       0.6071
 302.000       0.9766
 303.000       0.6610
 304.000       0.6946
 305.000       0.8675
 306.000       0.7002
 307.000       0.6784
 308.000       0.6116
 309.000       0.7803
 310.000       0.9685
 311.000       0.7416
 312.000       0.6815
 313.000       1.1143
 314.000       0.9562
 315.000       1.1168
 316.000       0.9243
 317.000       0.8962
 318.000       1.5119
 319.000       1.8828
 320.000       1.1516
 321.000       1.1592
 322.000       1.4891
 323.000       1.4889
 324.000       1.6173
 325.000       1.4995
 326.000       1.6156
 327.000       1.6352
 328.000       1.7307
 329.000       2.2587
 330.000       3.3882
 331.000       2.2401
 332.000       2.9123
 333.000       4.2050
 334.000       3.5404
 335.000       2.6187
 336.000       3.8420
 337.000       2.6726
 338.000       1.5218
 339.000       1.1059
 340.000       1.2792
 341.000       0.9671
 342.000       0.8596
 343.000       0.9873
 344.000       1.0534
 345.000       1.8673
 346.000       0.8605
 347.000       1.1374
 348.000       1.0579
 349.000       1.0757
 350.000       1.1252
 351.000       1.4497
 352.000       1.2772
 353.000       1.2045
 354.000       1.2622
 355.000       0.8589
 356.000       0.7966
 357.000       1.2777
 358.000       0.9827
 359.000       0.7774
 360.000       1.0980
 361.000       1.0404
 362.000       1.1025
 363.000       0.6662
 364.000       1.0352
 365.000       0.8663
 366.000       1.0567
 367.000       0.6720
 368.000       1.0469
 369.000       0.9507
 370.000       0.6590
 371.000       0.8258
 372.000       0.6446
 373.000       0.7700
 374.000       0.7620
 375.000       0.9393
 376.000       1.0964
 377.000       1.0389
 378.000       0.8208
 379.000       1.0269
 380.000       0.7683
 381.000       0.8995
 382.000       0.8050
 383.000       1.0182
 384.000       0.8531
 385.000       0.9638
 386.000       0.9805
 387.000       1.2870
 388.000       1.2262
 389.000       1.2263
 390.000       1.2119
 391.000       1.7788
 392.000       2.0327
 393.000       2.1507
 394.000       1.2041
 395.000       1.5255
 396.000       1.6701
 397.000       1.5008
 398.000       1.3705
 399.000       1.1040
 400.000       2.0268
 401.000       0.9085
 402.000       0.7808
 403.000       1.0483
 404.000       0.7936
 405.000       0.8354
 406.000       0.7819
 407.000       0.9505
 408.000       0.8907
 409.000       0.7517
 410.000       1.1161
 411.000       1.3251
 412.000       1.2783
 413.000       0.7795
 414.000       1.0568
 415.000       0.9653
 416.000       1.0178
 417.000       0.9229
 418.000       0.9688
 419.000       1.5837
 420.000       0.8689
 421.000       0.8329
 422.000       1.5952
 423.000       1.3373
 424.000       0.8335
 425.000       1.2188
 426.000       1.4195
 427.000       1.0939
 428.000       1.1717
 429.000       1.2797
 430.000       1.4207
 431.000       1.1814
 432.000       1.1827
 433.000       1.3500
 434.000       1.3262
 435.000       1.7089
 436.000       1.1452
 437.000       0.9957
 438.000       0.9312
 439.000       0.9539
 440.000       1.1168
 441.000       0.8986
 442.000       1.0253
 443.000       1.1118
 444.000       1.1527
 445.000       0.9842
 446.000       1.0085
 447.000       0.8845
 448.000       1.1972
 449.000       1.0073
 450.000       1.2526
 451.000       1.1649
 452.000       1.1201
 453.000       0.9160
 454.000       1.6843
 455.000       2.1696
 456.000       1.3803
 457.000       0.9975
 458.000       1.3206
 459.000       1.5203
 460.000       1.5082
 461.000       1.4041
 462.000       1.7094
 463.000       2.4319
 464.000       2.5416
 465.000       2.1432
 466.000       1.8105
 467.000       2.3422
 468.000       1.3830
 469.000       1.2295
 470.000       1.1971
 471.000       1.3725
 472.000       1.3524
 473.000       1.2421
 474.000       1.3295
 475.000       1.1977
 476.000       0.8469
 477.000       0.8489
 478.000       1.0974
 479.000       0.9848
 480.000       0.9957
 481.000       1.0764
 482.000       0.9862
 483.000       0.9250
 484.000       1.0593
 485.000       0.9344
 486.000       1.4967
 487.000       1.1023
 488.000       0.7935
 489.000       0.9785
 490.000       0.9560
 491.000       1.1276
 492.000       0.8928
 493.000       0.9911
 494.000       1.2142
 495.000       1.2449
 496.000       1.3044
 497.000       1.8347
 498.000       1.3240
 499.000       1.4411
 500.000       1.5710
 501.000       2.2235
 502.000       2.4875
 503.000       2.8464
 504.000       1.9173
 505.000       2.2011
 506.000       1.3704
 507.000       1.4064
 508.000       1.5325
 509.000       1.3399
 510.000       1.0495
 511.000       1.2837
 512.000       1.1726
 513.000       1.1198
 514.000       0.7949
 515.000       1.5169
 516.000       1.2801
 517.000       1.2024
 518.000       0.9850
 519.000       1.4907
 520.000       1.0587
 521.000       1.0910
 522.000       1.0964
 523.000       1.3222
 524.000       0.9183
 525.000       0.9334
 526.000       0.9016
 527.000       1.4041
 528.000       1.0969
 529.000       1.0663
 530.000       1.6885
 531.000       2.2412
 532.000       1.8205
 533.000       1.8243
 534.000       2.0853
 535.000       2.4720
 536.000       2.0307
 537.000       2.8759
 538.000       2.7130
 539.000       3.5442
 540.000       3.0437
 541.000       2.5492
 542.000       2.8698
 543.000       3.0978
 544.000       2.3716
 545.000       2.2027
 546.000       2.7674
 547.000       2.3155
 548.000       1.8610
 549.000       2.1153
 550.000       2.7477
 551.000       2.9981
 552.000       4.6334
 553.000       2.0041
 554.000       4.1922
 555.000      51.1922
 556.000       1.3917
 557.000       0.8864
 558.000      52.3736
 559.000      51.6197
 560.000      51.9526
 561.000      51.0528
 562.000      50.9011
 563.000      52.0134
 564.000      51.5036
 565.000      52.7511
 566.000      51.7379
 567.000      52.1874
 568.000      51.6124
 569.000      51.8463
 570.000      51.4328
 571.000      51.4089
 572.000      52.3476
 573.000      52.4105
 574.000      51.0801
 575.000      52.7944
 576.000      50.7564
 577.000      52.8125
 578.000      51.5842
 579.000      51.9666
 580.000      51.7855
 581.000      50.6855
 582.000      50.4611
 583.000      52.4892
 584.000      50.4374
 585.000      52.5765
 586.000      52.1858
 587.000      51.8807
 588.000      51.3402
 589.000      52.0075
 590.000      51.2857
 591.000      51.5133
 592.000      51.5991
 593.000      50.4081
 594.000      51.1313
 595.000      51.2521
 596.000      52.2808
 597.000      50.2159
 598.000      52.5695
 599.000      51.6925
 600.000       0.6658
 601.000      53.0731
 602.000      53.1571
 603.000      52.5492
 604.000      51.6989
 605.000      53.1510
 606.000      53.0991
 607.000      52.6962
 608.000      52.3924
 609.000      53.2434
 610.000      52.5555
 611.000      52.1938
 612.000      53.1704
 613.000      53.0169
 614.000      52.4012
 615.000      52.3392
 616.000      53.8061
 617.000      53.4107
 618.000      53.4649
 619.000      52.2573
 620.000      52.4651
 621.000      52.6543
 622.000      52.5049
 623.000      52.4319
 624.000      52.9212
 625.000      52.3805
 626.000      53.3839
 627.000      52.5510
 628.000      52.1599
 629.000      52.7808
 630.000      52.6347
 631.000      52.3610
 632.000      52.2869
 633.000      52.5115
 634.000      52.2995
 635.000      52.6874
 636.000      53.0861
 637.000      53.0105
 638.000      53.0413
 639.000      52.7344
 640.000      53.1282
 641.000      52.8308
 642.000      52.2571
 643.000      53.3207
 644.000      52.6253
 645.000      52.3412
 646.000      52.6986
