#Res        AtomicFlx
   1.000       2.2729
   2.000       1.8439
   3.000       1.5801
   4.000       1.0406
   5.000       1.4706
   6.000       1.3692
   7.000       1.2474
   8.000       1.4293
   9.000       1.2788
  10.000       0.8228
  11.000       0.9462
  12.000       1.1069
  13.000       0.6993
  14.000       0.6767
  15.000       0.8250
  16.000       0.6666
  17.000       0.6957
  18.000       0.7463
  19.000       0.7697
  20.000       0.6486
  21.000       0.8393
  22.000       0.6642
  23.000       0.6366
  24.000       1.0577
  25.000       0.9008
  26.000       1.4036
  27.000       0.6865
  28.000       0.6760
  29.000       0.9418
  30.000       0.9118
  31.000       0.7281
  32.000       1.1256
  33.000       2.2014
  34.000       0.8260
  35.000       0.8720
  36.000       0.8619
  37.000       1.0265
  38.000       1.1281
  39.000       0.8699
  40.000       1.0527
  41.000       1.8815
  42.000       0.7916
  43.000       0.7213
  44.000       1.7418
  45.000       0.9528
  46.000       0.7754
  47.000       0.8410
  48.000       1.1325
  49.000       1.1081
  50.000       0.7883
  51.000       0.6226
  52.000       0.7342
  53.000       0.6650
  54.000       0.9706
  55.000       0.9285
  56.000       0.6589
  57.000       0.8642
  58.000       0.6058
  59.000       0.7993
  60.000       0.6059
  61.000       0.7811
  62.000       0.6290
  63.000       0.7707
  64.000       0.8470
  65.000       0.8415
  66.000       0.8791
  67.000       1.1828
  68.000       0.7492
  69.000       0.9122
  70.000       1.1566
  71.000       0.8073
  72.000       0.9116
  73.000       1.0325
  74.000       3.3302
  75.000       3.4803
  76.000       1.6525
  77.000       2.1978
  78.000       2.1856
  79.000       1.3917
  80.000       1.0649
  81.000       0.6477
  82.000       0.7803
  83.000       0.6249
  84.000       0.9788
  85.000       0.6803
  86.000       1.0020
  87.000       1.0472
  88.000       0.8931
  89.000       1.0096
  90.000       0.8107
  91.000       0.8672
  92.000       1.0194
  93.000       1.0115
  94.000       0.7227
  95.000       1.1102
  96.000       1.1462
  97.000       1.1157
  98.000       1.0352
  99.000       0.8604
 100.000       0.7990
 101.000       0.8781
 102.000       0.6168
 103.000       0.8288
 104.000       0.6025
 105.000       0.9038
 106.000       1.0668
 107.000       0.8765
 108.000       0.6243
 109.000       0.9884
 110.000       0.7254
 111.000       0.7406
 112.000       0.9281
 113.000       0.9729
 114.000       1.7607
 115.000       1.1254
 116.000       0.8096
 117.000       0.8477
 118.000       0.8841
 119.000       1.2052
 120.000       1.6956
 121.000       1.1373
 122.000       1.6092
 123.000       1.3590
 124.000       1.5450
 125.000       1.3771
 126.000       1.3674
 127.000       2.1043
 128.000       3.6105
 129.000       2.0477
 130.000       1.2552
 131.000       1.7424
 132.000       1.4651
 133.000       1.7960
 134.000       2.4187
 135.000       2.7915
 136.000       3.9853
 137.000       4.7997
 138.000       4.4320
 139.000       4.3562
 140.000       4.2289
 141.000       4.7418
 142.000       2.8113
 143.000       2.3532
 144.000       2.6650
 145.000       2.0868
 146.000       1.8159
 147.000       1.4448
 148.000       1.7191
 149.000       1.5134
 150.000       1.3943
 151.000       1.4104
 152.000       2.1315
 153.000       1.7739
 154.000       2.1816
 155.000       1.8437
 156.000       2.5427
 157.000       2.5980
 158.000       2.8018
 159.000       3.0078
 160.000       4.4161
 161.000       3.3390
 162.000       2.6511
 163.000       1.7847
 164.000       0.9896
 165.000       1.0217
 166.000       0.7861
 167.000       1.1427
 168.000       1.1280
 169.000       0.8627
 170.000       0.8922
 171.000       1.5756
 172.000       1.3307
 173.000       1.4504
 174.000       1.5046
 175.000       1.4380
 176.000       2.1847
 177.000       2.8801
 178.000       2.6556
 179.000       3.4907
 180.000       2.6861
 181.000       2.0319
 182.000       2.3125
 183.000       2.5088
 184.000       2.3700
 185.000       1.5849
 186.000       2.0612
 187.000       1.5212
 188.000       1.8236
 189.000       1.5230
 190.000       0.9900
 191.000       1.1906
 192.000       1.1439
 193.000       0.7067
 194.000       0.6388
 195.000       0.7645
 196.000       0.6776
 197.000       0.8270
 198.000       0.8532
 199.000       0.7697
 200.000       0.9419
 201.000       1.0053
 202.000       0.9668
 203.000       0.8208
 204.000       1.1401
 205.000       1.1693
 206.000       1.1158
 207.000       1.2967
 208.000       1.9217
 209.000       0.9477
 210.000       1.3948
 211.000       1.8072
 212.000       0.8497
 213.000       0.9419
 214.000       0.8940
 215.000       1.4155
 216.000       0.9345
 217.000       0.9380
 218.000       1.6029
 219.000       1.1561
 220.000       0.9118
 221.000       0.9965
 222.000       0.9106
 223.000       1.2452
 224.000       0.8085
 225.000       0.9447
 226.000       0.8725
 227.000       0.8695
 228.000       1.0016
 229.000       0.7947
 230.000       1.1246
 231.000       0.8655
 232.000       1.1638
 233.000       1.0533
 234.000       1.7764
 235.000       0.8679
 236.000       1.4585
 237.000       1.5270
 238.000       1.0865
 239.000       1.3922
 240.000       0.9236
 241.000       0.9257
 242.000       1.8795
 243.000       1.1337
 244.000       0.7880
 245.000       0.9789
 246.000       1.3221
 247.000       1.3945
 248.000       0.8943
 249.000       1.2030
 250.000       1.0972
 251.000       1.1003
 252.000       1.5111
 253.000       1.9798
 254.000       1.7025
 255.000       1.4271
 256.000       1.5415
 257.000       1.6557
 258.000       1.4171
 259.000       0.9955
 260.000       1.7137
 261.000       0.8640
 262.000       1.0522
 263.000       0.7202
 264.000       0.8562
 265.000       0.7484
 266.000       0.7350
 267.000       0.7982
 268.000       0.6658
 269.000       1.2034
 270.000       0.6973
 271.000       1.0824
 272.000       0.7029
 273.000       0.9295
 274.000       0.6511
 275.000       0.7046
 276.000       0.7240
 277.000       1.0288
 278.000       0.6799
 279.000       0.6318
 280.000       0.7648
 281.000       0.8346
 282.000       0.6959
 283.000       1.1163
 284.000       0.8083
 285.000       0.7180
 286.000       0.8916
 287.000       1.0129
 288.000       1.4025
 289.000       1.0839
 290.000       1.3530
 291.000       1.2831
 292.000       1.1442
 293.000       0.9041
 294.000       1.1552
 295.000       1.1555
 296.000       0.8984
 297.000       0.6771
 298.000       0.7839
 299.000       0.9634
 300.000       0.8368
 301.000       0.6872
 302.000       1.0732
 303.000       0.7289
 304.000       0.6793
 305.000       0.7471
 306.000       0.7619
 307.000       0.6960
 308.000       0.6374
 309.000       0.8458
 310.000       0.9877
 311.000       0.7216
 312.000       0.6683
 313.000       1.1223
 314.000       0.8148
 315.000       0.8418
 316.000       0.7583
 317.000       0.7758
 318.000       1.1193
 319.000       0.8666
 320.000       0.7626
 321.000       0.8945
 322.000       0.8716
 323.000       0.8567
 324.000       1.1202
 325.000       1.5282
 326.000       1.2565
 327.000       0.9986
 328.000       1.0992
 329.000       1.3464
 330.000       1.0886
 331.000       1.0546
 332.000       2.2332
 333.000       0.9258
 334.000       0.9229
 335.000       1.1644
 336.000       1.8401
 337.000       0.8499
 338.000       0.8810
 339.000       0.7042
 340.000       0.8353
 341.000       0.7036
 342.000       0.6615
 343.000       0.7403
 344.000       0.7219
 345.000       1.0800
 346.000       0.7556
 347.000       0.9319
 348.000       0.9353
 349.000       1.2702
 350.000       1.7540
 351.000       1.6102
 352.000       1.2985
 353.000       1.0945
 354.000       1.4143
 355.000       0.7947
 356.000       0.7424
 357.000       1.1835
 358.000       1.0005
 359.000       0.7123
 360.000       0.8564
 361.000       1.0378
 362.000       0.6520
 363.000       0.6091
 364.000       1.0074
 365.000       0.8118
 366.000       1.0329
 367.000       0.6837
 368.000       0.7817
 369.000       0.8543
 370.000       0.7043
 371.000       0.9663
 372.000       0.7214
 373.000       0.8986
 374.000       0.8940
 375.000       1.0469
 376.000       0.8542
 377.000       0.9719
 378.000       1.0080
 379.000       0.8756
 380.000       0.7367
 381.000       0.9720
 382.000       0.8679
 383.000       0.8722
 384.000       0.8834
 385.000       1.0396
 386.000       1.1233
 387.000       1.4322
 388.000       1.9599
 389.000       1.7359
 390.000       1.7922
 391.000       2.1038
 392.000       2.5213
 393.000       1.7708
 394.000       1.5499
 395.000       1.7505
 396.000       1.7836
 397.000       1.4249
 398.000       1.4537
 399.000       1.1389
 400.000       2.0585
 401.000       0.9929
 402.000       0.7898
 403.000       0.9907
 404.000       0.7868
 405.000       0.8865
 406.000       0.7501
 407.000       0.9048
 408.000       0.8399
 409.000       0.7079
 410.000       1.0450
 411.000       1.2283
 412.000       1.1297
 413.000       0.7694
 414.000       1.0809
 415.000       0.9829
 416.000       1.0373
 417.000       0.9573
 418.000       0.9264
 419.000       1.4406
 420.000       0.9330
 421.000       0.8259
 422.000       1.1781
 423.000       1.0234
 424.000       1.0815
 425.000       1.2075
 426.000       1.2432
 427.000       1.2188
 428.000       1.0551
 429.000       1.0190
 430.000       1.3160
 431.000       1.1890
 432.000       1.0663
 433.000       1.3695
 434.000       1.3538
 435.000       1.5049
 436.000       0.9278
 437.000       1.0657
 438.000       1.0063
 439.000       0.9599
 440.000       1.1058
 441.000       0.7658
 442.000       1.0529
 443.000       1.0650
 444.000       1.0767
 445.000       0.8696
 446.000       1.0172
 447.000       0.9430
 448.000       1.0489
 449.000       1.0286
 450.000       1.2554
 451.000       1.1930
 452.000       1.1535
 453.000       0.9188
 454.000       1.2129
 455.000       2.1391
 456.000       1.1013
 457.000       0.9758
 458.000       1.3056
 459.000       1.4051
 460.000       1.0333
 461.000       0.9396
 462.000       1.1661
 463.000       1.7143
 464.000       1.0770
 465.000       1.2534
 466.000       1.0590
 467.000       1.6712
 468.000       1.0844
 469.000       1.1098
 470.000       1.0874
 471.000       1.1307
 472.000       1.0715
 473.000       1.1739
 474.000       1.1076
 475.000       1.0920
 476.000       0.7487
 477.000       0.7696
 478.000       1.3876
 479.000       1.8136
 480.000       0.8490
 481.000       0.8551
 482.000       0.7689
 483.000       0.8071
 484.000       0.8687
 485.000       0.8579
 486.000       1.8537
 487.000       1.0902
 488.000       0.8975
 489.000       0.9657
 490.000       1.0364
 491.000       1.2537
 492.000       0.9844
 493.000       1.0919
 494.000       1.3732
 495.000       1.4481
 496.000       1.2486
 497.000       1.9314
 498.000       1.4455
 499.000       1.9626
 500.000       1.4946
 501.000       1.6007
 502.000       1.9373
 503.000       2.6745
 504.000       1.8545
 505.000       1.9336
 506.000       1.6013
 507.000       1.4369
 508.000       1.3984
 509.000       1.6278
 510.000       1.2241
 511.000       1.2405
 512.000       1.3100
 513.000       1.4257
 514.000       1.0760
 515.000       1.9363
 516.000       1.6289
 517.000       1.4180
 518.000       1.3403
 519.000       1.7599
 520.000       1.3992
 521.000       1.5940
 522.000       1.3983
 523.000       1.3171
 524.000       0.8296
 525.000       1.1087
 526.000       1.0693
 527.000       1.4885
 528.000       0.9863
 529.000       1.4373
 530.000       2.3296
 531.000       1.8964
 532.000       1.6866
 533.000       2.6976
 534.000       2.7202
 535.000       2.5632
 536.000       2.8424
 537.000       3.9460
 538.000       4.1081
 539.000       4.9190
 540.000       4.6283
 541.000       4.1614
 542.000       4.4347
 543.000       4.3410
 544.000       3.5261
 545.000       3.6016
 546.000       4.0114
 547.000       3.2535
 548.000       2.9058
 549.000       3.3960
 550.000       3.9096
 551.000       4.2798
 552.000       6.4414
 553.000       1.4802
 554.000       4.3850
 555.000      50.7639
 556.000       0.9040
 557.000      45.5272
 558.000      52.2474
 559.000      51.6569
 560.000      51.6737
 561.000      50.4947
 562.000      51.9337
 563.000      50.9405
 564.000      52.1127
 565.000      51.0179
 566.000      50.7817
 567.000      50.5889
 568.000      50.7473
 569.000      49.7998
 570.000      49.8573
 571.000      51.4772
 572.000      51.7461
 573.000      51.7644
 574.000      52.1580
 575.000      51.7087
 576.000      52.5916
 577.000      51.0341
 578.000      50.0492
 579.000      51.0175
 580.000      51.1377
 581.000      50.4684
 582.000      50.3548
 583.000      53.2636
 584.000      49.6530
 585.000      51.4104
 586.000      50.3276
 587.000      50.8906
 588.000      51.2896
 589.000      51.4815
 590.000      49.6393
 591.000      51.0393
 592.000      51.5227
 593.000      51.0237
 594.000      51.3469
 595.000      50.1223
 596.000      51.3531
 597.000      51.6096
 598.000      51.8955
 599.000      50.7495
 600.000       0.6655
 601.000      52.8287
 602.000      52.4098
 603.000      52.0616
 604.000      52.2857
 605.000      52.8203
 606.000      52.9735
 607.000      52.6175
 608.000      52.2651
 609.000      52.7974
 610.000      52.1543
 611.000      53.1137
 612.000      53.1074
 613.000      52.6352
 614.000      52.9218
 615.000      52.4179
 616.000      52.5923
 617.000      52.7231
 618.000      52.7404
 619.000      53.3585
 620.000      53.6214
 621.000      52.9647
 622.000      52.0798
 623.000      51.8173
 624.000      48.2350
 625.000      53.2675
 626.000      53.2825
 627.000      52.6943
 628.000      53.3529
 629.000      52.5660
 630.000      52.3601
 631.000      52.3609
 632.000      52.8644
 633.000      52.3500
 634.000      52.1510
 635.000      52.3425
 636.000      52.9210
 637.000      52.2622
 638.000      52.4193
 639.000      53.0014
 640.000      52.2521
 641.000      53.2974
 642.000      52.1163
 643.000      53.6019
 644.000      53.3070
 645.000      52.9616
 646.000      53.1049
