#Res        AtomicFlx
   1.000       5.5222
   2.000       2.0615
   3.000       1.3711
   4.000       1.1669
   5.000       1.6849
   6.000       1.6985
   7.000       1.6359
   8.000       1.4545
   9.000       1.2605
  10.000       0.9045
  11.000       0.8526
  12.000       1.0458
  13.000       0.7784
  14.000       0.6876
  15.000       0.7487
  16.000       0.6030
  17.000       0.6106
  18.000       0.6443
  19.000       0.6873
  20.000       0.5983
  21.000       0.8250
  22.000       0.6465
  23.000       0.6117
  24.000       1.1574
  25.000       1.5828
  26.000       1.3944
  27.000       0.7493
  28.000       0.8899
  29.000       1.9040
  30.000       1.1896
  31.000       1.2650
  32.000       2.5380
  33.000       2.3035
  34.000       1.0818
  35.000       1.3817
  36.000       1.1395
  37.000       1.1733
  38.000       1.4646
  39.000       1.1526
  40.000       1.3343
  41.000       1.8535
  42.000       0.8036
  43.000       0.7871
  44.000       1.9943
  45.000       1.0016
  46.000       0.7967
  47.000       0.9018
  48.000       1.2246
  49.000       1.2698
  50.000       1.0711
  51.000       0.6336
  52.000       0.7790
  53.000       0.6753
  54.000       0.8027
  55.000       0.9015
  56.000       0.7899
  57.000       0.9778
  58.000       0.6452
  59.000       0.9813
  60.000       0.6179
  61.000       1.0096
  62.000       0.6082
  63.000       0.8156
  64.000       1.5156
  65.000       1.1017
  66.000       1.0106
  67.000       1.1667
  68.000       0.7838
  69.000       0.8884
  70.000       0.9399
  71.000       0.6926
  72.000       0.7576
  73.000       0.9253
  74.000       2.2701
  75.000       1.2687
  76.000       0.9942
  77.000       1.2941
  78.000       1.1398
  79.000       1.4952
  80.000       0.7324
  81.000       0.5771
  82.000       0.6876
  83.000       0.5146
  84.000       0.8883
  85.000       0.5501
  86.000       0.8900
  87.000       0.6970
  88.000       0.6642
  89.000       0.7363
  90.000       0.6053
  91.000       0.6352
  92.000       0.8821
  93.000       0.8328
  94.000       0.6243
  95.000       0.9756
  96.000       1.1136
  97.000       1.0999
  98.000       1.0570
  99.000       0.9143
 100.000       0.9169
 101.000       0.8532
 102.000       0.6660
 103.000       0.9031
 104.000       0.6703
 105.000       0.6428
 106.000       1.0644
 107.000       0.8738
 108.000       0.7025
 109.000       0.9446
 110.000       0.6990
 111.000       0.7039
 112.000       0.9814
 113.000       0.9637
 114.000       1.8551
 115.000       1.1931
 116.000       0.8887
 117.000       0.8704
 118.000       0.9504
 119.000       0.9379
 120.000       1.5625
 121.000       2.1366
 122.000       3.5016
 123.000       3.5651
 124.000       4.2143
 125.000       5.6452
 126.000       5.2398
 127.000       5.1779
 128.000       5.2278
 129.000       4.4834
 130.000       3.1168
 131.000       2.9674
 132.000       2.7466
 133.000       3.2642
 134.000       3.1996
 135.000       3.2999
 136.000       3.8650
 137.000       4.1913
 138.000       3.6715
 139.000       4.0100
 140.000       4.6927
 141.000       4.7664
 142.000       4.3770
 143.000       3.8861
 144.000       3.4456
 145.000       3.3410
 146.000       3.5583
 147.000       2.8048
 148.000       3.2679
 149.000       3.6013
 150.000       3.1784
 151.000       2.8609
 152.000       3.8504
 153.000       3.8277
 154.000       4.0796
 155.000       4.0251
 156.000       5.1483
 157.000       5.0888
 158.000       4.8753
 159.000       3.9618
 160.000       3.5878
 161.000       3.2895
 162.000       2.8279
 163.000       1.8001
 164.000       1.1318
 165.000       1.1005
 166.000       1.0290
 167.000       1.2966
 168.000       1.4878
 169.000       0.9391
 170.000       1.2693
 171.000       1.7285
 172.000       1.5265
 173.000       2.4204
 174.000       1.4344
 175.000       1.4359
 176.000       1.2694
 177.000       2.1100
 178.000       1.8374
 179.000       1.9957
 180.000       1.9392
 181.000       1.8962
 182.000       1.7233
 183.000       2.5825
 184.000       2.3931
 185.000       2.0530
 186.000       1.8227
 187.000       1.5352
 188.000       1.8950
 189.000       1.5476
 190.000       1.1735
 191.000       1.2183
 192.000       1.0196
 193.000       0.7829
 194.000       0.6893
 195.000       0.7924
 196.000       0.6704
 197.000       0.9356
 198.000       0.7785
 199.000       0.7212
 200.000       0.9551
 201.000       0.9536
 202.000       1.0656
 203.000       1.0374
 204.000       1.2006
 205.000       1.1468
 206.000       1.2637
 207.000       1.4171
 208.000       2.0325
 209.000       1.1917
 210.000       1.6892
 211.000       2.3442
 212.000       1.6535
 213.000       1.6072
 214.000       1.1122
 215.000       1.4485
 216.000       0.9889
 217.000       1.0731
 218.000       1.8044
 219.000       1.3977
 220.000       0.7320
 221.000       0.7880
 222.000       1.1024
 223.000       1.5911
 224.000       1.0531
 225.000       1.0041
 226.000       1.0115
 227.000       1.1353
 228.000       1.2190
 229.000       0.8599
 230.000       1.0691
 231.000       1.0198
 232.000       1.2479
 233.000       1.0207
 234.000       1.0392
 235.000       0.8907
 236.000       1.3972
 237.000       1.3928
 238.000       1.1676
 239.000       1.5431
 240.000       0.9982
 241.000       0.9609
 242.000       1.8215
 243.000       1.1487
 244.000       0.8107
 245.000       0.9675
 246.000       1.2976
 247.000       2.1861
 248.000       0.9768
 249.000       1.1634
 250.000       1.0764
 251.000       1.1536
 252.000       1.6753
 253.000       2.2698
 254.000       1.7595
 255.000       1.7872
 256.000       1.6033
 257.000       1.6225
 258.000       1.6641
 259.000       1.0794
 260.000       1.7549
 261.000       0.9829
 262.000       0.9218
 263.000       0.6799
 264.000       0.8067
 265.000       0.7271
 266.000       0.6763
 267.000       0.6806
 268.000       0.6346
 269.000       1.0000
 270.000       0.6028
 271.000       0.9484
 272.000       0.5591
 273.000       0.8084
 274.000       0.6548
 275.000       0.6998
 276.000       0.7869
 277.000       1.0578
 278.000       1.2003
 279.000       0.8777
 280.000       1.2149
 281.000       0.7724
 282.000       0.7706
 283.000       1.5146
 284.000       0.7234
 285.000       0.7472
 286.000       1.5318
 287.000       1.0364
 288.000       1.5554
 289.000       1.1871
 290.000       1.5315
 291.000       1.4228
 292.000       1.4903
 293.000       1.0975
 294.000       1.5439
 295.000       1.5850
 296.000       0.9930
 297.000       0.7173
 298.000       0.8655
 299.000       1.1011
 300.000       0.8009
 301.000       0.6946
 302.000       1.1116
 303.000       0.7499
 304.000       0.6188
 305.000       1.0060
 306.000       0.7890
 307.000       0.6968
 308.000       0.6301
 309.000       0.8654
 310.000       1.0195
 311.000       0.7678
 312.000       0.6957
 313.000       1.0822
 314.000       0.8171
 315.000       0.8026
 316.000       0.8099
 317.000       0.6853
 318.000       0.9304
 319.000       0.8753
 320.000       0.8258
 321.000       0.9542
 322.000       1.1965
 323.000       1.0986
 324.000       1.4531
 325.000       1.7829
 326.000       1.6908
 327.000       1.5224
 328.000       1.6703
 329.000       1.6675
 330.000       1.3414
 331.000       1.4332
 332.000       2.4780
 333.000       1.4207
 334.000       1.1828
 335.000       3.1701
 336.000       4.6770
 337.000       3.3583
 338.000       2.7859
 339.000       1.1103
 340.000       1.1878
 341.000       1.0689
 342.000       1.2131
 343.000       0.9654
 344.000       0.9170
 345.000       0.7127
 346.000       0.7926
 347.000       1.0650
 348.000       0.7879
 349.000       0.8287
 350.000       1.0093
 351.000       1.3028
 352.000       1.2332
 353.000       1.0324
 354.000       1.2743
 355.000       0.9137
 356.000       0.8625
 357.000       1.2262
 358.000       0.8591
 359.000       0.7755
 360.000       1.0289
 361.000       1.0283
 362.000       0.6757
 363.000       0.6739
 364.000       1.0688
 365.000       0.8991
 366.000       1.0408
 367.000       0.6983
 368.000       0.7907
 369.000       1.0580
 370.000       0.5999
 371.000       0.9244
 372.000       0.5842
 373.000       0.7803
 374.000       0.6646
 375.000       1.1547
 376.000       0.9163
 377.000       0.7412
 378.000       0.8851
 379.000       0.9177
 380.000       0.6496
 381.000       0.8915
 382.000       0.7015
 383.000       0.8380
 384.000       0.6976
 385.000       0.7986
 386.000       0.8225
 387.000       1.1384
 388.000       0.9723
 389.000       0.9982
 390.000       0.9912
 391.000       1.5843
 392.000       2.1845
 393.000       2.3980
 394.000       1.1597
 395.000       1.4244
 396.000       1.5737
 397.000       1.4766
 398.000       1.1534
 399.000       1.0088
 400.000       2.0552
 401.000       0.7983
 402.000       0.6906
 403.000       0.8964
 404.000       0.6784
 405.000       0.8239
 406.000       0.7125
 407.000       0.8239
 408.000       0.7500
 409.000       0.6490
 410.000       1.0361
 411.000       1.1195
 412.000       0.9799
 413.000       0.7155
 414.000       1.0384
 415.000       0.8938
 416.000       1.0241
 417.000       1.0434
 418.000       1.0037
 419.000       1.4966
 420.000       1.0453
 421.000       0.8697
 422.000       1.0855
 423.000       1.0899
 424.000       1.0932
 425.000       1.1061
 426.000       1.1794
 427.000       1.0821
 428.000       1.0733
 429.000       1.0183
 430.000       1.2884
 431.000       1.1258
 432.000       0.9841
 433.000       1.2113
 434.000       1.3332
 435.000       1.8741
 436.000       1.1987
 437.000       1.2884
 438.000       0.9239
 439.000       0.8035
 440.000       0.8741
 441.000       0.7884
 442.000       0.8911
 443.000       0.9949
 444.000       0.9419
 445.000       0.8500
 446.000       0.9350
 447.000       0.8263
 448.000       0.9688
 449.000       1.0561
 450.000       1.3253
 451.000       1.1848
 452.000       0.9774
 453.000       0.9149
 454.000       1.6480
 455.000       2.1722
 456.000       1.1784
 457.000       0.9697
 458.000       1.2657
 459.000       1.4582
 460.000       1.2665
 461.000       1.1355
 462.000       1.3056
 463.000       1.9417
 464.000       1.4059
 465.000       1.5206
 466.000       1.3316
 467.000       1.7547
 468.000       1.2351
 469.000       1.3175
 470.000       1.3468
 471.000       1.3764
 472.000       1.4601
 473.000       1.3182
 474.000       1.4814
 475.000       1.1607
 476.000       0.8059
 477.000       0.7984
 478.000       1.2956
 479.000       1.1815
 480.000       1.0613
 481.000       1.1417
 482.000       0.9779
 483.000       0.8993
 484.000       1.0807
 485.000       0.9259
 486.000       1.3533
 487.000       1.0230
 488.000       0.7440
 489.000       0.9466
 490.000       0.8636
 491.000       1.1719
 492.000       0.9369
 493.000       1.0044
 494.000       1.2009
 495.000       1.2556
 496.000       1.0355
 497.000       1.8137
 498.000       1.2010
 499.000       1.2386
 500.000       1.2882
 501.000       1.6059
 502.000       2.0718
 503.000       2.9387
 504.000       2.6025
 505.000       2.0864
 506.000       1.2490
 507.000       1.2408
 508.000       1.1695
 509.000       1.2361
 510.000       0.9771
 511.000       1.0816
 512.000       0.9870
 513.000       1.1875
 514.000       0.7632
 515.000       1.3543
 516.000       1.1819
 517.000       1.0551
 518.000       0.8364
 519.000       1.4026
 520.000       0.7403
 521.000       0.6526
 522.000       0.8933
 523.000       1.2269
 524.000       0.7940
 525.000       0.8584
 526.000       0.8285
 527.000       1.3464
 528.000       0.8905
 529.000       0.9058
 530.000       1.6171
 531.000       1.4602
 532.000       1.3956
 533.000       1.4638
 534.000       1.4495
 535.000       1.8812
 536.000       1.5075
 537.000       2.0890
 538.000       1.9029
 539.000       2.5349
 540.000       2.1360
 541.000       1.8469
 542.000       2.1244
 543.000       2.3677
 544.000       1.6186
 545.000       1.7251
 546.000       2.1884
 547.000       1.6764
 548.000       1.3942
 549.000       1.5565
 550.000       2.0659
 551.000       2.0310
 552.000       5.3813
 553.000       3.3441
 554.000       9.5291
 555.000      51.0536
 556.000       0.5112
 557.000       0.5372
 558.000      52.3110
 559.000      52.6063
 560.000      51.2630
 561.000      51.4236
 562.000      52.0920
 563.000      49.1515
 564.000      50.9030
 565.000      50.5547
 566.000      51.8125
 567.000      52.3081
 568.000      51.0288
 569.000      50.3302
 570.000      52.1009
 571.000      52.1730
 572.000      52.7162
 573.000      51.2141
 574.000      52.3894
 575.000      51.9062
 576.000      51.7679
 577.000      51.1310
 578.000      51.1200
 579.000      51.3023
 580.000      52.3822
 581.000      51.7960
 582.000      52.5255
 583.000      51.4664
 584.000      51.5990
 585.000      51.6996
 586.000      51.2484
 587.000      51.9610
 588.000      51.5457
 589.000      52.2437
 590.000      51.9154
 591.000      51.3897
 592.000      49.7358
 593.000      51.4044
 594.000      52.1210
 595.000      50.5887
 596.000      52.4075
 597.000      49.6085
 598.000      51.3665
 599.000      52.0293
 600.000       0.6810
 601.000      52.6193
 602.000      52.6938
 603.000      52.7147
 604.000      52.0157
 605.000      51.0847
 606.000      52.1800
 607.000      52.7897
 608.000      51.7943
 609.000      52.7109
 610.000      52.5794
 611.000      52.9583
 612.000      52.9981
 613.000      52.3034
 614.000      52.3115
 615.000      51.6997
 616.000      52.6745
 617.000      52.7084
 618.000      52.7391
 619.000      53.0617
 620.000      51.7286
 621.000      52.1826
 622.000      51.9254
 623.000      52.8941
 624.000      52.8445
 625.000      51.9553
 626.000      52.1744
 627.000      52.6870
 628.000      52.4143
 629.000      52.5153
 630.000      52.6476
 631.000      52.5829
 632.000      52.7230
 633.000      53.3768
 634.000      52.7072
 635.000      52.9656
 636.000      52.2332
 637.000      52.0134
 638.000      52.0696
 639.000      52.9233
 640.000      52.8219
 641.000      51.6073
 642.000      52.3732
 643.000      52.4546
 644.000      52.6612
 645.000      52.6767
 646.000      52.7051
