#Res        AtomicFlx
   1.000       4.4358
   2.000       2.0127
   3.000       2.0470
   4.000       1.3695
   5.000       1.9414
   6.000       1.9442
   7.000       1.7315
   8.000       1.7146
   9.000       1.6392
  10.000       1.1389
  11.000       1.0848
  12.000       1.3689
  13.000       1.0438
  14.000       0.7265
  15.000       0.8915
  16.000       0.9194
  17.000       1.0192
  18.000       0.7257
  19.000       0.7655
  20.000       0.7046
  21.000       0.9558
  22.000       0.7278
  23.000       0.6821
  24.000       1.1263
  25.000       1.5384
  26.000       1.3751
  27.000       0.8931
  28.000       1.0168
  29.000       1.9455
  30.000       1.3730
  31.000       1.4525
  32.000       2.3601
  33.000       2.5586
  34.000       1.3586
  35.000       1.6291
  36.000       1.2946
  37.000       1.2845
  38.000       1.7488
  39.000       1.3883
  40.000       1.4545
  41.000       1.5885
  42.000       1.0133
  43.000       0.7994
  44.000       2.0118
  45.000       1.2711
  46.000       0.8919
  47.000       0.9655
  48.000       1.3325
  49.000       1.4039
  50.000       0.9053
  51.000       0.7362
  52.000       0.9083
  53.000       0.9265
  54.000       0.9330
  55.000       1.0133
  56.000       1.0329
  57.000       1.2865
  58.000       0.9285
  59.000       1.1461
  60.000       0.9600
  61.000       1.3106
  62.000       0.9362
  63.000       1.1110
  64.000       1.5228
  65.000       1.4168
  66.000       1.3244
  67.000       1.3906
  68.000       0.9463
  69.000       1.0132
  70.000       0.9960
  71.000       1.0280
  72.000       1.3401
  73.000       1.4555
  74.000       3.8716
  75.000       3.4207
  76.000       1.8855
  77.000       2.1240
  78.000       1.9816
  79.000       1.8336
  80.000       1.1447
  81.000       0.8483
  82.000       1.0890
  83.000       0.8044
  84.000       1.0050
  85.000       0.8107
  86.000       1.1561
  87.000       0.7801
  88.000       0.8632
  89.000       1.1453
  90.000       0.7670
  91.000       0.7663
  92.000       0.8094
  93.000       0.9566
  94.000       0.7377
  95.000       1.1776
  96.000       0.7906
  97.000       1.0217
  98.000       0.9281
  99.000       0.8749
 100.000       0.8538
 101.000       0.7937
 102.000       0.7401
 103.000       0.9870
 104.000       0.7036
 105.000       0.8166
 106.000       1.1059
 107.000       0.9896
 108.000       0.7567
 109.000       1.1183
 110.000       0.8691
 111.000       0.7601
 112.000       1.0840
 113.000       1.1370
 114.000       1.8936
 115.000       1.3506
 116.000       0.9407
 117.000       1.0594
 118.000       1.0046
 119.000       1.3769
 120.000       2.1923
 121.000       1.3365
 122.000       1.7756
 123.000       1.3499
 124.000       1.7076
 125.000       1.4840
 126.000       1.5465
 127.000       1.7122
 128.000       1.7002
 129.000       1.3829
 130.000       1.0898
 131.000       0.9713
 132.000       0.8919
 133.000       1.3218
 134.000       1.8209
 135.000       1.5742
 136.000       2.2821
 137.000       2.7102
 138.000       2.3331
 139.000       2.7913
 140.000       3.7534
 141.000       4.1149
 142.000       4.4274
 143.000       5.2559
 144.000       5.7385
 145.000       5.6512
 146.000       5.0591
 147.000       5.3189
 148.000       5.4813
 149.000       6.3532
 150.000       5.6228
 151.000       5.6425
 152.000       4.2650
 153.000       2.4941
 154.000       1.9637
 155.000       1.1766
 156.000       1.1623
 157.000       1.1385
 158.000       1.4187
 159.000       1.5825
 160.000       2.3165
 161.000       2.1388
 162.000       1.1776
 163.000       1.3067
 164.000       1.0498
 165.000       0.9878
 166.000       0.9658
 167.000       1.3277
 168.000       1.2835
 169.000       0.9122
 170.000       1.1438
 171.000       1.6689
 172.000       1.3402
 173.000       1.4747
 174.000       1.6493
 175.000       2.0630
 176.000       1.7909
 177.000       1.4866
 178.000       1.2718
 179.000       1.7219
 180.000       1.8130
 181.000       1.5413
 182.000       1.6649
 183.000       2.7393
 184.000       2.5897
 185.000       1.5664
 186.000       1.6884
 187.000       1.3308
 188.000       1.1813
 189.000       1.2892
 190.000       1.0578
 191.000       0.9991
 192.000       0.9938
 193.000       0.7915
 194.000       0.7375
 195.000       0.8870
 196.000       0.7326
 197.000       0.9377
 198.000       0.8399
 199.000       0.7534
 200.000       0.9712
 201.000       1.0606
 202.000       0.9991
 203.000       0.8053
 204.000       1.1156
 205.000       1.2496
 206.000       1.0375
 207.000       1.1896
 208.000       1.8262
 209.000       0.9332
 210.000       1.4712
 211.000       1.9165
 212.000       1.1200
 213.000       1.0990
 214.000       0.9909
 215.000       1.5109
 216.000       1.0718
 217.000       1.1653
 218.000       1.6919
 219.000       1.4209
 220.000       1.1877
 221.000       1.1389
 222.000       0.9883
 223.000       1.3287
 224.000       0.8638
 225.000       0.9888
 226.000       0.9517
 227.000       0.9653
 228.000       1.0884
 229.000       0.8282
 230.000       1.0794
 231.000       0.9312
 232.000       1.1645
 233.000       1.0496
 234.000       0.9346
 235.000       0.8659
 236.000       1.2849
 237.000       1.0058
 238.000       1.0273
 239.000       1.3872
 240.000       0.8884
 241.000       0.8759
 242.000       1.8608
 243.000       1.1488
 244.000       0.7867
 245.000       1.0230
 246.000       1.3934
 247.000       2.0676
 248.000       1.0430
 249.000       1.1463
 250.000       1.0941
 251.000       1.2385
 252.000       1.7780
 253.000       2.7971
 254.000       2.0150
 255.000       1.7228
 256.000       1.7693
 257.000       1.8680
 258.000       1.8191
 259.000       1.3993
 260.000       1.8446
 261.000       1.3171
 262.000       1.1346
 263.000       0.9173
 264.000       1.0076
 265.000       0.8953
 266.000       0.8063
 267.000       0.7305
 268.000       0.7263
 269.000       1.0062
 270.000       0.6946
 271.000       0.9236
 272.000       0.6247
 273.000       0.7985
 274.000       0.7303
 275.000       0.7175
 276.000       0.7722
 277.000       0.8302
 278.000       0.8151
 279.000       0.8260
 280.000       0.9517
 281.000       0.9035
 282.000       0.8988
 283.000       1.1596
 284.000       0.9102
 285.000       0.9488
 286.000       1.3829
 287.000       1.1520
 288.000       1.7323
 289.000       1.5194
 290.000       1.7323
 291.000       1.4597
 292.000       1.4399
 293.000       1.4755
 294.000       1.2267
 295.000       2.0746
 296.000       1.2227
 297.000       0.8576
 298.000       0.8732
 299.000       1.1057
 300.000       0.8594
 301.000       0.6471
 302.000       1.0518
 303.000       0.7115
 304.000       0.6146
 305.000       0.6767
 306.000       0.7192
 307.000       0.7168
 308.000       0.6745
 309.000       0.8436
 310.000       1.0037
 311.000       0.7712
 312.000       0.7088
 313.000       1.1181
 314.000       0.8154
 315.000       0.8151
 316.000       0.8245
 317.000       0.6770
 318.000       0.9270
 319.000       1.0752
 320.000       0.7030
 321.000       0.8338
 322.000       0.9239
 323.000       0.8313
 324.000       1.1588
 325.000       1.1991
 326.000       0.9926
 327.000       0.9565
 328.000       1.0967
 329.000       1.4439
 330.000       1.2872
 331.000       1.4033
 332.000       2.0681
 333.000       1.6069
 334.000       1.8481
 335.000       3.5526
 336.000       4.7338
 337.000       4.2472
 338.000       3.1806
 339.000       1.3387
 340.000       1.2837
 341.000       0.9801
 342.000       1.1940
 343.000       0.9818
 344.000       0.8441
 345.000       0.6896
 346.000       0.7322
 347.000       1.0789
 348.000       0.7844
 349.000       0.8500
 350.000       1.0896
 351.000       1.0694
 352.000       0.9853
 353.000       0.9648
 354.000       1.2448
 355.000       0.8366
 356.000       0.8418
 357.000       1.1172
 358.000       0.7911
 359.000       0.7247
 360.000       1.0677
 361.000       0.9576
 362.000       0.6368
 363.000       0.6325
 364.000       1.0445
 365.000       0.8256
 366.000       1.0550
 367.000       0.6917
 368.000       1.0062
 369.000       0.9994
 370.000       0.7702
 371.000       1.0260
 372.000       0.7019
 373.000       0.7298
 374.000       0.6397
 375.000       1.0036
 376.000       0.9654
 377.000       0.9035
 378.000       0.8413
 379.000       1.0369
 380.000       0.6928
 381.000       0.7792
 382.000       0.7554
 383.000       0.8169
 384.000       0.7886
 385.000       0.8957
 386.000       0.9074
 387.000       1.2167
 388.000       1.0608
 389.000       1.1029
 390.000       1.1667
 391.000       1.9868
 392.000       2.0975
 393.000       2.3796
 394.000       1.0791
 395.000       1.3564
 396.000       1.5745
 397.000       1.4179
 398.000       1.3274
 399.000       1.0740
 400.000       1.7246
 401.000       0.8756
 402.000       0.7398
 403.000       0.9400
 404.000       0.7768
 405.000       0.8675
 406.000       0.7822
 407.000       0.9170
 408.000       0.8689
 409.000       0.7745
 410.000       1.1065
 411.000       1.1680
 412.000       1.2577
 413.000       0.8476
 414.000       1.1089
 415.000       1.0083
 416.000       1.0735
 417.000       0.9836
 418.000       1.0640
 419.000       1.3038
 420.000       1.0441
 421.000       0.8687
 422.000       1.0411
 423.000       1.0954
 424.000       1.0599
 425.000       0.9827
 426.000       1.3190
 427.000       1.2789
 428.000       1.0961
 429.000       0.9704
 430.000       1.1344
 431.000       1.0800
 432.000       0.8250
 433.000       0.8264
 434.000       0.8251
 435.000       1.2743
 436.000       0.9133
 437.000       1.1654
 438.000       1.0166
 439.000       1.0629
 440.000       1.2585
 441.000       1.1158
 442.000       0.9771
 443.000       1.1895
 444.000       1.4830
 445.000       1.2550
 446.000       1.2732
 447.000       1.3684
 448.000       1.8675
 449.000       1.4761
 450.000       1.7091
 451.000       2.0428
 452.000       2.5243
 453.000       1.4864
 454.000       1.4145
 455.000       2.2108
 456.000       1.7325
 457.000       1.2040
 458.000       1.6277
 459.000       1.8316
 460.000       1.5332
 461.000       1.3826
 462.000       1.8815
 463.000       2.1532
 464.000       1.7858
 465.000       1.7398
 466.000       1.7270
 467.000       1.9130
 468.000       1.7415
 469.000       1.8437
 470.000       1.6256
 471.000       1.7275
 472.000       1.7495
 473.000       1.6152
 474.000       1.6963
 475.000       1.4834
 476.000       1.1700
 477.000       1.3128
 478.000       1.6343
 479.000       1.2822
 480.000       1.1307
 481.000       1.0516
 482.000       1.0563
 483.000       1.0513
 484.000       1.0351
 485.000       1.0222
 486.000       1.8148
 487.000       1.1824
 488.000       0.8767
 489.000       1.0116
 490.000       1.0606
 491.000       1.3087
 492.000       0.9819
 493.000       1.2047
 494.000       1.4302
 495.000       1.7410
 496.000       2.5121
 497.000       2.7846
 498.000       2.7916
 499.000       2.1819
 500.000       2.4001
 501.000       3.6382
 502.000       3.5667
 503.000       4.3752
 504.000       5.3235
 505.000       4.2074
 506.000       3.8175
 507.000       2.2792
 508.000       1.9393
 509.000       1.7876
 510.000       1.6097
 511.000       1.7410
 512.000       1.6766
 513.000       1.6325
 514.000       1.4219
 515.000       2.0141
 516.000       1.7914
 517.000       1.5311
 518.000       1.4694
 519.000       1.7609
 520.000       1.4352
 521.000       1.5725
 522.000       1.5320
 523.000       1.4079
 524.000       0.9685
 525.000       1.3804
 526.000       1.3642
 527.000       1.6600
 528.000       1.3343
 529.000       1.9503
 530.000       2.7916
 531.000       2.4543
 532.000       2.2441
 533.000       3.4893
 534.000       3.5661
 535.000       3.4625
 536.000       3.9564
 537.000       5.0362
 538.000       5.5992
 539.000       6.9439
 540.000       6.6663
 541.000       5.9073
 542.000       6.3532
 543.000       6.1877
 544.000       5.1138
 545.000       4.9522
 546.000       5.4703
 547.000       4.4549
 548.000       3.5899
 549.000       3.8585
 550.000       4.3636
 551.000       3.8595
 552.000       3.7591
 553.000       9.0452
 554.000       1.7938
 555.000      51.1753
 556.000       0.5822
 557.000       1.1041
 558.000      50.9393
 559.000      52.2115
 560.000      50.9853
 561.000      51.7244
 562.000      51.9445
 563.000      51.5856
 564.000      43.1040
 565.000      50.4805
 566.000      51.2363
 567.000      50.1479
 568.000      52.3373
 569.000      51.6559
 570.000      50.7835
 571.000      51.7894
 572.000      50.2098
 573.000      50.6768
 574.000      51.3003
 575.000      51.6678
 576.000      49.9385
 577.000      50.9197
 578.000      52.5407
 579.000      51.4704
 580.000      51.3645
 581.000      51.7673
 582.000      51.9307
 583.000      51.1380
 584.000      50.3608
 585.000      50.5311
 586.000      51.6832
 587.000      49.8334
 588.000      51.2231
 589.000      50.9883
 590.000      51.8116
 591.000      51.3856
 592.000      52.0298
 593.000      53.1363
 594.000      49.7613
 595.000      51.8226
 596.000      51.5330
 597.000      52.3177
 598.000      51.3925
 599.000      51.7761
 600.000       0.7282
 601.000      52.2683
 602.000      52.1354
 603.000      52.4790
 604.000      52.7097
 605.000      51.8246
 606.000      52.9082
 607.000      52.7930
 608.000      52.2484
 609.000      52.0207
 610.000      52.8614
 611.000      53.0326
 612.000      52.5256
 613.000      52.5315
 614.000      52.4448
 615.000      52.2093
 616.000      52.4381
 617.000      52.8719
 618.000      52.4576
 619.000      53.1029
 620.000      53.0128
 621.000      52.1287
 622.000      52.3511
 623.000      52.8326
 624.000      52.7598
 625.000      52.8899
 626.000      52.8761
 627.000      52.4727
 628.000      53.3600
 629.000      52.4513
 630.000      52.1943
 631.000      53.1405
 632.000      53.0509
 633.000      53.5562
 634.000      52.7213
 635.000      52.4597
 636.000      52.8994
 637.000      53.2007
 638.000      52.8801
 639.000      52.8009
 640.000      52.9534
 641.000      52.0844
 642.000      53.0889
 643.000      53.3028
 644.000      52.6971
 645.000      52.8276
 646.000      52.5685
