#Res        AtomicFlx
   1.000       3.8404
   2.000       1.5848
   3.000       1.6531
   4.000       0.8908
   5.000       1.2682
   6.000       1.3446
   7.000       1.0699
   8.000       1.2791
   9.000       1.1892
  10.000       0.7907
  11.000       0.7661
  12.000       1.0963
  13.000       0.6515
  14.000       0.5781
  15.000       0.6881
  16.000       0.5644
  17.000       0.6206
  18.000       0.6173
  19.000       0.6906
  20.000       0.6328
  21.000       0.9898
  22.000       0.7303
  23.000       0.6395
  24.000       1.1086
  25.000       1.2955
  26.000       2.0268
  27.000       0.8673
  28.000       0.9905
  29.000       1.4130
  30.000       1.0898
  31.000       0.9657
  32.000       1.3360
  33.000       2.1444
  34.000       0.9437
  35.000       1.0855
  36.000       1.0908
  37.000       1.1736
  38.000       1.1954
  39.000       0.9108
  40.000       1.2903
  41.000       1.4716
  42.000       0.8650
  43.000       0.8021
  44.000       1.7785
  45.000       1.0557
  46.000       0.7866
  47.000       0.9693
  48.000       1.3390
  49.000       1.4546
  50.000       0.9125
  51.000       0.6843
  52.000       0.9113
  53.000       0.8454
  54.000       0.8719
  55.000       0.9792
  56.000       0.7969
  57.000       1.1248
  58.000       0.7603
  59.000       1.0620
  60.000       0.7419
  61.000       1.1172
  62.000       0.7368
  63.000       0.9787
  64.000       1.3334
  65.000       1.1904
  66.000       1.1281
  67.000       1.1077
  68.000       0.7993
  69.000       0.8062
  70.000       0.8064
  71.000       0.7213
  72.000       0.9445
  73.000       0.9521
  74.000       2.2064
  75.000       2.0129
  76.000       1.3494
  77.000       1.6100
  78.000       1.8616
  79.000       1.1947
  80.000       1.0875
  81.000       0.6467
  82.000       0.7497
  83.000       0.6127
  84.000       0.9607
  85.000       0.6007
  86.000       0.8863
  87.000       0.7061
  88.000       0.7548
  89.000       0.9418
  90.000       0.7038
  91.000       0.6755
  92.000       0.6362
  93.000       0.8122
  94.000       0.6009
  95.000       1.0497
  96.000       0.9870
  97.000       0.9877
  98.000       0.7044
  99.000       0.7248
 100.000       0.7718
 101.000       0.7952
 102.000       0.6159
 103.000       0.8867
 104.000       0.6276
 105.000       0.9496
 106.000       0.8934
 107.000       0.9507
 108.000       0.6788
 109.000       1.0465
 110.000       0.9202
 111.000       0.7832
 112.000       1.0643
 113.000       1.3051
 114.000       2.0330
 115.000       1.5811
 116.000       1.1360
 117.000       1.1921
 118.000       1.1158
 119.000       1.3157
 120.000       2.0422
 121.000       1.5758
 122.000       1.9422
 123.000       1.6321
 124.000       1.9036
 125.000       1.7838
 126.000       1.5189
 127.000       2.1709
 128.000       2.6913
 129.000       3.1727
 130.000       2.1169
 131.000       3.6416
 132.000       3.3186
 133.000       3.3762
 134.000       3.3428
 135.000       4.4397
 136.000       5.8922
 137.000       6.4185
 138.000       4.5836
 139.000       5.4219
 140.000       6.7956
 141.000       6.0912
 142.000       5.2414
 143.000       5.5122
 144.000       6.2545
 145.000       5.5583
 146.000       4.1161
 147.000       3.0869
 148.000       2.7083
 149.000       2.5587
 150.000       1.9290
 151.000       1.7579
 152.000       1.8725
 153.000       2.2819
 154.000       2.6315
 155.000       2.0382
 156.000       1.7747
 157.000       2.0123
 158.000       3.1336
 159.000       2.5849
 160.000       3.7800
 161.000       3.7612
 162.000       3.7261
 163.000       2.5238
 164.000       1.4790
 165.000       1.2199
 166.000       1.3259
 167.000       1.3692
 168.000       1.2004
 169.000       0.9785
 170.000       1.0750
 171.000       1.6487
 172.000       1.2266
 173.000       1.2674
 174.000       1.0413
 175.000       1.4853
 176.000       1.2845
 177.000       1.5700
 178.000       0.9627
 179.000       1.2203
 180.000       1.2420
 181.000       0.9161
 182.000       0.9866
 183.000       1.3584
 184.000       1.2766
 185.000       0.9661
 186.000       1.6480
 187.000       1.4911
 188.000       1.9171
 189.000       1.2500
 190.000       0.9119
 191.000       1.1047
 192.000       0.9754
 193.000       0.6709
 194.000       0.6289
 195.000       0.7188
 196.000       0.6294
 197.000       0.8579
 198.000       0.7722
 199.000       0.6692
 200.000       0.9134
 201.000       0.9192
 202.000       0.9298
 203.000       1.0562
 204.000       1.2076
 205.000       1.1988
 206.000       0.9501
 207.000       1.2489
 208.000       1.7487
 209.000       0.9451
 210.000       1.3630
 211.000       1.9083
 212.000       1.0390
 213.000       0.9977
 214.000       0.8885
 215.000       1.4074
 216.000       1.0317
 217.000       0.9761
 218.000       1.4763
 219.000       1.0414
 220.000       0.9876
 221.000       1.1178
 222.000       1.0008
 223.000       1.2116
 224.000       0.8981
 225.000       0.9534
 226.000       0.9756
 227.000       1.0403
 228.000       1.0759
 229.000       0.8003
 230.000       1.2006
 231.000       1.1549
 232.000       1.2090
 233.000       1.0842
 234.000       1.3467
 235.000       1.0823
 236.000       1.4389
 237.000       1.3979
 238.000       1.2926
 239.000       1.5988
 240.000       1.0681
 241.000       1.0313
 242.000       1.8581
 243.000       1.2331
 244.000       0.8917
 245.000       1.1299
 246.000       1.2906
 247.000       1.8837
 248.000       1.0673
 249.000       1.2544
 250.000       1.1581
 251.000       1.1643
 252.000       1.5765
 253.000       2.0319
 254.000       1.8025
 255.000       1.3002
 256.000       1.5640
 257.000       1.7743
 258.000       1.4395
 259.000       0.9271
 260.000       1.4361
 261.000       0.8582
 262.000       0.8812
 263.000       0.6363
 264.000       0.7376
 265.000       0.7185
 266.000       0.6854
 267.000       0.6875
 268.000       0.6868
 269.000       0.8964
 270.000       0.6446
 271.000       1.0101
 272.000       0.9622
 273.000       0.9749
 274.000       0.6872
 275.000       0.7790
 276.000       1.0162
 277.000       1.1293
 278.000       0.9628
 279.000       0.7877
 280.000       1.0913
 281.000       0.7761
 282.000       0.7371
 283.000       1.0143
 284.000       0.8003
 285.000       0.7580
 286.000       1.0295
 287.000       0.9912
 288.000       1.5264
 289.000       1.8807
 290.000       1.7536
 291.000       1.2538
 292.000       0.9799
 293.000       1.2064
 294.000       1.2063
 295.000       2.0022
 296.000       1.0045
 297.000       0.7728
 298.000       0.8422
 299.000       0.9640
 300.000       0.7219
 301.000       0.7321
 302.000       1.0543
 303.000       0.7043
 304.000       0.6291
 305.000       0.8345
 306.000       0.7707
 307.000       0.6737
 308.000       0.6599
 309.000       0.9671
 310.000       1.0438
 311.000       0.8582
 312.000       0.8900
 313.000       1.2430
 314.000       1.0275
 315.000       1.3216
 316.000       1.0225
 317.000       0.9404
 318.000       1.3356
 319.000       1.3529
 320.000       1.1247
 321.000       1.2086
 322.000       1.5757
 323.000       1.5287
 324.000       2.1340
 325.000       1.7926
 326.000       1.8011
 327.000       1.6836
 328.000       1.8007
 329.000       1.7245
 330.000       1.8415
 331.000       1.8358
 332.000       3.0734
 333.000       1.7023
 334.000       1.9620
 335.000       2.1723
 336.000       3.0595
 337.000       2.0507
 338.000       1.6841
 339.000       1.2610
 340.000       1.2378
 341.000       1.0417
 342.000       0.8871
 343.000       1.0831
 344.000       1.0038
 345.000       1.9079
 346.000       1.0903
 347.000       1.3020
 348.000       1.1111
 349.000       1.5214
 350.000       1.9981
 351.000       1.9899
 352.000       1.2668
 353.000       1.4030
 354.000       1.2762
 355.000       0.9946
 356.000       0.8888
 357.000       1.3479
 358.000       0.8913
 359.000       0.8363
 360.000       1.0045
 361.000       1.0397
 362.000       0.7168
 363.000       0.6880
 364.000       1.0251
 365.000       0.9098
 366.000       1.0628
 367.000       0.6977
 368.000       0.8664
 369.000       1.0194
 370.000       0.6392
 371.000       0.9528
 372.000       0.5879
 373.000       0.7399
 374.000       0.5947
 375.000       1.0669
 376.000       0.7657
 377.000       0.7232
 378.000       0.7468
 379.000       0.8171
 380.000       0.6221
 381.000       0.7557
 382.000       0.7081
 383.000       0.7205
 384.000       0.7155
 385.000       0.8626
 386.000       1.0675
 387.000       1.2264
 388.000       1.1682
 389.000       1.3041
 390.000       1.8655
 391.000       2.3354
 392.000       2.8045
 393.000       2.2078
 394.000       1.5571
 395.000       1.9989
 396.000       1.8197
 397.000       1.4716
 398.000       1.4950
 399.000       1.1729
 400.000       1.4177
 401.000       0.8732
 402.000       0.7212
 403.000       0.9618
 404.000       0.7071
 405.000       0.7476
 406.000       0.6861
 407.000       0.8629
 408.000       0.7571
 409.000       0.6236
 410.000       0.9757
 411.000       1.0445
 412.000       1.0583
 413.000       0.6957
 414.000       0.9726
 415.000       0.9038
 416.000       1.0444
 417.000       0.8572
 418.000       0.7237
 419.000       1.1573
 420.000       0.7418
 421.000       0.7104
 422.000       0.9043
 423.000       0.8319
 424.000       0.7793
 425.000       1.0144
 426.000       1.2020
 427.000       0.9576
 428.000       0.9500
 429.000       0.8991
 430.000       1.0941
 431.000       0.6673
 432.000       0.6598
 433.000       0.7075
 434.000       0.7320
 435.000       1.4722
 436.000       0.5916
 437.000       0.9016
 438.000       0.8221
 439.000       0.9371
 440.000       0.7412
 441.000       0.6476
 442.000       0.8984
 443.000       0.9526
 444.000       1.0196
 445.000       0.8352
 446.000       0.9446
 447.000       0.8894
 448.000       1.1539
 449.000       1.1969
 450.000       0.9650
 451.000       1.2360
 452.000       2.0918
 453.000       1.3345
 454.000       1.9524
 455.000       2.6728
 456.000       2.1479
 457.000       1.2478
 458.000       2.2736
 459.000       2.2135
 460.000       1.7091
 461.000       1.6569
 462.000       2.0883
 463.000       2.3119
 464.000       2.3079
 465.000       1.8340
 466.000       1.3472
 467.000       1.9160
 468.000       1.4562
 469.000       1.5868
 470.000       1.3774
 471.000       1.6252
 472.000       1.5460
 473.000       1.3235
 474.000       1.3397
 475.000       1.2046
 476.000       0.9570
 477.000       1.2498
 478.000       1.2816
 479.000       0.9937
 480.000       0.9034
 481.000       0.9211
 482.000       0.8532
 483.000       0.8082
 484.000       0.8703
 485.000       0.8746
 486.000       1.8110
 487.000       0.9408
 488.000       0.7091
 489.000       0.8520
 490.000       0.9266
 491.000       1.0337
 492.000       0.7955
 493.000       1.0122
 494.000       1.1874
 495.000       1.1756
 496.000       0.9409
 497.000       1.7100
 498.000       1.1239
 499.000       1.0697
 500.000       1.1417
 501.000       1.4453
 502.000       1.7523
 503.000       2.4484
 504.000       1.0482
 505.000       1.6227
 506.000       0.9919
 507.000       0.9950
 508.000       1.0248
 509.000       1.0344
 510.000       0.8648
 511.000       0.9783
 512.000       0.9069
 513.000       0.9992
 514.000       0.7044
 515.000       1.3637
 516.000       1.0373
 517.000       0.9896
 518.000       0.8301
 519.000       1.2857
 520.000       0.7534
 521.000       0.7057
 522.000       1.0713
 523.000       1.1087
 524.000       0.7028
 525.000       0.9310
 526.000       0.8733
 527.000       1.3065
 528.000       1.1804
 529.000       1.1189
 530.000       1.8238
 531.000       1.9832
 532.000       2.0141
 533.000       2.0565
 534.000       2.1224
 535.000       2.2916
 536.000       2.2251
 537.000       2.9915
 538.000       3.2049
 539.000       4.0381
 540.000       3.6740
 541.000       3.2570
 542.000       3.7538
 543.000       3.5609
 544.000       2.7086
 545.000       3.0231
 546.000       3.5478
 547.000       2.7805
 548.000       2.4367
 549.000       3.2644
 550.000       3.9426
 551.000       5.1862
 552.000       4.4099
 553.000       4.2053
 554.000       3.1063
 555.000      50.7560
 556.000       0.5236
 557.000       0.5807
 558.000      51.8495
 559.000      50.8221
 560.000      51.2256
 561.000      50.9524
 562.000      51.8197
 563.000      51.3317
 564.000      52.5451
 565.000      52.0708
 566.000      51.1100
 567.000      51.9173
 568.000      50.8187
 569.000      51.3241
 570.000      51.2825
 571.000      51.5507
 572.000      51.4364
 573.000      49.7504
 574.000      52.1513
 575.000      50.0960
 576.000      51.7897
 577.000      51.2060
 578.000      50.3849
 579.000      51.6194
 580.000      52.0913
 581.000      51.7583
 582.000      52.3323
 583.000      51.6083
 584.000      51.3811
 585.000      51.5570
 586.000      51.6840
 587.000      52.4724
 588.000      51.1899
 589.000      52.4418
 590.000      51.7514
 591.000      51.7835
 592.000      52.4735
 593.000      49.6434
 594.000      48.5598
 595.000      53.3694
 596.000      51.1201
 597.000      51.5952
 598.000      52.3771
 599.000      51.7604
 600.000       0.7146
 601.000      52.6384
 602.000      53.2437
 603.000      52.5769
 604.000      52.7996
 605.000      53.5639
 606.000      52.4237
 607.000      52.8837
 608.000      52.7478
 609.000      52.0702
 610.000      52.7917
 611.000      53.1507
 612.000      53.0048
 613.000      51.9082
 614.000      52.3355
 615.000      52.4091
 616.000      52.5054
 617.000      52.8578
 618.000      52.8133
 619.000      52.4071
 620.000      52.4298
 621.000      53.1029
 622.000      51.8521
 623.000      52.6978
 624.000      52.8752
 625.000      52.7825
 626.000      51.9877
 627.000      52.9980
 628.000      52.2209
 629.000      52.5322
 630.000      52.6169
 631.000      52.5537
 632.000      52.3028
 633.000      53.2110
 634.000      53.4949
 635.000      52.3723
 636.000      52.7838
 637.000      52.8994
 638.000      52.4281
 639.000      52.9844
 640.000      53.1299
 641.000      52.6824
 642.000      52.9398
 643.000      53.1467
 644.000      52.9131
 645.000      52.7404
 646.000      52.0681
