#Res        AtomicFlx
   1.000       5.2644
   2.000       2.5611
   3.000       2.3220
   4.000       1.2333
   5.000       1.6192
   6.000       1.5667
   7.000       1.4190
   8.000       1.3578
   9.000       1.1304
  10.000       0.9816
  11.000       0.7225
  12.000       1.1211
  13.000       0.6247
  14.000       0.5494
  15.000       0.6536
  16.000       0.5154
  17.000       0.6054
  18.000       0.6113
  19.000       0.6743
  20.000       0.5809
  21.000       0.9108
  22.000       0.7380
  23.000       0.6113
  24.000       1.1187
  25.000       1.4779
  26.000       1.6313
  27.000       0.6542
  28.000       0.9036
  29.000       1.9621
  30.000       1.0544
  31.000       1.0886
  32.000       2.4825
  33.000       2.3327
  34.000       0.8875
  35.000       1.1693
  36.000       1.0217
  37.000       1.1036
  38.000       1.2728
  39.000       0.9561
  40.000       1.0668
  41.000       1.3937
  42.000       0.7177
  43.000       0.6280
  44.000       1.8735
  45.000       0.8918
  46.000       0.7305
  47.000       0.8131
  48.000       1.2507
  49.000       1.3033
  50.000       0.9653
  51.000       0.7118
  52.000       0.8220
  53.000       0.7901
  54.000       1.1580
  55.000       0.8707
  56.000       0.8826
  57.000       1.0861
  58.000       0.9541
  59.000       0.9849
  60.000       0.7135
  61.000       0.8869
  62.000       0.6593
  63.000       0.8150
  64.000       1.7658
  65.000       1.3472
  66.000       1.0048
  67.000       1.1057
  68.000       0.6906
  69.000       0.7118
  70.000       0.9680
  71.000       0.6815
  72.000       1.0008
  73.000       0.8432
  74.000       2.2434
  75.000       1.4445
  76.000       1.0657
  77.000       1.3477
  78.000       1.2402
  79.000       1.5814
  80.000       0.7854
  81.000       0.5701
  82.000       0.7150
  83.000       0.5409
  84.000       0.8857
  85.000       0.5324
  86.000       0.7203
  87.000       0.9275
  88.000       0.6873
  89.000       0.7196
  90.000       0.5506
  91.000       0.6656
  92.000       1.6323
  93.000       0.8103
  94.000       0.5461
  95.000       0.9286
  96.000       0.6913
  97.000       0.8713
  98.000       0.9055
  99.000       0.6704
 100.000       0.6815
 101.000       0.7841
 102.000       0.5898
 103.000       0.7333
 104.000       0.5679
 105.000       0.8908
 106.000       1.0036
 107.000       0.8374
 108.000       0.9057
 109.000       1.0064
 110.000       0.8394
 111.000       0.6604
 112.000       0.9759
 113.000       0.9549
 114.000       1.6293
 115.000       1.2237
 116.000       0.8521
 117.000       0.9140
 118.000       0.8404
 119.000       1.0403
 120.000       1.4280
 121.000       1.2612
 122.000       1.8919
 123.000       1.8309
 124.000       2.3225
 125.000       1.7596
 126.000       1.7081
 127.000       2.9148
 128.000       3.6976
 129.000       3.1638
 130.000       1.6929
 131.000       2.5357
 132.000       2.2525
 133.000       1.9706
 134.000       1.9795
 135.000       2.4263
 136.000       3.1749
 137.000       3.8871
 138.000       3.4498
 139.000       3.5598
 140.000       4.5992
 141.000       4.8143
 142.000       3.4862
 143.000       3.0425
 144.000       3.1635
 145.000       2.2616
 146.000       1.6928
 147.000       1.2821
 148.000       1.3130
 149.000       1.2636
 150.000       1.4065
 151.000       1.0597
 152.000       1.3689
 153.000       1.9169
 154.000       2.8404
 155.000       1.6859
 156.000       2.5389
 157.000       2.2712
 158.000       3.5820
 159.000       2.6455
 160.000       2.5620
 161.000       3.1566
 162.000       3.2313
 163.000       1.3536
 164.000       0.9613
 165.000       0.8129
 166.000       0.8572
 167.000       1.0228
 168.000       0.9364
 169.000       0.9795
 170.000       0.8551
 171.000       1.6396
 172.000       0.9656
 173.000       1.0269
 174.000       0.8173
 175.000       0.9663
 176.000       1.2137
 177.000       1.3919
 178.000       2.3766
 179.000       2.9128
 180.000       2.9158
 181.000       3.4046
 182.000       1.9100
 183.000       1.7662
 184.000       1.5386
 185.000       0.8440
 186.000       1.3404
 187.000       0.9733
 188.000       0.7676
 189.000       1.2074
 190.000       0.8068
 191.000       1.0366
 192.000       0.8697
 193.000       0.6420
 194.000       0.6443
 195.000       0.7690
 196.000       0.6305
 197.000       0.8114
 198.000       0.7972
 199.000       0.7768
 200.000       0.9464
 201.000       0.9550
 202.000       0.8534
 203.000       1.0155
 204.000       1.1696
 205.000       1.1712
 206.000       1.2462
 207.000       1.3158
 208.000       1.8469
 209.000       1.2753
 210.000       1.5900
 211.000       1.7026
 212.000       1.2168
 213.000       1.0496
 214.000       0.7997
 215.000       1.3178
 216.000       0.8755
 217.000       0.8344
 218.000       1.2029
 219.000       1.0362
 220.000       0.6780
 221.000       0.7569
 222.000       0.7835
 223.000       1.1883
 224.000       0.6304
 225.000       0.8906
 226.000       0.7945
 227.000       0.7383
 228.000       0.7119
 229.000       0.7106
 230.000       0.9934
 231.000       0.8401
 232.000       1.1389
 233.000       1.1689
 234.000       1.0894
 235.000       0.9783
 236.000       1.7380
 237.000       1.5116
 238.000       1.0372
 239.000       1.4004
 240.000       0.9485
 241.000       0.9267
 242.000       1.9930
 243.000       1.3758
 244.000       0.7520
 245.000       1.0245
 246.000       1.5038
 247.000       2.2541
 248.000       0.7051
 249.000       0.9601
 250.000       1.0151
 251.000       1.0828
 252.000       1.5643
 253.000       1.5790
 254.000       1.6906
 255.000       1.4476
 256.000       1.4511
 257.000       1.5527
 258.000       1.4530
 259.000       1.0061
 260.000       1.7000
 261.000       0.8149
 262.000       0.8804
 263.000       0.6710
 264.000       0.7983
 265.000       0.6451
 266.000       0.6649
 267.000       0.7334
 268.000       0.6176
 269.000       1.0674
 270.000       0.6850
 271.000       1.0213
 272.000       0.5829
 273.000       0.7757
 274.000       0.7208
 275.000       0.8853
 276.000       0.7660
 277.000       0.7153
 278.000       0.5600
 279.000       0.5968
 280.000       0.9847
 281.000       0.7458
 282.000       0.6756
 283.000       0.9788
 284.000       0.7448
 285.000       0.7883
 286.000       1.2634
 287.000       1.0050
 288.000       1.8323
 289.000       1.4914
 290.000       1.3750
 291.000       1.4124
 292.000       1.1685
 293.000       1.1847
 294.000       1.2005
 295.000       1.8785
 296.000       0.9563
 297.000       0.7344
 298.000       0.7973
 299.000       0.9814
 300.000       0.6522
 301.000       0.7146
 302.000       0.9533
 303.000       0.6433
 304.000       0.5662
 305.000       0.7699
 306.000       0.6558
 307.000       0.5869
 308.000       0.5067
 309.000       0.7009
 310.000       0.8795
 311.000       0.6317
 312.000       0.5651
 313.000       1.0668
 314.000       0.6917
 315.000       0.6853
 316.000       0.8811
 317.000       0.7472
 318.000       0.8711
 319.000       1.0087
 320.000       0.7595
 321.000       0.8045
 322.000       0.9942
 323.000       0.9323
 324.000       1.2401
 325.000       1.5646
 326.000       1.6479
 327.000       1.1765
 328.000       1.1609
 329.000       1.2496
 330.000       1.0358
 331.000       1.0291
 332.000       2.2273
 333.000       1.1199
 334.000       0.9566
 335.000       1.1467
 336.000       1.9941
 337.000       0.9144
 338.000       0.9361
 339.000       0.6968
 340.000       0.9075
 341.000       0.7760
 342.000       0.7127
 343.000       0.7283
 344.000       0.6854
 345.000       0.7163
 346.000       0.7202
 347.000       0.9309
 348.000       0.6853
 349.000       0.8015
 350.000       0.9775
 351.000       1.0380
 352.000       1.1542
 353.000       0.9303
 354.000       1.1054
 355.000       0.7354
 356.000       0.6954
 357.000       1.2616
 358.000       0.8408
 359.000       0.7272
 360.000       0.9731
 361.000       1.0056
 362.000       0.6051
 363.000       0.6324
 364.000       0.9793
 365.000       0.8315
 366.000       1.0128
 367.000       0.6372
 368.000       0.7617
 369.000       0.9457
 370.000       0.5903
 371.000       0.9869
 372.000       0.5455
 373.000       0.7279
 374.000       0.8368
 375.000       1.3179
 376.000       0.6199
 377.000       0.6825
 378.000       0.8519
 379.000       0.9119
 380.000       0.5666
 381.000       0.8070
 382.000       0.7659
 383.000       0.8307
 384.000       0.7518
 385.000       0.8577
 386.000       1.0263
 387.000       1.1664
 388.000       1.0561
 389.000       1.1711
 390.000       1.4731
 391.000       1.8261
 392.000       2.0119
 393.000       2.3913
 394.000       1.1160
 395.000       1.4979
 396.000       1.6516
 397.000       1.4135
 398.000       1.3521
 399.000       1.1699
 400.000       2.0225
 401.000       0.8743
 402.000       0.7785
 403.000       0.9187
 404.000       0.7201
 405.000       0.8363
 406.000       0.7588
 407.000       0.8451
 408.000       0.7987
 409.000       0.7396
 410.000       1.0992
 411.000       1.2112
 412.000       1.1920
 413.000       0.7826
 414.000       1.0055
 415.000       0.8410
 416.000       0.9176
 417.000       0.8321
 418.000       0.6521
 419.000       0.7771
 420.000       0.7382
 421.000       0.6337
 422.000       0.9117
 423.000       1.0060
 424.000       1.1963
 425.000       0.7215
 426.000       0.8877
 427.000       0.8791
 428.000       1.0624
 429.000       0.8867
 430.000       1.1296
 431.000       1.0438
 432.000       0.7422
 433.000       0.9249
 434.000       1.0654
 435.000       1.9822
 436.000       0.7178
 437.000       0.6821
 438.000       0.9568
 439.000       0.7476
 440.000       0.8086
 441.000       0.8106
 442.000       0.9274
 443.000       1.0802
 444.000       1.0153
 445.000       0.8795
 446.000       1.0274
 447.000       0.9483
 448.000       1.1074
 449.000       1.3407
 450.000       1.1776
 451.000       1.2650
 452.000       1.6611
 453.000       1.1783
 454.000       1.7524
 455.000       2.7099
 456.000       1.6508
 457.000       1.5536
 458.000       1.4719
 459.000       1.5552
 460.000       1.4833
 461.000       1.4534
 462.000       1.8513
 463.000       2.4967
 464.000       2.0549
 465.000       2.3007
 466.000       1.7469
 467.000       2.1404
 468.000       1.4990
 469.000       1.4553
 470.000       1.5196
 471.000       1.7733
 472.000       1.8313
 473.000       1.4266
 474.000       1.3955
 475.000       1.3864
 476.000       0.9905
 477.000       1.3106
 478.000       1.4189
 479.000       1.2608
 480.000       0.9523
 481.000       0.9311
 482.000       0.9469
 483.000       0.9260
 484.000       0.9716
 485.000       1.1360
 486.000       1.6021
 487.000       1.6510
 488.000       1.1575
 489.000       1.1374
 490.000       1.2226
 491.000       1.6160
 492.000       1.2727
 493.000       1.3145
 494.000       1.6200
 495.000       1.7532
 496.000       1.6366
 497.000       2.0713
 498.000       1.5901
 499.000       2.0113
 500.000       1.5859
 501.000       1.8555
 502.000       2.4246
 503.000       2.8318
 504.000       2.1769
 505.000       2.3076
 506.000       1.1935
 507.000       1.3808
 508.000       1.3108
 509.000       1.5678
 510.000       1.1605
 511.000       1.1520
 512.000       1.0504
 513.000       1.3129
 514.000       0.7680
 515.000       1.4355
 516.000       1.2775
 517.000       1.1359
 518.000       0.8987
 519.000       1.3140
 520.000       0.8865
 521.000       0.6909
 522.000       0.9364
 523.000       1.2689
 524.000       0.9449
 525.000       0.8424
 526.000       0.8182
 527.000       1.3897
 528.000       0.9551
 529.000       0.8821
 530.000       1.5819
 531.000       1.8711
 532.000       1.4147
 533.000       1.4090
 534.000       1.5214
 535.000       1.8589
 536.000       1.5972
 537.000       2.2883
 538.000       2.1927
 539.000       3.1590
 540.000       2.6139
 541.000       2.1479
 542.000       2.6385
 543.000       2.6490
 544.000       1.9474
 545.000       2.2167
 546.000       2.6325
 547.000       1.9925
 548.000       1.8901
 549.000       2.4563
 550.000       2.9903
 551.000       3.6581
 552.000       5.0187
 553.000       0.9683
 554.000       4.7788
 555.000      49.5046
 556.000       0.8941
 557.000       0.4626
 558.000      50.9174
 559.000      50.2561
 560.000      51.1987
 561.000      52.9801
 562.000      52.0751
 563.000      52.9100
 564.000      51.4595
 565.000      51.7567
 566.000      52.5040
 567.000      49.7041
 568.000      52.2830
 569.000      52.3194
 570.000      52.3654
 571.000      53.0366
 572.000      51.8955
 573.000      51.9278
 574.000      51.6026
 575.000      51.3235
 576.000      51.3461
 577.000      51.2858
 578.000      50.9668
 579.000      50.2544
 580.000      51.3332
 581.000      51.4061
 582.000      53.4724
 583.000      50.7739
 584.000      51.7420
 585.000      52.2175
 586.000      51.5092
 587.000      51.4901
 588.000      52.8664
 589.000      50.2707
 590.000      52.0293
 591.000      52.9703
 592.000      51.8628
 593.000      52.6912
 594.000      51.3825
 595.000      51.6152
 596.000      50.9843
 597.000      52.5320
 598.000      51.7964
 599.000      51.9632
 600.000       0.6183
 601.000      52.8837
 602.000      52.0960
 603.000      51.7531
 604.000      53.1171
 605.000      53.0220
 606.000      52.4325
 607.000      52.7722
 608.000      52.8009
 609.000      53.0223
 610.000      52.2165
 611.000      53.3015
 612.000      52.7079
 613.000      52.4336
 614.000      52.7954
 615.000      52.5694
 616.000      52.1823
 617.000      52.6402
 618.000      52.5220
 619.000      52.6146
 620.000      52.5696
 621.000      51.3689
 622.000      52.9018
 623.000      52.5291
 624.000      52.5912
 625.000      52.3708
 626.000      52.4535
 627.000      52.3201
 628.000      52.1861
 629.000      52.8916
 630.000      53.0300
 631.000      52.3888
 632.000      51.1300
 633.000      52.2859
 634.000      52.6365
 635.000      53.0559
 636.000      51.5333
 637.000      52.6384
 638.000      52.6336
 639.000      53.0598
 640.000      52.5587
 641.000      52.2801
 642.000      52.6224
 643.000      52.0971
 644.000      52.4869
 645.000      52.2832
 646.000      53.0522
