#Res        AtomicFlx
   1.000       3.8334
   2.000       1.8325
   3.000       1.9995
   4.000       0.9870
   5.000       1.4290
   6.000       1.5647
   7.000       1.3587
   8.000       1.2904
   9.000       1.2083
  10.000       0.7778
  11.000       0.7430
  12.000       0.8667
  13.000       0.6108
  14.000       0.5562
  15.000       0.6984
  16.000       0.5603
  17.000       0.5862
  18.000       0.6127
  19.000       0.6582
  20.000       0.5940
  21.000       0.9425
  22.000       0.6538
  23.000       0.5861
  24.000       1.1407
  25.000       1.2017
  26.000       1.5411
  27.000       0.6331
  28.000       0.6872
  29.000       0.7878
  30.000       0.7550
  31.000       0.6510
  32.000       0.8280
  33.000       1.6711
  34.000       0.7505
  35.000       0.7665
  36.000       0.7128
  37.000       0.7785
  38.000       0.8455
  39.000       0.6889
  40.000       0.9749
  41.000       1.5951
  42.000       0.7020
  43.000       0.6240
  44.000       1.8305
  45.000       0.9232
  46.000       0.7170
  47.000       0.8761
  48.000       0.9696
  49.000       1.2521
  50.000       0.9721
  51.000       0.5857
  52.000       0.7060
  53.000       0.6374
  54.000       1.0016
  55.000       0.8916
  56.000       0.6680
  57.000       0.9873
  58.000       0.9475
  59.000       0.9106
  60.000       0.6659
  61.000       0.7688
  62.000       0.5601
  63.000       0.7072
  64.000       0.8570
  65.000       0.7911
  66.000       0.8620
  67.000       1.1700
  68.000       0.7324
  69.000       0.9645
  70.000       0.8650
  71.000       0.6950
  72.000       0.9919
  73.000       1.0097
  74.000       2.4015
  75.000       1.5800
  76.000       1.1610
  77.000       1.3456
  78.000       1.2501
  79.000       1.2340
  80.000       0.8450
  81.000       0.5714
  82.000       0.6886
  83.000       0.5448
  84.000       1.0143
  85.000       0.5368
  86.000       0.9619
  87.000       0.9086
  88.000       0.7062
  89.000       0.9162
  90.000       0.5501
  91.000       0.6404
  92.000       0.9354
  93.000       0.7697
  94.000       0.5887
  95.000       0.9735
  96.000       0.9932
  97.000       1.2725
  98.000       1.0190
  99.000       0.7603
 100.000       0.9029
 101.000       0.8726
 102.000       0.6419
 103.000       0.8334
 104.000       0.6326
 105.000       0.8663
 106.000       0.9912
 107.000       0.8071
 108.000       0.6802
 109.000       0.9345
 110.000       0.6989
 111.000       0.7106
 112.000       0.9812
 113.000       1.0083
 114.000       1.5928
 115.000       1.2298
 116.000       0.9092
 117.000       0.8600
 118.000       0.8764
 119.000       1.1617
 120.000       2.5008
 121.000       1.4636
 122.000       1.8268
 123.000       1.4396
 124.000       1.7400
 125.000       1.3711
 126.000       1.3729
 127.000       2.2806
 128.000       3.4343
 129.000       3.2748
 130.000       2.4550
 131.000       3.4402
 132.000       2.4126
 133.000       2.7706
 134.000       4.2730
 135.000       3.1672
 136.000       5.0602
 137.000       6.5999
 138.000       7.0799
 139.000       7.3115
 140.000       5.0952
 141.000       5.8540
 142.000       4.0124
 143.000       4.1455
 144.000       5.6625
 145.000       4.8763
 146.000       3.3653
 147.000       2.0337
 148.000       2.0481
 149.000       1.6477
 150.000       1.4518
 151.000       1.2877
 152.000       1.5222
 153.000       1.5165
 154.000       2.0665
 155.000       2.0747
 156.000       1.4797
 157.000       2.0123
 158.000       2.3877
 159.000       2.1389
 160.000       2.0825
 161.000       2.1335
 162.000       2.3496
 163.000       1.4664
 164.000       1.0234
 165.000       0.8964
 166.000       0.8107
 167.000       1.0276
 168.000       1.0621
 169.000       0.7771
 170.000       0.6636
 171.000       1.1343
 172.000       0.9242
 173.000       1.1172
 174.000       0.7707
 175.000       0.9316
 176.000       1.2852
 177.000       1.3827
 178.000       1.3658
 179.000       1.6741
 180.000       1.5080
 181.000       2.0509
 182.000       1.7646
 183.000       2.3824
 184.000       1.9679
 185.000       1.3726
 186.000       1.6519
 187.000       1.0579
 188.000       1.0424
 189.000       1.1414
 190.000       0.8428
 191.000       0.9616
 192.000       0.8629
 193.000       0.6378
 194.000       0.6125
 195.000       0.8319
 196.000       0.6313
 197.000       0.7828
 198.000       0.8101
 199.000       0.6796
 200.000       0.9336
 201.000       0.8199
 202.000       0.8973
 203.000       1.0050
 204.000       0.9653
 205.000       0.7840
 206.000       1.1132
 207.000       1.1329
 208.000       1.7306
 209.000       0.8732
 210.000       1.3922
 211.000       1.8036
 212.000       0.8856
 213.000       0.9785
 214.000       0.7712
 215.000       1.2644
 216.000       0.8823
 217.000       0.7955
 218.000       1.2133
 219.000       0.9525
 220.000       0.9622
 221.000       1.0578
 222.000       0.9310
 223.000       1.2415
 224.000       0.8002
 225.000       0.9597
 226.000       0.8430
 227.000       0.8920
 228.000       1.0436
 229.000       0.6976
 230.000       1.0900
 231.000       0.8326
 232.000       1.0901
 233.000       0.8868
 234.000       1.1209
 235.000       0.7333
 236.000       1.2170
 237.000       1.0654
 238.000       0.8960
 239.000       1.1423
 240.000       0.7476
 241.000       0.7516
 242.000       1.8229
 243.000       1.1237
 244.000       0.6560
 245.000       0.8861
 246.000       1.3729
 247.000       1.4078
 248.000       0.6784
 249.000       0.9877
 250.000       0.8741
 251.000       0.9759
 252.000       1.5196
 253.000       2.1702
 254.000       1.8216
 255.000       1.2978
 256.000       1.6177
 257.000       2.1192
 258.000       1.4498
 259.000       1.0270
 260.000       1.4781
 261.000       0.9425
 262.000       0.8354
 263.000       0.6193
 264.000       0.8451
 265.000       0.6230
 266.000       0.6262
 267.000       0.6720
 268.000       0.5786
 269.000       0.7495
 270.000       0.6096
 271.000       1.0051
 272.000       0.6129
 273.000       0.9405
 274.000       0.6443
 275.000       1.0565
 276.000       1.0120
 277.000       0.6827
 278.000       0.6627
 279.000       0.5566
 280.000       0.7232
 281.000       0.7734
 282.000       0.6501
 283.000       0.8645
 284.000       0.6896
 285.000       0.7459
 286.000       1.3269
 287.000       0.9660
 288.000       1.4416
 289.000       1.0822
 290.000       1.0400
 291.000       1.2683
 292.000       1.0931
 293.000       0.8522
 294.000       1.3035
 295.000       1.7984
 296.000       0.8405
 297.000       0.5915
 298.000       0.7292
 299.000       0.9446
 300.000       0.6703
 301.000       0.5700
 302.000       0.9259
 303.000       0.6122
 304.000       0.5458
 305.000       0.8255
 306.000       0.6541
 307.000       0.6032
 308.000       0.5268
 309.000       0.7383
 310.000       0.9415
 311.000       0.7058
 312.000       0.5989
 313.000       0.9948
 314.000       0.7281
 315.000       0.8618
 316.000       0.8664
 317.000       0.5974
 318.000       0.9020
 319.000       0.7674
 320.000       0.6168
 321.000       0.6832
 322.000       0.8562
 323.000       0.7718
 324.000       0.9616
 325.000       0.8478
 326.000       1.1103
 327.000       0.9223
 328.000       1.0162
 329.000       1.1862
 330.000       0.9089
 331.000       0.9269
 332.000       1.9055
 333.000       1.0402
 334.000       0.8126
 335.000       0.9312
 336.000       0.9824
 337.000       0.7450
 338.000       0.7326
 339.000       0.6289
 340.000       1.0201
 341.000       0.7316
 342.000       0.7403
 343.000       0.7448
 344.000       0.7947
 345.000       1.2182
 346.000       0.8045
 347.000       0.9173
 348.000       0.7423
 349.000       0.8587
 350.000       1.0573
 351.000       1.2167
 352.000       0.9244
 353.000       1.0072
 354.000       1.1094
 355.000       0.7970
 356.000       0.7615
 357.000       1.3250
 358.000       0.7233
 359.000       0.7695
 360.000       1.0377
 361.000       1.0830
 362.000       0.6690
 363.000       0.6648
 364.000       1.0116
 365.000       0.8690
 366.000       1.0744
 367.000       0.6978
 368.000       0.8773
 369.000       1.0086
 370.000       0.7126
 371.000       1.0307
 372.000       0.6985
 373.000       0.9442
 374.000       1.0641
 375.000       1.2087
 376.000       0.6203
 377.000       0.7956
 378.000       0.7352
 379.000       0.8840
 380.000       0.6257
 381.000       0.7734
 382.000       0.7510
 383.000       0.9225
 384.000       0.7810
 385.000       0.8796
 386.000       0.9781
 387.000       1.2005
 388.000       1.1069
 389.000       1.1170
 390.000       1.1298
 391.000       1.7992
 392.000       2.1460
 393.000       2.5450
 394.000       1.2572
 395.000       1.5350
 396.000       1.6574
 397.000       1.4274
 398.000       1.3698
 399.000       1.1388
 400.000       2.0194
 401.000       0.8448
 402.000       0.7228
 403.000       0.9461
 404.000       0.6938
 405.000       0.7538
 406.000       0.6896
 407.000       0.8220
 408.000       0.7663
 409.000       0.6656
 410.000       0.9597
 411.000       1.1436
 412.000       1.1750
 413.000       0.7738
 414.000       1.0144
 415.000       0.9413
 416.000       0.9851
 417.000       0.8672
 418.000       0.9678
 419.000       1.3545
 420.000       1.1559
 421.000       1.0063
 422.000       1.2771
 423.000       1.1425
 424.000       1.0000
 425.000       1.1105
 426.000       1.2553
 427.000       1.2525
 428.000       1.2386
 429.000       1.2184
 430.000       1.5139
 431.000       1.4761
 432.000       1.4266
 433.000       1.5815
 434.000       1.6903
 435.000       1.8260
 436.000       0.9161
 437.000       0.8388
 438.000       0.9368
 439.000       0.8949
 440.000       0.9044
 441.000       0.6868
 442.000       0.9716
 443.000       1.0968
 444.000       1.0815
 445.000       0.8876
 446.000       0.9344
 447.000       0.8560
 448.000       0.9842
 449.000       0.9424
 450.000       1.2953
 451.000       1.1022
 452.000       1.1463
 453.000       0.8499
 454.000       1.2339
 455.000       2.0778
 456.000       1.0760
 457.000       0.9298
 458.000       1.3387
 459.000       1.4462
 460.000       1.0238
 461.000       0.9113
 462.000       1.2088
 463.000       1.7329
 464.000       0.9528
 465.000       1.0939
 466.000       0.9856
 467.000       1.6159
 468.000       1.1114
 469.000       1.1224
 470.000       1.1747
 471.000       1.4550
 472.000       1.3918
 473.000       1.1415
 474.000       1.4630
 475.000       1.2080
 476.000       0.7182
 477.000       0.7841
 478.000       1.5416
 479.000       1.9180
 480.000       0.8928
 481.000       1.0421
 482.000       0.9704
 483.000       0.8231
 484.000       1.0800
 485.000       0.9776
 486.000       1.5822
 487.000       1.0652
 488.000       0.7574
 489.000       0.9354
 490.000       0.8918
 491.000       1.0052
 492.000       0.9036
 493.000       1.1035
 494.000       1.2582
 495.000       1.2590
 496.000       1.1884
 497.000       1.8559
 498.000       1.1972
 499.000       1.1717
 500.000       1.2156
 501.000       1.3142
 502.000       1.9308
 503.000       2.8643
 504.000       2.2619
 505.000       1.7985
 506.000       1.2931
 507.000       1.1530
 508.000       1.1854
 509.000       1.2095
 510.000       1.0262
 511.000       1.1640
 512.000       1.1169
 513.000       1.1881
 514.000       0.8451
 515.000       1.8778
 516.000       1.3005
 517.000       1.1323
 518.000       0.8686
 519.000       1.3174
 520.000       0.7550
 521.000       0.8741
 522.000       1.0706
 523.000       1.2000
 524.000       0.7594
 525.000       0.8895
 526.000       0.8996
 527.000       1.3340
 528.000       1.3334
 529.000       0.9781
 530.000       1.8233
 531.000       1.5386
 532.000       1.5371
 533.000       1.4922
 534.000       1.6074
 535.000       1.9412
 536.000       1.6377
 537.000       2.2351
 538.000       2.2622
 539.000       3.1159
 540.000       2.7731
 541.000       2.5157
 542.000       2.7658
 543.000       2.7904
 544.000       2.2444
 545.000       2.1679
 546.000       2.7595
 547.000       2.0700
 548.000       1.7189
 549.000       2.1316
 550.000       2.8358
 551.000       3.0428
 552.000       9.6369
 553.000       1.8898
 554.000      51.8693
 555.000       0.5035
 556.000       2.9582
 557.000      50.1568
 558.000      51.6172
 559.000      52.0316
 560.000      50.9932
 561.000      50.4937
 562.000      50.1564
 563.000      51.0196
 564.000      51.3526
 565.000      52.0072
 566.000      50.4779
 567.000      50.5552
 568.000      52.1334
 569.000      50.9897
 570.000      51.4012
 571.000      51.7445
 572.000      51.6998
 573.000      52.3640
 574.000      52.0038
 575.000      52.3312
 576.000      49.1157
 577.000      52.6137
 578.000      51.5616
 579.000      52.4600
 580.000      51.0075
 581.000      51.5324
 582.000      51.5098
 583.000      52.3909
 584.000      52.0891
 585.000      49.8650
 586.000      52.2888
 587.000      52.6253
 588.000      51.7040
 589.000      52.6212
 590.000      50.8197
 591.000      51.4691
 592.000      52.1039
 593.000      52.2729
 594.000      49.2813
 595.000      49.6574
 596.000      52.0474
 597.000      52.5904
 598.000      51.0544
 599.000       0.6123
 600.000      52.6261
 601.000      52.6357
 602.000      52.8738
 603.000      52.8388
 604.000      53.1224
 605.000      52.8217
 606.000      52.4241
 607.000      53.1172
 608.000      51.8700
 609.000      50.1590
 610.000      52.1068
 611.000      52.4871
 612.000      52.5229
 613.000      52.6934
 614.000      52.4043
 615.000      53.0252
 616.000      52.0825
 617.000      51.9574
 618.000      52.1579
 619.000      51.5420
 620.000      52.7809
 621.000      52.1239
 622.000      52.6404
 623.000      52.5299
 624.000      46.7285
 625.000      52.3638
 626.000      52.5786
 627.000      53.2748
 628.000      52.1661
 629.000      52.2284
 630.000      52.2197
 631.000      53.8590
 632.000      52.1394
 633.000      51.3864
 634.000      51.9456
 635.000      52.9707
 636.000      52.8600
 637.000      52.0927
 638.000      52.9756
 639.000      52.7889
 640.000      51.9338
 641.000      52.8151
 642.000      53.3137
 643.000      52.6170
 644.000      52.5921
 645.000      52.5148
