#Res        AtomicFlx
   1.000       3.2387
   2.000       2.4846
   3.000       2.3610
   4.000       1.2368
   5.000       1.5929
   6.000       1.7414
   7.000       1.5084
   8.000       1.5001
   9.000       1.4384
  10.000       0.9306
  11.000       0.9219
  12.000       1.2467
  13.000       0.8665
  14.000       0.6820
  15.000       0.7974
  16.000       0.7462
  17.000       0.9863
  18.000       0.6950
  19.000       0.7379
  20.000       0.6458
  21.000       0.9633
  22.000       0.6918
  23.000       0.6142
  24.000       1.1599
  25.000       1.6263
  26.000       1.4614
  27.000       0.6925
  28.000       0.7943
  29.000       1.0207
  30.000       0.8712
  31.000       0.8664
  32.000       1.5840
  33.000       1.8261
  34.000       0.9446
  35.000       1.1002
  36.000       0.9424
  37.000       0.9197
  38.000       1.0097
  39.000       0.7919
  40.000       1.0487
  41.000       1.2189
  42.000       0.7783
  43.000       0.6561
  44.000       1.8544
  45.000       0.9125
  46.000       0.7331
  47.000       0.7852
  48.000       1.2387
  49.000       1.0962
  50.000       0.7586
  51.000       0.6072
  52.000       0.7545
  53.000       0.6681
  54.000       0.9123
  55.000       0.9414
  56.000       0.8419
  57.000       0.9758
  58.000       0.7836
  59.000       1.0643
  60.000       0.8073
  61.000       1.0719
  62.000       0.6750
  63.000       0.9584
  64.000       1.0770
  65.000       0.9923
  66.000       0.9957
  67.000       1.2381
  68.000       0.7854
  69.000       0.9084
  70.000       1.1224
  71.000       0.7675
  72.000       0.9983
  73.000       1.2508
  74.000       3.4103
  75.000       3.5951
  76.000       1.5872
  77.000       1.8802
  78.000       1.5828
  79.000       1.2853
  80.000       1.0159
  81.000       0.6026
  82.000       0.7255
  83.000       0.5963
  84.000       0.9837
  85.000       0.6222
  86.000       1.0041
  87.000       0.9435
  88.000       0.9352
  89.000       1.0156
  90.000       0.6155
  91.000       0.7349
  92.000       0.8013
  93.000       1.0559
  94.000       0.6962
  95.000       1.1170
  96.000       1.1067
  97.000       1.0579
  98.000       0.9706
  99.000       1.0521
 100.000       1.0680
 101.000       0.8599
 102.000       0.9707
 103.000       0.8807
 104.000       0.6662
 105.000       0.8424
 106.000       1.0006
 107.000       0.9645
 108.000       0.6542
 109.000       1.0273
 110.000       0.7731
 111.000       0.8077
 112.000       1.0223
 113.000       1.2158
 114.000       2.0816
 115.000       1.3957
 116.000       1.1648
 117.000       1.1828
 118.000       1.5424
 119.000       1.7720
 120.000       2.5959
 121.000       2.2883
 122.000       2.9214
 123.000       2.4900
 124.000       2.3614
 125.000       3.2270
 126.000       1.9442
 127.000       2.2212
 128.000       3.1698
 129.000       2.3250
 130.000       1.9131
 131.000       2.9398
 132.000       3.9309
 133.000       4.3292
 134.000       4.7801
 135.000       5.2641
 136.000       7.3334
 137.000       6.8760
 138.000       6.0116
 139.000       8.2998
 140.000       7.1053
 141.000       8.1728
 142.000       5.9789
 143.000       6.1572
 144.000       6.7754
 145.000       6.3532
 146.000       4.5227
 147.000       2.7733
 148.000       3.2340
 149.000       3.0629
 150.000       2.5418
 151.000       2.2657
 152.000       2.9767
 153.000       4.1802
 154.000       4.6324
 155.000       5.6916
 156.000       7.4820
 157.000       8.5578
 158.000       8.1329
 159.000       7.5224
 160.000       6.1308
 161.000       5.6824
 162.000       4.5486
 163.000       2.5157
 164.000       1.5279
 165.000       1.2391
 166.000       1.1015
 167.000       1.1396
 168.000       1.4553
 169.000       1.1530
 170.000       1.0323
 171.000       1.7674
 172.000       1.2412
 173.000       1.3336
 174.000       1.0092
 175.000       1.1338
 176.000       1.3133
 177.000       1.5940
 178.000       1.4731
 179.000       1.6759
 180.000       1.5155
 181.000       1.1762
 182.000       1.5297
 183.000       1.9709
 184.000       2.1583
 185.000       2.1556
 186.000       2.2822
 187.000       1.6517
 188.000       1.8544
 189.000       1.2966
 190.000       0.9512
 191.000       1.1099
 192.000       1.0003
 193.000       0.6834
 194.000       0.6619
 195.000       0.8243
 196.000       0.6696
 197.000       0.9267
 198.000       0.7423
 199.000       0.7110
 200.000       0.9546
 201.000       0.8584
 202.000       0.7313
 203.000       0.9341
 204.000       0.9825
 205.000       1.0291
 206.000       1.0001
 207.000       1.1804
 208.000       1.7595
 209.000       0.9874
 210.000       1.5531
 211.000       1.8748
 212.000       0.8900
 213.000       0.9186
 214.000       0.8440
 215.000       1.5071
 216.000       0.8587
 217.000       1.0859
 218.000       2.1538
 219.000       1.1392
 220.000       0.8301
 221.000       0.9136
 222.000       0.9267
 223.000       1.3603
 224.000       0.8684
 225.000       0.9145
 226.000       0.9018
 227.000       0.9557
 228.000       1.1147
 229.000       0.7956
 230.000       1.0605
 231.000       1.0041
 232.000       1.2308
 233.000       1.2453
 234.000       1.8183
 235.000       1.0771
 236.000       1.4734
 237.000       1.5216
 238.000       1.3281
 239.000       1.7889
 240.000       1.1840
 241.000       1.1240
 242.000       2.0041
 243.000       1.4200
 244.000       0.9988
 245.000       1.1363
 246.000       1.4384
 247.000       1.5041
 248.000       0.9832
 249.000       1.2548
 250.000       1.2108
 251.000       1.2544
 252.000       1.7972
 253.000       1.8821
 254.000       1.7796
 255.000       1.2732
 256.000       1.4248
 257.000       1.5526
 258.000       1.3634
 259.000       0.9853
 260.000       1.4472
 261.000       0.8835
 262.000       0.8614
 263.000       0.6611
 264.000       0.8552
 265.000       0.6997
 266.000       0.6691
 267.000       0.6688
 268.000       0.6172
 269.000       1.0478
 270.000       0.8832
 271.000       0.9025
 272.000       0.6042
 273.000       0.7864
 274.000       0.6260
 275.000       0.6832
 276.000       0.7353
 277.000       0.6686
 278.000       0.6504
 279.000       0.6706
 280.000       1.0053
 281.000       0.8817
 282.000       0.7655
 283.000       0.9903
 284.000       0.7843
 285.000       0.8022
 286.000       1.3385
 287.000       1.1668
 288.000       1.7616
 289.000       1.3115
 290.000       1.6512
 291.000       1.5861
 292.000       1.7959
 293.000       1.3231
 294.000       1.3927
 295.000       1.7607
 296.000       1.0098
 297.000       0.8577
 298.000       0.8673
 299.000       0.9761
 300.000       0.7428
 301.000       0.6968
 302.000       1.0875
 303.000       0.6889
 304.000       0.6066
 305.000       0.7125
 306.000       0.7348
 307.000       0.6793
 308.000       0.5878
 309.000       0.8190
 310.000       0.9866
 311.000       0.7637
 312.000       0.7380
 313.000       1.1386
 314.000       1.0277
 315.000       1.0231
 316.000       1.0734
 317.000       1.0410
 318.000       1.4624
 319.000       1.7488
 320.000       1.1334
 321.000       1.2163
 322.000       1.7179
 323.000       1.4636
 324.000       1.7973
 325.000       1.7460
 326.000       1.9046
 327.000       1.6896
 328.000       1.9060
 329.000       2.0276
 330.000       2.6948
 331.000       2.0992
 332.000       3.6092
 333.000       2.9720
 334.000       1.9866
 335.000       2.1674
 336.000       2.7011
 337.000       2.2557
 338.000       1.3314
 339.000       0.9585
 340.000       1.1594
 341.000       1.0307
 342.000       0.9483
 343.000       1.0514
 344.000       1.0045
 345.000       1.2035
 346.000       1.1749
 347.000       1.1876
 348.000       1.1049
 349.000       1.7782
 350.000       1.7088
 351.000       2.3866
 352.000       1.3941
 353.000       1.2237
 354.000       1.4919
 355.000       1.0959
 356.000       1.0886
 357.000       1.4192
 358.000       1.2372
 359.000       0.8715
 360.000       0.9175
 361.000       1.0843
 362.000       0.6902
 363.000       0.7493
 364.000       1.0260
 365.000       0.8643
 366.000       1.0626
 367.000       0.8739
 368.000       0.8447
 369.000       1.0819
 370.000       0.6849
 371.000       0.8231
 372.000       0.6018
 373.000       0.7084
 374.000       0.6197
 375.000       0.7377
 376.000       0.8460
 377.000       0.9824
 378.000       0.7313
 379.000       1.0629
 380.000       0.7310
 381.000       0.8625
 382.000       0.7826
 383.000       0.9184
 384.000       0.9015
 385.000       1.0219
 386.000       1.1717
 387.000       1.3523
 388.000       1.1477
 389.000       1.3322
 390.000       1.4995
 391.000       2.9889
 392.000       2.5764
 393.000       1.7570
 394.000       1.3108
 395.000       1.4830
 396.000       1.6667
 397.000       1.5031
 398.000       1.4388
 399.000       1.0951
 400.000       1.9031
 401.000       0.9891
 402.000       0.7608
 403.000       1.0066
 404.000       0.8322
 405.000       0.8903
 406.000       0.7934
 407.000       0.9692
 408.000       0.9010
 409.000       0.7839
 410.000       1.1253
 411.000       1.3407
 412.000       1.2412
 413.000       0.9525
 414.000       1.2333
 415.000       1.1215
 416.000       1.2787
 417.000       1.5218
 418.000       1.0752
 419.000       1.9287
 420.000       0.9433
 421.000       0.9177
 422.000       1.0177
 423.000       0.8640
 424.000       0.8756
 425.000       1.0006
 426.000       1.1792
 427.000       1.0559
 428.000       1.0779
 429.000       0.9607
 430.000       1.0935
 431.000       0.9345
 432.000       0.8114
 433.000       0.9120
 434.000       0.7923
 435.000       1.3569
 436.000       0.7218
 437.000       0.9175
 438.000       0.7771
 439.000       0.8606
 440.000       0.9328
 441.000       0.6075
 442.000       0.8672
 443.000       0.8906
 444.000       0.9628
 445.000       0.7682
 446.000       0.9442
 447.000       0.8079
 448.000       1.0107
 449.000       0.9840
 450.000       1.2933
 451.000       1.0871
 452.000       1.1960
 453.000       0.9945
 454.000       1.6824
 455.000       2.5330
 456.000       1.4338
 457.000       1.1834
 458.000       1.4709
 459.000       1.5946
 460.000       1.3223
 461.000       1.2004
 462.000       1.3815
 463.000       1.9438
 464.000       1.3493
 465.000       1.4751
 466.000       1.3279
 467.000       1.7030
 468.000       1.1836
 469.000       1.1329
 470.000       1.1120
 471.000       1.4142
 472.000       1.2885
 473.000       1.1423
 474.000       1.3989
 475.000       1.2297
 476.000       0.7235
 477.000       0.7984
 478.000       1.5804
 479.000       1.8865
 480.000       0.8410
 481.000       0.8870
 482.000       0.7753
 483.000       0.7572
 484.000       0.8067
 485.000       0.8569
 486.000       1.7682
 487.000       0.9937
 488.000       0.7462
 489.000       0.8684
 490.000       0.9974
 491.000       1.0140
 492.000       0.8122
 493.000       1.0907
 494.000       1.2160
 495.000       1.3016
 496.000       1.0396
 497.000       1.7446
 498.000       1.1381
 499.000       1.2937
 500.000       1.2034
 501.000       1.3144
 502.000       1.7985
 503.000       2.6326
 504.000       1.3993
 505.000       1.7778
 506.000       1.1997
 507.000       1.1992
 508.000       1.3256
 509.000       1.3008
 510.000       1.0261
 511.000       1.1787
 512.000       1.1227
 513.000       1.1858
 514.000       0.8349
 515.000       1.5126
 516.000       1.2621
 517.000       1.1595
 518.000       1.0776
 519.000       1.6022
 520.000       1.1057
 521.000       1.1132
 522.000       1.2653
 523.000       1.3029
 524.000       0.7878
 525.000       1.0401
 526.000       1.1060
 527.000       1.6799
 528.000       1.2023
 529.000       1.5837
 530.000       2.3634
 531.000       2.3762
 532.000       2.3236
 533.000       2.8403
 534.000       2.9668
 535.000       3.0169
 536.000       3.1154
 537.000       3.9538
 538.000       4.2585
 539.000       5.2223
 540.000       4.8334
 541.000       4.1719
 542.000       4.5627
 543.000       4.5925
 544.000       4.0335
 545.000       3.6937
 546.000       4.1554
 547.000       3.4525
 548.000       2.8542
 549.000       3.2910
 550.000       3.9499
 551.000       4.3757
 552.000      11.7759
 553.000       2.9785
 554.000      52.8618
 555.000       0.5478
 556.000       0.8348
 557.000      51.9014
 558.000      52.3108
 559.000      52.8090
 560.000      50.6337
 561.000      50.6808
 562.000      50.7625
 563.000      51.9417
 564.000      50.5821
 565.000      51.4284
 566.000      51.4505
 567.000      51.0356
 568.000      51.0866
 569.000      52.0216
 570.000      51.7634
 571.000      50.8161
 572.000      51.5908
 573.000      50.9183
 574.000      51.5224
 575.000      52.6973
 576.000      50.8543
 577.000      51.1718
 578.000      51.8947
 579.000      52.0007
 580.000      51.9577
 581.000      50.8518
 582.000      52.5870
 583.000      50.7287
 584.000      51.0516
 585.000      52.2971
 586.000      52.0761
 587.000      53.4055
 588.000      51.6590
 589.000      52.0730
 590.000      52.1436
 591.000      50.5627
 592.000      51.8334
 593.000      52.8573
 594.000      50.9837
 595.000      51.6903
 596.000      52.2646
 597.000      52.5843
 598.000      52.2450
 599.000       0.6466
 600.000      52.9103
 601.000      53.0398
 602.000      52.2789
 603.000      51.7063
 604.000      52.3162
 605.000      53.2510
 606.000      52.6670
 607.000      53.0510
 608.000      52.8606
 609.000      52.8223
 610.000      51.5738
 611.000      52.9853
 612.000      52.5348
 613.000      52.5865
 614.000      53.4220
 615.000      52.4733
 616.000      52.8519
 617.000      52.2527
 618.000      52.7823
 619.000      52.8841
 620.000      52.3145
 621.000      52.0750
 622.000      52.1488
 623.000      52.3763
 624.000      52.6789
 625.000      52.6743
 626.000      53.0792
 627.000      52.4348
 628.000      52.2360
 629.000      52.6833
 630.000      52.2359
 631.000      52.8803
 632.000      52.9499
 633.000      52.8050
 634.000      52.9486
 635.000      53.0124
 636.000      53.0266
 637.000      53.0925
 638.000      52.9332
 639.000      52.3027
 640.000      52.4817
 641.000      52.9734
 642.000      52.2300
 643.000      52.9672
 644.000      52.8363
 645.000      52.4204
