#Res        AtomicFlx
   1.000       3.2259
   2.000       1.7894
   3.000       2.3929
   4.000       1.0927
   5.000       1.2582
   6.000       1.4095
   7.000       1.5860
   8.000       1.3978
   9.000       1.0170
  10.000       0.7713
  11.000       0.7899
  12.000       1.1088
  13.000       0.6153
  14.000       0.5379
  15.000       0.6898
  16.000       0.5502
  17.000       0.8492
  18.000       0.6139
  19.000       0.6884
  20.000       0.6364
  21.000       1.0535
  22.000       0.8086
  23.000       0.7010
  24.000       1.2391
  25.000       2.0530
  26.000       1.5740
  27.000       0.7370
  28.000       0.8241
  29.000       0.9572
  30.000       0.8103
  31.000       0.7852
  32.000       1.2214
  33.000       1.5197
  34.000       0.8005
  35.000       0.8670
  36.000       0.8199
  37.000       0.8669
  38.000       0.9625
  39.000       0.7691
  40.000       1.0598
  41.000       1.2138
  42.000       0.6816
  43.000       0.6368
  44.000       1.4999
  45.000       0.8812
  46.000       0.7113
  47.000       0.8011
  48.000       1.1418
  49.000       1.3101
  50.000       0.8212
  51.000       0.5649
  52.000       0.7097
  53.000       0.6389
  54.000       0.7157
  55.000       0.8551
  56.000       0.8020
  57.000       0.9038
  58.000       0.7419
  59.000       1.0032
  60.000       0.6495
  61.000       1.0763
  62.000       0.7093
  63.000       0.9470
  64.000       1.1165
  65.000       0.9997
  66.000       1.1766
  67.000       2.0969
  68.000       1.0432
  69.000       1.0875
  70.000       1.3354
  71.000       0.8370
  72.000       0.9918
  73.000       1.0789
  74.000       2.3538
  75.000       1.6644
  76.000       1.3056
  77.000       1.3889
  78.000       2.7508
  79.000       1.5724
  80.000       1.6232
  81.000       0.7961
  82.000       0.8533
  83.000       0.6890
  84.000       1.0141
  85.000       0.6626
  86.000       0.7759
  87.000       0.9476
  88.000       0.8161
  89.000       0.8534
  90.000       0.6963
  91.000       0.8040
  92.000       0.7645
  93.000       0.8908
  94.000       0.7049
  95.000       1.0091
  96.000       0.8749
  97.000       1.0462
  98.000       0.9126
  99.000       0.8340
 100.000       0.8041
 101.000       0.8695
 102.000       0.7820
 103.000       1.0315
 104.000       0.8050
 105.000       0.9853
 106.000       1.2178
 107.000       1.1163
 108.000       0.9351
 109.000       1.0501
 110.000       1.0911
 111.000       1.0689
 112.000       1.3341
 113.000       1.3944
 114.000       2.0798
 115.000       1.5444
 116.000       1.2010
 117.000       1.2559
 118.000       1.2334
 119.000       1.4565
 120.000       4.5130
 121.000       3.8713
 122.000       6.6029
 123.000       6.7822
 124.000       7.1457
 125.000       7.3319
 126.000       7.0560
 127.000       8.4105
 128.000       9.9062
 129.000       9.4244
 130.000       6.0435
 131.000       6.6993
 132.000       5.2430
 133.000       4.8023
 134.000       5.9941
 135.000       6.4437
 136.000       7.2752
 137.000       8.5209
 138.000       9.1849
 139.000       7.9826
 140.000       8.0143
 141.000       9.6404
 142.000       8.4520
 143.000       7.9827
 144.000       7.2492
 145.000       6.3489
 146.000       5.0332
 147.000       2.8978
 148.000       3.5365
 149.000       2.9440
 150.000       3.3433
 151.000       3.3827
 152.000       2.1875
 153.000       2.7332
 154.000       4.1435
 155.000       3.9462
 156.000       4.7163
 157.000       5.9115
 158.000       5.9881
 159.000       4.3203
 160.000       3.9210
 161.000       4.3454
 162.000       4.1746
 163.000       2.1534
 164.000       1.1668
 165.000       1.1282
 166.000       1.0480
 167.000       1.2464
 168.000       1.4175
 169.000       1.1277
 170.000       1.1044
 171.000       2.1181
 172.000       1.4625
 173.000       1.5279
 174.000       1.0936
 175.000       1.2632
 176.000       1.5039
 177.000       1.6610
 178.000       1.4875
 179.000       1.7925
 180.000       1.8456
 181.000       1.8829
 182.000       1.6929
 183.000       1.9285
 184.000       2.1109
 185.000       1.6747
 186.000       1.8336
 187.000       1.4842
 188.000       1.2226
 189.000       1.6428
 190.000       1.1333
 191.000       1.2224
 192.000       1.1814
 193.000       0.8937
 194.000       0.8308
 195.000       0.8738
 196.000       0.7653
 197.000       0.9245
 198.000       0.8609
 199.000       0.7119
 200.000       0.9510
 201.000       1.0654
 202.000       0.7921
 203.000       1.0187
 204.000       1.1957
 205.000       1.1354
 206.000       1.1450
 207.000       1.3673
 208.000       1.2982
 209.000       1.0147
 210.000       1.3803
 211.000       1.6060
 212.000       0.9964
 213.000       0.9312
 214.000       0.7731
 215.000       1.2969
 216.000       0.8075
 217.000       0.8087
 218.000       1.2018
 219.000       1.4467
 220.000       0.6679
 221.000       0.7802
 222.000       0.8388
 223.000       1.4495
 224.000       0.7528
 225.000       0.9213
 226.000       0.9170
 227.000       0.9187
 228.000       1.0978
 229.000       0.8863
 230.000       1.1988
 231.000       1.0898
 232.000       1.3020
 233.000       1.2634
 234.000       1.4179
 235.000       1.1356
 236.000       1.4680
 237.000       1.5383
 238.000       1.2340
 239.000       1.4273
 240.000       1.0135
 241.000       1.0023
 242.000       1.7313
 243.000       1.3174
 244.000       0.9183
 245.000       1.0690
 246.000       1.4506
 247.000       1.2476
 248.000       0.8749
 249.000       1.1051
 250.000       1.0547
 251.000       1.0393
 252.000       1.4292
 253.000       2.3210
 254.000       1.6073
 255.000       1.2577
 256.000       1.3725
 257.000       1.6136
 258.000       1.3382
 259.000       0.8869
 260.000       1.6256
 261.000       0.7888
 262.000       0.7716
 263.000       0.6099
 264.000       0.7759
 265.000       0.6167
 266.000       0.6155
 267.000       0.6802
 268.000       0.6016
 269.000       1.0079
 270.000       0.5607
 271.000       0.9295
 272.000       0.5631
 273.000       0.7054
 274.000       0.6113
 275.000       0.6371
 276.000       0.6690
 277.000       0.6884
 278.000       0.6832
 279.000       0.7618
 280.000       1.0749
 281.000       0.8116
 282.000       1.0271
 283.000       1.0452
 284.000       0.8026
 285.000       0.9873
 286.000       2.0224
 287.000       0.9966
 288.000       1.7046
 289.000       1.3524
 290.000       1.4511
 291.000       1.6204
 292.000       1.8091
 293.000       1.1370
 294.000       1.2396
 295.000       1.8396
 296.000       0.9153
 297.000       0.6860
 298.000       0.8001
 299.000       0.9640
 300.000       0.6714
 301.000       0.6201
 302.000       1.1403
 303.000       0.6721
 304.000       0.5633
 305.000       0.6670
 306.000       0.7413
 307.000       0.6889
 308.000       0.6266
 309.000       0.8278
 310.000       1.0229
 311.000       0.8066
 312.000       0.7643
 313.000       1.1824
 314.000       0.9812
 315.000       0.9513
 316.000       0.9562
 317.000       0.9504
 318.000       1.1497
 319.000       1.1328
 320.000       0.9516
 321.000       1.0679
 322.000       1.4828
 323.000       1.1067
 324.000       1.2210
 325.000       1.2864
 326.000       1.5539
 327.000       1.1687
 328.000       1.3602
 329.000       1.3798
 330.000       1.1633
 331.000       1.1091
 332.000       2.1232
 333.000       1.2616
 334.000       1.1875
 335.000       1.5372
 336.000       2.3499
 337.000       1.9144
 338.000       1.3968
 339.000       1.0997
 340.000       1.4842
 341.000       1.3236
 342.000       1.2972
 343.000       1.0641
 344.000       1.1255
 345.000       1.7213
 346.000       1.3796
 347.000       1.3097
 348.000       1.1491
 349.000       1.7754
 350.000       2.3482
 351.000       1.9296
 352.000       1.4388
 353.000       1.3987
 354.000       1.4453
 355.000       1.1217
 356.000       1.1626
 357.000       1.6811
 358.000       1.0788
 359.000       0.9927
 360.000       1.3100
 361.000       1.2137
 362.000       0.8991
 363.000       0.8600
 364.000       1.1769
 365.000       0.9722
 366.000       1.0884
 367.000       0.7919
 368.000       0.8981
 369.000       1.0329
 370.000       0.6295
 371.000       0.9023
 372.000       0.6333
 373.000       0.7804
 374.000       0.6924
 375.000       1.0031
 376.000       0.8665
 377.000       0.9525
 378.000       0.7707
 379.000       0.9575
 380.000       0.9124
 381.000       1.0377
 382.000       0.8277
 383.000       0.9656
 384.000       1.0449
 385.000       1.0454
 386.000       1.1802
 387.000       1.6701
 388.000       1.6682
 389.000       1.5230
 390.000       1.5845
 391.000       2.0688
 392.000       2.3678
 393.000       2.7204
 394.000       1.4200
 395.000       1.7395
 396.000       1.9137
 397.000       1.7139
 398.000       1.3904
 399.000       1.1310
 400.000       1.3525
 401.000       0.9219
 402.000       0.7426
 403.000       0.9073
 404.000       0.7236
 405.000       0.8191
 406.000       0.7469
 407.000       0.8860
 408.000       0.8650
 409.000       0.7549
 410.000       1.1054
 411.000       1.2168
 412.000       1.0238
 413.000       0.8384
 414.000       1.1194
 415.000       1.0089
 416.000       0.9798
 417.000       0.9916
 418.000       1.0712
 419.000       1.5192
 420.000       1.1643
 421.000       0.9933
 422.000       1.0582
 423.000       1.1543
 424.000       1.0163
 425.000       0.9536
 426.000       1.2366
 427.000       1.0538
 428.000       0.9997
 429.000       0.9207
 430.000       1.1151
 431.000       0.8951
 432.000       0.8016
 433.000       0.8300
 434.000       0.9146
 435.000       1.3020
 436.000       0.7384
 437.000       0.8873
 438.000       0.8109
 439.000       0.9912
 440.000       0.8414
 441.000       0.6623
 442.000       0.8983
 443.000       1.1157
 444.000       1.1838
 445.000       0.8292
 446.000       1.0237
 447.000       0.8915
 448.000       1.2527
 449.000       1.1128
 450.000       1.3415
 451.000       1.3112
 452.000       1.1223
 453.000       0.9447
 454.000       1.6211
 455.000       1.8694
 456.000       2.0160
 457.000       1.2595
 458.000       1.4773
 459.000       1.8616
 460.000       1.7215
 461.000       1.4932
 462.000       1.6987
 463.000       2.0568
 464.000       1.5265
 465.000       1.5957
 466.000       1.7025
 467.000       1.8326
 468.000       1.6940
 469.000       1.9592
 470.000       1.8365
 471.000       1.7542
 472.000       2.1153
 473.000       1.6473
 474.000       1.9325
 475.000       1.3720
 476.000       1.3030
 477.000       1.4319
 478.000       1.4479
 479.000       1.2483
 480.000       1.0472
 481.000       1.1283
 482.000       1.1353
 483.000       0.9683
 484.000       0.9343
 485.000       1.0190
 486.000       1.9011
 487.000       1.4763
 488.000       0.9132
 489.000       1.0568
 490.000       1.0856
 491.000       1.2320
 492.000       1.1198
 493.000       1.2249
 494.000       1.4062
 495.000       1.4961
 496.000       1.4129
 497.000       2.0040
 498.000       1.3769
 499.000       1.2058
 500.000       1.2725
 501.000       1.4636
 502.000       1.9976
 503.000       2.1502
 504.000       2.4371
 505.000       1.7978
 506.000       1.1218
 507.000       1.3469
 508.000       1.3327
 509.000       1.3805
 510.000       1.1863
 511.000       1.2325
 512.000       1.2123
 513.000       1.3342
 514.000       0.9594
 515.000       1.6452
 516.000       1.4141
 517.000       1.2769
 518.000       1.0142
 519.000       1.5456
 520.000       1.0117
 521.000       0.8921
 522.000       1.2988
 523.000       1.4229
 524.000       0.9053
 525.000       1.0456
 526.000       0.9957
 527.000       1.3565
 528.000       0.9273
 529.000       1.0973
 530.000       1.9302
 531.000       1.5797
 532.000       1.5936
 533.000       2.2177
 534.000       2.1541
 535.000       2.4792
 536.000       2.4168
 537.000       3.6819
 538.000       3.4409
 539.000       3.4093
 540.000       3.3007
 541.000       3.2634
 542.000       3.3268
 543.000       3.0781
 544.000       2.7327
 545.000       2.8195
 546.000       3.0497
 547.000       2.4517
 548.000       2.3400
 549.000       2.8922
 550.000       3.0910
 551.000       3.9738
 552.000      13.0417
 553.000       6.1844
 554.000      51.2547
 555.000       0.4965
 556.000       0.5412
 557.000      51.3435
 558.000      50.9236
 559.000      50.9788
 560.000      51.0476
 561.000      51.8557
 562.000      51.3755
 563.000      51.1811
 564.000      51.5691
 565.000      51.5518
 566.000      51.5768
 567.000      51.7690
 568.000      51.2635
 569.000      50.1642
 570.000      51.4255
 571.000      51.3417
 572.000      52.9463
 573.000      50.0145
 574.000      52.6636
 575.000      50.7155
 576.000      50.8005
 577.000      51.1411
 578.000      51.1751
 579.000      50.1313
 580.000      50.5523
 581.000      51.1623
 582.000      52.1646
 583.000      51.7074
 584.000      52.0155
 585.000      51.0916
 586.000      49.3082
 587.000      51.2143
 588.000      50.9450
 589.000      52.5525
 590.000      51.1368
 591.000      50.8137
 592.000      50.3953
 593.000      50.3299
 594.000      51.1070
 595.000      52.9598
 596.000      51.3547
 597.000      52.3139
 598.000      50.5182
 599.000       0.6736
 600.000      51.5637
 601.000      52.5237
 602.000      51.8870
 603.000      52.4035
 604.000      53.6723
 605.000      52.1573
 606.000      52.3461
 607.000      52.9329
 608.000      52.2370
 609.000      52.5577
 610.000      52.4978
 611.000      51.1033
 612.000      52.0590
 613.000      51.6995
 614.000      52.4715
 615.000      51.1373
 616.000      52.2648
 617.000      51.9895
 618.000      52.9207
 619.000      51.8980
 620.000      52.0731
 621.000      52.6321
 622.000      52.5385
 623.000      52.7201
 624.000      52.6595
 625.000      52.1011
 626.000      52.6605
 627.000      52.6391
 628.000      52.7016
 629.000      52.0019
 630.000      52.7711
 631.000      52.1186
 632.000      52.5245
 633.000      52.0642
 634.000      51.4472
 635.000      52.1461
 636.000      51.5154
 637.000      52.2705
 638.000      52.0424
 639.000      51.6760
 640.000      52.4588
 641.000      52.5436
 642.000      52.5229
 643.000      51.8819
 644.000      52.3761
 645.000      53.0564
