#Res        AtomicFlx
   1.000       4.7827
   2.000       3.1550
   3.000       4.0819
   4.000       1.7389
   5.000       1.9309
   6.000       2.2199
   7.000       1.8115
   8.000       2.0083
   9.000       1.9123
  10.000       1.0706
  11.000       1.2253
  12.000       1.4206
  13.000       1.1497
  14.000       0.7432
  15.000       0.9464
  16.000       0.8980
  17.000       0.8196
  18.000       0.6874
  19.000       0.7087
  20.000       0.5861
  21.000       0.9120
  22.000       0.6493
  23.000       0.5945
  24.000       0.9962
  25.000       0.7146
  26.000       1.2698
  27.000       0.6936
  28.000       0.6854
  29.000       0.8562
  30.000       0.9056
  31.000       0.7439
  32.000       0.9446
  33.000       1.5255
  34.000       0.7310
  35.000       0.7896
  36.000       0.7408
  37.000       0.7750
  38.000       0.8372
  39.000       0.6968
  40.000       0.9533
  41.000       1.6051
  42.000       0.7030
  43.000       0.6272
  44.000       1.8347
  45.000       0.9105
  46.000       0.7082
  47.000       0.7863
  48.000       1.1717
  49.000       1.2823
  50.000       0.9897
  51.000       0.6226
  52.000       0.7421
  53.000       0.6665
  54.000       0.9579
  55.000       0.8947
  56.000       0.7152
  57.000       1.0143
  58.000       0.8583
  59.000       0.8538
  60.000       0.7150
  61.000       1.1326
  62.000       0.7912
  63.000       1.2383
  64.000       1.3203
  65.000       1.2374
  66.000       1.6405
  67.000       1.5311
  68.000       1.2786
  69.000       1.5439
  70.000       1.3228
  71.000       1.0235
  72.000       1.2123
  73.000       1.1924
  74.000       2.8184
  75.000       2.0837
  76.000       1.6416
  77.000       2.0662
  78.000       2.0922
  79.000       1.3201
  80.000       1.1209
  81.000       0.6701
  82.000       0.7912
  83.000       0.6454
  84.000       1.0270
  85.000       0.6899
  86.000       1.1189
  87.000       0.8966
  88.000       0.8726
  89.000       1.0909
  90.000       0.8465
  91.000       0.8322
  92.000       0.8695
  93.000       1.0562
  94.000       0.8203
  95.000       1.2173
  96.000       1.1638
  97.000       1.1884
  98.000       1.2004
  99.000       0.9850
 100.000       1.0767
 101.000       1.2265
 102.000       1.0044
 103.000       0.9363
 104.000       0.6802
 105.000       0.6632
 106.000       0.9905
 107.000       0.6231
 108.000       0.6478
 109.000       0.9606
 110.000       0.7059
 111.000       0.8333
 112.000       1.0536
 113.000       1.0963
 114.000       1.9709
 115.000       1.3460
 116.000       0.9993
 117.000       0.9100
 118.000       0.8618
 119.000       1.0055
 120.000       2.0088
 121.000       0.9819
 122.000       1.9193
 123.000       2.0906
 124.000       2.2262
 125.000       2.3050
 126.000       1.3454
 127.000       1.2587
 128.000       1.8363
 129.000       1.3571
 130.000       0.8715
 131.000       1.0118
 132.000       1.4058
 133.000       2.3653
 134.000       2.9890
 135.000       2.0915
 136.000       2.2331
 137.000       2.5219
 138.000       4.2850
 139.000       5.1044
 140.000       5.8789
 141.000       5.2522
 142.000       4.3067
 143.000       3.5397
 144.000       4.1787
 145.000       2.9596
 146.000       2.6286
 147.000       1.9903
 148.000       2.2221
 149.000       1.6929
 150.000       1.4527
 151.000       0.9932
 152.000       1.6010
 153.000       1.9732
 154.000       4.4103
 155.000       3.1390
 156.000       4.0114
 157.000       3.8726
 158.000       3.9126
 159.000       2.7607
 160.000       2.8376
 161.000       2.1433
 162.000       1.8699
 163.000       1.0122
 164.000       0.7274
 165.000       0.7551
 166.000       0.7911
 167.000       0.9675
 168.000       1.1275
 169.000       0.8220
 170.000       0.9469
 171.000       1.3990
 172.000       1.1597
 173.000       1.5190
 174.000       1.5459
 175.000       1.4423
 176.000       1.2389
 177.000       1.6179
 178.000       1.4730
 179.000       1.7946
 180.000       1.8906
 181.000       1.9447
 182.000       1.5738
 183.000       2.1051
 184.000       1.9706
 185.000       1.3223
 186.000       1.5805
 187.000       1.1393
 188.000       1.4180
 189.000       1.2980
 190.000       0.9290
 191.000       1.1795
 192.000       0.9897
 193.000       0.6543
 194.000       0.6377
 195.000       0.7601
 196.000       0.6306
 197.000       0.7918
 198.000       0.8061
 199.000       0.7345
 200.000       0.8793
 201.000       1.0373
 202.000       0.9392
 203.000       0.9158
 204.000       0.9655
 205.000       1.0576
 206.000       0.9167
 207.000       1.1081
 208.000       1.8302
 209.000       1.0677
 210.000       1.8101
 211.000       2.1128
 212.000       0.9163
 213.000       1.0060
 214.000       1.0821
 215.000       1.5090
 216.000       1.0713
 217.000       1.0849
 218.000       2.2031
 219.000       1.1069
 220.000       0.9075
 221.000       0.8677
 222.000       0.8577
 223.000       1.1897
 224.000       0.7045
 225.000       0.6960
 226.000       0.8809
 227.000       0.8331
 228.000       0.9518
 229.000       0.7902
 230.000       1.0230
 231.000       0.9511
 232.000       1.2028
 233.000       1.1347
 234.000       1.2035
 235.000       0.9301
 236.000       1.4320
 237.000       1.3121
 238.000       1.1817
 239.000       1.4800
 240.000       0.9195
 241.000       0.9135
 242.000       1.8096
 243.000       1.1654
 244.000       0.7313
 245.000       0.9509
 246.000       1.2865
 247.000       1.1181
 248.000       0.7581
 249.000       0.9716
 250.000       0.8910
 251.000       0.9255
 252.000       1.4846
 253.000       1.8120
 254.000       1.5343
 255.000       1.1292
 256.000       1.2521
 257.000       1.5775
 258.000       1.2954
 259.000       0.9168
 260.000       1.4554
 261.000       0.7706
 262.000       0.9024
 263.000       0.6131
 264.000       0.7982
 265.000       0.6493
 266.000       0.6388
 267.000       0.6901
 268.000       0.6208
 269.000       0.8896
 270.000       0.5795
 271.000       0.8591
 272.000       0.5848
 273.000       0.7492
 274.000       0.6230
 275.000       0.6909
 276.000       0.8399
 277.000       1.4345
 278.000       0.8318
 279.000       0.7339
 280.000       1.0764
 281.000       0.9066
 282.000       0.7389
 283.000       1.0442
 284.000       0.8588
 285.000       0.9346
 286.000       1.4508
 287.000       1.1882
 288.000       2.1105
 289.000       2.6668
 290.000       2.0976
 291.000       1.6156
 292.000       1.0460
 293.000       1.1382
 294.000       0.9965
 295.000       1.3615
 296.000       0.9788
 297.000       0.8177
 298.000       0.8004
 299.000       1.0338
 300.000       0.8328
 301.000       0.6156
 302.000       1.0057
 303.000       0.7313
 304.000       0.6203
 305.000       0.6592
 306.000       0.7208
 307.000       0.7198
 308.000       0.6122
 309.000       0.7773
 310.000       0.9830
 311.000       0.7403
 312.000       0.6643
 313.000       1.1567
 314.000       0.8311
 315.000       0.7949
 316.000       0.7216
 317.000       0.8310
 318.000       1.1354
 319.000       0.8861
 320.000       0.7743
 321.000       0.9683
 322.000       1.3641
 323.000       0.9430
 324.000       1.3416
 325.000       1.6426
 326.000       1.3347
 327.000       1.1420
 328.000       1.2377
 329.000       1.3631
 330.000       1.0383
 331.000       1.1035
 332.000       1.9527
 333.000       1.0607
 334.000       0.9031
 335.000       1.0006
 336.000       1.2215
 337.000       0.8076
 338.000       0.8423
 339.000       0.7050
 340.000       1.2085
 341.000       0.7216
 342.000       0.9141
 343.000       0.8103
 344.000       0.8049
 345.000       1.0422
 346.000       0.7382
 347.000       1.0998
 348.000       0.9217
 349.000       1.0618
 350.000       1.0021
 351.000       1.6707
 352.000       1.3658
 353.000       1.3836
 354.000       1.6025
 355.000       0.8874
 356.000       0.7617
 357.000       1.3452
 358.000       1.0503
 359.000       0.7043
 360.000       0.9461
 361.000       1.0300
 362.000       0.9704
 363.000       0.6135
 364.000       1.0063
 365.000       0.8090
 366.000       0.8976
 367.000       0.8719
 368.000       0.8643
 369.000       0.9525
 370.000       0.8329
 371.000       1.1359
 372.000       0.7661
 373.000       0.7917
 374.000       0.8234
 375.000       0.9878
 376.000       0.9141
 377.000       1.1699
 378.000       0.9393
 379.000       1.1597
 380.000       0.7275
 381.000       0.7811
 382.000       0.7658
 383.000       1.0052
 384.000       0.8138
 385.000       0.8570
 386.000       0.9478
 387.000       1.2829
 388.000       1.1778
 389.000       1.1125
 390.000       1.1397
 391.000       1.6373
 392.000       1.9580
 393.000       2.1226
 394.000       1.0740
 395.000       1.4559
 396.000       1.6531
 397.000       1.3676
 398.000       1.2528
 399.000       1.0626
 400.000       1.5725
 401.000       0.8133
 402.000       0.7228
 403.000       0.8721
 404.000       0.6556
 405.000       0.7476
 406.000       0.6798
 407.000       0.7942
 408.000       0.7292
 409.000       0.6267
 410.000       1.0040
 411.000       1.0024
 412.000       1.1403
 413.000       0.6792
 414.000       0.9300
 415.000       0.8879
 416.000       0.9147
 417.000       0.9334
 418.000       0.9156
 419.000       1.4398
 420.000       1.0465
 421.000       0.9035
 422.000       0.9762
 423.000       0.8235
 424.000       0.9420
 425.000       0.9602
 426.000       1.1820
 427.000       1.0388
 428.000       1.0784
 429.000       0.9239
 430.000       1.1424
 431.000       0.9542
 432.000       0.8399
 433.000       0.9474
 434.000       0.9591
 435.000       1.7197
 436.000       0.7468
 437.000       1.0610
 438.000       0.8544
 439.000       0.9273
 440.000       0.9208
 441.000       0.6930
 442.000       0.8677
 443.000       0.9456
 444.000       0.9797
 445.000       0.7118
 446.000       0.8367
 447.000       0.7585
 448.000       0.9773
 449.000       0.9260
 450.000       1.1514
 451.000       1.0120
 452.000       1.0304
 453.000       0.7779
 454.000       1.2828
 455.000       2.2173
 456.000       1.2350
 457.000       0.9496
 458.000       1.2595
 459.000       1.4172
 460.000       1.2445
 461.000       1.1293
 462.000       1.4336
 463.000       2.0308
 464.000       1.9520
 465.000       1.6187
 466.000       1.3405
 467.000       1.6385
 468.000       1.1243
 469.000       0.9775
 470.000       1.0112
 471.000       1.1802
 472.000       1.2326
 473.000       1.1669
 474.000       1.1054
 475.000       1.0349
 476.000       0.6947
 477.000       0.7413
 478.000       1.4650
 479.000       1.3533
 480.000       0.9404
 481.000       1.0554
 482.000       0.8764
 483.000       0.7899
 484.000       1.0180
 485.000       0.9452
 486.000       1.7626
 487.000       1.0069
 488.000       0.7706
 489.000       0.8863
 490.000       0.8816
 491.000       1.0555
 492.000       0.8501
 493.000       0.9691
 494.000       1.2690
 495.000       1.2622
 496.000       1.0117
 497.000       1.7372
 498.000       1.1865
 499.000       1.3580
 500.000       1.2424
 501.000       1.5475
 502.000       1.9259
 503.000       2.2807
 504.000       2.4416
 505.000       1.6851
 506.000       1.1748
 507.000       1.1494
 508.000       1.1394
 509.000       1.1996
 510.000       0.9582
 511.000       1.0569
 512.000       0.9972
 513.000       1.1497
 514.000       0.8058
 515.000       1.6911
 516.000       1.2221
 517.000       1.2075
 518.000       1.0477
 519.000       1.5454
 520.000       1.0273
 521.000       1.0631
 522.000       1.3253
 523.000       1.2550
 524.000       0.8239
 525.000       1.0641
 526.000       1.0823
 527.000       1.4724
 528.000       1.4916
 529.000       1.4438
 530.000       1.9836
 531.000       2.2462
 532.000       1.9524
 533.000       2.1590
 534.000       2.1460
 535.000       2.4492
 536.000       2.6244
 537.000       3.6196
 538.000       2.9376
 539.000       3.2811
 540.000       2.8817
 541.000       2.6616
 542.000       2.8957
 543.000       3.0182
 544.000       2.4627
 545.000       2.6441
 546.000       2.9862
 547.000       2.7088
 548.000       2.4107
 549.000       2.6750
 550.000       3.4724
 551.000       4.4673
 552.000       7.8003
 553.000       0.9879
 554.000      51.3841
 555.000       0.6691
 556.000       1.0594
 557.000      51.6676
 558.000      51.2259
 559.000      50.2258
 560.000      49.8477
 561.000      49.8025
 562.000      52.6813
 563.000      52.5145
 564.000      50.2311
 565.000      51.7881
 566.000      51.4584
 567.000      50.3518
 568.000      52.2098
 569.000      51.3244
 570.000      51.7486
 571.000      48.5308
 572.000      52.0736
 573.000      52.0922
 574.000      52.6830
 575.000      52.5728
 576.000      51.5045
 577.000      53.0864
 578.000      47.4072
 579.000      51.3166
 580.000      49.7388
 581.000      51.9166
 582.000      49.6207
 583.000      52.2919
 584.000      51.0143
 585.000      51.1894
 586.000      51.8874
 587.000      49.9260
 588.000      51.7982
 589.000      50.5721
 590.000      51.1750
 591.000      52.2805
 592.000      52.4538
 593.000      50.2452
 594.000      50.9899
 595.000      52.0348
 596.000      51.3642
 597.000      50.1965
 598.000      51.3606
 599.000       0.6806
 600.000      52.4914
 601.000      52.5452
 602.000      52.6240
 603.000      51.9612
 604.000      52.1279
 605.000      52.0397
 606.000      52.5527
 607.000      52.3980
 608.000      52.4433
 609.000      52.8368
 610.000      51.4583
 611.000      52.3506
 612.000      52.6486
 613.000      52.5862
 614.000      52.7504
 615.000      53.0571
 616.000      53.0540
 617.000      52.5333
 618.000      52.3628
 619.000      52.9636
 620.000      52.0310
 621.000      52.8473
 622.000      52.1193
 623.000      52.7247
 624.000      52.5455
 625.000      52.7385
 626.000      52.8910
 627.000      52.2711
 628.000      52.2397
 629.000      52.3407
 630.000      52.7038
 631.000      51.8938
 632.000      52.7935
 633.000      52.9103
 634.000      52.9267
 635.000      53.3612
 636.000      51.7750
 637.000      52.5818
 638.000      52.1735
 639.000      52.9284
 640.000      51.9556
 641.000      52.1797
 642.000      53.0093
 643.000      52.9176
 644.000      53.0986
 645.000      52.5409
