#Res        AtomicFlx
   1.000       6.7684
   2.000       3.5945
   3.000       3.0237
   4.000       1.6132
   5.000       1.4823
   6.000       0.9581
   7.000       0.8258
   8.000       1.1476
   9.000       1.1321
  10.000       1.3271
  11.000       1.1371
  12.000       0.9024
  13.000       0.9981
  14.000       0.8882
  15.000       0.9469
  16.000       0.5522
  17.000       0.7377
  18.000       0.6015
  19.000       0.4489
  20.000       0.4447
  21.000       0.5445
  22.000       0.6257
  23.000       0.8262
  24.000       0.8450
  25.000       0.5561
  26.000       0.4916
  27.000       1.0238
  28.000       1.0265
  29.000       1.2244
  30.000       0.5186
  31.000       0.5737
  32.000       1.0617
  33.000       0.9230
  34.000       0.6050
  35.000       0.9776
  36.000       1.0696
  37.000       0.7993
  38.000       0.8654
  39.000       0.7316
  40.000       0.7674
  41.000       0.8245
  42.000       0.6363
  43.000       0.8229
  44.000       1.1546
  45.000       0.6506
  46.000       0.5373
  47.000       0.7132
  48.000       0.8614
  49.000       0.6484
  50.000       0.6056
  51.000       1.0551
  52.000       1.0866
  53.000       0.5989
  54.000       0.5500
  55.000       0.6770
  56.000       0.5838
  57.000       0.9529
  58.000       0.8281
  59.000       0.5615
  60.000       0.8288
  61.000       0.6374
  62.000       0.7657
  63.000       0.6019
  64.000       0.6799
  65.000       0.6236
  66.000       0.9274
  67.000       1.1707
  68.000       1.2814
  69.000       1.3995
  70.000       0.8106
  71.000       0.6463
  72.000       0.6850
  73.000       0.6456
  74.000       0.6481
  75.000       0.7173
  76.000       0.5568
  77.000       0.7977
  78.000       1.4815
  79.000       0.9567
  80.000       0.8927
  81.000       0.8230
  82.000       1.2631
  83.000       1.1937
  84.000       0.7427
  85.000       0.6167
  86.000       0.9195
  87.000       0.6483
  88.000       1.2043
  89.000       0.6454
  90.000       0.7082
  91.000       0.7542
  92.000       0.9033
  93.000       0.8526
  94.000       0.6546
  95.000       1.5536
  96.000       0.7806
  97.000       0.8756
  98.000       0.6184
  99.000       0.7880
 100.000       1.0408
 101.000       0.8171
 102.000       0.6433
 103.000       0.6577
 104.000       0.8190
 105.000       0.6260
 106.000       0.5887
 107.000       0.6195
 108.000       0.5797
 109.000       0.6751
 110.000       0.9441
 111.000       0.5942
 112.000       0.6919
 113.000       1.0259
 114.000       0.6808
 115.000       0.6727
 116.000       1.4244
 117.000       1.0946
 118.000       1.4837
 119.000       1.7508
 120.000       0.8274
 121.000       0.8243
 122.000       0.8477
 123.000       1.4298
 124.000       1.6881
 125.000       2.2236
 126.000       3.6854
 127.000       2.8090
 128.000       3.7600
 129.000       2.7714
 130.000       1.9195
 131.000       2.3707
 132.000       2.2905
 133.000       2.7062
 134.000       2.0786
 135.000       2.2784
 136.000       1.9261
 137.000       1.9137
 138.000       2.5974
 139.000       2.7544
 140.000       3.9711
 141.000       4.3922
 142.000       4.3499
 143.000       4.0550
 144.000       3.5988
 145.000       3.3163
 146.000       2.5409
 147.000       2.8938
 148.000       3.5968
 149.000       2.0581
 150.000       1.6288
 151.000       0.8909
 152.000       0.8034
 153.000       0.6888
 154.000       0.8984
 155.000       1.0018
 156.000       0.6488
 157.000       0.7099
 158.000       0.7401
 159.000       1.8878
 160.000       1.4447
 161.000       1.0115
 162.000       0.9695
 163.000       1.3363
 164.000       1.5138
 165.000       2.5753
 166.000       2.9410
 167.000       2.3578
 168.000       3.0401
 169.000       1.2554
 170.000       1.4234
 171.000       1.8985
 172.000       1.4333
 173.000       1.2583
 174.000       0.9829
 175.000       0.8971
 176.000       1.1985
 177.000       0.9616
 178.000       1.7986
 179.000       1.4003
 180.000       0.9313
 181.000       0.7260
 182.000       0.8738
 183.000       0.6759
 184.000       0.8868
 185.000       1.2786
 186.000       1.0274
 187.000       0.8371
 188.000       0.9639
 189.000       0.6939
 190.000       0.7265
 191.000       0.7157
 192.000       0.7508
 193.000       1.1076
 194.000       0.6238
 195.000       0.9131
 196.000       0.9638
 197.000       1.3740
 198.000       1.0855
 199.000       1.2329
 200.000       1.8834
 201.000       1.3157
 202.000       0.9418
 203.000       0.7696
 204.000       1.4028
 205.000       0.9142
 206.000       1.0951
 207.000       1.6218
 208.000       1.4239
 209.000       1.2442
 210.000       1.4979
 211.000       1.9849
 212.000       1.7564
 213.000       0.7791
 214.000       1.1108
 215.000       1.0529
 216.000       0.8056
 217.000       1.0099
 218.000       0.7489
 219.000       0.7906
 220.000       0.7200
 221.000       0.8748
 222.000       0.8382
 223.000       0.7071
 224.000       0.6869
 225.000       0.8321
 226.000       0.8058
 227.000       0.9206
 228.000       0.9027
 229.000       0.7379
 230.000       0.7533
 231.000       1.0754
 232.000       1.8720
 233.000       0.6705
 234.000       0.8582
 235.000       1.2044
 236.000       0.9788
 237.000       0.9074
 238.000       0.9657
 239.000       1.5517
 240.000       1.2117
 241.000       1.4266
 242.000       1.4917
 243.000       1.7528
 244.000       1.2738
 245.000       1.3205
 246.000       1.3252
 247.000       1.2991
 248.000       1.0866
 249.000       0.7720
 250.000       1.0040
 251.000       0.7187
 252.000       0.8768
 253.000       0.7948
 254.000       0.6116
 255.000       0.5879
 256.000       0.5805
 257.000       0.5028
 258.000       0.5763
 259.000       0.5147
 260.000       0.8330
 261.000       0.4348
 262.000       0.6210
 263.000       0.4604
 264.000       0.4929
 265.000       0.5052
 266.000       0.6082
 267.000       0.5366
 268.000       0.6419
 269.000       0.7694
 270.000       0.7448
 271.000       0.5766
 272.000       0.9246
 273.000       0.6441
 274.000       0.7824
 275.000       0.9720
 276.000       0.6999
 277.000       1.3886
 278.000       1.1246
 279.000       0.9270
 280.000       1.0153
 281.000       0.7269
 282.000       1.1173
 283.000       0.7004
 284.000       1.4857
 285.000       0.7902
 286.000       0.6132
 287.000       0.8313
 288.000       0.8623
 289.000       0.5262
 290.000       0.5495
 291.000       0.8391
 292.000       0.6425
 293.000       0.4707
 294.000       0.5409
 295.000       1.2724
 296.000       0.5646
 297.000       0.4671
 298.000       1.2156
 299.000       0.7334
 300.000       0.5739
 301.000       0.5353
 302.000       1.2493
 303.000       0.7061
 304.000       0.6649
 305.000       0.9062
 306.000       0.5942
 307.000       0.7828
 308.000       0.8817
 309.000       0.6217
 310.000       0.7735
 311.000       0.9935
 312.000       0.8096
 313.000       1.3082
 314.000       1.3554
 315.000       1.2153
 316.000       2.3426
 317.000       3.2903
 318.000       1.4486
 319.000       1.1819
 320.000       1.2687
 321.000       1.7096
 322.000       1.1253
 323.000       1.2186
 324.000       2.2818
 325.000       1.6423
 326.000       1.4007
 327.000       1.3257
 328.000       1.1297
 329.000       0.9113
 330.000       0.9708
 331.000       0.9100
 332.000       0.8268
 333.000       0.7117
 334.000       0.7563
 335.000       0.9204
 336.000       0.6385
 337.000       0.8261
 338.000       0.6775
 339.000       1.0480
 340.000       0.7670
 341.000       0.9975
 342.000       0.9532
 343.000       0.8630
 344.000       0.7936
 345.000       0.6692
 346.000       0.7935
 347.000       1.6596
 348.000       0.9395
 349.000       0.6044
 350.000       0.7091
 351.000       0.6480
 352.000       0.5961
 353.000       0.5881
 354.000       0.7545
 355.000       0.7490
 356.000       0.8221
 357.000       0.8268
 358.000       0.7923
 359.000       0.9608
 360.000       0.5360
 361.000       0.7803
 362.000       0.4843
 363.000       0.6610
 364.000       0.5545
 365.000       0.7204
 366.000       0.5753
 367.000       0.5426
 368.000       1.0849
 369.000       0.8143
 370.000       0.5797
 371.000       0.9875
 372.000       0.8355
 373.000       0.7501
 374.000       0.6932
 375.000       0.9393
 376.000       0.9502
 377.000       0.8720
 378.000       0.9183
 379.000       2.0243
 380.000       2.1813
 381.000       3.2215
 382.000       3.9082
 383.000       3.6147
 384.000       3.1169
 385.000       3.0119
 386.000       2.0088
 387.000       0.8245
 388.000       1.0568
 389.000       1.4574
 390.000       1.1623
 391.000       0.8360
 392.000       0.8798
 393.000       0.9341
 394.000       0.9907
 395.000       0.8597
 396.000       1.0971
 397.000       1.1373
 398.000       1.1863
 399.000       1.1541
 400.000       1.8824
 401.000       1.1629
 402.000       1.0815
 403.000       1.1997
 404.000       1.1732
 405.000       0.9540
 406.000       1.2000
 407.000       0.8167
 408.000       1.1816
 409.000       0.8347
 410.000       0.7665
 411.000       0.8547
 412.000       0.8312
 413.000       0.8618
 414.000       1.0665
 415.000       1.1439
 416.000       1.1433
 417.000       1.2960
 418.000       1.0575
 419.000       1.1466
 420.000       1.4379
 421.000       1.3177
 422.000       1.0504
 423.000       0.7351
 424.000       0.7859
 425.000       0.6480
 426.000       0.8512
 427.000       0.9676
 428.000       0.6464
 429.000       0.6114
 430.000       0.5394
 431.000       0.6831
 432.000       0.8440
 433.000       0.5634
 434.000       0.6318
 435.000       0.7968
 436.000       0.7461
 437.000       0.7958
 438.000       0.8953
 439.000       2.0187
 440.000       1.3557
 441.000       1.0509
 442.000       0.6515
 443.000       0.7819
 444.000       0.9449
 445.000       1.2172
 446.000       0.9406
 447.000       0.7121
 448.000       2.2427
 449.000       0.7109
 450.000       0.7546
 451.000       1.2920
 452.000       1.3236
 453.000       1.1406
 454.000       1.1426
 455.000       0.9510
 456.000       1.4253
 457.000       0.9674
 458.000       0.7660
 459.000       0.7846
 460.000       1.1125
 461.000       0.8668
 462.000       0.7378
 463.000       1.0845
 464.000       1.1265
 465.000       0.6741
 466.000       0.6704
 467.000       1.0970
 468.000       0.7904
 469.000       0.8997
 470.000       0.7513
 471.000       0.6587
 472.000       1.0206
 473.000       0.6508
 474.000       0.6626
 475.000       0.8053
 476.000       1.0078
 477.000       0.7401
 478.000       1.0332
 479.000       0.8696
 480.000       0.8678
 481.000       1.3799
 482.000       1.1462
 483.000       1.3590
 484.000       1.5616
 485.000       2.0296
 486.000       2.7352
 487.000       2.1992
 488.000       1.5841
 489.000       2.6241
 490.000       1.3964
 491.000       1.8706
 492.000       2.3815
 493.000       1.1371
 494.000       1.7502
 495.000       1.1517
 496.000       1.1798
 497.000       1.5397
 498.000       1.0771
 499.000       0.8932
 500.000       1.0830
 501.000       1.1373
 502.000       1.1014
 503.000       0.8243
 504.000       1.1259
 505.000       1.0966
 506.000       1.2810
 507.000       1.1155
 508.000       1.3725
 509.000       1.5291
 510.000       1.3403
 511.000       1.5537
 512.000       1.6007
 513.000       1.1979
 514.000       1.4108
 515.000       1.4438
 516.000       1.4769
 517.000       0.8674
 518.000       1.4274
 519.000       1.6501
 520.000       1.4499
 521.000       1.2651
 522.000       1.7877
 523.000       2.0537
 524.000       1.7067
 525.000       1.6406
 526.000       1.9529
 527.000       2.0839
 528.000       2.3490
 529.000       2.5111
 530.000       2.6898
 531.000       2.1310
 532.000       1.8178
 533.000       1.9772
 534.000       1.9640
 535.000       1.8654
 536.000       1.2918
 537.000       1.7920
 538.000       1.4326
 539.000       1.2135
 540.000       1.4402
 541.000       2.9911
 542.000       4.3124
 543.000       0.7374
 544.000       0.4391
 545.000       0.5524
 546.000      54.4184
 547.000      54.2198
 548.000      54.0453
 549.000      55.4171
 550.000      54.1052
 551.000      54.9602
 552.000      54.6912
 553.000      55.2447
 554.000      54.0815
 555.000      54.8763
 556.000      53.9976
 557.000      56.1639
 558.000      55.7040
 559.000      54.7864
 560.000      55.2736
 561.000      54.5476
 562.000      55.5002
 563.000      56.6224
 564.000      54.8666
 565.000      54.7429
 566.000      56.2101
 567.000      55.4074
 568.000      54.4019
 569.000      53.3214
 570.000      53.8556
 571.000      55.2144
 572.000      54.6131
 573.000      54.5162
 574.000      54.9521
 575.000      54.5226
 576.000      53.7886
 577.000      55.0952
 578.000      53.3884
 579.000      53.6197
 580.000      54.5588
 581.000      55.0166
 582.000      54.8874
 583.000      55.7257
 584.000      55.2310
 585.000      54.8941
 586.000      53.6503
 587.000      55.6451
 588.000      55.1148
 589.000      56.5305
 590.000      55.5353
 591.000      54.5955
 592.000      54.8717
 593.000      54.8476
 594.000      54.1863
 595.000      54.5682
 596.000       0.4868
 597.000      56.2537
 598.000      54.4894
 599.000      53.8385
 600.000      54.7334
 601.000      55.3592
 602.000      53.8700
 603.000      54.9040
 604.000      54.0237
 605.000      54.8777
 606.000      54.7283
 607.000      54.8671
 608.000      54.4017
 609.000      55.5425
 610.000      54.5227
 611.000      54.0766
 612.000      55.0201
 613.000      54.7646
 614.000      54.5141
 615.000      53.7110
 616.000      55.0344
 617.000      54.7834
 618.000      54.9737
 619.000      54.9358
 620.000      54.9022
 621.000      52.6746
 622.000      54.7558
 623.000      55.0438
 624.000      55.8085
 625.000      54.1505
 626.000      53.5736
 627.000      55.5626
 628.000      55.0210
 629.000      55.3853
 630.000      54.2570
 631.000      54.2255
 632.000      54.7968
 633.000      54.8211
 634.000      54.5270
 635.000      54.4671
 636.000      55.3902
 637.000      55.5505
 638.000      55.1466
 639.000      54.9381
 640.000      54.8291
 641.000      55.2940
 642.000      54.5071
 643.000      54.4297
 644.000      54.4882
 645.000      54.6430
 646.000      55.0273
 647.000      55.5391
 648.000      54.4393
 649.000      55.3443
 650.000      55.4938
 651.000      53.9302
 652.000      54.9313
