#Res        AtomicFlx
   1.000       8.7555
   2.000       5.2383
   3.000       5.2404
   4.000       2.4394
   5.000       2.4670
   6.000       1.8837
   7.000       2.5948
   8.000       1.4063
   9.000       1.8990
  10.000       1.5213
  11.000       1.2155
  12.000       1.1268
  13.000       0.8370
  14.000       0.7637
  15.000       1.0337
  16.000       0.7389
  17.000       0.7929
  18.000       0.6269
  19.000       0.5052
  20.000       0.4900
  21.000       0.5734
  22.000       0.6542
  23.000       0.7845
  24.000       0.9669
  25.000       0.7769
  26.000       0.6619
  27.000       1.3278
  28.000       1.6043
  29.000       1.7982
  30.000       0.7119
  31.000       0.7839
  32.000       1.5125
  33.000       1.3093
  34.000       0.8491
  35.000       1.4173
  36.000       1.4883
  37.000       1.1187
  38.000       1.1556
  39.000       1.0495
  40.000       1.0611
  41.000       1.1004
  42.000       0.8642
  43.000       1.0935
  44.000       1.3438
  45.000       0.8374
  46.000       0.6237
  47.000       0.9129
  48.000       0.9478
  49.000       0.7567
  50.000       0.6592
  51.000       1.2389
  52.000       1.1288
  53.000       0.6372
  54.000       0.6016
  55.000       0.7161
  56.000       0.5942
  57.000       0.7521
  58.000       0.8771
  59.000       0.5882
  60.000       0.9267
  61.000       0.8309
  62.000       0.9387
  63.000       0.6241
  64.000       0.7968
  65.000       0.5541
  66.000       0.6283
  67.000       1.2864
  68.000       1.0019
  69.000       0.9771
  70.000       0.9577
  71.000       0.6394
  72.000       0.8278
  73.000       0.8762
  74.000       0.7371
  75.000       0.8548
  76.000       0.8198
  77.000       0.9692
  78.000       1.5476
  79.000       1.0850
  80.000       0.9132
  81.000       0.8913
  82.000       1.0783
  83.000       1.0423
  84.000       1.0036
  85.000       0.7271
  86.000       0.8456
  87.000       0.6584
  88.000       1.0170
  89.000       0.6853
  90.000       0.9645
  91.000       0.8825
  92.000       1.1081
  93.000       1.1724
  94.000       0.6725
  95.000       1.1259
  96.000       0.8692
  97.000       0.6761
  98.000       0.6079
  99.000       0.6419
 100.000       0.7291
 101.000       0.9821
 102.000       0.6564
 103.000       0.7124
 104.000       0.9026
 105.000       0.7140
 106.000       0.6662
 107.000       0.7610
 108.000       0.6490
 109.000       0.7059
 110.000       0.9932
 111.000       0.5901
 112.000       0.7191
 113.000       0.9109
 114.000       0.6681
 115.000       0.6781
 116.000       1.4116
 117.000       1.1413
 118.000       1.6792
 119.000       1.7817
 120.000       0.9232
 121.000       0.8338
 122.000       0.8521
 123.000       1.2078
 124.000       1.2033
 125.000       1.1366
 126.000       1.9647
 127.000       1.2917
 128.000       1.4336
 129.000       1.0659
 130.000       1.1370
 131.000       1.4781
 132.000       1.6628
 133.000       1.7730
 134.000       1.1381
 135.000       1.4534
 136.000       1.3189
 137.000       2.1042
 138.000       2.3308
 139.000       3.0706
 140.000       3.8436
 141.000       5.4225
 142.000       5.6235
 143.000       5.4003
 144.000       5.2736
 145.000       5.7569
 146.000       3.8166
 147.000       4.5784
 148.000       3.4714
 149.000       1.9229
 150.000       1.3850
 151.000       1.0180
 152.000       0.8493
 153.000       0.7623
 154.000       1.1995
 155.000       0.9506
 156.000       0.6827
 157.000       0.7622
 158.000       0.8177
 159.000       1.6685
 160.000       1.3826
 161.000       1.1759
 162.000       1.2083
 163.000       1.3772
 164.000       1.6294
 165.000       2.5462
 166.000       1.8789
 167.000       1.6112
 168.000       2.6619
 169.000       1.5751
 170.000       1.7070
 171.000       2.4777
 172.000       2.0059
 173.000       1.8110
 174.000       1.1958
 175.000       1.0144
 176.000       1.3000
 177.000       1.1771
 178.000       2.0096
 179.000       1.6247
 180.000       1.0910
 181.000       0.8087
 182.000       1.1386
 183.000       0.6669
 184.000       0.7948
 185.000       1.1886
 186.000       1.1578
 187.000       0.8463
 188.000       0.8865
 189.000       0.8082
 190.000       0.9390
 191.000       0.9606
 192.000       1.3374
 193.000       1.7794
 194.000       1.0220
 195.000       1.4936
 196.000       2.7694
 197.000       2.6711
 198.000       1.8213
 199.000       2.6036
 200.000       2.6805
 201.000       3.5798
 202.000       3.5367
 203.000       3.2561
 204.000       3.8022
 205.000       2.5934
 206.000       1.8341
 207.000       2.2850
 208.000       1.9136
 209.000       1.6103
 210.000       1.1818
 211.000       1.2435
 212.000       1.3432
 213.000       0.8423
 214.000       1.1894
 215.000       1.0568
 216.000       0.9179
 217.000       1.0130
 218.000       0.9233
 219.000       0.9500
 220.000       0.9536
 221.000       0.9922
 222.000       1.1076
 223.000       0.9076
 224.000       0.8378
 225.000       1.0204
 226.000       1.0570
 227.000       1.0909
 228.000       1.0638
 229.000       0.8717
 230.000       0.8842
 231.000       1.2747
 232.000       2.0636
 233.000       0.7686
 234.000       0.9787
 235.000       1.3149
 236.000       1.7003
 237.000       0.8712
 238.000       1.2748
 239.000       1.6167
 240.000       1.1181
 241.000       1.2605
 242.000       1.3844
 243.000       1.7815
 244.000       1.3172
 245.000       1.3686
 246.000       1.4533
 247.000       1.3437
 248.000       1.1191
 249.000       0.8649
 250.000       1.0291
 251.000       0.8354
 252.000       0.9006
 253.000       0.9020
 254.000       0.7161
 255.000       0.6713
 256.000       0.6808
 257.000       0.5986
 258.000       0.6741
 259.000       0.7036
 260.000       0.8235
 261.000       0.4930
 262.000       0.7017
 263.000       0.4875
 264.000       0.5858
 265.000       0.6590
 266.000       0.9164
 267.000       0.6522
 268.000       0.6624
 269.000       0.7840
 270.000       0.9357
 271.000       0.7611
 272.000       1.0562
 273.000       0.7910
 274.000       1.1092
 275.000       1.3386
 276.000       0.8507
 277.000       1.4845
 278.000       1.5116
 279.000       1.2788
 280.000       1.2681
 281.000       1.1063
 282.000       1.0208
 283.000       0.6967
 284.000       1.4043
 285.000       0.8116
 286.000       0.6134
 287.000       0.7970
 288.000       0.6970
 289.000       0.5532
 290.000       0.5507
 291.000       0.8744
 292.000       0.6455
 293.000       0.5296
 294.000       0.5689
 295.000       1.1362
 296.000       0.5984
 297.000       0.5610
 298.000       1.2573
 299.000       0.9810
 300.000       0.6483
 301.000       0.6282
 302.000       1.0514
 303.000       0.7459
 304.000       0.7294
 305.000       0.9796
 306.000       0.7090
 307.000       0.8459
 308.000       0.8909
 309.000       0.7247
 310.000       0.9049
 311.000       1.2558
 312.000       0.9838
 313.000       1.4570
 314.000       1.7573
 315.000       1.5163
 316.000       1.7582
 317.000       1.6179
 318.000       1.2902
 319.000       1.2472
 320.000       1.3892
 321.000       2.1774
 322.000       1.5175
 323.000       1.6577
 324.000       2.6161
 325.000       2.3188
 326.000       2.0615
 327.000       1.5806
 328.000       1.3331
 329.000       1.2724
 330.000       1.2761
 331.000       1.2462
 332.000       1.0312
 333.000       0.8774
 334.000       1.0730
 335.000       0.6971
 336.000       0.7157
 337.000       1.0572
 338.000       0.7941
 339.000       1.0470
 340.000       0.9222
 341.000       1.3458
 342.000       1.1314
 343.000       1.0978
 344.000       0.9433
 345.000       0.7640
 346.000       0.9279
 347.000       1.7093
 348.000       0.9504
 349.000       0.6475
 350.000       0.7390
 351.000       0.7238
 352.000       0.6571
 353.000       0.6163
 354.000       0.7678
 355.000       0.7932
 356.000       0.8695
 357.000       0.7758
 358.000       0.7422
 359.000       0.9596
 360.000       0.5944
 361.000       0.9028
 362.000       0.6886
 363.000       0.6135
 364.000       0.6560
 365.000       1.2218
 366.000       0.6142
 367.000       0.5623
 368.000       1.1012
 369.000       1.2869
 370.000       0.7212
 371.000       0.8532
 372.000       1.0745
 373.000       0.8708
 374.000       0.7903
 375.000       0.9048
 376.000       0.9405
 377.000       1.0206
 378.000       1.1783
 379.000       1.5284
 380.000       1.7341
 381.000       2.3552
 382.000       1.6471
 383.000       1.1544
 384.000       1.6697
 385.000       2.6717
 386.000       3.2734
 387.000       2.2097
 388.000       1.5905
 389.000       1.6617
 390.000       1.2708
 391.000       0.9857
 392.000       1.2712
 393.000       0.9348
 394.000       0.8877
 395.000       0.8487
 396.000       1.0806
 397.000       0.8494
 398.000       0.9795
 399.000       1.0745
 400.000       1.7807
 401.000       0.7669
 402.000       0.7461
 403.000       1.1288
 404.000       1.0627
 405.000       0.8652
 406.000       1.0633
 407.000       0.9176
 408.000       1.1802
 409.000       0.9765
 410.000       0.9323
 411.000       1.0598
 412.000       1.2559
 413.000       1.0243
 414.000       0.9905
 415.000       1.1544
 416.000       1.2591
 417.000       1.2078
 418.000       1.1631
 419.000       1.1919
 420.000       1.1495
 421.000       0.9875
 422.000       1.2135
 423.000       0.8897
 424.000       0.8928
 425.000       0.7350
 426.000       1.0028
 427.000       0.8703
 428.000       0.8617
 429.000       0.9640
 430.000       0.7043
 431.000       0.8002
 432.000       1.0540
 433.000       0.9980
 434.000       0.7377
 435.000       0.8421
 436.000       0.7721
 437.000       0.9353
 438.000       1.0452
 439.000       1.7151
 440.000       1.3846
 441.000       1.3137
 442.000       0.7654
 443.000       1.0782
 444.000       1.0887
 445.000       1.3614
 446.000       1.0634
 447.000       0.7979
 448.000       2.3261
 449.000       1.3511
 450.000       1.2284
 451.000       1.5617
 452.000       2.1105
 453.000       2.8280
 454.000       2.2689
 455.000       1.3895
 456.000       1.9034
 457.000       1.1996
 458.000       0.8997
 459.000       0.9612
 460.000       1.2074
 461.000       1.0972
 462.000       0.7696
 463.000       1.3633
 464.000       1.2449
 465.000       0.6716
 466.000       0.6448
 467.000       1.0017
 468.000       0.8048
 469.000       0.9275
 470.000       0.8366
 471.000       0.7931
 472.000       1.1697
 473.000       0.6608
 474.000       0.7726
 475.000       0.9957
 476.000       1.0684
 477.000       0.9262
 478.000       1.0444
 479.000       1.0028
 480.000       1.0878
 481.000       1.3152
 482.000       1.3739
 483.000       1.6048
 484.000       1.2759
 485.000       1.3854
 486.000       1.3776
 487.000       2.0592
 488.000       1.5626
 489.000       2.8346
 490.000       1.9625
 491.000       2.5552
 492.000       2.7057
 493.000       1.5835
 494.000       1.9961
 495.000       1.3168
 496.000       1.4843
 497.000       1.8445
 498.000       1.8716
 499.000       1.3372
 500.000       1.3091
 501.000       1.4805
 502.000       1.5434
 503.000       1.1215
 504.000       1.3978
 505.000       1.5449
 506.000       1.4499
 507.000       1.3391
 508.000       1.5858
 509.000       1.6440
 510.000       1.9656
 511.000       1.9023
 512.000       1.4321
 513.000       1.0823
 514.000       1.2136
 515.000       1.0700
 516.000       0.9563
 517.000       0.8984
 518.000       1.3015
 519.000       1.2777
 520.000       1.3096
 521.000       1.3568
 522.000       1.8977
 523.000       2.0292
 524.000       1.9401
 525.000       2.4840
 526.000       3.0924
 527.000       2.7151
 528.000       2.8229
 529.000       3.0192
 530.000       3.2478
 531.000       2.7375
 532.000       2.2087
 533.000       2.2060
 534.000       2.3150
 535.000       2.3714
 536.000       1.5067
 537.000       1.8714
 538.000       1.9739
 539.000       2.0141
 540.000       2.5269
 541.000       3.9370
 542.000       5.3075
 543.000       0.7130
 544.000       0.4959
 545.000       0.5888
 546.000      54.0832
 547.000      53.2245
 548.000      42.4327
 549.000      55.0394
 550.000      54.1952
 551.000      53.5856
 552.000      53.8313
 553.000      54.4897
 554.000      53.4747
 555.000      55.4056
 556.000      54.1814
 557.000      53.7904
 558.000      53.7899
 559.000      55.0075
 560.000      54.3897
 561.000      54.5195
 562.000      54.9603
 563.000      54.2303
 564.000      54.1776
 565.000      55.0856
 566.000      54.8795
 567.000      54.3462
 568.000      54.1577
 569.000      53.9369
 570.000      54.6335
 571.000      53.8947
 572.000      54.0774
 573.000      55.4389
 574.000      55.3254
 575.000      52.4533
 576.000      55.9318
 577.000      52.8727
 578.000      54.7881
 579.000      55.4942
 580.000      52.9607
 581.000      53.9087
 582.000      54.1922
 583.000      52.6463
 584.000      54.4708
 585.000      53.9460
 586.000      54.6597
 587.000      53.6515
 588.000      55.0603
 589.000      54.1097
 590.000      54.9239
 591.000      55.7051
 592.000      55.4575
 593.000      54.7320
 594.000      55.0268
 595.000      53.0006
 596.000       0.5707
 597.000      54.5764
 598.000      53.9600
 599.000      54.7574
 600.000      54.6711
 601.000      54.6749
 602.000      53.9234
 603.000      54.1922
 604.000      54.1801
 605.000      55.1021
 606.000      54.0772
 607.000      54.4156
 608.000      53.8715
 609.000      54.5683
 610.000      54.1607
 611.000      54.8567
 612.000      55.3081
 613.000      54.3043
 614.000      54.1722
 615.000      55.1688
 616.000      54.1564
 617.000      54.8962
 618.000      54.1423
 619.000      55.3909
 620.000      53.8258
 621.000      54.6384
 622.000      54.0588
 623.000      54.9839
 624.000      54.2065
 625.000      54.8386
 626.000      54.0533
 627.000      54.7119
 628.000      54.2839
 629.000      53.7338
 630.000      54.2592
 631.000      54.0635
 632.000      53.9890
 633.000      53.8720
 634.000      54.6565
 635.000      55.0628
 636.000      55.0060
 637.000      54.7456
 638.000      55.0718
 639.000      53.6116
 640.000      54.4790
 641.000      55.3156
 642.000      55.2116
 643.000      54.2554
 644.000      54.1770
 645.000      54.4857
 646.000      54.5331
 647.000      53.9394
 648.000      54.5223
 649.000      54.1941
 650.000      53.7962
 651.000      53.6324
 652.000      53.9054
