#Res        AtomicFlx
   1.000       8.5434
   2.000       7.0264
   3.000       7.0295
   4.000       6.1866
   5.000       3.3242
   6.000       2.1973
   7.000       1.4152
   8.000       1.8623
   9.000       2.0694
  10.000       1.5503
  11.000       1.5718
  12.000       1.3948
  13.000       0.8881
  14.000       1.1011
  15.000       1.2551
  16.000       0.8015
  17.000       0.8792
  18.000       0.7125
  19.000       0.5495
  20.000       0.4964
  21.000       0.5754
  22.000       0.6420
  23.000       0.6483
  24.000       0.8873
  25.000       0.6342
  26.000       0.6060
  27.000       1.2715
  28.000       1.5223
  29.000       1.1735
  30.000       0.6514
  31.000       0.6736
  32.000       1.0692
  33.000       0.9419
  34.000       0.9726
  35.000       1.5196
  36.000       1.1865
  37.000       0.9697
  38.000       1.4628
  39.000       1.2038
  40.000       0.9266
  41.000       1.0411
  42.000       0.8009
  43.000       1.2151
  44.000       1.1985
  45.000       0.7468
  46.000       0.6075
  47.000       0.8258
  48.000       0.9052
  49.000       0.7034
  50.000       0.6593
  51.000       1.1028
  52.000       1.1035
  53.000       0.6333
  54.000       0.6235
  55.000       0.7701
  56.000       0.5735
  57.000       0.7453
  58.000       0.8545
  59.000       0.6976
  60.000       1.1197
  61.000       0.8715
  62.000       0.7109
  63.000       0.7444
  64.000       0.9879
  65.000       0.8920
  66.000       1.4130
  67.000       1.6026
  68.000       1.9160
  69.000       1.9600
  70.000       1.4793
  71.000       1.1031
  72.000       1.0835
  73.000       0.8207
  74.000       0.8617
  75.000       1.2186
  76.000       1.2960
  77.000       1.7717
  78.000       1.8248
  79.000       1.0724
  80.000       0.9412
  81.000       1.0312
  82.000       1.5640
  83.000       1.5391
  84.000       1.0224
  85.000       0.6223
  86.000       0.8053
  87.000       0.5827
  88.000       0.9340
  89.000       0.6176
  90.000       0.6905
  91.000       0.5766
  92.000       0.7447
  93.000       0.6585
  94.000       0.5741
  95.000       0.9750
  96.000       0.6489
  97.000       0.7069
  98.000       0.5775
  99.000       0.7081
 100.000       0.7916
 101.000       0.7863
 102.000       0.6672
 103.000       0.6512
 104.000       0.8022
 105.000       0.6422
 106.000       0.6219
 107.000       0.6732
 108.000       0.6141
 109.000       0.6891
 110.000       1.0192
 111.000       0.8309
 112.000       0.7681
 113.000       1.1506
 114.000       0.7407
 115.000       0.7913
 116.000       1.3883
 117.000       1.2430
 118.000       1.8030
 119.000       1.9613
 120.000       1.0028
 121.000       0.9781
 122.000       1.0707
 123.000       1.6837
 124.000       1.8124
 125.000       2.0067
 126.000       3.3877
 127.000       3.0678
 128.000       3.7026
 129.000       5.4539
 130.000       3.8734
 131.000       3.9854
 132.000       3.1949
 133.000       4.1740
 134.000       2.5792
 135.000       2.7881
 136.000       2.8075
 137.000       2.3362
 138.000       3.8540
 139.000       5.5346
 140.000       7.0535
 141.000       8.2814
 142.000       8.0338
 143.000       7.2302
 144.000       6.4050
 145.000       6.2401
 146.000       4.6807
 147.000       5.2814
 148.000       5.0319
 149.000       2.8904
 150.000       2.1381
 151.000       1.2727
 152.000       1.1063
 153.000       0.9256
 154.000       1.2095
 155.000       1.4404
 156.000       0.8344
 157.000       0.7863
 158.000       0.9944
 159.000       1.8939
 160.000       1.6328
 161.000       1.1055
 162.000       1.0760
 163.000       1.3899
 164.000       1.4245
 165.000       2.0094
 166.000       1.6930
 167.000       1.4896
 168.000       2.0031
 169.000       1.1740
 170.000       1.3817
 171.000       1.7688
 172.000       1.6168
 173.000       1.2979
 174.000       1.1384
 175.000       0.9515
 176.000       1.3828
 177.000       1.1983
 178.000       2.0818
 179.000       1.5122
 180.000       1.0334
 181.000       0.8979
 182.000       1.1460
 183.000       0.7091
 184.000       0.9759
 185.000       1.3496
 186.000       1.1129
 187.000       0.8997
 188.000       0.8639
 189.000       0.8200
 190.000       0.8952
 191.000       0.8962
 192.000       1.0382
 193.000       1.6065
 194.000       0.9583
 195.000       1.0231
 196.000       1.2522
 197.000       1.3737
 198.000       1.5413
 199.000       2.0272
 200.000       2.4004
 201.000       1.4864
 202.000       1.2531
 203.000       1.0554
 204.000       1.5573
 205.000       0.9554
 206.000       0.9511
 207.000       1.2427
 208.000       0.9721
 209.000       0.8100
 210.000       0.9014
 211.000       0.9045
 212.000       1.0845
 213.000       0.7333
 214.000       0.9394
 215.000       1.0355
 216.000       0.8656
 217.000       0.9188
 218.000       0.7823
 219.000       0.7975
 220.000       0.8028
 221.000       0.9344
 222.000       0.9227
 223.000       0.8031
 224.000       0.7712
 225.000       0.8875
 226.000       0.8667
 227.000       1.1175
 228.000       0.9727
 229.000       0.8050
 230.000       0.9019
 231.000       1.2468
 232.000       2.2984
 233.000       0.9367
 234.000       1.1823
 235.000       1.3986
 236.000       1.4888
 237.000       1.3993
 238.000       1.3383
 239.000       1.8720
 240.000       1.6099
 241.000       1.7306
 242.000       1.7832
 243.000       1.8691
 244.000       1.4397
 245.000       1.4745
 246.000       1.4050
 247.000       1.2812
 248.000       0.9886
 249.000       0.8566
 250.000       1.0005
 251.000       0.7702
 252.000       0.8593
 253.000       0.8550
 254.000       0.6729
 255.000       0.6307
 256.000       0.6564
 257.000       0.5848
 258.000       0.6393
 259.000       0.5970
 260.000       1.5790
 261.000       0.4805
 262.000       0.6409
 263.000       0.4701
 264.000       0.5447
 265.000       0.7056
 266.000       0.6971
 267.000       0.6604
 268.000       0.6837
 269.000       0.8311
 270.000       1.1059
 271.000       0.8016
 272.000       0.9897
 273.000       0.9381
 274.000       1.1657
 275.000       1.5280
 276.000       0.9759
 277.000       1.7682
 278.000       1.9674
 279.000       1.6112
 280.000       1.3529
 281.000       1.1006
 282.000       1.1212
 283.000       1.1044
 284.000       1.6027
 285.000       0.9015
 286.000       0.6839
 287.000       0.9249
 288.000       0.8014
 289.000       0.5982
 290.000       0.6521
 291.000       0.8701
 292.000       0.7039
 293.000       0.5282
 294.000       0.6085
 295.000       1.1757
 296.000       0.6321
 297.000       0.5814
 298.000       1.3529
 299.000       0.9536
 300.000       0.6668
 301.000       0.6685
 302.000       1.1779
 303.000       0.7221
 304.000       0.7587
 305.000       1.1942
 306.000       0.7078
 307.000       1.0117
 308.000       1.3590
 309.000       0.8469
 310.000       0.9241
 311.000       1.3468
 312.000       1.1397
 313.000       1.4589
 314.000       1.6430
 315.000       1.6213
 316.000       1.6917
 317.000       1.6144
 318.000       1.6491
 319.000       1.4427
 320.000       1.5253
 321.000       1.7660
 322.000       1.4747
 323.000       1.2241
 324.000       1.3620
 325.000       1.8590
 326.000       1.1797
 327.000       1.0633
 328.000       1.0509
 329.000       1.2112
 330.000       1.2693
 331.000       1.2585
 332.000       0.9271
 333.000       0.8558
 334.000       0.9532
 335.000       1.0417
 336.000       0.7928
 337.000       1.1274
 338.000       0.8713
 339.000       1.2005
 340.000       0.9707
 341.000       1.1733
 342.000       1.1554
 343.000       1.1220
 344.000       0.9471
 345.000       0.7902
 346.000       0.9759
 347.000       1.1037
 348.000       1.0000
 349.000       0.7034
 350.000       0.8122
 351.000       0.7458
 352.000       0.7043
 353.000       0.6397
 354.000       0.7904
 355.000       0.7480
 356.000       0.9602
 357.000       0.7092
 358.000       0.7386
 359.000       0.7308
 360.000       0.5309
 361.000       0.7881
 362.000       0.6938
 363.000       0.4604
 364.000       0.5413
 365.000       0.9700
 366.000       0.6044
 367.000       0.5519
 368.000       1.0367
 369.000       0.8968
 370.000       0.6779
 371.000       1.0119
 372.000       0.8655
 373.000       0.9223
 374.000       0.7793
 375.000       0.8760
 376.000       1.0517
 377.000       1.3116
 378.000       1.2782
 379.000       1.2011
 380.000       1.2725
 381.000       2.0415
 382.000       1.5254
 383.000       1.1756
 384.000       1.3414
 385.000       2.0420
 386.000       1.6676
 387.000       1.8939
 388.000       1.4153
 389.000       1.4281
 390.000       1.1657
 391.000       0.9765
 392.000       1.0510
 393.000       1.0231
 394.000       0.9885
 395.000       0.8573
 396.000       1.3362
 397.000       1.0611
 398.000       1.0702
 399.000       1.0904
 400.000       1.7518
 401.000       1.0347
 402.000       0.9604
 403.000       1.1981
 404.000       1.0809
 405.000       0.7877
 406.000       0.9463
 407.000       0.8369
 408.000       1.2254
 409.000       0.9159
 410.000       0.8338
 411.000       0.8876
 412.000       0.8608
 413.000       0.8493
 414.000       0.8380
 415.000       1.0467
 416.000       1.0383
 417.000       0.9312
 418.000       1.0103
 419.000       0.9998
 420.000       0.7137
 421.000       0.6833
 422.000       0.7729
 423.000       0.7288
 424.000       0.8719
 425.000       0.7470
 426.000       0.7009
 427.000       0.8245
 428.000       0.9120
 429.000       0.8582
 430.000       0.6884
 431.000       0.8068
 432.000       1.1133
 433.000       1.0447
 434.000       0.8711
 435.000       1.1002
 436.000       1.0397
 437.000       1.2667
 438.000       1.3350
 439.000       2.4731
 440.000       2.5887
 441.000       1.8366
 442.000       1.1235
 443.000       1.2692
 444.000       1.5342
 445.000       1.8598
 446.000       1.2701
 447.000       1.0822
 448.000       2.8177
 449.000       1.5806
 450.000       1.1961
 451.000       1.7791
 452.000       2.0689
 453.000       2.3238
 454.000       1.7994
 455.000       1.4238
 456.000       1.9318
 457.000       1.3741
 458.000       1.0207
 459.000       0.9252
 460.000       1.2882
 461.000       0.9191
 462.000       0.8105
 463.000       1.2427
 464.000       1.2001
 465.000       0.6624
 466.000       0.6940
 467.000       1.0188
 468.000       0.7618
 469.000       0.8599
 470.000       0.7994
 471.000       0.7324
 472.000       1.1569
 473.000       0.6065
 474.000       0.7210
 475.000       0.9661
 476.000       1.0595
 477.000       0.8242
 478.000       1.0365
 479.000       0.9836
 480.000       0.9939
 481.000       1.3663
 482.000       1.3239
 483.000       1.5165
 484.000       1.4412
 485.000       1.8669
 486.000       2.3372
 487.000       2.9141
 488.000       1.6825
 489.000       2.5724
 490.000       1.4419
 491.000       1.7043
 492.000       2.7868
 493.000       1.2751
 494.000       1.7824
 495.000       1.0605
 496.000       1.3022
 497.000       1.9987
 498.000       1.1515
 499.000       1.0071
 500.000       1.0993
 501.000       1.1500
 502.000       1.1263
 503.000       0.8594
 504.000       1.3846
 505.000       0.9878
 506.000       1.1929
 507.000       0.9021
 508.000       1.1344
 509.000       0.8163
 510.000       0.8414
 511.000       1.2814
 512.000       1.1473
 513.000       0.7986
 514.000       1.0396
 515.000       0.9558
 516.000       0.9451
 517.000       0.8579
 518.000       1.1809
 519.000       1.2020
 520.000       1.4273
 521.000       1.6328
 522.000       1.8011
 523.000       1.7528
 524.000       1.8064
 525.000       1.6432
 526.000       2.0849
 527.000       2.1969
 528.000       2.5212
 529.000       2.8042
 530.000       3.2543
 531.000       2.6446
 532.000       1.8538
 533.000       2.3124
 534.000       2.5150
 535.000       2.7511
 536.000       1.7454
 537.000       2.1884
 538.000       2.3361
 539.000       2.5510
 540.000       3.2115
 541.000       4.7856
 542.000       6.5040
 543.000       0.5757
 544.000       0.4614
 545.000       0.4668
 546.000      54.6330
 547.000      52.8172
 548.000      53.4373
 549.000      54.9263
 550.000      53.0111
 551.000      53.6317
 552.000      53.9609
 553.000      52.9238
 554.000      53.8205
 555.000      48.9896
 556.000      53.7624
 557.000      55.3934
 558.000      55.7668
 559.000      54.8231
 560.000      53.9923
 561.000      54.3820
 562.000      54.2883
 563.000      54.5295
 564.000      54.2000
 565.000      53.5785
 566.000      53.9259
 567.000      53.6247
 568.000      55.0141
 569.000      55.1980
 570.000      53.9242
 571.000      54.7595
 572.000      55.0400
 573.000      55.6808
 574.000      53.1267
 575.000      54.6087
 576.000      53.7993
 577.000      55.0426
 578.000      55.4344
 579.000      54.6349
 580.000      53.9842
 581.000      54.3731
 582.000      53.2067
 583.000      54.6848
 584.000      55.7078
 585.000      54.9451
 586.000      53.8758
 587.000      55.9724
 588.000      53.7397
 589.000      54.2653
 590.000      53.3281
 591.000      55.4445
 592.000      53.6423
 593.000      54.8930
 594.000      53.9695
 595.000      54.4995
 596.000       0.5515
 597.000      54.0798
 598.000      55.4773
 599.000      53.5680
 600.000      54.1911
 601.000      54.7158
 602.000      55.4275
 603.000      54.1652
 604.000      55.1117
 605.000      54.5410
 606.000      54.6963
 607.000      54.3400
 608.000      54.5785
 609.000      53.7841
 610.000      55.3500
 611.000      53.2949
 612.000      54.8009
 613.000      54.6752
 614.000      54.1737
 615.000      54.9877
 616.000      53.3996
 617.000      55.0287
 618.000      54.8721
 619.000      54.9804
 620.000      54.5321
 621.000      54.8547
 622.000      54.8171
 623.000      54.6909
 624.000      54.6998
 625.000      54.0261
 626.000      54.7394
 627.000      54.4272
 628.000      54.2427
 629.000      54.7680
 630.000      53.9858
 631.000      54.1692
 632.000      54.8059
 633.000      54.5639
 634.000      54.7914
 635.000      55.6992
 636.000      54.6015
 637.000      54.7090
 638.000      54.6304
 639.000      54.0640
 640.000      55.1286
 641.000      54.5591
 642.000      54.8038
 643.000      55.0797
 644.000      55.5149
 645.000      53.8208
 646.000      53.7677
 647.000      53.4259
 648.000      55.3681
 649.000      53.9042
 650.000      54.2245
 651.000      54.7011
 652.000      54.7705
