#Res        AtomicFlx
   1.000       7.0198
   2.000       5.4987
   3.000       4.2175
   4.000       3.9968
   5.000       1.9517
   6.000       1.3501
   7.000       1.1321
   8.000       1.2586
   9.000       1.7331
  10.000       1.5086
  11.000       1.5169
  12.000       1.1721
  13.000       0.8918
  14.000       0.9582
  15.000       1.2309
  16.000       0.7943
  17.000       1.0266
  18.000       0.7753
  19.000       0.6512
  20.000       0.6271
  21.000       0.7190
  22.000       0.9131
  23.000       0.9975
  24.000       0.9338
  25.000       0.6189
  26.000       0.6004
  27.000       0.8254
  28.000       0.7647
  29.000       1.1978
  30.000       0.5802
  31.000       0.5592
  32.000       1.0575
  33.000       1.0048
  34.000       0.6638
  35.000       0.9317
  36.000       1.0284
  37.000       0.7689
  38.000       0.9026
  39.000       0.8606
  40.000       0.9631
  41.000       1.0122
  42.000       0.7407
  43.000       1.1942
  44.000       1.3453
  45.000       0.8007
  46.000       0.6843
  47.000       0.8979
  48.000       1.0474
  49.000       0.8011
  50.000       0.8342
  51.000       1.2840
  52.000       1.3127
  53.000       0.8745
  54.000       0.7720
  55.000       0.9070
  56.000       0.8521
  57.000       1.1138
  58.000       0.7607
  59.000       0.8366
  60.000       1.1715
  61.000       1.0577
  62.000       1.1544
  63.000       0.9458
  64.000       1.1815
  65.000       0.8913
  66.000       1.2392
  67.000       1.5982
  68.000       1.9641
  69.000       1.6302
  70.000       1.5327
  71.000       1.1658
  72.000       1.2472
  73.000       1.0907
  74.000       1.0881
  75.000       1.3843
  76.000       1.2148
  77.000       1.7358
  78.000       1.8482
  79.000       1.7133
  80.000       1.5889
  81.000       1.3127
  82.000       1.2986
  83.000       1.2969
  84.000       0.9592
  85.000       0.6674
  86.000       1.1856
  87.000       0.7849
  88.000       0.9464
  89.000       0.8198
  90.000       1.1968
  91.000       0.9774
  92.000       1.0355
  93.000       0.9741
  94.000       0.7728
  95.000       1.1686
  96.000       0.8093
  97.000       1.0445
  98.000       0.6958
  99.000       0.6797
 100.000       0.9806
 101.000       0.8794
 102.000       0.6478
 103.000       0.6892
 104.000       0.7798
 105.000       0.6924
 106.000       0.6548
 107.000       0.7336
 108.000       0.6253
 109.000       0.7496
 110.000       1.0142
 111.000       0.7327
 112.000       0.8175
 113.000       0.9870
 114.000       0.7543
 115.000       0.8328
 116.000       1.5908
 117.000       1.4905
 118.000       1.8827
 119.000       1.9671
 120.000       1.0287
 121.000       0.9600
 122.000       0.9346
 123.000       1.5488
 124.000       1.4537
 125.000       1.1706
 126.000       2.0014
 127.000       1.4467
 128.000       1.6780
 129.000       1.3294
 130.000       1.3068
 131.000       1.7706
 132.000       1.7209
 133.000       2.1997
 134.000       1.3026
 135.000       1.6350
 136.000       1.8737
 137.000       2.4766
 138.000       3.4876
 139.000       3.3400
 140.000       5.3865
 141.000       5.0201
 142.000       5.5310
 143.000       5.2044
 144.000       4.4591
 145.000       5.6932
 146.000       3.4229
 147.000       3.8688
 148.000       3.1713
 149.000       1.7050
 150.000       1.3443
 151.000       0.9188
 152.000       0.7845
 153.000       0.7211
 154.000       1.1111
 155.000       1.0235
 156.000       0.7624
 157.000       0.8540
 158.000       1.0912
 159.000       1.8381
 160.000       1.3878
 161.000       1.2430
 162.000       1.4788
 163.000       1.4765
 164.000       1.7799
 165.000       2.3012
 166.000       1.9675
 167.000       1.2532
 168.000       2.3460
 169.000       1.2223
 170.000       1.4578
 171.000       2.0006
 172.000       1.8247
 173.000       1.9785
 174.000       1.4656
 175.000       1.1533
 176.000       1.4449
 177.000       1.2035
 178.000       1.9011
 179.000       1.5169
 180.000       0.9562
 181.000       0.8562
 182.000       1.1417
 183.000       0.6925
 184.000       0.8352
 185.000       1.3930
 186.000       1.1939
 187.000       0.8999
 188.000       1.0120
 189.000       0.9040
 190.000       1.0310
 191.000       1.0915
 192.000       1.3145
 193.000       1.4307
 194.000       1.0005
 195.000       1.4910
 196.000       1.6803
 197.000       1.7692
 198.000       1.3306
 199.000       1.6888
 200.000       1.8174
 201.000       1.2155
 202.000       1.2101
 203.000       1.3373
 204.000       1.7507
 205.000       1.0817
 206.000       1.3442
 207.000       1.6242
 208.000       1.1478
 209.000       0.8749
 210.000       1.0978
 211.000       1.0830
 212.000       0.9912
 213.000       0.8251
 214.000       1.2459
 215.000       0.9875
 216.000       0.8944
 217.000       1.0169
 218.000       0.7701
 219.000       0.8100
 220.000       0.8025
 221.000       0.9290
 222.000       0.9467
 223.000       0.8051
 224.000       0.7377
 225.000       0.9073
 226.000       0.9257
 227.000       0.9835
 228.000       1.0008
 229.000       0.8444
 230.000       0.8457
 231.000       1.9205
 232.000       1.9801
 233.000       0.8422
 234.000       0.9685
 235.000       1.3355
 236.000       1.9192
 237.000       1.0018
 238.000       1.3179
 239.000       1.6932
 240.000       1.1602
 241.000       1.1449
 242.000       1.3582
 243.000       1.5775
 244.000       1.2007
 245.000       1.4073
 246.000       1.4117
 247.000       1.3549
 248.000       1.1868
 249.000       0.8054
 250.000       1.0207
 251.000       0.8275
 252.000       0.9279
 253.000       0.8055
 254.000       0.6626
 255.000       0.6409
 256.000       0.6322
 257.000       0.5814
 258.000       0.7223
 259.000       0.5912
 260.000       0.9470
 261.000       0.5260
 262.000       0.6989
 263.000       0.5639
 264.000       0.6403
 265.000       0.6850
 266.000       0.8563
 267.000       0.8407
 268.000       1.0611
 269.000       0.9223
 270.000       1.1695
 271.000       1.1210
 272.000       1.2242
 273.000       1.2269
 274.000       1.4889
 275.000       1.3728
 276.000       1.0093
 277.000       1.5612
 278.000       1.6750
 279.000       1.4473
 280.000       1.1085
 281.000       0.9046
 282.000       0.9758
 283.000       0.8824
 284.000       1.5753
 285.000       0.9224
 286.000       0.7626
 287.000       0.9791
 288.000       0.8775
 289.000       0.6982
 290.000       0.7558
 291.000       0.9489
 292.000       0.7268
 293.000       0.5966
 294.000       0.6376
 295.000       1.2727
 296.000       0.6305
 297.000       0.5548
 298.000       1.2891
 299.000       0.8100
 300.000       0.5557
 301.000       0.5392
 302.000       1.1879
 303.000       0.6609
 304.000       0.6660
 305.000       0.6377
 306.000       0.6337
 307.000       0.7967
 308.000       0.8810
 309.000       0.7488
 310.000       0.9168
 311.000       1.0214
 312.000       1.0448
 313.000       1.4880
 314.000       1.6951
 315.000       2.1032
 316.000       2.3248
 317.000       3.0512
 318.000       2.6378
 319.000       2.6357
 320.000       2.5259
 321.000       2.6263
 322.000       1.5620
 323.000       1.2525
 324.000       2.0650
 325.000       1.4377
 326.000       1.0473
 327.000       0.6857
 328.000       0.8128
 329.000       0.7716
 330.000       0.7224
 331.000       0.7881
 332.000       0.7947
 333.000       0.6654
 334.000       0.8650
 335.000       0.7400
 336.000       0.6544
 337.000       0.8777
 338.000       0.7494
 339.000       1.1870
 340.000       0.9671
 341.000       1.2502
 342.000       1.1892
 343.000       1.1336
 344.000       1.0351
 345.000       0.8567
 346.000       1.0456
 347.000       1.1759
 348.000       1.0331
 349.000       0.7229
 350.000       0.8676
 351.000       1.0046
 352.000       0.6989
 353.000       0.6396
 354.000       1.0566
 355.000       0.8786
 356.000       1.0200
 357.000       0.7483
 358.000       0.9008
 359.000       0.9651
 360.000       0.6402
 361.000       0.8704
 362.000       0.9017
 363.000       0.7055
 364.000       0.7233
 365.000       1.0010
 366.000       0.7669
 367.000       0.7166
 368.000       1.3233
 369.000       1.4018
 370.000       0.9934
 371.000       1.1545
 372.000       1.3338
 373.000       1.1438
 374.000       1.1122
 375.000       1.4130
 376.000       1.4104
 377.000       2.0528
 378.000       1.4623
 379.000       1.6627
 380.000       2.1593
 381.000       3.0023
 382.000       1.7913
 383.000       2.3751
 384.000       1.7596
 385.000       2.5626
 386.000       1.9662
 387.000       1.9128
 388.000       2.0097
 389.000       2.0096
 390.000       2.2580
 391.000       1.7459
 392.000       1.4257
 393.000       1.0329
 394.000       1.4057
 395.000       1.3737
 396.000       1.1380
 397.000       1.0059
 398.000       1.0306
 399.000       1.5067
 400.000       1.7492
 401.000       0.8466
 402.000       0.9297
 403.000       1.7632
 404.000       1.2348
 405.000       0.8313
 406.000       1.3147
 407.000       0.9868
 408.000       1.3704
 409.000       0.8349
 410.000       0.7867
 411.000       0.8880
 412.000       1.1276
 413.000       0.8531
 414.000       1.0755
 415.000       1.0977
 416.000       1.1772
 417.000       1.2905
 418.000       1.1011
 419.000       1.1941
 420.000       1.0409
 421.000       0.9422
 422.000       0.9602
 423.000       0.7190
 424.000       0.7968
 425.000       0.7066
 426.000       0.9053
 427.000       0.9252
 428.000       0.7986
 429.000       0.8900
 430.000       0.6924
 431.000       0.8558
 432.000       1.1014
 433.000       1.0163
 434.000       0.8999
 435.000       1.1719
 436.000       1.0779
 437.000       1.2969
 438.000       1.1331
 439.000       1.7056
 440.000       1.3578
 441.000       1.7696
 442.000       1.0076
 443.000       1.0477
 444.000       1.2721
 445.000       1.5823
 446.000       1.1245
 447.000       1.0145
 448.000       2.2136
 449.000       1.4365
 450.000       1.2662
 451.000       1.7079
 452.000       1.9774
 453.000       1.8283
 454.000       1.6251
 455.000       1.4661
 456.000       1.6456
 457.000       1.2238
 458.000       1.0165
 459.000       1.0190
 460.000       1.2750
 461.000       1.0648
 462.000       0.8928
 463.000       1.2974
 464.000       1.3825
 465.000       0.7907
 466.000       0.8290
 467.000       1.0168
 468.000       0.8156
 469.000       0.9024
 470.000       0.7887
 471.000       0.7075
 472.000       1.1978
 473.000       0.6679
 474.000       0.7373
 475.000       0.9792
 476.000       1.0287
 477.000       0.7315
 478.000       1.0898
 479.000       0.9614
 480.000       0.9841
 481.000       1.3966
 482.000       1.2579
 483.000       1.8078
 484.000       1.3387
 485.000       1.2845
 486.000       1.3830
 487.000       2.0457
 488.000       1.6370
 489.000       2.7230
 490.000       1.4448
 491.000       1.3425
 492.000       2.1002
 493.000       1.2963
 494.000       2.0340
 495.000       1.0414
 496.000       1.2680
 497.000       2.6201
 498.000       1.1246
 499.000       1.0611
 500.000       1.5121
 501.000       1.3880
 502.000       1.2748
 503.000       0.9185
 504.000       1.1217
 505.000       1.3907
 506.000       1.3264
 507.000       1.0373
 508.000       1.3044
 509.000       1.2909
 510.000       1.5328
 511.000       1.5424
 512.000       1.3976
 513.000       1.0641
 514.000       1.5465
 515.000       1.5509
 516.000       1.5927
 517.000       1.4605
 518.000       1.8973
 519.000       2.1177
 520.000       1.9987
 521.000       2.2471
 522.000       2.9153
 523.000       2.8920
 524.000       2.6466
 525.000       2.6100
 526.000       3.0710
 527.000       3.5067
 528.000       3.8884
 529.000       4.2934
 530.000       4.5196
 531.000       3.5071
 532.000       3.1912
 533.000       3.5400
 534.000       3.4156
 535.000       2.9025
 536.000       2.5243
 537.000       3.1208
 538.000       2.8461
 539.000       2.9262
 540.000       4.3478
 541.000       5.2583
 542.000       7.2820
 543.000       0.7735
 544.000       0.5439
 545.000       1.0068
 546.000      54.2805
 547.000      53.9753
 548.000      54.9092
 549.000      54.6118
 550.000      54.1158
 551.000      55.5204
 552.000      53.3894
 553.000      53.9866
 554.000      54.8534
 555.000      54.2946
 556.000      53.6039
 557.000      54.4445
 558.000      55.1762
 559.000      54.2946
 560.000      54.3230
 561.000      54.6317
 562.000      53.9265
 563.000      54.6740
 564.000      53.4384
 565.000      54.6156
 566.000      54.1398
 567.000      54.7292
 568.000      54.0808
 569.000      54.5161
 570.000      55.5930
 571.000      55.6089
 572.000      54.5521
 573.000      53.6959
 574.000      54.3920
 575.000      54.7563
 576.000      54.4444
 577.000      54.5184
 578.000      53.5804
 579.000      54.9597
 580.000      53.9944
 581.000      55.7957
 582.000      55.1713
 583.000      54.5751
 584.000      53.6842
 585.000      52.3359
 586.000      54.4292
 587.000      54.9801
 588.000      55.0370
 589.000      55.4273
 590.000      54.9293
 591.000      53.8547
 592.000      54.2987
 593.000      55.2199
 594.000      53.4105
 595.000      54.7874
 596.000       0.5813
 597.000      54.6244
 598.000      53.2816
 599.000      54.5986
 600.000      54.3311
 601.000      54.6936
 602.000      54.2341
 603.000      54.7153
 604.000      55.2246
 605.000      54.0826
 606.000      54.8679
 607.000      54.7321
 608.000      54.6470
 609.000      55.2309
 610.000      54.0257
 611.000      55.0254
 612.000      54.4757
 613.000      54.6844
 614.000      54.6531
 615.000      54.7258
 616.000      55.2096
 617.000      54.2253
 618.000      54.5551
 619.000      54.7463
 620.000      54.6985
 621.000      54.4979
 622.000      55.1799
 623.000      53.9690
 624.000      54.9833
 625.000      54.9620
 626.000      55.2349
 627.000      54.5874
 628.000      54.6927
 629.000      54.2323
 630.000      52.8960
 631.000      53.4118
 632.000      55.0476
 633.000      54.2846
 634.000      54.9483
 635.000      54.2521
 636.000      54.5093
 637.000      54.7353
 638.000      53.9997
 639.000      54.4773
 640.000      55.2920
 641.000      54.6409
 642.000      55.5000
 643.000      55.1501
 644.000      54.2942
 645.000      55.3305
 646.000      54.5931
 647.000      54.9014
 648.000      55.1411
 649.000      55.9877
 650.000      54.5975
 651.000      54.6364
 652.000      54.4937
