#Res        AtomicFlx
   1.000       6.3666
   2.000       4.0661
   3.000       4.5402
   4.000       2.0186
   5.000       1.7400
   6.000       1.1701
   7.000       0.8941
   8.000       1.2554
   9.000       1.6825
  10.000       1.3611
  11.000       1.2023
  12.000       0.9790
  13.000       0.7356
  14.000       0.9957
  15.000       1.0719
  16.000       0.7734
  17.000       0.7642
  18.000       0.7043
  19.000       0.6193
  20.000       0.5798
  21.000       0.6012
  22.000       0.7068
  23.000       0.8078
  24.000       1.2036
  25.000       0.7874
  26.000       0.6028
  27.000       1.1651
  28.000       1.0713
  29.000       1.2434
  30.000       0.6604
  31.000       0.7113
  32.000       0.8717
  33.000       1.0178
  34.000       0.7186
  35.000       0.8686
  36.000       1.0654
  37.000       0.8991
  38.000       0.9080
  39.000       0.8306
  40.000       0.8717
  41.000       0.9297
  42.000       0.7095
  43.000       0.9201
  44.000       1.2564
  45.000       0.7387
  46.000       0.6240
  47.000       0.8153
  48.000       0.9110
  49.000       0.7233
  50.000       0.6467
  51.000       1.0019
  52.000       1.0798
  53.000       0.6059
  54.000       0.5561
  55.000       0.6758
  56.000       0.5383
  57.000       0.9569
  58.000       0.5951
  59.000       0.5679
  60.000       0.8427
  61.000       0.6940
  62.000       0.8247
  63.000       0.6071
  64.000       0.6758
  65.000       0.5785
  66.000       0.8711
  67.000       1.2224
  68.000       0.8069
  69.000       0.8922
  70.000       1.1118
  71.000       0.9402
  72.000       1.0203
  73.000       1.0185
  74.000       1.0069
  75.000       0.8648
  76.000       0.8892
  77.000       1.4696
  78.000       1.6717
  79.000       1.3958
  80.000       1.3040
  81.000       1.4878
  82.000       1.6125
  83.000       1.4427
  84.000       1.4890
  85.000       1.1607
  86.000       1.1855
  87.000       1.0320
  88.000       1.5578
  89.000       0.9628
  90.000       1.2284
  91.000       1.1594
  92.000       1.2938
  93.000       0.9830
  94.000       0.8399
  95.000       1.9044
  96.000       1.2208
  97.000       1.0387
  98.000       0.7919
  99.000       0.9422
 100.000       1.1457
 101.000       1.2610
 102.000       0.9262
 103.000       0.8815
 104.000       0.9935
 105.000       0.8630
 106.000       0.7801
 107.000       0.8484
 108.000       0.7466
 109.000       0.8150
 110.000       1.0652
 111.000       0.6793
 112.000       0.8129
 113.000       1.0896
 114.000       0.7769
 115.000       0.7946
 116.000       1.6018
 117.000       1.1868
 118.000       1.6185
 119.000       1.7781
 120.000       0.8716
 121.000       0.8913
 122.000       0.8875
 123.000       1.5212
 124.000       1.4310
 125.000       1.3628
 126.000       1.9751
 127.000       1.3597
 128.000       1.6053
 129.000       1.2338
 130.000       1.1440
 131.000       1.6165
 132.000       1.5046
 133.000       2.2478
 134.000       1.6515
 135.000       1.7083
 136.000       1.8303
 137.000       1.0239
 138.000       2.1750
 139.000       2.6233
 140.000       3.9188
 141.000       4.2414
 142.000       5.0099
 143.000       3.7390
 144.000       3.9408
 145.000       3.0439
 146.000       2.6639
 147.000       3.2976
 148.000       3.3496
 149.000       1.8066
 150.000       1.4665
 151.000       0.8406
 152.000       0.8209
 153.000       0.7376
 154.000       1.0678
 155.000       1.0484
 156.000       0.7655
 157.000       0.8574
 158.000       1.1675
 159.000       2.0623
 160.000       1.4016
 161.000       1.2180
 162.000       1.5281
 163.000       1.6860
 164.000       1.8406
 165.000       2.9569
 166.000       2.6040
 167.000       1.4949
 168.000       2.9021
 169.000       1.6505
 170.000       1.8499
 171.000       2.5276
 172.000       2.2252
 173.000       2.4415
 174.000       1.7851
 175.000       1.5348
 176.000       1.6371
 177.000       1.8526
 178.000       2.0904
 179.000       1.9141
 180.000       1.1729
 181.000       1.0924
 182.000       1.2472
 183.000       0.8143
 184.000       1.0230
 185.000       1.4302
 186.000       1.2091
 187.000       0.9532
 188.000       1.0857
 189.000       0.8748
 190.000       0.9145
 191.000       0.9033
 192.000       1.0029
 193.000       1.4270
 194.000       0.8605
 195.000       1.3529
 196.000       1.6198
 197.000       1.8705
 198.000       1.1506
 199.000       1.5228
 200.000       1.8622
 201.000       1.2104
 202.000       1.1862
 203.000       1.0670
 204.000       1.6625
 205.000       1.0782
 206.000       1.2258
 207.000       1.4153
 208.000       1.0077
 209.000       0.9408
 210.000       1.0440
 211.000       0.9338
 212.000       1.8481
 213.000       0.7857
 214.000       1.1128
 215.000       0.9446
 216.000       0.8297
 217.000       1.0105
 218.000       0.7934
 219.000       0.8223
 220.000       0.7662
 221.000       0.9522
 222.000       0.9029
 223.000       0.7641
 224.000       0.7224
 225.000       0.8802
 226.000       0.8524
 227.000       0.9721
 228.000       0.9081
 229.000       0.7524
 230.000       0.7854
 231.000       1.0520
 232.000       1.7048
 233.000       0.6471
 234.000       0.8767
 235.000       1.2245
 236.000       0.8995
 237.000       0.6742
 238.000       0.9911
 239.000       1.5913
 240.000       1.2265
 241.000       1.3780
 242.000       1.6460
 243.000       1.7287
 244.000       1.3279
 245.000       1.3312
 246.000       1.3735
 247.000       1.3009
 248.000       1.0855
 249.000       0.8936
 250.000       1.1154
 251.000       0.8293
 252.000       0.9255
 253.000       0.8715
 254.000       0.7106
 255.000       0.6942
 256.000       0.7090
 257.000       0.6437
 258.000       0.6488
 259.000       0.6691
 260.000       1.6841
 261.000       0.5228
 262.000       0.6982
 263.000       0.5524
 264.000       0.5858
 265.000       0.6898
 266.000       1.1407
 267.000       0.6514
 268.000       0.7399
 269.000       0.8647
 270.000       0.8123
 271.000       0.7706
 272.000       1.0233
 273.000       0.8208
 274.000       1.0616
 275.000       1.2228
 276.000       0.8988
 277.000       2.0072
 278.000       2.5224
 279.000       1.8970
 280.000       1.6388
 281.000       0.9177
 282.000       0.7279
 283.000       0.7285
 284.000       1.1895
 285.000       0.8151
 286.000       0.6310
 287.000       0.8756
 288.000       0.7739
 289.000       0.5621
 290.000       0.5697
 291.000       0.7930
 292.000       0.6667
 293.000       0.5355
 294.000       0.5703
 295.000       1.3142
 296.000       0.6084
 297.000       0.5487
 298.000       1.0946
 299.000       0.7761
 300.000       0.6343
 301.000       0.6430
 302.000       1.3075
 303.000       0.7430
 304.000       0.7443
 305.000       0.9795
 306.000       0.6264
 307.000       0.7776
 308.000       0.9667
 309.000       0.6477
 310.000       0.7537
 311.000       0.9987
 312.000       0.7941
 313.000       1.1768
 314.000       1.1188
 315.000       0.9856
 316.000       1.2347
 317.000       1.4783
 318.000       1.2426
 319.000       0.9967
 320.000       1.0353
 321.000       1.3514
 322.000       1.0401
 323.000       1.0423
 324.000       2.1539
 325.000       1.4063
 326.000       1.3335
 327.000       1.2568
 328.000       1.0388
 329.000       0.9923
 330.000       1.0056
 331.000       0.9829
 332.000       0.9889
 333.000       0.7580
 334.000       0.8011
 335.000       1.0130
 336.000       0.6510
 337.000       0.8446
 338.000       0.6942
 339.000       1.1066
 340.000       0.7702
 341.000       1.0206
 342.000       0.9991
 343.000       0.9383
 344.000       0.8707
 345.000       0.7316
 346.000       0.8774
 347.000       1.0721
 348.000       0.7684
 349.000       0.6809
 350.000       0.8106
 351.000       0.7216
 352.000       0.8293
 353.000       0.6901
 354.000       0.8531
 355.000       0.8591
 356.000       1.0647
 357.000       0.8584
 358.000       0.9189
 359.000       1.2128
 360.000       0.9554
 361.000       0.9951
 362.000       0.6142
 363.000       0.7579
 364.000       0.7325
 365.000       1.2106
 366.000       0.8152
 367.000       0.7484
 368.000       1.1375
 369.000       1.1326
 370.000       0.9362
 371.000       1.2572
 372.000       1.1216
 373.000       1.0638
 374.000       1.0122
 375.000       1.5258
 376.000       1.8187
 377.000       1.4487
 378.000       1.2358
 379.000       2.1461
 380.000       3.0468
 381.000       2.6725
 382.000       2.6351
 383.000       3.2065
 384.000       2.8874
 385.000       3.0201
 386.000       2.7871
 387.000       1.5354
 388.000       1.6005
 389.000       1.6918
 390.000       1.2629
 391.000       0.9650
 392.000       1.0631
 393.000       0.9884
 394.000       0.9566
 395.000       0.9004
 396.000       1.2188
 397.000       1.1436
 398.000       1.0364
 399.000       1.3999
 400.000       2.2172
 401.000       1.3543
 402.000       1.2139
 403.000       2.0441
 404.000       1.5468
 405.000       0.9498
 406.000       1.5984
 407.000       1.3037
 408.000       1.4416
 409.000       1.2552
 410.000       0.9703
 411.000       1.2064
 412.000       1.3319
 413.000       0.9533
 414.000       0.9633
 415.000       1.2669
 416.000       1.2832
 417.000       1.1846
 418.000       1.1857
 419.000       1.1517
 420.000       1.6652
 421.000       1.7635
 422.000       1.8732
 423.000       1.0373
 424.000       0.9686
 425.000       0.8372
 426.000       0.9619
 427.000       0.8766
 428.000       0.9168
 429.000       1.0687
 430.000       0.7182
 431.000       0.7692
 432.000       1.0925
 433.000       1.0581
 434.000       0.6673
 435.000       0.7845
 436.000       0.7426
 437.000       0.8546
 438.000       0.9187
 439.000       1.2895
 440.000       1.7349
 441.000       1.1054
 442.000       0.7302
 443.000       0.9976
 444.000       1.0425
 445.000       1.1875
 446.000       0.6868
 447.000       0.7962
 448.000       2.0803
 449.000       1.1197
 450.000       0.8144
 451.000       1.3502
 452.000       1.4855
 453.000       0.9345
 454.000       0.9762
 455.000       1.0171
 456.000       1.3033
 457.000       1.1192
 458.000       0.8741
 459.000       0.8230
 460.000       1.7847
 461.000       1.1032
 462.000       0.7351
 463.000       1.0529
 464.000       1.1390
 465.000       0.6675
 466.000       0.6307
 467.000       0.9331
 468.000       0.7998
 469.000       0.8704
 470.000       0.6272
 471.000       0.7153
 472.000       1.1879
 473.000       0.7064
 474.000       0.7700
 475.000       1.0172
 476.000       1.1242
 477.000       0.8792
 478.000       1.1082
 479.000       1.1285
 480.000       1.0386
 481.000       1.8088
 482.000       1.3876
 483.000       1.6301
 484.000       1.8239
 485.000       2.1441
 486.000       3.0818
 487.000       2.8807
 488.000       2.2337
 489.000       3.2945
 490.000       2.7600
 491.000       4.2109
 492.000       3.7403
 493.000       2.0376
 494.000       2.8951
 495.000       2.0727
 496.000       2.3206
 497.000       2.7376
 498.000       2.5430
 499.000       1.8749
 500.000       1.7645
 501.000       2.0045
 502.000       2.2076
 503.000       1.6630
 504.000       1.8250
 505.000       2.2002
 506.000       2.4868
 507.000       2.2616
 508.000       2.5233
 509.000       3.0518
 510.000       3.3011
 511.000       3.2892
 512.000       2.8347
 513.000       2.3932
 514.000       2.3391
 515.000       2.3573
 516.000       2.3790
 517.000       2.0873
 518.000       2.0535
 519.000       2.0584
 520.000       2.1904
 521.000       2.0140
 522.000       2.1891
 523.000       2.4860
 524.000       2.5522
 525.000       2.1894
 526.000       2.6201
 527.000       2.6282
 528.000       2.8323
 529.000       3.0306
 530.000       3.2685
 531.000       2.8069
 532.000       2.2942
 533.000       2.4792
 534.000       2.5532
 535.000       2.6954
 536.000       2.0985
 537.000       2.6422
 538.000       2.7574
 539.000       3.2449
 540.000       4.2423
 541.000       5.5539
 542.000       7.2319
 543.000       0.8743
 544.000       0.4986
 545.000       0.8259
 546.000      54.1616
 547.000      55.0380
 548.000      55.2224
 549.000      54.6119
 550.000      53.6647
 551.000      55.8154
 552.000      55.1656
 553.000      54.2114
 554.000      52.9639
 555.000      54.6723
 556.000      55.4237
 557.000      54.9369
 558.000      54.1632
 559.000      54.5006
 560.000      54.4971
 561.000      54.7114
 562.000      55.9838
 563.000      54.5092
 564.000      54.9180
 565.000      54.1141
 566.000      55.3858
 567.000      55.4287
 568.000      54.9237
 569.000      54.8264
 570.000      53.7383
 571.000      54.8209
 572.000      53.7542
 573.000      54.1297
 574.000      54.8806
 575.000      54.9910
 576.000      55.5963
 577.000      54.6476
 578.000      54.9003
 579.000      55.3790
 580.000      54.1530
 581.000      54.4086
 582.000      54.5765
 583.000      56.2143
 584.000      55.1595
 585.000      55.6660
 586.000      54.6702
 587.000      54.7567
 588.000      55.5670
 589.000      55.0711
 590.000      53.9512
 591.000      52.6540
 592.000      55.2904
 593.000      54.0592
 594.000      55.1616
 595.000      55.7187
 596.000       0.5771
 597.000      54.4447
 598.000      55.0223
 599.000      55.3283
 600.000      55.0017
 601.000      54.2662
 602.000      55.1804
 603.000      54.5442
 604.000      55.1275
 605.000      55.2034
 606.000      54.7633
 607.000      54.9636
 608.000      55.0555
 609.000      54.9083
 610.000      54.0122
 611.000      54.6154
 612.000      54.5182
 613.000      54.7272
 614.000      55.5300
 615.000      55.1864
 616.000      54.1807
 617.000      54.5626
 618.000      54.4558
 619.000      55.4297
 620.000      54.8934
 621.000      54.2516
 622.000      54.3789
 623.000      55.0378
 624.000      54.0908
 625.000      54.6209
 626.000      55.2462
 627.000      55.3003
 628.000      55.2860
 629.000      55.2674
 630.000      54.3956
 631.000      54.7180
 632.000      54.9280
 633.000      54.1055
 634.000      54.4536
 635.000      54.7504
 636.000      55.1153
 637.000      54.7262
 638.000      54.7359
 639.000      54.3866
 640.000      54.2109
 641.000      54.7101
 642.000      54.0442
 643.000      54.8584
 644.000      54.5345
 645.000      53.8333
 646.000      55.1515
 647.000      54.6952
 648.000      55.0824
 649.000      55.0084
 650.000      54.1668
 651.000      55.4063
 652.000      55.0333
