#Res        AtomicFlx
   1.000       5.8689
   2.000       4.0896
   3.000       2.2201
   4.000       1.5731
   5.000       1.3574
   6.000       1.1931
   7.000       0.9421
   8.000       1.0988
   9.000       1.0406
  10.000       0.9709
  11.000       0.9452
  12.000       1.0200
  13.000       0.8752
  14.000       0.6863
  15.000       0.6661
  16.000       0.6860
  17.000       0.6164
  18.000       0.5527
  19.000       0.5407
  20.000       0.5212
  21.000       0.5634
  22.000       0.5226
  23.000       0.6638
  24.000       0.8813
  25.000       0.9806
  26.000       0.9096
  27.000       0.8049
  28.000       0.8435
  29.000       0.8034
  30.000       0.6844
  31.000       0.7197
  32.000       0.8256
  33.000       0.9332
  34.000       0.9089
  35.000       0.9199
  36.000       1.0485
  37.000       1.1964
  38.000       1.4205
  39.000       1.5290
  40.000       1.5088
  41.000       1.1200
  42.000       0.7944
  43.000       0.8793
  44.000       0.9502
  45.000       0.7792
  46.000       0.6431
  47.000       0.7983
  48.000       0.8692
  49.000       0.7237
  50.000       0.6594
  51.000       0.7678
  52.000       0.8687
  53.000       0.7944
  54.000       0.6998
  55.000       0.5888
  56.000       0.5762
  57.000       0.5723
  58.000       0.4912
  59.000       0.4658
  60.000       0.5048
  61.000       0.5217
  62.000       0.5269
  63.000       0.5384
  64.000       0.5927
  65.000       0.5894
  66.000       0.5595
  67.000       0.5863
  68.000       0.5839
  69.000       0.5791
  70.000       0.7131
  71.000       0.6836
  72.000       0.6116
  73.000       0.5461
  74.000       0.5704
  75.000       0.5638
  76.000       0.6552
  77.000       0.7396
  78.000       1.0211
  79.000       1.0243
  80.000       1.0744
  81.000       1.0527
  82.000       1.0933
  83.000       0.7488
  84.000       0.6838
  85.000       0.6289
  86.000       0.5632
  87.000       0.5581
  88.000       0.5571
  89.000       0.5301
  90.000       0.4741
  91.000       0.5080
  92.000       0.5351
  93.000       0.4886
  94.000       0.4743
  95.000       0.5057
  96.000       0.5251
  97.000       0.4800
  98.000       0.4633
  99.000       0.5391
 100.000       0.5585
 101.000       0.5595
 102.000       0.5480
 103.000       0.5645
 104.000       0.5707
 105.000       0.5389
 106.000       0.5112
 107.000       0.5135
 108.000       0.4829
 109.000       0.4595
 110.000       0.4749
 111.000       0.4439
 112.000       0.4479
 113.000       0.5255
 114.000       0.5524
 115.000       0.5961
 116.000       0.8287
 117.000       0.9561
 118.000       1.1147
 119.000       1.1550
 120.000       0.8184
 121.000       0.7568
 122.000       0.7279
 123.000       0.8068
 124.000       0.8361
 125.000       0.7833
 126.000       0.9881
 127.000       0.9522
 128.000       1.0959
 129.000       0.9447
 130.000       0.8547
 131.000       1.0504
 132.000       1.3314
 133.000       1.1326
 134.000       0.8484
 135.000       0.9298
 136.000       0.8575
 137.000       1.1639
 138.000       1.6258
 139.000       2.3651
 140.000       2.3673
 141.000       3.1889
 142.000       2.8948
 143.000       2.4525
 144.000       2.5227
 145.000       2.2568
 146.000       1.9797
 147.000       1.9540
 148.000       1.5055
 149.000       1.1589
 150.000       0.9198
 151.000       0.7828
 152.000       0.6245
 153.000       0.5773
 154.000       0.6570
 155.000       0.6280
 156.000       0.5638
 157.000       0.5529
 158.000       0.6502
 159.000       0.8130
 160.000       0.9627
 161.000       0.8995
 162.000       0.8753
 163.000       0.9150
 164.000       0.9713
 165.000       1.2580
 166.000       1.0196
 167.000       0.9848
 168.000       1.4447
 169.000       1.1089
 170.000       1.1233
 171.000       1.6616
 172.000       1.6668
 173.000       1.7204
 174.000       1.9571
 175.000       1.0340
 176.000       0.8090
 177.000       0.7860
 178.000       0.7778
 179.000       0.7101
 180.000       0.6615
 181.000       0.6906
 182.000       0.6290
 183.000       0.5496
 184.000       0.5738
 185.000       0.6161
 186.000       0.6058
 187.000       0.5766
 188.000       0.5788
 189.000       0.6923
 190.000       0.7230
 191.000       0.6688
 192.000       0.7301
 193.000       0.9403
 194.000       1.0403
 195.000       1.1938
 196.000       1.2735
 197.000       1.5028
 198.000       1.7883
 199.000       1.6229
 200.000       1.6998
 201.000       1.2408
 202.000       1.1533
 203.000       0.9988
 204.000       0.8557
 205.000       0.7471
 206.000       0.5963
 207.000       0.6395
 208.000       0.6400
 209.000       0.5206
 210.000       0.5402
 211.000       0.6560
 212.000       0.6401
 213.000       0.5585
 214.000       0.5585
 215.000       0.6198
 216.000       0.5402
 217.000       0.5573
 218.000       0.6505
 219.000       0.6065
 220.000       0.5770
 221.000       0.6713
 222.000       0.7057
 223.000       0.6540
 224.000       0.7504
 225.000       0.8550
 226.000       0.8126
 227.000       0.8138
 228.000       0.9013
 229.000       0.9574
 230.000       0.8744
 231.000       1.1267
 232.000       1.1679
 233.000       0.8903
 234.000       0.8710
 235.000       1.0691
 236.000       1.0025
 237.000       0.8370
 238.000       1.0436
 239.000       1.2476
 240.000       1.5663
 241.000       1.6516
 242.000       1.9644
 243.000       2.2866
 244.000       1.9608
 245.000       1.8945
 246.000       2.2734
 247.000       2.1677
 248.000       2.1239
 249.000       1.8118
 250.000       0.8034
 251.000       0.8716
 252.000       0.8685
 253.000       0.7350
 254.000       0.6448
 255.000       0.6665
 256.000       0.6275
 257.000       0.5441
 258.000       0.5115
 259.000       0.5226
 260.000       0.5468
 261.000       0.5522
 262.000       0.5579
 263.000       0.5655
 264.000       0.5083
 265.000       0.5099
 266.000       0.4938
 267.000       0.5720
 268.000       0.4201
 269.000       0.5278
 270.000       0.5805
 271.000       0.5073
 272.000       0.5141
 273.000       0.7111
 274.000       0.7932
 275.000       0.7460
 276.000       0.7790
 277.000       0.8857
 278.000       0.8601
 279.000       1.0045
 280.000       1.1997
 281.000       1.2825
 282.000       1.0836
 283.000       0.9742
 284.000       0.7583
 285.000       0.7631
 286.000       0.7102
 287.000       0.7332
 288.000       0.6938
 289.000       0.5516
 290.000       0.6506
 291.000       0.6692
 292.000       0.5489
 293.000       0.5499
 294.000       0.5446
 295.000       0.5581
 296.000       0.5086
 297.000       0.4998
 298.000       0.5584
 299.000       0.5831
 300.000       0.5453
 301.000       0.6308
 302.000       0.6394
 303.000       0.5497
 304.000       0.5328
 305.000       0.6307
 306.000       0.6315
 307.000       0.6594
 308.000       0.7747
 309.000       0.8046
 310.000       0.7616
 311.000       0.8908
 312.000       1.0239
 313.000       1.0888
 314.000       1.1900
 315.000       1.2762
 316.000       1.5574
 317.000       1.3460
 318.000       1.3240
 319.000       1.1143
 320.000       1.2798
 321.000       1.3619
 322.000       1.1541
 323.000       1.2531
 324.000       1.9375
 325.000       1.8436
 326.000       1.7798
 327.000       1.2949
 328.000       1.0892
 329.000       0.8037
 330.000       0.7863
 331.000       0.6241
 332.000       0.5475
 333.000       0.5857
 334.000       0.7833
 335.000       0.6221
 336.000       0.5895
 337.000       0.6833
 338.000       0.7027
 339.000       0.6634
 340.000       0.7749
 341.000       0.8791
 342.000       0.8287
 343.000       0.9057
 344.000       0.8324
 345.000       0.7005
 346.000       0.7314
 347.000       0.6618
 348.000       0.5412
 349.000       0.5192
 350.000       0.5163
 351.000       0.5033
 352.000       0.4707
 353.000       0.4473
 354.000       0.5044
 355.000       0.5307
 356.000       0.5069
 357.000       0.4767
 358.000       0.5034
 359.000       0.5936
 360.000       0.6055
 361.000       0.4893
 362.000       0.4817
 363.000       0.6205
 364.000       0.6640
 365.000       0.5771
 366.000       0.5244
 367.000       0.5994
 368.000       0.5797
 369.000       0.4706
 370.000       0.4744
 371.000       0.5690
 372.000       0.5570
 373.000       0.4472
 374.000       0.5351
 375.000       0.6780
 376.000       0.7901
 377.000       0.8755
 378.000       0.9056
 379.000       0.9318
 380.000       1.3137
 381.000       1.5765
 382.000       2.1788
 383.000       2.6299
 384.000       2.4341
 385.000       1.8920
 386.000       1.8214
 387.000       1.4728
 388.000       1.2911
 389.000       1.1856
 390.000       0.8949
 391.000       0.7854
 392.000       0.8533
 393.000       0.7734
 394.000       0.6007
 395.000       0.6369
 396.000       0.7007
 397.000       0.6572
 398.000       0.5870
 399.000       0.6203
 400.000       0.7106
 401.000       0.6847
 402.000       0.5983
 403.000       0.6618
 404.000       0.6986
 405.000       0.6592
 406.000       0.6558
 407.000       0.6899
 408.000       0.9009
 409.000       1.0015
 410.000       0.8878
 411.000       0.8662
 412.000       0.6956
 413.000       0.6519
 414.000       0.6534
 415.000       0.7054
 416.000       0.7275
 417.000       0.7617
 418.000       0.8518
 419.000       0.7845
 420.000       0.8412
 421.000       1.0548
 422.000       1.1799
 423.000       0.8878
 424.000       0.6872
 425.000       0.5971
 426.000       0.5483
 427.000       0.5586
 428.000       0.6139
 429.000       0.6269
 430.000       0.5965
 431.000       0.5654
 432.000       0.5965
 433.000       0.6334
 434.000       0.6380
 435.000       0.6546
 436.000       0.6678
 437.000       0.7304
 438.000       0.7911
 439.000       0.7978
 440.000       0.8117
 441.000       0.8203
 442.000       0.7318
 443.000       0.6949
 444.000       0.7858
 445.000       0.7302
 446.000       0.6112
 447.000       0.6797
 448.000       0.7506
 449.000       0.6935
 450.000       0.6811
 451.000       0.8191
 452.000       0.9215
 453.000       0.9334
 454.000       0.9623
 455.000       1.1429
 456.000       1.1005
 457.000       1.0273
 458.000       0.8819
 459.000       0.9846
 460.000       0.9127
 461.000       0.8202
 462.000       0.7269
 463.000       0.7237
 464.000       0.7236
 465.000       0.6768
 466.000       0.6536
 467.000       0.7210
 468.000       0.7526
 469.000       0.6666
 470.000       0.6815
 471.000       0.6430
 472.000       0.6598
 473.000       0.6094
 474.000       0.5704
 475.000       0.6456
 476.000       0.6557
 477.000       0.6328
 478.000       0.6870
 479.000       0.7566
 480.000       0.7731
 481.000       0.8449
 482.000       1.0181
 483.000       1.0909
 484.000       1.1471
 485.000       1.0857
 486.000       1.2381
 487.000       1.4258
 488.000       1.1938
 489.000       1.3124
 490.000       1.1561
 491.000       1.2412
 492.000       1.5701
 493.000       1.2758
 494.000       1.4128
 495.000       1.0688
 496.000       1.2064
 497.000       1.1338
 498.000       1.0103
 499.000       0.9211
 500.000       0.9365
 501.000       0.8726
 502.000       0.8547
 503.000       0.9070
 504.000       0.8893
 505.000       0.8429
 506.000       0.9834
 507.000       1.0837
 508.000       0.9213
 509.000       0.9508
 510.000       0.9641
 511.000       1.0137
 512.000       0.8559
 513.000       0.8523
 514.000       0.8568
 515.000       0.9612
 516.000       0.9567
 517.000       1.0422
 518.000       1.1776
 519.000       1.3204
 520.000       1.4119
 521.000       1.5000
 522.000       1.7132
 523.000       1.9544
 524.000       2.0382
 525.000       2.1442
 526.000       2.7896
 527.000       2.9649
 528.000       3.0359
 529.000       2.7895
 530.000       2.5695
 531.000       2.2218
 532.000       1.9627
 533.000       1.6805
 534.000       1.6313
 535.000       1.6479
 536.000       1.3538
 537.000       1.4389
 538.000       1.7789
 539.000       2.4700
 540.000       3.1852
 541.000       4.6137
 542.000       6.5276
