#Res        AtomicFlx
   1.000       6.2772
   2.000       4.9201
   3.000       3.7635
   4.000       3.6266
   5.000       2.6460
   6.000       2.6415
   7.000       1.7869
   8.000       1.9965
   9.000       1.3957
  10.000       0.9985
  11.000       0.8035
  12.000       0.6925
  13.000       0.5865
  14.000       0.5583
  15.000       0.5816
  16.000       0.5616
  17.000       0.4836
  18.000       0.4598
  19.000       0.4963
  20.000       0.4219
  21.000       0.4157
  22.000       0.4089
  23.000       0.4083
  24.000       0.5479
  25.000       0.5778
  26.000       0.4629
  27.000       0.5626
  28.000       0.5886
  29.000       0.4938
  30.000       0.4383
  31.000       0.5000
  32.000       0.5180
  33.000       0.4893
  34.000       0.4824
  35.000       0.5385
  36.000       0.6002
  37.000       0.5622
  38.000       0.6950
  39.000       0.5931
  40.000       0.6051
  41.000       0.6124
  42.000       0.5074
  43.000       0.5151
  44.000       0.5590
  45.000       0.5289
  46.000       0.4623
  47.000       0.5333
  48.000       0.5447
  49.000       0.5181
  50.000       0.5278
  51.000       0.5638
  52.000       0.6548
  53.000       0.6752
  54.000       0.6989
  55.000       0.5883
  56.000       0.5065
  57.000       0.5526
  58.000       0.5375
  59.000       0.5162
  60.000       0.5397
  61.000       0.5572
  62.000       0.5518
  63.000       0.5943
  64.000       0.6001
  65.000       0.5615
  66.000       0.5891
  67.000       0.6339
  68.000       0.6691
  69.000       0.6105
  70.000       0.7142
  71.000       0.7909
  72.000       0.6852
  73.000       0.6119
  74.000       0.7060
  75.000       0.6074
  76.000       0.6077
  77.000       0.7671
  78.000       0.9448
  79.000       0.9703
  80.000       1.1910
  81.000       1.0072
  82.000       0.8739
  83.000       0.7648
  84.000       0.6686
  85.000       0.6649
  86.000       0.6406
  87.000       0.6469
  88.000       0.6079
  89.000       0.5766
  90.000       0.5481
  91.000       0.5852
  92.000       0.5876
  93.000       0.5283
  94.000       0.5293
  95.000       0.5550
  96.000       0.5422
  97.000       0.4959
  98.000       0.4933
  99.000       0.5645
 100.000       0.5656
 101.000       0.5345
 102.000       0.4893
 103.000       0.4963
 104.000       0.5166
 105.000       0.4753
 106.000       0.4630
 107.000       0.4697
 108.000       0.4551
 109.000       0.4323
 110.000       0.4604
 111.000       0.4344
 112.000       0.4303
 113.000       0.5048
 114.000       0.5175
 115.000       0.5329
 116.000       0.6846
 117.000       0.8134
 118.000       0.9763
 119.000       0.8253
 120.000       0.5551
 121.000       0.6176
 122.000       0.6522
 123.000       0.7144
 124.000       0.9621
 125.000       0.9091
 126.000       1.0736
 127.000       0.9784
 128.000       1.0749
 129.000       0.9654
 130.000       0.9372
 131.000       1.1191
 132.000       1.2234
 133.000       1.0820
 134.000       0.8417
 135.000       0.9576
 136.000       0.8432
 137.000       0.7871
 138.000       0.9935
 139.000       1.7659
 140.000       2.8979
 141.000       3.0325
 142.000       3.3641
 143.000       3.6195
 144.000       3.7875
 145.000       3.5065
 146.000       2.4242
 147.000       2.1632
 148.000       1.6175
 149.000       1.0770
 150.000       0.8230
 151.000       0.6642
 152.000       0.5996
 153.000       0.5225
 154.000       0.5966
 155.000       0.6035
 156.000       0.5281
 157.000       0.5613
 158.000       0.6774
 159.000       0.7926
 160.000       1.2733
 161.000       1.5196
 162.000       1.5662
 163.000       1.3155
 164.000       1.3596
 165.000       1.2619
 166.000       1.0610
 167.000       1.1562
 168.000       1.3779
 169.000       1.1743
 170.000       1.1380
 171.000       1.4603
 172.000       2.0029
 173.000       2.1018
 174.000       1.6599
 175.000       1.1482
 176.000       0.9596
 177.000       1.0018
 178.000       0.9672
 179.000       0.8374
 180.000       0.7167
 181.000       0.7510
 182.000       0.6790
 183.000       0.5755
 184.000       0.6022
 185.000       0.6516
 186.000       0.6200
 187.000       0.5918
 188.000       0.6309
 189.000       0.7237
 190.000       0.6889
 191.000       0.6987
 192.000       0.8665
 193.000       0.9001
 194.000       0.8270
 195.000       1.0520
 196.000       1.2036
 197.000       1.4347
 198.000       1.3812
 199.000       1.4265
 200.000       1.3890
 201.000       1.0731
 202.000       0.9722
 203.000       1.0809
 204.000       1.0069
 205.000       0.7903
 206.000       0.7309
 207.000       0.7586
 208.000       0.8121
 209.000       0.7803
 210.000       0.7991
 211.000       0.6841
 212.000       0.6301
 213.000       0.5556
 214.000       0.5395
 215.000       0.5861
 216.000       0.5136
 217.000       0.5281
 218.000       0.6031
 219.000       0.5694
 220.000       0.5335
 221.000       0.5933
 222.000       0.6362
 223.000       0.5904
 224.000       0.6047
 225.000       0.7037
 226.000       0.7127
 227.000       0.6843
 228.000       0.7813
 229.000       0.7690
 230.000       0.6681
 231.000       0.6868
 232.000       0.6768
 233.000       0.6927
 234.000       0.6605
 235.000       0.6508
 236.000       0.6137
 237.000       0.5704
 238.000       0.6644
 239.000       0.7003
 240.000       0.7826
 241.000       0.8210
 242.000       0.9759
 243.000       1.0344
 244.000       0.9076
 245.000       0.9353
 246.000       0.9696
 247.000       0.8672
 248.000       0.7794
 249.000       0.7339
 250.000       0.5985
 251.000       0.5626
 252.000       0.5443
 253.000       0.4859
 254.000       0.4678
 255.000       0.4591
 256.000       0.4448
 257.000       0.4089
 258.000       0.4154
 259.000       0.4372
 260.000       0.4446
 261.000       0.4006
 262.000       0.4403
 263.000       0.4669
 264.000       0.4867
 265.000       0.5270
 266.000       0.4955
 267.000       0.5405
 268.000       0.4265
 269.000       0.4850
 270.000       0.5069
 271.000       0.4873
 272.000       0.4745
 273.000       0.5349
 274.000       0.6030
 275.000       0.6851
 276.000       0.7219
 277.000       0.8282
 278.000       0.7867
 279.000       0.8598
 280.000       1.0146
 281.000       0.8914
 282.000       0.8077
 283.000       0.7187
 284.000       0.6180
 285.000       0.6048
 286.000       0.6088
 287.000       0.5738
 288.000       0.5436
 289.000       0.4810
 290.000       0.5294
 291.000       0.5406
 292.000       0.4761
 293.000       0.4315
 294.000       0.4573
 295.000       0.5085
 296.000       0.4690
 297.000       0.4308
 298.000       0.5012
 299.000       0.5535
 300.000       0.5193
 301.000       0.5351
 302.000       0.5326
 303.000       0.5139
 304.000       0.4750
 305.000       0.4938
 306.000       0.5618
 307.000       0.6331
 308.000       0.6377
 309.000       0.6374
 310.000       0.6421
 311.000       0.7095
 312.000       0.7910
 313.000       0.8471
 314.000       0.8669
 315.000       0.9854
 316.000       1.0909
 317.000       1.0160
 318.000       0.8734
 319.000       0.7375
 320.000       0.8480
 321.000       0.9369
 322.000       0.8633
 323.000       0.8657
 324.000       1.1138
 325.000       0.9692
 326.000       1.0290
 327.000       0.9967
 328.000       0.7159
 329.000       0.6295
 330.000       0.5675
 331.000       0.5614
 332.000       0.5006
 333.000       0.5031
 334.000       0.5371
 335.000       0.5069
 336.000       0.5157
 337.000       0.5368
 338.000       0.5473
 339.000       0.5556
 340.000       0.6318
 341.000       0.6520
 342.000       0.6701
 343.000       0.7065
 344.000       0.6681
 345.000       0.5673
 346.000       0.5949
 347.000       0.6138
 348.000       0.5184
 349.000       0.4727
 350.000       0.4696
 351.000       0.4815
 352.000       0.4510
 353.000       0.4324
 354.000       0.4649
 355.000       0.4701
 356.000       0.4652
 357.000       0.4656
 358.000       0.4917
 359.000       0.5321
 360.000       0.6137
 361.000       0.5140
 362.000       0.4848
 363.000       0.4522
 364.000       0.6080
 365.000       0.6816
 366.000       0.5386
 367.000       0.4999
 368.000       0.5609
 369.000       0.5559
 370.000       0.5182
 371.000       0.5694
 372.000       0.6127
 373.000       0.5234
 374.000       0.6246
 375.000       0.7867
 376.000       0.7780
 377.000       0.8266
 378.000       1.2378
 379.000       1.2536
 380.000       1.4400
 381.000       1.9632
 382.000       2.0805
 383.000       1.8982
 384.000       2.3780
 385.000       1.7778
 386.000       1.4178
 387.000       1.0695
 388.000       1.0589
 389.000       0.9941
 390.000       0.9369
 391.000       0.8460
 392.000       0.8718
 393.000       0.8691
 394.000       0.7786
 395.000       0.7502
 396.000       0.8006
 397.000       0.7805
 398.000       0.7214
 399.000       0.7270
 400.000       0.8219
 401.000       0.7266
 402.000       0.6616
 403.000       0.7200
 404.000       0.8192
 405.000       0.9013
 406.000       0.9813
 407.000       0.8813
 408.000       0.9145
 409.000       0.9580
 410.000       0.9274
 411.000       0.8896
 412.000       0.8408
 413.000       0.8006
 414.000       0.7703
 415.000       0.8115
 416.000       0.8356
 417.000       0.8328
 418.000       0.8172
 419.000       0.9408
 420.000       1.0111
 421.000       1.3634
 422.000       1.4574
 423.000       1.2994
 424.000       0.8557
 425.000       0.7416
 426.000       0.7298
 427.000       0.7536
 428.000       0.7189
 429.000       0.6919
 430.000       0.6856
 431.000       0.6639
 432.000       0.6054
 433.000       0.6266
 434.000       0.6917
 435.000       0.7129
 436.000       0.6806
 437.000       0.7650
 438.000       0.8752
 439.000       0.9813
 440.000       0.8985
 441.000       0.8295
 442.000       0.8375
 443.000       0.7169
 444.000       0.7727
 445.000       0.7684
 446.000       0.6705
 447.000       0.6914
 448.000       0.7737
 449.000       0.7314
 450.000       0.6980
 451.000       0.8029
 452.000       0.9613
 453.000       0.9831
 454.000       0.8932
 455.000       1.0604
 456.000       0.9511
 457.000       0.9109
 458.000       0.7904
 459.000       0.9461
 460.000       0.9168
 461.000       0.7980
 462.000       0.6498
 463.000       0.6944
 464.000       0.7107
 465.000       0.5937
 466.000       0.5920
 467.000       0.7233
 468.000       0.6824
 469.000       0.6856
 470.000       0.7259
 471.000       0.6833
 472.000       0.6658
 473.000       0.6030
 474.000       0.5973
 475.000       0.6540
 476.000       0.6668
 477.000       0.6823
 478.000       0.7926
 479.000       0.9308
 480.000       0.9762
 481.000       1.0008
 482.000       1.2223
 483.000       1.3471
 484.000       1.3663
 485.000       1.7513
 486.000       2.9683
 487.000       3.0619
 488.000       1.8649
 489.000       1.9144
 490.000       1.4395
 491.000       1.3724
 492.000       1.6020
 493.000       1.3211
 494.000       1.2836
 495.000       1.0820
 496.000       1.2060
 497.000       1.2044
 498.000       1.1505
 499.000       1.0459
 500.000       0.9968
 501.000       0.9940
 502.000       1.0086
 503.000       0.9760
 504.000       0.9261
 505.000       0.9352
 506.000       0.9777
 507.000       0.9564
 508.000       0.8624
 509.000       0.8660
 510.000       0.9376
 511.000       0.8972
 512.000       0.7823
 513.000       0.7598
 514.000       0.8342
 515.000       0.9812
 516.000       0.9725
 517.000       0.8572
 518.000       1.0100
 519.000       1.2122
 520.000       1.1704
 521.000       1.0822
 522.000       1.4842
 523.000       1.7902
 524.000       1.6996
 525.000       1.7188
 526.000       2.3444
 527.000       2.5186
 528.000       2.5284
 529.000       2.3041
 530.000       2.2693
 531.000       2.1350
 532.000       1.8621
 533.000       1.7348
 534.000       1.8183
 535.000       1.8578
 536.000       1.6507
 537.000       1.7548
 538.000       2.1114
 539.000       2.5394
 540.000       2.9719
 541.000       4.2260
 542.000       5.4172
