#Res        AtomicFlx
   1.000       5.4136
   2.000       3.5368
   3.000       1.8945
   4.000       1.2051
   5.000       0.8804
   6.000       0.8617
   7.000       0.7069
   8.000       0.8462
   9.000       0.8146
  10.000       0.7564
  11.000       0.7160
  12.000       0.6656
  13.000       0.6269
  14.000       0.5877
  15.000       0.5385
  16.000       0.5025
  17.000       0.4872
  18.000       0.4767
  19.000       0.5082
  20.000       0.4274
  21.000       0.4887
  22.000       0.4781
  23.000       0.6405
  24.000       0.8545
  25.000       0.8742
  26.000       0.5967
  27.000       0.6076
  28.000       0.8215
  29.000       0.6646
  30.000       0.6345
  31.000       0.7336
  32.000       0.8548
  33.000       0.7418
  34.000       0.8980
  35.000       1.1434
  36.000       1.0418
  37.000       0.9644
  38.000       1.4351
  39.000       1.1720
  40.000       0.9878
  41.000       1.2023
  42.000       0.9064
  43.000       0.8570
  44.000       0.8336
  45.000       0.6738
  46.000       0.6073
  47.000       0.7101
  48.000       0.6840
  49.000       0.6043
  50.000       0.6471
  51.000       0.7507
  52.000       0.7449
  53.000       0.7090
  54.000       0.6574
  55.000       0.5607
  56.000       0.5593
  57.000       0.5809
  58.000       0.5230
  59.000       0.5101
  60.000       0.5512
  61.000       0.5546
  62.000       0.5213
  63.000       0.5430
  64.000       0.5572
  65.000       0.5490
  66.000       0.5549
  67.000       0.6449
  68.000       0.6549
  69.000       0.6388
  70.000       0.8672
  71.000       1.1183
  72.000       0.9353
  73.000       0.8282
  74.000       0.8930
  75.000       0.7847
  76.000       0.7868
  77.000       0.8547
  78.000       0.8439
  79.000       0.8190
  80.000       0.7875
  81.000       0.7120
  82.000       0.7748
  83.000       0.6613
  84.000       0.6256
  85.000       0.5532
  86.000       0.5260
  87.000       0.5642
  88.000       0.5319
  89.000       0.4986
  90.000       0.5249
  91.000       0.5563
  92.000       0.5339
  93.000       0.4977
  94.000       0.5232
  95.000       0.5272
  96.000       0.5100
  97.000       0.4819
  98.000       0.4893
  99.000       0.5232
 100.000       0.5120
 101.000       0.4989
 102.000       0.4962
 103.000       0.5191
 104.000       0.5135
 105.000       0.4906
 106.000       0.5066
 107.000       0.5132
 108.000       0.4878
 109.000       0.4788
 110.000       0.5048
 111.000       0.4724
 112.000       0.4701
 113.000       0.5578
 114.000       0.5831
 115.000       0.6059
 116.000       0.8032
 117.000       1.1846
 118.000       1.5688
 119.000       1.2443
 120.000       0.7957
 121.000       0.8293
 122.000       0.8212
 123.000       0.9381
 124.000       1.0627
 125.000       1.1592
 126.000       1.5065
 127.000       1.7858
 128.000       2.1777
 129.000       1.9533
 130.000       1.2772
 131.000       1.2393
 132.000       1.3607
 133.000       1.3128
 134.000       0.9496
 135.000       1.3423
 136.000       1.7037
 137.000       2.2209
 138.000       3.7615
 139.000       5.0959
 140.000       6.0487
 141.000       7.6804
 142.000       7.9697
 143.000       6.2123
 144.000       5.8439
 145.000       4.5716
 146.000       3.9750
 147.000       3.7416
 148.000       3.0832
 149.000       1.7622
 150.000       0.9817
 151.000       0.8235
 152.000       0.6468
 153.000       0.5680
 154.000       0.6224
 155.000       0.6074
 156.000       0.5765
 157.000       0.5799
 158.000       0.6586
 159.000       0.7383
 160.000       0.8549
 161.000       0.8940
 162.000       0.9239
 163.000       0.8605
 164.000       0.9950
 165.000       1.1264
 166.000       0.9409
 167.000       0.8683
 168.000       1.0479
 169.000       1.0703
 170.000       0.9275
 171.000       1.1997
 172.000       1.0819
 173.000       1.0223
 174.000       1.2367
 175.000       0.9631
 176.000       0.8936
 177.000       0.9279
 178.000       0.9306
 179.000       0.8105
 180.000       0.6553
 181.000       0.6953
 182.000       0.6513
 183.000       0.5495
 184.000       0.5569
 185.000       0.5874
 186.000       0.5814
 187.000       0.5223
 188.000       0.5109
 189.000       0.6078
 190.000       0.5944
 191.000       0.5258
 192.000       0.5780
 193.000       0.6565
 194.000       0.6509
 195.000       0.6826
 196.000       0.7172
 197.000       0.7686
 198.000       0.7890
 199.000       0.7477
 200.000       0.7731
 201.000       0.8353
 202.000       0.8287
 203.000       0.7089
 204.000       0.6570
 205.000       0.6267
 206.000       0.5509
 207.000       0.5929
 208.000       0.6520
 209.000       0.5705
 210.000       0.5830
 211.000       0.7072
 212.000       0.7324
 213.000       0.7093
 214.000       0.6836
 215.000       0.7069
 216.000       0.6413
 217.000       0.6665
 218.000       0.7323
 219.000       0.6750
 220.000       0.6551
 221.000       0.7485
 222.000       0.7783
 223.000       0.7369
 224.000       0.8041
 225.000       0.8878
 226.000       0.9126
 227.000       0.9433
 228.000       1.0584
 229.000       1.0408
 230.000       0.8114
 231.000       0.8337
 232.000       0.8567
 233.000       0.8093
 234.000       0.7836
 235.000       0.8469
 236.000       0.8430
 237.000       0.7288
 238.000       0.7803
 239.000       0.9161
 240.000       1.0178
 241.000       1.1713
 242.000       1.3406
 243.000       1.2777
 244.000       1.0552
 245.000       1.1562
 246.000       1.1976
 247.000       1.0011
 248.000       0.8844
 249.000       0.8232
 250.000       0.7177
 251.000       0.6515
 252.000       0.6158
 253.000       0.5883
 254.000       0.5839
 255.000       0.5283
 256.000       0.5196
 257.000       0.5127
 258.000       0.5022
 259.000       0.4985
 260.000       0.5476
 261.000       0.5279
 262.000       0.5378
 263.000       0.5756
 264.000       0.5599
 265.000       0.7763
 266.000       0.6328
 267.000       0.5965
 268.000       0.4456
 269.000       0.4648
 270.000       0.4899
 271.000       0.5293
 272.000       0.5192
 273.000       0.5928
 274.000       0.6376
 275.000       0.7134
 276.000       0.7902
 277.000       0.8239
 278.000       0.7588
 279.000       0.8167
 280.000       0.7835
 281.000       0.7242
 282.000       0.6044
 283.000       0.6256
 284.000       0.5810
 285.000       0.5410
 286.000       0.5366
 287.000       0.5431
 288.000       0.5027
 289.000       0.4673
 290.000       0.5170
 291.000       0.5375
 292.000       0.4870
 293.000       0.4726
 294.000       0.5097
 295.000       0.5403
 296.000       0.5097
 297.000       0.5207
 298.000       0.5642
 299.000       0.5677
 300.000       0.5724
 301.000       0.6343
 302.000       0.5766
 303.000       0.5337
 304.000       0.5262
 305.000       0.6054
 306.000       0.6159
 307.000       0.7359
 308.000       0.8243
 309.000       0.8413
 310.000       0.8573
 311.000       0.9451
 312.000       1.1081
 313.000       1.3089
 314.000       1.4439
 315.000       1.4756
 316.000       1.6112
 317.000       1.4268
 318.000       1.2783
 319.000       1.0789
 320.000       1.2366
 321.000       1.2721
 322.000       1.1209
 323.000       1.2306
 324.000       1.8041
 325.000       2.1316
 326.000       1.8210
 327.000       1.5159
 328.000       0.8395
 329.000       0.7854
 330.000       0.7294
 331.000       0.5894
 332.000       0.5430
 333.000       0.5382
 334.000       0.7363
 335.000       0.5812
 336.000       0.5591
 337.000       0.6024
 338.000       0.6459
 339.000       0.6609
 340.000       0.7140
 341.000       0.8115
 342.000       0.8593
 343.000       0.8942
 344.000       0.7777
 345.000       0.6509
 346.000       0.6762
 347.000       0.6399
 348.000       0.5663
 349.000       0.5490
 350.000       0.5173
 351.000       0.5175
 352.000       0.5045
 353.000       0.4845
 354.000       0.5120
 355.000       0.5237
 356.000       0.5272
 357.000       0.4747
 358.000       0.4853
 359.000       0.5574
 360.000       0.5709
 361.000       0.4315
 362.000       0.4508
 363.000       0.4493
 364.000       0.4280
 365.000       0.4380
 366.000       0.4732
 367.000       0.4942
 368.000       0.4687
 369.000       0.5230
 370.000       0.5666
 371.000       0.5893
 372.000       0.5885
 373.000       0.6439
 374.000       0.6705
 375.000       0.7648
 376.000       0.7293
 377.000       0.7685
 378.000       0.9189
 379.000       1.2375
 380.000       1.5746
 381.000       1.7323
 382.000       1.7447
 383.000       1.6534
 384.000       2.0545
 385.000       2.1495
 386.000       1.8131
 387.000       0.8579
 388.000       0.9150
 389.000       0.8727
 390.000       0.7795
 391.000       0.6720
 392.000       0.6823
 393.000       0.6896
 394.000       0.6161
 395.000       0.5854
 396.000       0.6344
 397.000       0.6568
 398.000       0.5866
 399.000       0.6222
 400.000       0.7728
 401.000       0.7468
 402.000       0.6669
 403.000       0.7486
 404.000       0.7235
 405.000       0.6776
 406.000       0.7366
 407.000       0.7084
 408.000       0.7614
 409.000       0.7909
 410.000       0.7343
 411.000       0.7827
 412.000       0.7241
 413.000       0.6636
 414.000       0.6598
 415.000       0.7141
 416.000       0.6924
 417.000       0.6737
 418.000       0.6876
 419.000       0.7201
 420.000       0.6872
 421.000       0.7835
 422.000       0.8257
 423.000       0.7719
 424.000       0.7119
 425.000       0.6456
 426.000       0.5519
 427.000       0.5611
 428.000       0.6239
 429.000       0.6617
 430.000       0.6041
 431.000       0.5308
 432.000       0.5672
 433.000       0.6370
 434.000       0.6331
 435.000       0.6104
 436.000       0.6770
 437.000       0.7448
 438.000       0.7418
 439.000       0.7409
 440.000       0.8890
 441.000       0.9137
 442.000       0.8642
 443.000       0.8319
 444.000       0.9194
 445.000       0.8803
 446.000       0.7633
 447.000       0.8073
 448.000       0.8899
 449.000       0.8928
 450.000       0.7447
 451.000       0.8881
 452.000       1.0629
 453.000       0.8895
 454.000       0.9022
 455.000       1.2106
 456.000       1.2056
 457.000       1.1094
 458.000       0.9418
 459.000       1.0178
 460.000       0.9870
 461.000       0.8740
 462.000       0.7750
 463.000       0.8511
 464.000       0.8663
 465.000       0.6892
 466.000       0.6285
 467.000       0.7797
 468.000       0.6758
 469.000       0.6036
 470.000       0.6214
 471.000       0.6118
 472.000       0.6295
 473.000       0.5750
 474.000       0.5480
 475.000       0.6157
 476.000       0.6573
 477.000       0.6128
 478.000       0.6535
 479.000       0.7552
 480.000       0.7984
 481.000       0.8224
 482.000       1.0263
 483.000       1.1302
 484.000       1.0928
 485.000       1.3012
 486.000       1.3490
 487.000       1.1986
 488.000       1.3511
 489.000       1.1245
 490.000       1.0827
 491.000       1.1958
 492.000       1.4418
 493.000       1.1136
 494.000       1.0758
 495.000       0.9574
 496.000       1.0849
 497.000       1.1149
 498.000       1.0301
 499.000       0.9038
 500.000       0.9247
 501.000       0.9352
 502.000       0.9131
 503.000       0.8986
 504.000       0.9110
 505.000       0.9382
 506.000       0.9633
 507.000       0.9595
 508.000       0.9384
 509.000       0.8896
 510.000       0.8836
 511.000       0.8573
 512.000       0.7096
 513.000       0.6515
 514.000       0.6276
 515.000       0.8934
 516.000       0.9741
 517.000       1.0055
 518.000       1.1957
 519.000       1.4384
 520.000       1.5843
 521.000       1.6851
 522.000       1.9588
 523.000       2.2340
 524.000       2.2533
 525.000       2.2589
 526.000       2.7882
 527.000       3.0011
 528.000       3.1254
 529.000       2.9297
 530.000       2.8398
 531.000       2.5267
 532.000       2.2109
 533.000       1.9462
 534.000       1.9554
 535.000       1.9162
 536.000       1.4590
 537.000       1.3976
 538.000       1.8032
 539.000       2.0245
 540.000       2.5263
 541.000       3.9863
 542.000       5.6171
