#Res        AtomicFlx
   1.000       6.1209
   2.000       4.5772
   3.000       3.7014
   4.000       2.9120
   5.000       1.8348
   6.000       1.3002
   7.000       1.2049
   8.000       1.8581
   9.000       1.2154
  10.000       1.1057
  11.000       0.8914
  12.000       0.9024
  13.000       0.7538
  14.000       0.6171
  15.000       0.5897
  16.000       0.5635
  17.000       0.5068
  18.000       0.4810
  19.000       0.5151
  20.000       0.4288
  21.000       0.4360
  22.000       0.4212
  23.000       0.4777
  24.000       0.5836
  25.000       0.5549
  26.000       0.4561
  27.000       0.5688
  28.000       0.6428
  29.000       0.5319
  30.000       0.4793
  31.000       0.5465
  32.000       0.5679
  33.000       0.5566
  34.000       0.5515
  35.000       0.6140
  36.000       0.6901
  37.000       0.6896
  38.000       0.8453
  39.000       0.7453
  40.000       0.7713
  41.000       0.7353
  42.000       0.5974
  43.000       0.5734
  44.000       0.6215
  45.000       0.5630
  46.000       0.4858
  47.000       0.5207
  48.000       0.5391
  49.000       0.5046
  50.000       0.4919
  51.000       0.5813
  52.000       0.6381
  53.000       0.5964
  54.000       0.5423
  55.000       0.5052
  56.000       0.5232
  57.000       0.5083
  58.000       0.4480
  59.000       0.4608
  60.000       0.4722
  61.000       0.4833
  62.000       0.5521
  63.000       0.5693
  64.000       0.5726
  65.000       0.7527
  66.000       0.6939
  67.000       1.0426
  68.000       0.8700
  69.000       0.7849
  70.000       0.7837
  71.000       0.6716
  72.000       0.6612
  73.000       0.6367
  74.000       0.7339
  75.000       0.7146
  76.000       0.7073
  77.000       0.8669
  78.000       1.0432
  79.000       1.0410
  80.000       1.0663
  81.000       1.1053
  82.000       1.1157
  83.000       0.8758
  84.000       0.7822
  85.000       0.7115
  86.000       0.6679
  87.000       0.6683
  88.000       0.6530
  89.000       0.6469
  90.000       0.6389
  91.000       0.5942
  92.000       0.6375
  93.000       0.6329
  94.000       0.5856
  95.000       0.6373
  96.000       0.6509
  97.000       0.5646
  98.000       0.5478
  99.000       0.6358
 100.000       0.6369
 101.000       0.5650
 102.000       0.6215
 103.000       0.6293
 104.000       0.6049
 105.000       0.5826
 106.000       0.6034
 107.000       0.5686
 108.000       0.5570
 109.000       0.5940
 110.000       0.6130
 111.000       0.5961
 112.000       0.6116
 113.000       0.6961
 114.000       0.7098
 115.000       0.7661
 116.000       0.9694
 117.000       1.1765
 118.000       1.3872
 119.000       1.0298
 120.000       0.7771
 121.000       0.8073
 122.000       0.8871
 123.000       1.0419
 124.000       1.4428
 125.000       1.3488
 126.000       1.6592
 127.000       2.4701
 128.000       3.2416
 129.000       2.9969
 130.000       1.9108
 131.000       2.2018
 132.000       2.1300
 133.000       1.8394
 134.000       1.2378
 135.000       1.3353
 136.000       1.8203
 137.000       2.9348
 138.000       4.1416
 139.000       3.4246
 140.000       4.4071
 141.000       5.0305
 142.000       5.8951
 143.000       7.1952
 144.000       6.9694
 145.000       5.6481
 146.000       4.7044
 147.000       4.0061
 148.000       2.8331
 149.000       1.8624
 150.000       1.1094
 151.000       0.8111
 152.000       0.7421
 153.000       0.6524
 154.000       0.7017
 155.000       0.7421
 156.000       0.6628
 157.000       0.6523
 158.000       0.8049
 159.000       0.9973
 160.000       1.1589
 161.000       1.1680
 162.000       1.3196
 163.000       1.1223
 164.000       1.4083
 165.000       1.7800
 166.000       1.4912
 167.000       1.1374
 168.000       1.8788
 169.000       1.1241
 170.000       1.0072
 171.000       1.2662
 172.000       1.8235
 173.000       1.2358
 174.000       1.0669
 175.000       0.8857
 176.000       0.8826
 177.000       0.9999
 178.000       1.0024
 179.000       0.9446
 180.000       0.8550
 181.000       0.8724
 182.000       0.8491
 183.000       0.7975
 184.000       0.8258
 185.000       0.7751
 186.000       0.6988
 187.000       0.6958
 188.000       0.7830
 189.000       0.7956
 190.000       0.7182
 191.000       0.8989
 192.000       1.1049
 193.000       1.0384
 194.000       0.9037
 195.000       1.2841
 196.000       1.5859
 197.000       1.5215
 198.000       1.4370
 199.000       1.2562
 200.000       1.1585
 201.000       0.9888
 202.000       0.9138
 203.000       0.9653
 204.000       0.9588
 205.000       0.8123
 206.000       0.8967
 207.000       0.9379
 208.000       0.7478
 209.000       0.7897
 210.000       1.0704
 211.000       0.9445
 212.000       0.8037
 213.000       0.6852
 214.000       0.6726
 215.000       0.7313
 216.000       0.6532
 217.000       0.6373
 218.000       0.7547
 219.000       0.7539
 220.000       0.7113
 221.000       0.7814
 222.000       0.8543
 223.000       0.8321
 224.000       0.8312
 225.000       0.8950
 226.000       0.9579
 227.000       0.9410
 228.000       0.9652
 229.000       0.8848
 230.000       0.7880
 231.000       0.8099
 232.000       0.7676
 233.000       0.7377
 234.000       0.7492
 235.000       0.7594
 236.000       0.7016
 237.000       0.6348
 238.000       0.7749
 239.000       0.8999
 240.000       0.9693
 241.000       1.0431
 242.000       1.1154
 243.000       1.1460
 244.000       1.0049
 245.000       1.1213
 246.000       1.2283
 247.000       1.1273
 248.000       0.9512
 249.000       0.8524
 250.000       0.6907
 251.000       0.6373
 252.000       0.6535
 253.000       0.5744
 254.000       0.5178
 255.000       0.5152
 256.000       0.4953
 257.000       0.4531
 258.000       0.4298
 259.000       0.4387
 260.000       0.4468
 261.000       0.4143
 262.000       0.4468
 263.000       0.4831
 264.000       0.4731
 265.000       0.6082
 266.000       0.6244
 267.000       0.7062
 268.000       0.4988
 269.000       0.5027
 270.000       0.5353
 271.000       0.5614
 272.000       0.5688
 273.000       0.6322
 274.000       0.7459
 275.000       0.8138
 276.000       0.7154
 277.000       0.9698
 278.000       1.2651
 279.000       1.3404
 280.000       1.1317
 281.000       1.0793
 282.000       0.7724
 283.000       0.7253
 284.000       0.7146
 285.000       0.6464
 286.000       0.5956
 287.000       0.6238
 288.000       0.6016
 289.000       0.4907
 290.000       0.5234
 291.000       0.5744
 292.000       0.5142
 293.000       0.4453
 294.000       0.4729
 295.000       0.5235
 296.000       0.4982
 297.000       0.4588
 298.000       0.5303
 299.000       0.5894
 300.000       0.5820
 301.000       0.6298
 302.000       0.6985
 303.000       0.7091
 304.000       0.6243
 305.000       0.6275
 306.000       0.7005
 307.000       0.7671
 308.000       0.7274
 309.000       0.7675
 310.000       0.8325
 311.000       0.8684
 312.000       0.8969
 313.000       1.0380
 314.000       1.1177
 315.000       1.0838
 316.000       1.1425
 317.000       1.0442
 318.000       1.0317
 319.000       0.8645
 320.000       0.9232
 321.000       1.0058
 322.000       0.9048
 323.000       0.8907
 324.000       1.1607
 325.000       1.0426
 326.000       1.0745
 327.000       1.0352
 328.000       0.8685
 329.000       0.7613
 330.000       0.6795
 331.000       0.7021
 332.000       0.6290
 333.000       0.6341
 334.000       0.6754
 335.000       0.6430
 336.000       0.6759
 337.000       0.7192
 338.000       0.7185
 339.000       0.7568
 340.000       0.8393
 341.000       0.9670
 342.000       1.0478
 343.000       1.0659
 344.000       0.9434
 345.000       0.7850
 346.000       0.7419
 347.000       0.7497
 348.000       0.7006
 349.000       0.6557
 350.000       0.6314
 351.000       0.6226
 352.000       0.6004
 353.000       0.5882
 354.000       0.6041
 355.000       0.6013
 356.000       0.6162
 357.000       0.5629
 358.000       0.5306
 359.000       0.5516
 360.000       0.5573
 361.000       0.5213
 362.000       0.4493
 363.000       0.4397
 364.000       0.4947
 365.000       0.5365
 366.000       0.5241
 367.000       0.5687
 368.000       0.5847
 369.000       0.6161
 370.000       0.5788
 371.000       0.5987
 372.000       0.6222
 373.000       0.5992
 374.000       0.6336
 375.000       0.7580
 376.000       0.8093
 377.000       0.8926
 378.000       1.0782
 379.000       1.0499
 380.000       1.4898
 381.000       1.5868
 382.000       2.0003
 383.000       2.1340
 384.000       1.7551
 385.000       1.5640
 386.000       1.5020
 387.000       1.4058
 388.000       1.3489
 389.000       1.2275
 390.000       1.1056
 391.000       1.0657
 392.000       1.0246
 393.000       0.9413
 394.000       0.8626
 395.000       0.8271
 396.000       0.8374
 397.000       0.7834
 398.000       0.7051
 399.000       0.7586
 400.000       0.8764
 401.000       0.8090
 402.000       0.7609
 403.000       0.8910
 404.000       0.7821
 405.000       0.6839
 406.000       0.7272
 407.000       0.6661
 408.000       0.7512
 409.000       0.8421
 410.000       0.7234
 411.000       0.7561
 412.000       0.7706
 413.000       0.6242
 414.000       0.7557
 415.000       0.8158
 416.000       0.6981
 417.000       0.6811
 418.000       0.7472
 419.000       0.7546
 420.000       0.7345
 421.000       0.7605
 422.000       0.6462
 423.000       0.8092
 424.000       0.6827
 425.000       0.6160
 426.000       0.6865
 427.000       0.5792
 428.000       0.5891
 429.000       0.6160
 430.000       0.5501
 431.000       0.5445
 432.000       0.6498
 433.000       0.6293
 434.000       0.5724
 435.000       0.6669
 436.000       0.7882
 437.000       0.8194
 438.000       0.7972
 439.000       0.8784
 440.000       1.0128
 441.000       1.0921
 442.000       1.0616
 443.000       1.0048
 444.000       1.1314
 445.000       1.0707
 446.000       0.8429
 447.000       0.9145
 448.000       1.0510
 449.000       1.0135
 450.000       0.8960
 451.000       0.9894
 452.000       1.0835
 453.000       1.1876
 454.000       1.0077
 455.000       1.0228
 456.000       0.9917
 457.000       1.0419
 458.000       0.8544
 459.000       0.8649
 460.000       0.8581
 461.000       0.7903
 462.000       0.6548
 463.000       0.7065
 464.000       0.7665
 465.000       0.6400
 466.000       0.6117
 467.000       0.7475
 468.000       0.6931
 469.000       0.6161
 470.000       0.6652
 471.000       0.6249
 472.000       0.6113
 473.000       0.5311
 474.000       0.5119
 475.000       0.5962
 476.000       0.5754
 477.000       0.5662
 478.000       0.6947
 479.000       0.7833
 480.000       0.7860
 481.000       1.0155
 482.000       1.2869
 483.000       1.2129
 484.000       1.1290
 485.000       1.9784
 486.000       2.0946
 487.000       1.4654
 488.000       1.4749
 489.000       1.4186
 490.000       1.1755
 491.000       1.2619
 492.000       1.5834
 493.000       1.1079
 494.000       1.1928
 495.000       0.9860
 496.000       1.0739
 497.000       1.1225
 498.000       1.0832
 499.000       0.8880
 500.000       0.9192
 501.000       0.9652
 502.000       0.8106
 503.000       0.7417
 504.000       0.8094
 505.000       0.7929
 506.000       0.6995
 507.000       0.7583
 508.000       0.8068
 509.000       0.8337
 510.000       0.8914
 511.000       0.9167
 512.000       1.0156
 513.000       0.9589
 514.000       0.8448
 515.000       0.9948
 516.000       1.0515
 517.000       0.9918
 518.000       1.1212
 519.000       1.2849
 520.000       1.3220
 521.000       1.3371
 522.000       1.5702
 523.000       1.7835
 524.000       1.8663
 525.000       1.9233
 526.000       2.5181
 527.000       2.6973
 528.000       2.7677
 529.000       2.4935
 530.000       2.4315
 531.000       2.1737
 532.000       1.8497
 533.000       1.7266
 534.000       1.8754
 535.000       1.7248
 536.000       1.4197
 537.000       1.5827
 538.000       1.8782
 539.000       2.0842
 540.000       2.6530
 541.000       3.9348
 542.000       5.4290
