#Res        AtomicFlx
   1.000       5.5448
   2.000       3.5074
   3.000       2.1510
   4.000       1.1322
   5.000       0.8168
   6.000       0.8007
   7.000       1.2303
   8.000       1.0806
   9.000       1.0502
  10.000       0.9951
  11.000       0.9056
  12.000       0.7527
  13.000       0.7201
  14.000       0.7086
  15.000       0.7068
  16.000       0.6281
  17.000       0.6144
  18.000       0.6338
  19.000       0.6092
  20.000       0.6262
  21.000       0.6175
  22.000       0.9090
  23.000       0.9236
  24.000       1.6599
  25.000       1.9338
  26.000       1.6057
  27.000       1.4035
  28.000       1.0997
  29.000       0.9298
  30.000       0.9411
  31.000       1.1908
  32.000       0.9231
  33.000       1.0356
  34.000       1.3820
  35.000       1.2166
  36.000       0.9390
  37.000       1.0997
  38.000       1.0977
  39.000       1.1401
  40.000       1.0540
  41.000       0.8719
  42.000       0.9154
  43.000       0.9999
  44.000       0.8390
  45.000       0.7271
  46.000       0.8305
  47.000       0.8687
  48.000       0.7063
  49.000       0.6845
  50.000       0.8328
  51.000       0.8678
  52.000       0.7261
  53.000       0.6420
  54.000       0.5693
  55.000       0.5360
  56.000       0.5169
  57.000       0.4902
  58.000       0.4779
  59.000       0.4652
  60.000       0.4195
  61.000       0.4560
  62.000       0.4967
  63.000       0.4800
  64.000       0.5013
  65.000       0.5518
  66.000       0.5899
  67.000       0.6302
  68.000       0.6404
  69.000       0.5990
  70.000       0.5910
  71.000       0.5390
  72.000       0.5934
  73.000       0.5874
  74.000       0.5395
  75.000       0.6700
  76.000       0.8273
  77.000       1.0912
  78.000       1.0771
  79.000       1.0981
  80.000       0.8827
  81.000       0.7511
  82.000       0.6760
  83.000       0.5755
  84.000       0.5357
  85.000       0.5512
  86.000       0.5201
  87.000       0.4971
  88.000       0.4834
  89.000       0.5097
  90.000       0.5231
  91.000       0.5366
  92.000       0.5284
  93.000       0.5819
  94.000       0.5794
  95.000       0.5634
  96.000       0.6477
  97.000       0.6761
  98.000       0.8120
  99.000       0.5439
 100.000       0.5511
 101.000       0.5647
 102.000       0.5689
 103.000       0.5417
 104.000       0.5741
 105.000       0.6068
 106.000       0.5927
 107.000       0.5783
 108.000       0.6375
 109.000       0.6454
 110.000       0.6188
 111.000       0.7018
 112.000       0.8048
 113.000       0.7203
 114.000       0.9094
 115.000       1.0930
 116.000       1.4497
 117.000       1.4620
 118.000       0.9336
 119.000       0.9681
 120.000       0.9875
 121.000       1.0440
 122.000       1.0223
 123.000       1.0614
 124.000       1.2781
 125.000       1.2256
 126.000       1.4777
 127.000       1.3227
 128.000       1.1334
 129.000       1.4154
 130.000       1.6162
 131.000       1.8971
 132.000       1.7184
 133.000       2.3824
 134.000       2.2427
 135.000       2.9826
 136.000       4.5048
 137.000       6.2267
 138.000       8.1652
 139.000      10.1094
 140.000      10.6336
 141.000      11.3217
 142.000      11.9338
 143.000      12.0732
 144.000      11.4788
 145.000      10.6238
 146.000       9.7389
 147.000       8.0138
 148.000       6.8723
 149.000       6.1296
 150.000       4.4820
 151.000       4.1454
 152.000       3.7914
 153.000       1.6351
 154.000       0.9859
 155.000       0.8277
 156.000       0.7427
 157.000       0.7821
 158.000       0.8089
 159.000       0.7212
 160.000       0.7119
 161.000       0.8220
 162.000       0.8788
 163.000       0.8960
 164.000       0.8314
 165.000       0.8823
 166.000       0.9029
 167.000       0.9995
 168.000       1.3073
 169.000       1.6758
 170.000       1.8522
 171.000       2.1552
 172.000       1.9406
 173.000       2.0590
 174.000       2.3246
 175.000       1.3720
 176.000       0.9950
 177.000       1.0989
 178.000       1.1183
 179.000       0.8054
 180.000       0.7787
 181.000       0.8130
 182.000       0.7963
 183.000       0.7076
 184.000       0.7094
 185.000       0.7159
 186.000       0.6483
 187.000       0.6335
 188.000       0.6808
 189.000       0.6613
 190.000       0.6326
 191.000       0.6276
 192.000       0.6708
 193.000       0.6955
 194.000       0.6621
 195.000       0.6487
 196.000       0.6905
 197.000       0.7115
 198.000       0.7240
 199.000       0.7374
 200.000       0.7799
 201.000       0.9010
 202.000       1.3314
 203.000       1.2424
 204.000       1.1768
 205.000       1.4889
 206.000       1.9299
 207.000       1.5812
 208.000       1.4936
 209.000       1.3795
 210.000       1.1654
 211.000       1.1797
 212.000       1.4132
 213.000       1.4786
 214.000       1.1555
 215.000       0.9179
 216.000       0.7805
 217.000       0.7736
 218.000       0.7915
 219.000       0.7171
 220.000       0.7452
 221.000       0.8070
 222.000       0.7762
 223.000       0.7654
 224.000       0.8473
 225.000       0.9009
 226.000       0.8791
 227.000       0.8930
 228.000       1.0108
 229.000       1.0876
 230.000       1.0541
 231.000       1.1460
 232.000       1.0930
 233.000       0.9634
 234.000       1.0428
 235.000       1.0781
 236.000       0.9887
 237.000       0.9855
 238.000       1.0481
 239.000       1.0560
 240.000       0.9724
 241.000       1.0466
 242.000       1.0771
 243.000       1.1272
 244.000       1.2056
 245.000       1.3001
 246.000       1.2965
 247.000       1.1787
 248.000       1.2098
 249.000       1.5437
 250.000       1.2718
 251.000       1.2801
 252.000       1.1419
 253.000       0.9080
 254.000       0.9299
 255.000       0.9859
 256.000       0.8519
 257.000       0.7203
 258.000       0.7601
 259.000       0.8154
 260.000       0.7483
 261.000       0.6662
 262.000       0.6948
 263.000       0.7194
 264.000       0.7516
 265.000       0.7501
 266.000       0.6974
 267.000       0.5641
 268.000       0.4952
 269.000       0.4846
 270.000       0.4786
 271.000       0.4506
 272.000       0.4430
 273.000       0.4330
 274.000       0.5273
 275.000       0.5094
 276.000       0.5418
 277.000       0.6738
 278.000       0.9032
 279.000       0.8033
 280.000       0.7871
 281.000       0.7232
 282.000       0.7830
 283.000       0.8012
 284.000       0.7685
 285.000       0.7361
 286.000       0.7826
 287.000       0.9299
 288.000       0.9081
 289.000       0.7019
 290.000       0.6806
 291.000       0.7898
 292.000       0.7431
 293.000       0.6416
 294.000       0.6688
 295.000       0.6468
 296.000       0.6344
 297.000       0.6933
 298.000       0.7406
 299.000       0.6861
 300.000       0.7355
 301.000       0.7942
 302.000       0.7578
 303.000       0.7813
 304.000       0.9476
 305.000       0.9289
 306.000       0.7312
 307.000       0.7199
 308.000       0.8137
 309.000       0.8372
 310.000       0.8369
 311.000       0.8743
 312.000       0.9539
 313.000       0.9959
 314.000       1.0252
 315.000       1.0829
 316.000       1.2355
 317.000       1.3265
 318.000       1.3551
 319.000       1.4088
 320.000       1.3465
 321.000       1.3055
 322.000       1.1595
 323.000       1.2794
 324.000       1.2548
 325.000       1.0691
 326.000       1.1455
 327.000       1.4509
 328.000       2.1013
 329.000       1.7166
 330.000       1.0093
 331.000       0.8821
 332.000       0.8267
 333.000       0.8040
 334.000       0.7370
 335.000       0.7589
 336.000       0.7991
 337.000       0.9196
 338.000       1.0994
 339.000       1.1199
 340.000       0.9630
 341.000       1.1919
 342.000       1.4598
 343.000       1.3872
 344.000       1.1148
 345.000       0.9688
 346.000       0.8913
 347.000       0.8036
 348.000       0.7983
 349.000       0.7747
 350.000       0.7017
 351.000       0.6606
 352.000       0.6154
 353.000       0.6259
 354.000       0.6046
 355.000       0.5553
 356.000       0.5722
 357.000       0.5812
 358.000       0.5596
 359.000       0.5596
 360.000       0.6146
 361.000       0.6325
 362.000       0.5812
 363.000       0.5489
 364.000       0.5241
 365.000       0.5134
 366.000       0.4979
 367.000       0.4916
 368.000       0.5138
 369.000       0.5393
 370.000       0.5291
 371.000       0.5452
 372.000       0.5507
 373.000       0.5398
 374.000       0.5814
 375.000       0.6622
 376.000       0.8175
 377.000       0.7461
 378.000       0.7483
 379.000       0.9567
 380.000       0.9099
 381.000       0.9651
 382.000       1.1189
 383.000       1.0811
 384.000       0.8657
 385.000       0.9914
 386.000       1.0811
 387.000       0.8994
 388.000       0.7894
 389.000       0.8075
 390.000       0.7988
 391.000       0.7222
 392.000       0.7034
 393.000       0.7316
 394.000       0.7570
 395.000       0.7014
 396.000       0.6924
 397.000       0.7126
 398.000       0.7242
 399.000       0.7039
 400.000       0.6537
 401.000       0.7059
 402.000       0.7384
 403.000       0.6580
 404.000       0.6881
 405.000       0.7262
 406.000       0.6502
 407.000       0.6774
 408.000       0.7590
 409.000       0.8735
 410.000       0.8395
 411.000       0.7421
 412.000       0.7546
 413.000       0.7980
 414.000       0.7256
 415.000       0.6827
 416.000       0.7689
 417.000       0.7581
 418.000       0.6979
 419.000       0.7800
 420.000       0.8702
 421.000       0.8366
 422.000       0.8147
 423.000       0.8875
 424.000       0.8091
 425.000       0.6952
 426.000       0.6433
 427.000       0.5944
 428.000       0.5764
 429.000       0.5606
 430.000       0.5330
 431.000       0.5089
 432.000       0.5050
 433.000       0.5099
 434.000       0.4827
 435.000       0.5207
 436.000       0.5845
 437.000       0.6045
 438.000       0.5933
 439.000       0.6453
 440.000       0.7849
 441.000       0.7974
 442.000       0.8155
 443.000       0.7314
 444.000       0.6338
 445.000       0.7479
 446.000       0.7589
 447.000       0.6402
 448.000       0.6647
 449.000       0.7720
 450.000       0.7502
 451.000       0.6968
 452.000       0.7977
 453.000       0.9191
 454.000       0.9444
 455.000       0.9554
 456.000       1.0168
 457.000       1.1536
 458.000       1.0356
 459.000       0.7989
 460.000       0.8384
 461.000       0.8265
 462.000       0.7831
 463.000       0.6348
 464.000       0.6496
 465.000       0.7399
 466.000       0.6341
 467.000       0.5821
 468.000       0.7157
 469.000       0.7960
 470.000       0.7361
 471.000       0.7930
 472.000       0.7844
 473.000       0.7864
 474.000       0.7259
 475.000       0.6199
 476.000       0.7024
 477.000       0.7859
 478.000       0.7428
 479.000       0.6853
 480.000       0.7664
 481.000       0.8268
 482.000       0.8630
 483.000       0.9383
 484.000       1.0800
 485.000       1.1715
 486.000       1.2688
 487.000       1.4259
 488.000       1.2708
 489.000       1.2582
 490.000       1.4070
 491.000       1.2303
 492.000       1.6152
 493.000       1.6680
 494.000       1.3152
 495.000       1.3674
 496.000       1.2333
 497.000       1.4247
 498.000       1.4123
 499.000       1.3345
 500.000       1.1358
 501.000       1.1125
 502.000       1.1523
 503.000       1.0750
 504.000       0.9369
 505.000       0.9375
 506.000       0.9598
 507.000       0.8749
 508.000       0.8104
 509.000       0.8420
 510.000       0.8172
 511.000       0.7348
 512.000       0.7163
 513.000       0.7275
 514.000       0.6605
 515.000       0.5810
 516.000       0.7264
 517.000       0.8225
 518.000       0.7086
 519.000       0.7345
 520.000       0.9690
 521.000       1.0280
 522.000       0.9753
 523.000       1.1770
 524.000       1.4334
 525.000       1.5614
 526.000       1.6963
 527.000       2.2663
 528.000       2.6534
 529.000       2.6395
 530.000       2.3549
 531.000       2.6557
 532.000       2.5648
 533.000       2.0216
 534.000       2.0939
 535.000       2.3867
 536.000       2.0079
 537.000       1.6467
 538.000       2.0646
 539.000       2.0785
 540.000       3.5744
 541.000       5.8319
 542.000       6.1952
 543.000       7.6103
 544.000       9.3676
