#Res        AtomicFlx
   1.000       5.3837
   2.000       3.7623
   3.000       2.3056
   4.000       1.7249
   5.000       1.1790
   6.000       0.9644
   7.000       1.4879
   8.000       1.1393
   9.000       1.0786
  10.000       0.9815
  11.000       0.8978
  12.000       0.7296
  13.000       0.6871
  14.000       0.5951
  15.000       0.5073
  16.000       0.4747
  17.000       0.5493
  18.000       0.5298
  19.000       0.4647
  20.000       0.5446
  21.000       0.6008
  22.000       0.6534
  23.000       0.6574
  24.000       0.8023
  25.000       0.6868
  26.000       0.7080
  27.000       0.6586
  28.000       0.6461
  29.000       0.5623
  30.000       0.6587
  31.000       0.7467
  32.000       0.7310
  33.000       0.8492
  34.000       1.0128
  35.000       0.9855
  36.000       1.0409
  37.000       1.3323
  38.000       1.1673
  39.000       0.9329
  40.000       0.9730
  41.000       0.8577
  42.000       0.7922
  43.000       0.8571
  44.000       0.8180
  45.000       0.6985
  46.000       0.7116
  47.000       0.7511
  48.000       0.7240
  49.000       0.7279
  50.000       0.8847
  51.000       0.8374
  52.000       0.7455
  53.000       0.6793
  54.000       0.6014
  55.000       0.5561
  56.000       0.5505
  57.000       0.4973
  58.000       0.4752
  59.000       0.4976
  60.000       0.5078
  61.000       0.4923
  62.000       0.4874
  63.000       0.4907
  64.000       0.4688
  65.000       0.4629
  66.000       0.5182
  67.000       0.5320
  68.000       0.5651
  69.000       0.5557
  70.000       0.5975
  71.000       0.4885
  72.000       0.5779
  73.000       0.6059
  74.000       0.5751
  75.000       0.6073
  76.000       0.7087
  77.000       0.9762
  78.000       0.8045
  79.000       0.7250
  80.000       0.8038
  81.000       0.7773
  82.000       0.6727
  83.000       0.5939
  84.000       0.5523
  85.000       0.4935
  86.000       0.5415
  87.000       0.5462
  88.000       0.4683
  89.000       0.4562
  90.000       0.5106
  91.000       0.5303
  92.000       0.4737
  93.000       0.5289
  94.000       0.6207
  95.000       0.5646
  96.000       0.7316
  97.000       0.7647
  98.000       0.9389
  99.000       0.5956
 100.000       0.5526
 101.000       0.5281
 102.000       0.5102
 103.000       0.5199
 104.000       0.5489
 105.000       0.5545
 106.000       0.5715
 107.000       0.5888
 108.000       0.6158
 109.000       0.5883
 110.000       0.5949
 111.000       0.6466
 112.000       0.6944
 113.000       0.6660
 114.000       0.9596
 115.000       1.1509
 116.000       1.4739
 117.000       1.2624
 118.000       0.8469
 119.000       0.9572
 120.000       0.9716
 121.000       0.9787
 122.000       1.0945
 123.000       1.1646
 124.000       1.5027
 125.000       1.3939
 126.000       1.5657
 127.000       1.3173
 128.000       1.1908
 129.000       1.4622
 130.000       1.9772
 131.000       2.0862
 132.000       1.5132
 133.000       1.6289
 134.000       2.3431
 135.000       3.4868
 136.000       4.3753
 137.000       6.0439
 138.000       6.3335
 139.000       6.6417
 140.000       6.9011
 141.000       7.6583
 142.000       8.1326
 143.000       8.2823
 144.000       7.8120
 145.000       7.6352
 146.000       7.9324
 147.000       7.9812
 148.000       6.4674
 149.000       4.8077
 150.000       3.7862
 151.000       3.8254
 152.000       2.8065
 153.000       1.7634
 154.000       1.0290
 155.000       0.7774
 156.000       0.7109
 157.000       0.7218
 158.000       0.7377
 159.000       0.6381
 160.000       0.6036
 161.000       0.6848
 162.000       0.7919
 163.000       0.8256
 164.000       0.7047
 165.000       0.6989
 166.000       0.7243
 167.000       0.9688
 168.000       1.2317
 169.000       1.2317
 170.000       1.3198
 171.000       1.3397
 172.000       1.0792
 173.000       0.9595
 174.000       1.1969
 175.000       0.9919
 176.000       0.8127
 177.000       0.8474
 178.000       0.8950
 179.000       0.6969
 180.000       0.6635
 181.000       0.6751
 182.000       0.7094
 183.000       0.6548
 184.000       0.6264
 185.000       0.6482
 186.000       0.6103
 187.000       0.5972
 188.000       0.6403
 189.000       0.5995
 190.000       0.5731
 191.000       0.5968
 192.000       0.6047
 193.000       0.5913
 194.000       0.6197
 195.000       0.6117
 196.000       0.6094
 197.000       0.5823
 198.000       0.6566
 199.000       0.7302
 200.000       0.8361
 201.000       0.7772
 202.000       0.7791
 203.000       0.7478
 204.000       1.0160
 205.000       0.9264
 206.000       1.1799
 207.000       0.8673
 208.000       0.7204
 209.000       0.6312
 210.000       0.6700
 211.000       0.6518
 212.000       0.5401
 213.000       0.6219
 214.000       0.7040
 215.000       0.6301
 216.000       0.5473
 217.000       0.5443
 218.000       0.5498
 219.000       0.5114
 220.000       0.5445
 221.000       0.6192
 222.000       0.6124
 223.000       0.6119
 224.000       0.7127
 225.000       0.7838
 226.000       0.7551
 227.000       0.8262
 228.000       0.8985
 229.000       0.9280
 230.000       0.8740
 231.000       0.9675
 232.000       0.9676
 233.000       0.8316
 234.000       0.9402
 235.000       0.9785
 236.000       0.8483
 237.000       0.8484
 238.000       0.9713
 239.000       0.9874
 240.000       0.8591
 241.000       0.9309
 242.000       0.9754
 243.000       1.0654
 244.000       1.4327
 245.000       1.4083
 246.000       1.4132
 247.000       1.2951
 248.000       1.2742
 249.000       1.3941
 250.000       1.2953
 251.000       1.1543
 252.000       1.1381
 253.000       0.9445
 254.000       0.8594
 255.000       0.9209
 256.000       0.8516
 257.000       0.7518
 258.000       0.7595
 259.000       0.8057
 260.000       0.7346
 261.000       0.6867
 262.000       0.7404
 263.000       0.7754
 264.000       0.7097
 265.000       0.5741
 266.000       0.5789
 267.000       0.4946
 268.000       0.5176
 269.000       0.4499
 270.000       0.4416
 271.000       0.3894
 272.000       0.4087
 273.000       0.4272
 274.000       0.4608
 275.000       0.4771
 276.000       0.4964
 277.000       0.7377
 278.000       1.0264
 279.000       0.6891
 280.000       0.6876
 281.000       0.7165
 282.000       0.7885
 283.000       0.6367
 284.000       0.7279
 285.000       0.6474
 286.000       0.6260
 287.000       0.6587
 288.000       0.5793
 289.000       0.5553
 290.000       0.6405
 291.000       0.6207
 292.000       0.5660
 293.000       0.5706
 294.000       0.6032
 295.000       0.5584
 296.000       0.5678
 297.000       0.6004
 298.000       0.5704
 299.000       0.5518
 300.000       0.6318
 301.000       0.6411
 302.000       0.6127
 303.000       0.6494
 304.000       0.7566
 305.000       0.7896
 306.000       0.6907
 307.000       0.6824
 308.000       0.7043
 309.000       0.7121
 310.000       0.7139
 311.000       0.7559
 312.000       0.7709
 313.000       0.8430
 314.000       0.9818
 315.000       0.9683
 316.000       1.1153
 317.000       1.3178
 318.000       1.4603
 319.000       1.4150
 320.000       1.2864
 321.000       1.1511
 322.000       1.0364
 323.000       1.1868
 324.000       1.2269
 325.000       1.1780
 326.000       1.2535
 327.000       1.1593
 328.000       1.0535
 329.000       1.1443
 330.000       0.8332
 331.000       0.8994
 332.000       0.8892
 333.000       0.8196
 334.000       0.6687
 335.000       0.6906
 336.000       0.8169
 337.000       0.9341
 338.000       0.8318
 339.000       0.6857
 340.000       0.7497
 341.000       0.9466
 342.000       1.0193
 343.000       0.9380
 344.000       0.8821
 345.000       1.0058
 346.000       0.9113
 347.000       0.7421
 348.000       0.7595
 349.000       0.7633
 350.000       0.6606
 351.000       0.6466
 352.000       0.5923
 353.000       0.5538
 354.000       0.5238
 355.000       0.4874
 356.000       0.5040
 357.000       0.4953
 358.000       0.4959
 359.000       0.4996
 360.000       0.5080
 361.000       0.5546
 362.000       0.5713
 363.000       0.5256
 364.000       0.4817
 365.000       0.4725
 366.000       0.4831
 367.000       0.4636
 368.000       0.4629
 369.000       0.4766
 370.000       0.5209
 371.000       0.4911
 372.000       0.4388
 373.000       0.4660
 374.000       0.5324
 375.000       0.5881
 376.000       0.6731
 377.000       0.5760
 378.000       0.6895
 379.000       1.2686
 380.000       0.8389
 381.000       1.0457
 382.000       1.3957
 383.000       1.2673
 384.000       0.8805
 385.000       1.0861
 386.000       1.1610
 387.000       0.9803
 388.000       0.8464
 389.000       0.9143
 390.000       0.8864
 391.000       0.7323
 392.000       0.6957
 393.000       0.7426
 394.000       0.7660
 395.000       0.6839
 396.000       0.6473
 397.000       0.7080
 398.000       0.7528
 399.000       0.6811
 400.000       0.6150
 401.000       0.6898
 402.000       0.8343
 403.000       0.7581
 404.000       0.7377
 405.000       0.7252
 406.000       0.5855
 407.000       0.5505
 408.000       0.6155
 409.000       0.6496
 410.000       0.6830
 411.000       0.6160
 412.000       0.5947
 413.000       0.6518
 414.000       0.6533
 415.000       0.6165
 416.000       0.6817
 417.000       0.7193
 418.000       0.6725
 419.000       0.7066
 420.000       0.7985
 421.000       0.7890
 422.000       0.7896
 423.000       1.7971
 424.000       1.5654
 425.000       1.4564
 426.000       1.3814
 427.000       1.1782
 428.000       1.1120
 429.000       1.2259
 430.000       1.1759
 431.000       1.0068
 432.000       1.0228
 433.000       1.0625
 434.000       0.9050
 435.000       0.9305
 436.000       1.0672
 437.000       0.9552
 438.000       0.9660
 439.000       1.2508
 440.000       1.1388
 441.000       1.0197
 442.000       1.0787
 443.000       0.9582
 444.000       0.8474
 445.000       0.9167
 446.000       0.7982
 447.000       0.6633
 448.000       0.7556
 449.000       0.8155
 450.000       0.7051
 451.000       0.6996
 452.000       0.8292
 453.000       0.8620
 454.000       0.8644
 455.000       1.0026
 456.000       1.3413
 457.000       1.2588
 458.000       1.1015
 459.000       0.9973
 460.000       1.1905
 461.000       1.2110
 462.000       1.0278
 463.000       0.8125
 464.000       0.9202
 465.000       0.9940
 466.000       0.7960
 467.000       0.7206
 468.000       0.9009
 469.000       0.9942
 470.000       0.9412
 471.000       0.9043
 472.000       0.8867
 473.000       0.9902
 474.000       0.9413
 475.000       0.8335
 476.000       0.9503
 477.000       1.0333
 478.000       1.0002
 479.000       0.9436
 480.000       0.9868
 481.000       1.0094
 482.000       1.1546
 483.000       1.2115
 484.000       1.1630
 485.000       1.3352
 486.000       1.2759
 487.000       1.5792
 488.000       1.3559
 489.000       1.2344
 490.000       1.3038
 491.000       1.1308
 492.000       1.5851
 493.000       1.7299
 494.000       1.2106
 495.000       1.2570
 496.000       1.0472
 497.000       1.1889
 498.000       1.2709
 499.000       1.1886
 500.000       0.9329
 501.000       0.9911
 502.000       1.1307
 503.000       0.9617
 504.000       0.7785
 505.000       0.9944
 506.000       1.0979
 507.000       0.8468
 508.000       0.8137
 509.000       1.0557
 510.000       0.9874
 511.000       0.8966
 512.000       0.7726
 513.000       0.9251
 514.000       0.7612
 515.000       0.7282
 516.000       0.8939
 517.000       0.9841
 518.000       0.8547
 519.000       0.8901
 520.000       1.0769
 521.000       1.1157
 522.000       1.0962
 523.000       1.1871
 524.000       1.3715
 525.000       1.4017
 526.000       1.5138
 527.000       2.0964
 528.000       1.9599
 529.000       2.0446
 530.000       1.9008
 531.000       1.8775
 532.000       1.5957
 533.000       1.3106
 534.000       1.3621
 535.000       1.3508
 536.000       1.0655
 537.000       0.9372
 538.000       1.0510
 539.000       1.1172
 540.000       1.3178
 541.000       1.6598
 542.000       3.0050
 543.000       4.7918
 544.000       6.9210
