#Res        AtomicFlx
   1.000       1.9138
   2.000       1.5408
   3.000       1.9412
   4.000       2.3244
   5.000       2.1467
   6.000       2.3143
   7.000       1.7554
   8.000       1.8504
   9.000       1.8698
  10.000       1.5430
  11.000       1.3414
  12.000       1.4768
  13.000       1.4932
  14.000       1.3987
  15.000       1.5843
  16.000       1.5748
  17.000       1.3692
  18.000       2.1207
  19.000       2.0531
  20.000       1.7800
  21.000       1.8277
  22.000       2.4795
  23.000       2.6725
  24.000       2.5771
  25.000       3.3391
  26.000       3.2162
  27.000       2.4475
  28.000       1.4832
  29.000       1.2531
  30.000       1.1401
  31.000       1.1243
  32.000       1.4805
  33.000       1.1248
  34.000       0.9697
  35.000       0.8911
  36.000       0.8220
  37.000       0.7135
  38.000       0.6943
  39.000       0.6618
  40.000       0.6418
  41.000       0.5455
  42.000       0.5591
  43.000       0.5773
  44.000       0.4636
  45.000       0.4800
  46.000       0.5333
  47.000       0.5512
  48.000       0.6223
  49.000       0.8226
  50.000       0.8655
  51.000       0.9925
  52.000       1.2573
  53.000       0.9174
  54.000       0.9190
  55.000       0.9288
  56.000       0.9323
  57.000       0.9026
  58.000       0.8737
  59.000       0.8809
  60.000       0.9783
  61.000       0.9315
  62.000       1.0300
  63.000       0.9353
  64.000       1.0367
  65.000       1.0973
  66.000       1.0043
  67.000       0.9469
  68.000       1.1843
  69.000       1.2237
  70.000       0.9825
  71.000       0.8472
  72.000       0.9114
  73.000       0.9028
  74.000       0.9393
  75.000       0.8993
  76.000       0.7853
  77.000       0.8533
  78.000       0.6810
  79.000       0.5845
  80.000       0.5291
  81.000       0.4770
  82.000       0.5002
  83.000       0.5325
  84.000       0.5014
  85.000       0.4813
  86.000       0.5045
  87.000       0.5358
  88.000       0.5394
  89.000       0.5965
  90.000       0.5919
  91.000       0.6020
  92.000       0.6364
  93.000       0.6538
  94.000       0.6489
  95.000       0.6829
  96.000       0.6295
  97.000       0.6465
  98.000       0.6957
  99.000       0.6184
 100.000       0.6954
 101.000       0.7857
 102.000       0.8034
 103.000       0.8377
 104.000       0.8867
 105.000       1.1434
 106.000       1.0666
 107.000       0.7717
 108.000       0.7455
 109.000       0.7258
 110.000       0.6643
 111.000       0.6926
 112.000       0.6562
 113.000       0.6279
 114.000       0.6684
 115.000       0.6486
 116.000       0.6399
 117.000       0.6328
 118.000       0.6301
 119.000       0.6643
 120.000       0.6796
 121.000       0.6803
 122.000       0.6235
 123.000       0.6849
 124.000       0.7755
 125.000       0.5422
 126.000       0.5411
 127.000       0.5492
 128.000       0.5539
 129.000       0.5483
 130.000       0.5729
 131.000       0.5945
 132.000       0.5966
 133.000       0.6222
 134.000       0.6219
 135.000       0.6482
 136.000       0.6725
 137.000       0.7094
 138.000       0.7475
 139.000       0.7734
 140.000       0.9809
 141.000       1.1264
 142.000       1.1707
 143.000       1.1701
 144.000       0.9269
 145.000       0.9319
 146.000       0.9680
 147.000       1.1609
 148.000       1.2633
 149.000       1.2458
 150.000       1.4102
 151.000       1.7049
 152.000       1.9813
 153.000       2.5153
 154.000       2.9020
 155.000       3.0534
 156.000       2.6824
 157.000       2.1021
 158.000       1.6380
 159.000       1.5684
 160.000       1.7033
 161.000       1.3981
 162.000       1.2284
 163.000       1.4760
 164.000       1.5499
 165.000       1.2969
 166.000       1.2692
 167.000       1.1358
 168.000       0.9730
 169.000       1.1301
 170.000       1.1090
 171.000       0.8768
 172.000       0.7936
 173.000       0.8949
 174.000       1.0081
 175.000       0.9601
 176.000       0.8166
 177.000       0.8177
 178.000       0.9037
 179.000       0.8872
 180.000       1.0599
 181.000       1.3408
 182.000       1.5306
 183.000       1.3645
 184.000       1.3911
 185.000       1.4809
 186.000       1.8920
 187.000       1.2638
 188.000       1.1949
 189.000       0.9873
 190.000       0.8858
 191.000       0.8627
 192.000       0.8223
 193.000       0.7081
 194.000       0.6888
 195.000       0.6792
 196.000       0.6116
 197.000       0.5826
 198.000       0.6417
 199.000       0.6571
 200.000       0.6038
 201.000       0.5913
 202.000       0.6782
 203.000       0.6863
 204.000       0.6269
 205.000       0.7091
 206.000       0.8456
 207.000       0.7986
 208.000       0.8955
 209.000       1.2243
 210.000       1.3978
 211.000       1.3069
 212.000       1.0847
 213.000       1.2469
 214.000       1.0342
 215.000       0.7839
 216.000       0.9774
 217.000       0.9494
 218.000       0.7583
 219.000       0.8160
 220.000       0.9068
 221.000       0.7814
 222.000       0.7006
 223.000       0.9561
 224.000       0.9959
 225.000       0.8655
 226.000       0.8722
 227.000       0.8941
 228.000       0.8124
 229.000       0.7621
 230.000       0.8422
 231.000       0.9009
 232.000       0.8430
 233.000       0.8525
 234.000       1.0015
 235.000       0.9980
 236.000       0.9264
 237.000       1.0341
 238.000       1.1200
 239.000       1.1112
 240.000       1.0954
 241.000       1.0529
 242.000       1.0099
 243.000       0.9544
 244.000       0.9947
 245.000       0.9820
 246.000       0.8936
 247.000       0.8951
 248.000       0.9820
 249.000       0.9305
 250.000       0.8445
 251.000       0.9110
 252.000       0.9906
 253.000       1.0636
 254.000       1.1968
 255.000       1.3356
 256.000       1.5274
 257.000       1.3337
 258.000       1.3043
 259.000       1.5087
 260.000       1.2653
 261.000       1.1594
 262.000       1.0508
 263.000       0.9348
 264.000       0.8833
 265.000       0.8304
 266.000       0.8008
 267.000       0.7742
 268.000       0.8389
 269.000       0.8065
 270.000       0.7337
 271.000       0.7532
 272.000       0.6509
 273.000       0.5819
 274.000       0.6118
 275.000       0.5840
 276.000       0.5194
 277.000       0.5512
 278.000       0.6717
 279.000       0.9531
 280.000       0.6810
 281.000       0.6901
 282.000       0.5072
 283.000       0.5590
 284.000       0.6579
 285.000       0.5599
 286.000       0.6244
 287.000       0.7721
 288.000       0.8975
 289.000       0.8410
 290.000       0.9497
 291.000       0.9252
 292.000       0.9876
 293.000       0.8628
 294.000       0.8229
 295.000       0.7280
 296.000       0.7165
 297.000       0.7350
 298.000       0.6548
 299.000       0.6059
 300.000       0.6962
 301.000       0.7205
 302.000       0.6416
 303.000       0.6379
 304.000       0.7162
 305.000       0.7443
 306.000       0.7203
 307.000       0.8806
 308.000       0.9318
 309.000       0.8573
 310.000       0.9094
 311.000       0.9804
 312.000       0.9395
 313.000       0.8930
 314.000       0.9055
 315.000       0.8953
 316.000       0.9538
 317.000       0.9454
 318.000       0.8951
 319.000       0.9465
 320.000       1.1422
 321.000       1.1458
 322.000       1.0260
 323.000       0.9774
 324.000       0.9806
 325.000       0.9996
 326.000       0.9517
 327.000       0.9087
 328.000       0.9313
 329.000       0.9016
 330.000       0.8800
 331.000       0.9789
 332.000       1.0094
 333.000       0.9833
 334.000       1.1601
 335.000       1.3596
 336.000       1.3901
 337.000       1.5089
 338.000       1.7817
 339.000       1.9581
 340.000       2.0839
 341.000       2.3260
 342.000       2.6134
 343.000       2.7452
 344.000       2.9679
 345.000       3.1422
 346.000       3.0266
 347.000       3.3086
 348.000       3.2174
 349.000       3.3118
 350.000       3.2027
 351.000       2.5267
 352.000       2.4889
 353.000       2.1971
 354.000       2.6658
 355.000       2.6918
 356.000       2.1292
 357.000       2.4411
 358.000       2.9126
 359.000       2.6546
 360.000       2.5029
 361.000       3.0847
 362.000       3.2819
 363.000       3.0079
 364.000       3.2666
 365.000       3.8072
 366.000       3.8056
 367.000       3.7742
 368.000       3.6949
 369.000       3.8870
 370.000       3.5213
 371.000       3.0504
 372.000       3.3130
 373.000       3.3258
 374.000       2.7069
 375.000       2.4680
 376.000       1.8797
 377.000       1.6671
 378.000       1.7185
 379.000       1.2824
 380.000       1.4746
 381.000       1.5042
 382.000       1.3229
 383.000       1.2947
 384.000       1.2121
 385.000       1.2321
 386.000       1.4592
 387.000       1.6069
 388.000       1.4672
 389.000       1.7035
 390.000       1.3612
 391.000       1.4312
 392.000       1.2514
 393.000       0.9920
 394.000       0.8873
 395.000       0.8369
 396.000       0.7377
 397.000       0.7403
 398.000       0.7579
 399.000       0.8271
 400.000       0.9607
 401.000       0.9528
 402.000       0.8844
 403.000       0.9693
 404.000       1.0912
 405.000       1.0377
 406.000       1.0089
 407.000       1.0362
 408.000       0.9854
 409.000       0.8771
 410.000       0.8452
 411.000       0.8437
 412.000       0.7563
 413.000       0.7257
 414.000       0.7164
 415.000       0.7084
 416.000       0.6507
 417.000       0.6012
 418.000       0.5970
 419.000       0.5832
 420.000       0.5502
 421.000       0.5420
 422.000       0.5370
 423.000       0.5417
 424.000       0.5194
 425.000       0.4926
 426.000       0.5049
 427.000       0.4527
 428.000       0.4794
 429.000       0.5980
 430.000       0.6479
 431.000       0.5565
 432.000       0.6913
 433.000       0.8666
 434.000       0.7537
 435.000       0.7006
 436.000       0.7325
 437.000       0.7623
 438.000       0.7750
 439.000       0.8315
 440.000       0.9210
 441.000       0.9700
 442.000       1.0408
 443.000       1.6226
 444.000       1.7504
 445.000       1.8019
 446.000       2.0815
 447.000       2.1517
 448.000       2.3001
 449.000       1.8597
 450.000       1.7471
 451.000       1.9268
 452.000       1.6152
 453.000       1.4447
 454.000       1.5545
 455.000       1.0553
 456.000       0.9877
 457.000       1.0744
 458.000       0.9178
 459.000       0.7555
 460.000       0.8379
 461.000       0.9321
 462.000       0.7838
 463.000       0.7244
 464.000       0.8215
 465.000       0.8225
 466.000       0.7891
 467.000       0.8103
 468.000       0.7958
 469.000       0.6932
 470.000       0.6931
 471.000       0.7388
 472.000       0.7907
 473.000       0.7766
 474.000       0.7095
 475.000       0.7074
 476.000       0.7159
 477.000       0.6727
 478.000       0.6558
 479.000       0.7090
 480.000       0.6543
 481.000       0.6564
 482.000       0.7716
 483.000       0.7912
 484.000       0.7957
 485.000       0.9482
 486.000       1.1025
 487.000       0.9398
 488.000       0.7946
 489.000       0.6398
 490.000       0.5801
 491.000       0.6256
 492.000       0.5696
 493.000       0.5061
 494.000       0.5193
 495.000       0.5413
 496.000       0.5373
 497.000       0.5153
 498.000       0.5759
 499.000       0.6399
 500.000       0.6235
 501.000       0.6898
 502.000       0.8515
 503.000       0.8495
 504.000       0.7169
 505.000       0.7121
 506.000       0.7337
 507.000       0.8237
 508.000       0.8734
 509.000       0.7616
 510.000       0.6521
 511.000       0.6982
 512.000       0.7819
 513.000       0.7788
 514.000       0.7961
 515.000       0.9040
 516.000       1.0468
 517.000       1.0625
 518.000       1.2551
 519.000       1.3747
 520.000       1.2605
 521.000       1.1560
 522.000       0.8417
 523.000       0.8611
 524.000       0.8720
 525.000       0.7807
 526.000       0.6637
 527.000       0.7497
 528.000       0.7821
 529.000       0.6381
 530.000       0.6083
 531.000       0.7183
 532.000       0.7711
 533.000       0.7041
 534.000       0.6358
 535.000       0.7124
 536.000       0.7845
 537.000       0.7322
 538.000       0.7380
 539.000       0.8170
 540.000       0.7858
 541.000       0.7247
 542.000       0.8035
 543.000       0.8698
 544.000       0.8285
 545.000       0.7931
 546.000       0.8896
 547.000       0.9822
 548.000       0.9414
 549.000       0.8855
 550.000       1.0627
 551.000       1.2041
 552.000       1.1621
 553.000       1.2459
 554.000       1.4966
 555.000       1.6015
 556.000       1.2144
 557.000       1.2290
 558.000       1.2369
 559.000       1.2841
 560.000       1.4753
 561.000       2.1308
 562.000       2.2720
 563.000       2.6818
 564.000       2.3196
 565.000       2.0574
 566.000       1.7150
 567.000       1.9663
 568.000       1.9824
 569.000       1.6992
 570.000       1.7453
 571.000       1.5345
 572.000       1.4043
 573.000       1.4700
 574.000       1.3060
 575.000       1.4785
 576.000       1.3552
 577.000       1.1347
 578.000       0.9232
 579.000       0.9336
 580.000       0.9297
 581.000       0.8965
 582.000       0.8668
 583.000       0.8882
 584.000       0.9229
 585.000       0.9325
 586.000       0.9518
 587.000       0.9085
 588.000       0.9155
 589.000       0.7948
 590.000       0.8658
 591.000       0.8587
 592.000       0.7581
 593.000       0.6978
 594.000       0.9015
 595.000       0.9433
 596.000       0.8730
 597.000       1.0181
 598.000       1.2052
 599.000       1.2446
 600.000       1.3048
 601.000       1.5487
 602.000       1.7583
 603.000       1.8955
 604.000       2.2732
 605.000       3.9930
 606.000       0.5480
