#Res        AtomicFlx
   1.000      17.0243
   2.000      14.8759
   3.000      12.6588
   4.000      10.8486
   5.000       8.9669
   6.000       7.7302
   7.000       6.4330
   8.000       4.8293
   9.000       3.9042
  10.000       2.8316
  11.000       2.4572
  12.000       1.9118
  13.000       1.8168
  14.000       1.8855
  15.000       2.1060
  16.000       1.8062
  17.000       1.3898
  18.000       1.6463
  19.000       1.9979
  20.000       1.7666
  21.000       1.4745
  22.000       1.8399
  23.000       1.7543
  24.000       2.5388
  25.000       2.5432
  26.000       2.3091
  27.000       2.0325
  28.000       1.2085
  29.000       0.9989
  30.000       0.9739
  31.000       0.8851
  32.000       1.1445
  33.000       0.8802
  34.000       0.8102
  35.000       0.7611
  36.000       0.6792
  37.000       0.5842
  38.000       0.5832
  39.000       0.5566
  40.000       0.5551
  41.000       0.5217
  42.000       0.5627
  43.000       0.5814
  44.000       0.5283
  45.000       0.5849
  46.000       0.6357
  47.000       0.9921
  48.000       0.8594
  49.000       1.2724
  50.000       1.4957
  51.000       1.5830
  52.000       1.2105
  53.000       0.9794
  54.000       0.9690
  55.000       0.9913
  56.000       1.2193
  57.000       1.0854
  58.000       1.4274
  59.000       1.7341
  60.000       1.5703
  61.000       1.7665
  62.000       1.9802
  63.000       1.5390
  64.000       1.9538
  65.000       2.1521
  66.000       1.6983
  67.000       1.6642
  68.000       1.7650
  69.000       1.5339
  70.000       1.3646
  71.000       1.4313
  72.000       1.4398
  73.000       1.2998
  74.000       1.1850
  75.000       1.1726
  76.000       1.2087
  77.000       1.1724
  78.000       1.0913
  79.000       0.8824
  80.000       0.8620
  81.000       0.8409
  82.000       0.6610
  83.000       0.6663
  84.000       0.7291
  85.000       0.6538
  86.000       0.6066
  87.000       0.6846
  88.000       0.7481
  89.000       0.6967
  90.000       0.6938
  91.000       0.7882
  92.000       0.8476
  93.000       0.8328
  94.000       0.8064
  95.000       0.7874
  96.000       0.7135
  97.000       0.7643
  98.000       0.8386
  99.000       0.7799
 100.000       0.7967
 101.000       0.9333
 102.000       1.0255
 103.000       1.0545
 104.000       1.0762
 105.000       1.1188
 106.000       1.0421
 107.000       0.9300
 108.000       0.9269
 109.000       0.8455
 110.000       0.7594
 111.000       0.7374
 112.000       0.7315
 113.000       0.7031
 114.000       0.6769
 115.000       0.6791
 116.000       0.7343
 117.000       0.7090
 118.000       0.6406
 119.000       0.6816
 120.000       0.7794
 121.000       0.7442
 122.000       0.6950
 123.000       0.7340
 124.000       0.8288
 125.000       0.7828
 126.000       0.6818
 127.000       0.7471
 128.000       0.7462
 129.000       0.6978
 130.000       0.7742
 131.000       0.7906
 132.000       0.6858
 133.000       0.7136
 134.000       0.7790
 135.000       0.8381
 136.000       0.8354
 137.000       0.9345
 138.000       0.9923
 139.000       0.9649
 140.000       1.0795
 141.000       1.2337
 142.000       1.3351
 143.000       1.3689
 144.000       1.0969
 145.000       1.1172
 146.000       1.2326
 147.000       1.3887
 148.000       1.8429
 149.000       2.0087
 150.000       2.2630
 151.000       3.0641
 152.000       3.7631
 153.000       4.9493
 154.000       5.8080
 155.000       5.7940
 156.000       5.2460
 157.000       4.1296
 158.000       2.9562
 159.000       2.4497
 160.000       2.4735
 161.000       1.8383
 162.000       1.8000
 163.000       2.6005
 164.000       2.8522
 165.000       2.4258
 166.000       2.1077
 167.000       1.5215
 168.000       1.5275
 169.000       1.8357
 170.000       1.4287
 171.000       1.3840
 172.000       1.9168
 173.000       1.7957
 174.000       1.4548
 175.000       1.7162
 176.000       2.2413
 177.000       2.4003
 178.000       2.0946
 179.000       1.7725
 180.000       1.6615
 181.000       1.7850
 182.000       1.6344
 183.000       1.4870
 184.000       2.0305
 185.000       1.7852
 186.000       1.8307
 187.000       2.3395
 188.000       1.6952
 189.000       1.3725
 190.000       1.2604
 191.000       1.0868
 192.000       0.9808
 193.000       0.9546
 194.000       0.8423
 195.000       0.8016
 196.000       0.7738
 197.000       0.7311
 198.000       0.7441
 199.000       0.7785
 200.000       0.7363
 201.000       0.6931
 202.000       0.7727
 203.000       0.7264
 204.000       0.6463
 205.000       0.6721
 206.000       0.7457
 207.000       0.7012
 208.000       0.6776
 209.000       0.8050
 210.000       0.8958
 211.000       0.8443
 212.000       0.8256
 213.000       0.8678
 214.000       0.7736
 215.000       0.8044
 216.000       1.0772
 217.000       1.1555
 218.000       0.8314
 219.000       0.6764
 220.000       0.7117
 221.000       0.7623
 222.000       0.6777
 223.000       0.9016
 224.000       1.0556
 225.000       0.8562
 226.000       0.7817
 227.000       0.8295
 228.000       0.8270
 229.000       0.7492
 230.000       0.7783
 231.000       0.8736
 232.000       0.8835
 233.000       0.8692
 234.000       0.9481
 235.000       1.0086
 236.000       0.9935
 237.000       1.0541
 238.000       1.1531
 239.000       1.2022
 240.000       1.1740
 241.000       1.2595
 242.000       1.2651
 243.000       1.1585
 244.000       1.5665
 245.000       1.6454
 246.000       1.4058
 247.000       1.5292
 248.000       1.8406
 249.000       1.7555
 250.000       1.7217
 251.000       2.0029
 252.000       2.0811
 253.000       2.2117
 254.000       2.2381
 255.000       2.1801
 256.000       2.3140
 257.000       2.1703
 258.000       2.0589
 259.000       2.4798
 260.000       2.3025
 261.000       2.3139
 262.000       2.0382
 263.000       1.6323
 264.000       1.6252
 265.000       1.6178
 266.000       1.3290
 267.000       1.1496
 268.000       1.1699
 269.000       1.0836
 270.000       0.9243
 271.000       1.0009
 272.000       1.0531
 273.000       0.9089
 274.000       0.7177
 275.000       0.6464
 276.000       0.5720
 277.000       0.6343
 278.000       0.6828
 279.000       0.5853
 280.000       0.5967
 281.000       0.5688
 282.000       0.5458
 283.000       0.5981
 284.000       0.6307
 285.000       0.5470
 286.000       0.5914
 287.000       0.7027
 288.000       0.7004
 289.000       0.7193
 290.000       0.8497
 291.000       0.8800
 292.000       0.9129
 293.000       0.7813
 294.000       0.7810
 295.000       0.6700
 296.000       0.7254
 297.000       0.7454
 298.000       0.6475
 299.000       0.6648
 300.000       0.7361
 301.000       0.7065
 302.000       0.6257
 303.000       0.6612
 304.000       0.7382
 305.000       0.6890
 306.000       0.6424
 307.000       0.8002
 308.000       0.8397
 309.000       0.7740
 310.000       0.8416
 311.000       0.8936
 312.000       0.8514
 313.000       0.8467
 314.000       0.9324
 315.000       0.9390
 316.000       0.8404
 317.000       0.9441
 318.000       1.0998
 319.000       1.0230
 320.000       1.0312
 321.000       1.1490
 322.000       1.1196
 323.000       1.0287
 324.000       1.0492
 325.000       1.1418
 326.000       1.0817
 327.000       1.0298
 328.000       1.0721
 329.000       1.0513
 330.000       1.0941
 331.000       1.2325
 332.000       1.2437
 333.000       1.2323
 334.000       1.4984
 335.000       1.7394
 336.000       1.7336
 337.000       1.9382
 338.000       2.3135
 339.000       2.4834
 340.000       2.6036
 341.000       2.9440
 342.000       3.4024
 343.000       3.6256
 344.000       3.7089
 345.000       4.2379
 346.000       3.9475
 347.000       4.6877
 348.000       5.1730
 349.000       5.0496
 350.000       4.3911
 351.000       3.5080
 352.000       3.6547
 353.000       3.3578
 354.000       3.9220
 355.000       3.4721
 356.000       2.7560
 357.000       3.0360
 358.000       3.4980
 359.000       3.1558
 360.000       2.9436
 361.000       3.5517
 362.000       3.7397
 363.000       3.4641
 364.000       3.7214
 365.000       4.2587
 366.000       4.2973
 367.000       4.3201
 368.000       4.2094
 369.000       4.4281
 370.000       4.0407
 371.000       3.5146
 372.000       3.7783
 373.000       3.7967
 374.000       3.1205
 375.000       2.8795
 376.000       2.2372
 377.000       2.0247
 378.000       2.0811
 379.000       1.6832
 380.000       1.8768
 381.000       1.9869
 382.000       1.7414
 383.000       1.6855
 384.000       1.4077
 385.000       1.5626
 386.000       1.8403
 387.000       1.8886
 388.000       2.5909
 389.000       2.0418
 390.000       2.1276
 391.000       2.3088
 392.000       2.0758
 393.000       1.6000
 394.000       1.6025
 395.000       1.9420
 396.000       1.7658
 397.000       1.1565
 398.000       1.0866
 399.000       1.0531
 400.000       0.9772
 401.000       0.9805
 402.000       1.0451
 403.000       1.1048
 404.000       1.1683
 405.000       1.1510
 406.000       1.1518
 407.000       1.2068
 408.000       1.1033
 409.000       0.9889
 410.000       0.9595
 411.000       0.9365
 412.000       0.8673
 413.000       0.8361
 414.000       0.8132
 415.000       0.7755
 416.000       0.7282
 417.000       0.6739
 418.000       0.6582
 419.000       0.6119
 420.000       0.5886
 421.000       0.5736
 422.000       0.5604
 423.000       0.5755
 424.000       0.5685
 425.000       0.5403
 426.000       0.5204
 427.000       0.5256
 428.000       0.5377
 429.000       0.5798
 430.000       0.5874
 431.000       0.5647
 432.000       0.6465
 433.000       0.7813
 434.000       0.7156
 435.000       0.6710
 436.000       0.7142
 437.000       0.7841
 438.000       0.8516
 439.000       0.8685
 440.000       0.9884
 441.000       1.0832
 442.000       1.1450
 443.000       1.5512
 444.000       1.7590
 445.000       1.6759
 446.000       1.7849
 447.000       1.9881
 448.000       2.0852
 449.000       1.8233
 450.000       1.6603
 451.000       1.4175
 452.000       1.1192
 453.000       1.1613
 454.000       1.1787
 455.000       0.9156
 456.000       0.8494
 457.000       0.9421
 458.000       0.9373
 459.000       0.8247
 460.000       0.8527
 461.000       0.9340
 462.000       0.8974
 463.000       0.8517
 464.000       0.9307
 465.000       1.0163
 466.000       0.9367
 467.000       1.0142
 468.000       0.9424
 469.000       0.9491
 470.000       1.1033
 471.000       1.2103
 472.000       1.5733
 473.000       1.1563
 474.000       1.1006
 475.000       0.9770
 476.000       1.1167
 477.000       1.0850
 478.000       0.9624
 479.000       1.1195
 480.000       1.2402
 481.000       1.0965
 482.000       1.1439
 483.000       1.4288
 484.000       1.4494
 485.000       1.3396
 486.000       1.4684
 487.000       1.1473
 488.000       1.0088
 489.000       0.9029
 490.000       0.8529
 491.000       0.8135
 492.000       0.8249
 493.000       0.7608
 494.000       0.7959
 495.000       0.8933
 496.000       0.8751
 497.000       0.8220
 498.000       0.9437
 499.000       1.0541
 500.000       0.9890
 501.000       0.9587
 502.000       1.0783
 503.000       1.1477
 504.000       1.0865
 505.000       1.0625
 506.000       1.0937
 507.000       1.1475
 508.000       1.2905
 509.000       1.1714
 510.000       0.9990
 511.000       1.0924
 512.000       1.1840
 513.000       1.0591
 514.000       0.9763
 515.000       1.0787
 516.000       1.1625
 517.000       1.0824
 518.000       1.0619
 519.000       1.1937
 520.000       1.3002
 521.000       1.3582
 522.000       1.2362
 523.000       1.2132
 524.000       1.2398
 525.000       1.1737
 526.000       1.0491
 527.000       1.1397
 528.000       1.2000
 529.000       1.0587
 530.000       1.0033
 531.000       1.1500
 532.000       1.4180
 533.000       1.2541
 534.000       1.1318
 535.000       1.1691
 536.000       1.3077
 537.000       1.2299
 538.000       1.0874
 539.000       1.1627
 540.000       1.2116
 541.000       1.1516
 542.000       1.1568
 543.000       1.2820
 544.000       1.3496
 545.000       1.3265
 546.000       1.3593
 547.000       1.3684
 548.000       1.3686
 549.000       1.4419
 550.000       1.6525
 551.000       1.6557
 552.000       1.7330
 553.000       1.7882
 554.000       1.6611
 555.000       1.8429
 556.000       1.7210
 557.000       1.8668
 558.000       1.7632
 559.000       1.6828
 560.000       1.8078
 561.000       2.6103
 562.000       2.7344
 563.000       4.0967
 564.000       4.5230
 565.000       5.4769
 566.000       4.9746
 567.000       5.0484
 568.000       3.6918
 569.000       2.9442
 570.000       2.5177
 571.000       2.4074
 572.000       1.9138
 573.000       1.8132
 574.000       1.7440
 575.000       1.8966
 576.000       1.9293
 577.000       1.7926
 578.000       1.5515
 579.000       1.5373
 580.000       1.5661
 581.000       1.3992
 582.000       1.2195
 583.000       1.2424
 584.000       1.1792
 585.000       0.9984
 586.000       0.9566
 587.000       0.9777
 588.000       0.9286
 589.000       0.8302
 590.000       0.9244
 591.000       1.0039
 592.000       0.9144
 593.000       0.8793
 594.000       1.0254
 595.000       1.0962
 596.000       1.0475
 597.000       1.1095
 598.000       1.2481
 599.000       1.3064
 600.000       1.3684
 601.000       1.5534
 602.000       1.6949
 603.000       1.7807
 604.000       1.9892
 605.000       2.8781
 606.000      42.7307
