#Res        AtomicFlx
   1.000       1.8480
   2.000       1.3673
   3.000       1.0387
   4.000       0.9977
   5.000       1.4605
   6.000       1.3571
   7.000       1.2897
   8.000       1.0187
   9.000       0.9508
  10.000       0.7604
  11.000       0.6591
  12.000       0.7286
  13.000       0.7079
  14.000       0.5989
  15.000       0.5912
  16.000       0.7109
  17.000       0.7665
  18.000       0.7267
  19.000       0.5637
  20.000       0.8145
  21.000       0.7995
  22.000       0.9348
  23.000       0.7398
  24.000       0.8150
  25.000       1.0626
  26.000       0.8903
  27.000       0.7859
  28.000       0.9747
  29.000       1.3448
  30.000       0.9959
  31.000       1.1512
  32.000       1.6276
  33.000       1.5459
  34.000       1.2134
  35.000       1.5348
  36.000       1.1928
  37.000       1.2607
  38.000       1.5936
  39.000       1.2887
  40.000       1.2334
  41.000       1.1191
  42.000       0.7265
  43.000       0.7001
  44.000       0.7985
  45.000       0.7266
  46.000       0.5581
  47.000       0.5517
  48.000       0.6357
  49.000       0.6779
  50.000       0.6585
  51.000       0.5587
  52.000       0.5136
  53.000       0.5580
  54.000       0.5382
  55.000       0.5013
  56.000       0.5123
  57.000       0.5602
  58.000       0.5917
  59.000       0.5420
  60.000       0.5395
  61.000       0.5867
  62.000       0.5794
  63.000       0.5710
  64.000       0.6302
  65.000       0.7932
  66.000       0.7047
  67.000       0.7279
  68.000       0.7545
  69.000       0.6695
  70.000       0.6415
  71.000       0.7081
  72.000       0.6186
  73.000       0.7254
  74.000       1.0872
  75.000       1.1333
  76.000       0.9213
  77.000       1.0809
  78.000       0.8300
  79.000       0.7225
  80.000       0.6431
  81.000       0.6273
  82.000       0.6023
  83.000       0.6003
  84.000       0.5801
  85.000       0.6199
  86.000       0.6179
  87.000       0.6218
  88.000       0.5949
  89.000       0.6196
  90.000       0.6607
  91.000       0.6544
  92.000       0.6673
  93.000       0.6959
  94.000       0.6884
  95.000       0.6701
  96.000       0.6789
  97.000       0.6361
  98.000       0.6313
  99.000       0.6899
 100.000       0.6817
 101.000       0.5192
 102.000       0.5527
 103.000       0.5936
 104.000       0.5350
 105.000       0.4803
 106.000       0.5335
 107.000       0.5063
 108.000       0.4596
 109.000       0.5409
 110.000       0.6272
 111.000       0.5718
 112.000       0.6891
 113.000       0.8018
 114.000       0.8649
 115.000       0.7622
 116.000       0.6716
 117.000       0.7580
 118.000       0.9607
 119.000       0.9952
 120.000       1.1744
 121.000       1.4735
 122.000       1.3950
 123.000       1.1409
 124.000       1.3081
 125.000       1.3051
 126.000       1.2924
 127.000       1.7340
 128.000       1.8982
 129.000       1.7040
 130.000       1.8906
 131.000       1.5357
 132.000       1.4269
 133.000       1.4460
 134.000       1.4729
 135.000       2.2809
 136.000       3.1332
 137.000       3.6357
 138.000       2.6244
 139.000       2.9677
 140.000       3.0805
 141.000       2.9481
 142.000       3.1712
 143.000       3.0072
 144.000       2.8923
 145.000       2.3598
 146.000       1.8413
 147.000       1.7100
 148.000       1.7048
 149.000       1.5830
 150.000       1.2674
 151.000       0.8961
 152.000       1.1519
 153.000       1.5511
 154.000       1.4123
 155.000       1.6765
 156.000       1.5648
 157.000       1.9676
 158.000       2.5731
 159.000       2.2158
 160.000       2.4921
 161.000       2.1381
 162.000       1.7827
 163.000       1.4103
 164.000       1.1070
 165.000       1.0065
 166.000       0.8318
 167.000       1.0355
 168.000       1.1233
 169.000       0.9013
 170.000       0.8292
 171.000       1.0996
 172.000       1.1606
 173.000       1.0130
 174.000       0.9537
 175.000       1.0456
 176.000       1.4674
 177.000       1.2537
 178.000       1.3372
 179.000       1.3316
 180.000       1.6915
 181.000       1.5107
 182.000       1.8200
 183.000       1.5673
 184.000       1.5173
 185.000       1.4621
 186.000       1.5394
 187.000       1.5577
 188.000       1.1654
 189.000       1.0993
 190.000       0.9833
 191.000       0.8611
 192.000       0.8054
 193.000       0.7497
 194.000       0.6195
 195.000       0.6441
 196.000       0.6796
 197.000       0.6095
 198.000       0.6022
 199.000       0.5710
 200.000       0.6674
 201.000       0.7150
 202.000       0.6691
 203.000       0.7026
 204.000       0.9284
 205.000       0.9322
 206.000       0.7187
 207.000       1.0229
 208.000       1.1849
 209.000       0.9500
 210.000       1.0621
 211.000       1.2618
 212.000       1.1627
 213.000       1.1335
 214.000       1.0830
 215.000       0.9378
 216.000       1.0182
 217.000       1.0760
 218.000       0.9050
 219.000       0.7777
 220.000       0.9668
 221.000       1.1880
 222.000       1.0309
 223.000       0.8993
 224.000       0.7517
 225.000       0.6443
 226.000       0.7413
 227.000       0.7447
 228.000       0.6391
 229.000       0.6605
 230.000       0.7295
 231.000       0.6710
 232.000       0.6788
 233.000       0.8138
 234.000       0.8121
 235.000       0.7816
 236.000       0.9109
 237.000       1.0078
 238.000       0.8029
 239.000       0.8321
 240.000       0.7663
 241.000       0.6570
 242.000       0.8094
 243.000       0.8431
 244.000       0.8187
 245.000       0.7771
 246.000       0.8313
 247.000       0.9979
 248.000       1.1445
 249.000       1.0733
 250.000       1.0159
 251.000       1.2274
 252.000       1.3415
 253.000       1.5468
 254.000       1.4050
 255.000       1.0669
 256.000       1.0599
 257.000       1.2803
 258.000       1.0613
 259.000       0.9444
 260.000       0.8797
 261.000       0.8001
 262.000       0.7087
 263.000       0.6890
 264.000       0.7310
 265.000       0.6578
 266.000       0.5582
 267.000       0.5960
 268.000       0.5911
 269.000       0.5382
 270.000       0.5342
 271.000       0.5611
 272.000       0.6093
 273.000       0.6681
 274.000       0.8369
 275.000       0.8489
 276.000       0.8105
 277.000       0.6547
 278.000       0.6805
 279.000       0.5826
 280.000       0.5813
 281.000       0.5546
 282.000       0.5641
 283.000       0.6143
 284.000       0.6329
 285.000       0.6286
 286.000       0.6909
 287.000       0.6948
 288.000       0.7459
 289.000       0.7085
 290.000       0.8658
 291.000       0.9545
 292.000       1.0339
 293.000       0.8286
 294.000       0.7749
 295.000       0.6702
 296.000       0.6637
 297.000       0.6386
 298.000       0.6008
 299.000       0.5887
 300.000       0.5226
 301.000       0.5815
 302.000       0.6510
 303.000       0.5606
 304.000       0.5709
 305.000       0.7362
 306.000       0.7117
 307.000       0.5668
 308.000       0.6335
 309.000       0.7324
 310.000       0.6631
 311.000       0.6454
 312.000       0.7313
 313.000       0.6897
 314.000       0.5823
 315.000       0.5792
 316.000       0.6071
 317.000       0.6000
 318.000       0.6126
 319.000       0.6418
 320.000       0.6346
 321.000       0.6340
 322.000       0.7164
 323.000       0.8196
 324.000       0.8542
 325.000       0.9439
 326.000       1.0678
 327.000       1.1963
 328.000       1.2977
 329.000       1.2635
 330.000       1.0199
 331.000       1.2272
 332.000       1.3654
 333.000       1.2327
 334.000       1.6117
 335.000       2.7472
 336.000       3.7635
 337.000       3.7525
 338.000       2.6631
 339.000       1.2059
 340.000       0.8586
 341.000       0.9832
 342.000       0.8273
 343.000       0.7963
 344.000       0.7969
 345.000       0.6261
 346.000       0.6556
 347.000       0.7265
 348.000       0.7572
 349.000       0.7613
 350.000       0.6964
 351.000       0.7546
 352.000       0.7902
 353.000       0.8018
 354.000       0.7516
 355.000       0.6286
 356.000       0.6563
 357.000       0.8074
 358.000       0.7608
 359.000       0.5577
 360.000       0.5284
 361.000       0.6236
 362.000       0.5939
 363.000       0.5411
 364.000       0.5893
 365.000       0.6644
 366.000       0.6602
 367.000       0.6068
 368.000       0.6555
 369.000       0.6717
 370.000       0.6844
 371.000       0.6465
 372.000       0.5987
 373.000       0.6482
 374.000       0.5778
 375.000       0.5870
 376.000       0.5371
 377.000       0.6157
 378.000       0.5379
 379.000       0.5589
 380.000       0.5720
 381.000       0.6125
 382.000       0.6323
 383.000       0.6651
 384.000       0.7724
 385.000       0.8187
 386.000       0.8543
 387.000       0.9529
 388.000       1.0233
 389.000       1.1632
 390.000       1.2626
 391.000       2.0706
 392.000       1.7550
 393.000       1.3861
 394.000       1.0550
 395.000       1.3007
 396.000       1.3212
 397.000       1.0320
 398.000       0.8608
 399.000       0.9163
 400.000       0.9394
 401.000       0.7947
 402.000       0.6716
 403.000       0.7372
 404.000       0.8162
 405.000       0.7385
 406.000       0.6791
 407.000       0.7609
 408.000       0.8542
 409.000       0.8043
 410.000       0.7448
 411.000       0.8930
 412.000       0.9367
 413.000       0.8428
 414.000       0.8993
 415.000       0.9482
 416.000       0.8596
 417.000       0.9449
 418.000       0.9370
 419.000       1.0042
 420.000       1.0323
 421.000       0.9370
 422.000       0.8950
 423.000       0.8277
 424.000       0.7743
 425.000       0.8146
 426.000       0.8432
 427.000       0.8446
 428.000       0.9460
 429.000       1.0305
 430.000       1.2179
 431.000       1.1324
 432.000       1.0602
 433.000       1.1739
 434.000       1.3467
 435.000       1.1387
 436.000       0.8730
 437.000       0.7351
 438.000       0.6466
 439.000       0.6751
 440.000       0.6168
 441.000       0.5988
 442.000       0.6264
 443.000       0.6703
 444.000       0.6603
 445.000       0.6669
 446.000       0.7474
 447.000       0.7697
 448.000       0.7313
 449.000       0.7637
 450.000       0.8736
 451.000       0.9147
 452.000       0.8976
 453.000       0.9405
 454.000       0.9265
 455.000       1.0238
 456.000       0.9262
 457.000       0.8015
 458.000       0.8938
 459.000       0.9405
 460.000       0.8474
 461.000       0.8554
 462.000       1.0273
 463.000       1.1171
 464.000       1.0496
 465.000       1.1570
 466.000       1.2180
 467.000       1.2898
 468.000       1.2160
 469.000       1.2547
 470.000       1.2200
 471.000       1.0829
 472.000       0.9222
 473.000       0.8108
 474.000       0.8353
 475.000       0.8357
 476.000       0.6699
 477.000       0.6788
 478.000       0.8539
 479.000       0.7804
 480.000       0.7001
 481.000       0.6822
 482.000       0.7255
 483.000       0.7030
 484.000       0.5893
 485.000       0.6277
 486.000       0.7358
 487.000       0.6818
 488.000       0.6712
 489.000       0.7651
 490.000       0.8734
 491.000       0.9123
 492.000       0.9466
 493.000       1.0574
 494.000       1.2214
 495.000       1.3339
 496.000       1.3092
 497.000       1.5887
 498.000       1.2755
 499.000       1.2819
 500.000       1.4341
 501.000       1.4573
 502.000       1.9857
 503.000       1.9622
 504.000       1.5489
 505.000       1.5206
 506.000       1.2970
 507.000       1.4595
 508.000       1.7309
 509.000       1.5914
 510.000       1.2057
 511.000       1.3196
 512.000       1.4550
 513.000       1.2013
 514.000       1.0469
 515.000       1.1088
 516.000       0.9953
 517.000       0.8025
 518.000       0.8151
 519.000       0.7650
 520.000       0.6696
 521.000       0.6379
 522.000       0.6910
 523.000       0.6932
 524.000       0.6722
 525.000       0.7104
 526.000       0.8389
 527.000       0.8302
 528.000       0.7877
 529.000       0.9178
 530.000       1.0858
 531.000       1.1343
 532.000       1.1413
 533.000       1.3709
 534.000       1.6530
 535.000       1.6939
 536.000       1.7064
 537.000       2.2837
 538.000       2.6853
 539.000       3.4915
 540.000       3.2958
 541.000       2.6922
 542.000       2.9340
 543.000       2.8194
 544.000       2.1261
 545.000       2.1197
 546.000       2.5881
 547.000       2.2406
 548.000       1.9031
 549.000       2.5645
 550.000       4.0708
 551.000       6.0170
 588.000      48.7846
