#Res        AtomicFlx
   1.000       3.9440
   2.000       2.9304
   3.000       1.9788
   4.000       1.3253
   5.000       1.7288
   6.000       1.3460
   7.000       1.1510
   8.000       1.0267
   9.000       1.0116
  10.000       0.8061
  11.000       0.7297
  12.000       0.8193
  13.000       0.7964
  14.000       0.6102
  15.000       0.6416
  16.000       0.7998
  17.000       0.7424
  18.000       0.6760
  19.000       0.5944
  20.000       0.5932
  21.000       0.6144
  22.000       0.6520
  23.000       0.5314
  24.000       0.5961
  25.000       0.6802
  26.000       0.6307
  27.000       0.5448
  28.000       0.5585
  29.000       0.5716
  30.000       0.5374
  31.000       0.5662
  32.000       0.6170
  33.000       0.6421
  34.000       0.6164
  35.000       0.7063
  36.000       0.6589
  37.000       0.6935
  38.000       0.6938
  39.000       0.6237
  40.000       0.6682
  41.000       0.7089
  42.000       0.5966
  43.000       0.5269
  44.000       0.6163
  45.000       0.6305
  46.000       0.5978
  47.000       0.5835
  48.000       0.6773
  49.000       0.7202
  50.000       0.7341
  51.000       0.6515
  52.000       0.5954
  53.000       0.6283
  54.000       0.6169
  55.000       0.5772
  56.000       0.5592
  57.000       0.5631
  58.000       0.5650
  59.000       0.5857
  60.000       0.5872
  61.000       0.6070
  62.000       0.6312
  63.000       0.6330
  64.000       0.7518
  65.000       0.9649
  66.000       0.7959
  67.000       0.8295
  68.000       0.9611
  69.000       1.0433
  70.000       0.9977
  71.000       0.9840
  72.000       0.7006
  73.000       0.9632
  74.000       1.6240
  75.000       1.3372
  76.000       1.1282
  77.000       1.1079
  78.000       0.8903
  79.000       0.7417
  80.000       0.6978
  81.000       0.6840
  82.000       0.6222
  83.000       0.6419
  84.000       0.7230
  85.000       0.7300
  86.000       0.8032
  87.000       0.8976
  88.000       0.9040
  89.000       0.9485
  90.000       1.0551
  91.000       1.1099
  92.000       1.1526
  93.000       1.1350
  94.000       1.0732
  95.000       0.9511
  96.000       0.8922
  97.000       0.8025
  98.000       0.6057
  99.000       0.6141
 100.000       0.6696
 101.000       0.6063
 102.000       0.5186
 103.000       0.5331
 104.000       0.5518
 105.000       0.5363
 106.000       0.5516
 107.000       0.5431
 108.000       0.5579
 109.000       0.6126
 110.000       0.6697
 111.000       0.6714
 112.000       0.7899
 113.000       0.7902
 114.000       0.8420
 115.000       0.7860
 116.000       0.6789
 117.000       0.7668
 118.000       1.1429
 119.000       1.1848
 120.000       1.5478
 121.000       1.8661
 122.000       1.9310
 123.000       1.5753
 124.000       2.0523
 125.000       2.1590
 126.000       2.0733
 127.000       2.8771
 128.000       2.6984
 129.000       2.5844
 130.000       2.0358
 131.000       2.6666
 132.000       2.3424
 133.000       2.2444
 134.000       2.1309
 135.000       2.2400
 136.000       2.3831
 137.000       2.1999
 138.000       1.9464
 139.000       1.9863
 140.000       2.6404
 141.000       2.5918
 142.000       2.7855
 143.000       3.0503
 144.000       3.9363
 145.000       3.5022
 146.000       3.1031
 147.000       2.0597
 148.000       1.9164
 149.000       2.4984
 150.000       2.2282
 151.000       1.3440
 152.000       1.6258
 153.000       2.3916
 154.000       2.2691
 155.000       1.4416
 156.000       1.5131
 157.000       1.7151
 158.000       2.8153
 159.000       2.7579
 160.000       3.4790
 161.000       2.9432
 162.000       2.1521
 163.000       1.6892
 164.000       1.0836
 165.000       0.8617
 166.000       0.7101
 167.000       0.6827
 168.000       0.7441
 169.000       0.6292
 170.000       0.5500
 171.000       0.6410
 172.000       0.7131
 173.000       0.6722
 174.000       0.5986
 175.000       0.6555
 176.000       0.9434
 177.000       0.8668
 178.000       1.0389
 179.000       1.0768
 180.000       1.1954
 181.000       1.2010
 182.000       1.3344
 183.000       1.2005
 184.000       1.1571
 185.000       1.1206
 186.000       1.2162
 187.000       1.2644
 188.000       0.7958
 189.000       0.8566
 190.000       0.7919
 191.000       0.6589
 192.000       0.6855
 193.000       0.7160
 194.000       0.5871
 195.000       0.5923
 196.000       0.7161
 197.000       0.7119
 198.000       0.6308
 199.000       0.6995
 200.000       0.7615
 201.000       0.7333
 202.000       0.7233
 203.000       0.7211
 204.000       0.7772
 205.000       0.7502
 206.000       0.7996
 207.000       0.9021
 208.000       1.1451
 209.000       1.2496
 210.000       1.6286
 211.000       1.5991
 212.000       1.0445
 213.000       0.9786
 214.000       1.3269
 215.000       1.0126
 216.000       0.9060
 217.000       0.8913
 218.000       0.7862
 219.000       0.7325
 220.000       0.9944
 221.000       1.0789
 222.000       0.8406
 223.000       0.7656
 224.000       0.6440
 225.000       0.6044
 226.000       0.6588
 227.000       0.6003
 228.000       0.5392
 229.000       0.5642
 230.000       0.5810
 231.000       0.5621
 232.000       0.6022
 233.000       0.6457
 234.000       0.6360
 235.000       0.6804
 236.000       0.7954
 237.000       0.8582
 238.000       0.7824
 239.000       0.7950
 240.000       0.7341
 241.000       0.6745
 242.000       0.7404
 243.000       0.7036
 244.000       0.6155
 245.000       0.6336
 246.000       0.6860
 247.000       0.6311
 248.000       0.5737
 249.000       0.6647
 250.000       0.6808
 251.000       0.7437
 252.000       0.8628
 253.000       1.0218
 254.000       0.9836
 255.000       0.7671
 256.000       0.8335
 257.000       1.2716
 258.000       0.8860
 259.000       0.8788
 260.000       0.7748
 261.000       0.6202
 262.000       0.6272
 263.000       0.6765
 264.000       0.6250
 265.000       0.5610
 266.000       0.5906
 267.000       0.6270
 268.000       0.5641
 269.000       0.5946
 270.000       0.6105
 271.000       0.5976
 272.000       0.6207
 273.000       0.6951
 274.000       0.8675
 275.000       0.8045
 276.000       1.3264
 277.000       0.8340
 278.000       1.0875
 279.000       0.7981
 280.000       0.6096
 281.000       0.6186
 282.000       0.6381
 283.000       0.6562
 284.000       0.6413
 285.000       0.6902
 286.000       0.7494
 287.000       0.7207
 288.000       0.8487
 289.000       0.8267
 290.000       0.9197
 291.000       0.9841
 292.000       1.1534
 293.000       0.8242
 294.000       0.7848
 295.000       0.7241
 296.000       0.7068
 297.000       0.6526
 298.000       0.6288
 299.000       0.6149
 300.000       0.5467
 301.000       0.5863
 302.000       0.6379
 303.000       0.5635
 304.000       0.5409
 305.000       0.6061
 306.000       0.6217
 307.000       0.5532
 308.000       0.5062
 309.000       0.5467
 310.000       0.5499
 311.000       0.5357
 312.000       0.5447
 313.000       0.5790
 314.000       0.5611
 315.000       0.5012
 316.000       0.5115
 317.000       0.5897
 318.000       0.6995
 319.000       0.6564
 320.000       0.5977
 321.000       0.6430
 322.000       0.6942
 323.000       0.6935
 324.000       0.7096
 325.000       0.8184
 326.000       0.8761
 327.000       0.8881
 328.000       0.8169
 329.000       0.8068
 330.000       0.7083
 331.000       0.8097
 332.000       0.8345
 333.000       0.7386
 334.000       0.7043
 335.000       0.7070
 336.000       0.6927
 337.000       0.7813
 338.000       0.6662
 339.000       0.6503
 340.000       0.6818
 341.000       0.6497
 342.000       0.6001
 343.000       0.6261
 344.000       0.6972
 345.000       0.8129
 346.000       0.9129
 347.000       0.8059
 348.000       0.7780
 349.000       0.8573
 350.000       1.0017
 351.000       0.9507
 352.000       0.7982
 353.000       0.7775
 354.000       0.7373
 355.000       0.6808
 356.000       0.7379
 357.000       0.6961
 358.000       0.6052
 359.000       0.6482
 360.000       0.6620
 361.000       0.6008
 362.000       0.5632
 363.000       0.5505
 364.000       0.5702
 365.000       0.5644
 366.000       0.5717
 367.000       0.5343
 368.000       0.5372
 369.000       0.5819
 370.000       0.6547
 371.000       0.7184
 372.000       1.1210
 373.000       0.9579
 374.000       0.7908
 375.000       0.7225
 376.000       0.7582
 377.000       0.8075
 378.000       0.6915
 379.000       0.6147
 380.000       0.6157
 381.000       0.6910
 382.000       0.7799
 383.000       0.7516
 384.000       0.9118
 385.000       1.2130
 386.000       1.3331
 387.000       1.3472
 388.000       1.2505
 389.000       1.3115
 390.000       1.3724
 391.000       2.2826
 392.000       1.5062
 393.000       1.4485
 394.000       1.2976
 395.000       1.2271
 396.000       1.1310
 397.000       0.9658
 398.000       0.8766
 399.000       0.8905
 400.000       0.8206
 401.000       0.7367
 402.000       0.6963
 403.000       0.7245
 404.000       0.7341
 405.000       0.6759
 406.000       0.6820
 407.000       0.7149
 408.000       0.7184
 409.000       0.6635
 410.000       0.6182
 411.000       0.7359
 412.000       0.8300
 413.000       0.7127
 414.000       0.7200
 415.000       0.7677
 416.000       0.7171
 417.000       0.7992
 418.000       0.7677
 419.000       0.8029
 420.000       0.7780
 421.000       0.8211
 422.000       0.7204
 423.000       0.6059
 424.000       0.6292
 425.000       0.6220
 426.000       0.6588
 427.000       0.8943
 428.000       0.9237
 429.000       0.8055
 430.000       0.7962
 431.000       1.2041
 432.000       2.0878
 433.000       2.2106
 434.000       1.7843
 435.000       1.4614
 436.000       1.1462
 437.000       0.9250
 438.000       0.7446
 439.000       0.7640
 440.000       0.6965
 441.000       0.6733
 442.000       0.6862
 443.000       0.6609
 444.000       0.6617
 445.000       0.7086
 446.000       0.7825
 447.000       0.8036
 448.000       0.7515
 449.000       0.7827
 450.000       0.8782
 451.000       0.9570
 452.000       0.9423
 453.000       0.9415
 454.000       0.9383
 455.000       1.0433
 456.000       0.9949
 457.000       0.8576
 458.000       0.9010
 459.000       1.0214
 460.000       0.9672
 461.000       0.8234
 462.000       0.9696
 463.000       1.2079
 464.000       1.1690
 465.000       1.2266
 466.000       1.3076
 467.000       1.2261
 468.000       1.1320
 469.000       1.2133
 470.000       1.1860
 471.000       1.1137
 472.000       0.9773
 473.000       0.8149
 474.000       0.8738
 475.000       0.9278
 476.000       0.7476
 477.000       0.7596
 478.000       0.9141
 479.000       0.8917
 480.000       0.8462
 481.000       0.8455
 482.000       0.9222
 483.000       0.8970
 484.000       0.7509
 485.000       0.7833
 486.000       0.8959
 487.000       0.8043
 488.000       0.7507
 489.000       0.8656
 490.000       0.8498
 491.000       0.7353
 492.000       0.7785
 493.000       0.8541
 494.000       0.8627
 495.000       0.9103
 496.000       0.9672
 497.000       1.2952
 498.000       1.1817
 499.000       1.0235
 500.000       1.0618
 501.000       1.0435
 502.000       1.4409
 503.000       1.9211
 504.000       1.3868
 505.000       1.2998
 506.000       0.9784
 507.000       1.0844
 508.000       1.1919
 509.000       1.0857
 510.000       0.8456
 511.000       0.8934
 512.000       0.9190
 513.000       0.7764
 514.000       0.7236
 515.000       0.7665
 516.000       0.7102
 517.000       0.7549
 518.000       0.8378
 519.000       0.7273
 520.000       0.8231
 521.000       0.8547
 522.000       0.7696
 523.000       0.7260
 524.000       0.8000
 525.000       0.7635
 526.000       0.8853
 527.000       1.0296
 528.000       0.8802
 529.000       1.0467
 530.000       1.3556
 531.000       1.4138
 532.000       1.4177
 533.000       1.7160
 534.000       1.9889
 535.000       2.1625
 536.000       2.3180
 537.000       2.8847
 538.000       3.0383
 539.000       3.4591
 540.000       3.1983
 541.000       2.8279
 542.000       3.0491
 543.000       3.0929
 544.000       2.5653
 545.000       2.4267
 546.000       2.8937
 547.000       2.7758
 548.000       2.2809
 549.000       2.5412
 550.000       3.1913
 551.000       3.8068
 588.000      52.1755
