#Res        AtomicFlx
   1.000       4.7968
   2.000       3.4181
   3.000       5.0585
   4.000       1.7055
   5.000       1.6092
   6.000       1.7229
   7.000       1.6258
   8.000       1.6108
   9.000       1.4794
  10.000       0.9123
  11.000       0.9135
  12.000       1.1557
  13.000       0.8420
  14.000       0.5879
  15.000       0.7080
  16.000       0.5812
  17.000       0.7393
  18.000       0.5912
  19.000       0.6102
  20.000       0.5269
  21.000       0.8713
  22.000       0.6037
  23.000       0.5328
  24.000       0.9958
  25.000       1.2318
  26.000       0.9128
  27.000       0.6191
  28.000       0.6769
  29.000       0.8608
  30.000       0.7783
  31.000       0.8712
  32.000       1.4904
  33.000       1.6681
  34.000       0.7473
  35.000       0.9891
  36.000       0.8487
  37.000       0.7917
  38.000       0.8534
  39.000       0.6933
  40.000       0.9411
  41.000       1.2227
  42.000       0.6820
  43.000       0.6028
  44.000       1.7800
  45.000       0.8646
  46.000       0.6642
  47.000       0.7525
  48.000       1.1151
  49.000       1.0976
  50.000       0.8243
  51.000       0.5563
  52.000       0.7108
  53.000       0.6382
  54.000       1.0441
  55.000       0.9021
  56.000       0.8211
  57.000       0.9091
  58.000       0.6052
  59.000       0.9020
  60.000       0.6680
  61.000       1.0535
  62.000       0.6284
  63.000       0.9701
  64.000       1.2566
  65.000       1.1932
  66.000       0.9737
  67.000       1.1977
  68.000       0.7311
  69.000       0.7582
  70.000       0.7989
  71.000       0.6776
  72.000       0.8261
  73.000       0.9182
  74.000       2.9736
  75.000       2.3991
  76.000       1.2190
  77.000       1.0431
  78.000       1.1525
  79.000       1.1952
  80.000       0.9161
  81.000       0.6321
  82.000       0.8112
  83.000       0.6111
  84.000       0.8611
  85.000       0.6580
  86.000       1.0770
  87.000       0.7003
  88.000       0.8785
  89.000       1.1105
  90.000       0.8204
  91.000       0.7979
  92.000       0.8090
  93.000       1.2999
  94.000       0.8476
  95.000       1.1581
  96.000       1.1687
  97.000       1.1355
  98.000       1.0343
  99.000       0.8344
 100.000       0.7727
 101.000       0.8571
 102.000       0.5552
 103.000       0.7899
 104.000       0.5674
 105.000       0.8613
 106.000       0.9107
 107.000       0.7908
 108.000       0.6346
 109.000       0.8491
 110.000       0.7753
 111.000       0.7918
 112.000       0.9157
 113.000       1.0602
 114.000       1.9130
 115.000       1.7618
 116.000       0.9926
 117.000       0.9358
 118.000       0.9832
 119.000       1.0077
 120.000       1.9719
 121.000       1.1499
 122.000       1.4146
 123.000       1.1126
 124.000       1.3768
 125.000       1.1137
 126.000       1.0945
 127.000       2.1228
 128.000       2.0147
 129.000       1.6942
 130.000       1.2198
 131.000       1.4920
 132.000       1.2840
 133.000       1.7418
 134.000       2.0695
 135.000       1.8509
 136.000       1.5327
 137.000       1.8413
 138.000       1.6967
 139.000       1.6860
 140.000       1.9349
 141.000       2.1741
 142.000       1.6790
 143.000       1.5997
 144.000       2.2006
 145.000       1.7723
 146.000       1.3465
 147.000       1.0487
 148.000       1.0648
 149.000       0.9493
 150.000       1.2188
 151.000       1.0596
 152.000       1.2982
 153.000       1.5221
 154.000       2.4161
 155.000       2.9625
 156.000       3.2261
 157.000       3.7243
 158.000       4.8649
 159.000       3.5842
 160.000       3.5615
 161.000       2.2371
 162.000       2.0680
 163.000       1.0221
 164.000       0.9505
 165.000       0.8018
 166.000       0.7627
 167.000       1.0608
 168.000       0.9365
 169.000       0.7150
 170.000       0.8641
 171.000       1.5823
 172.000       0.9137
 173.000       1.1336
 174.000       0.9036
 175.000       1.2303
 176.000       1.1851
 177.000       1.1943
 178.000       0.9139
 179.000       1.1937
 180.000       1.3149
 181.000       1.0486
 182.000       1.1642
 183.000       1.4306
 184.000       1.6171
 185.000       0.9557
 186.000       1.5371
 187.000       1.3173
 188.000       1.6791
 189.000       1.1623
 190.000       0.8695
 191.000       1.0845
 192.000       0.9404
 193.000       0.6329
 194.000       0.5828
 195.000       0.7020
 196.000       0.6042
 197.000       0.8283
 198.000       0.7662
 199.000       0.7015
 200.000       0.8773
 201.000       0.8909
 202.000       0.9888
 203.000       1.0432
 204.000       1.1149
 205.000       1.1558
 206.000       1.0830
 207.000       1.1800
 208.000       1.7317
 209.000       0.9961
 210.000       1.5339
 211.000       1.8754
 212.000       0.9427
 213.000       0.9829
 214.000       1.0180
 215.000       1.4984
 216.000       0.8934
 217.000       0.8434
 218.000       2.1813
 219.000       1.0845
 220.000       0.6731
 221.000       0.7728
 222.000       0.8257
 223.000       1.1954
 224.000       0.6359
 225.000       0.7724
 226.000       0.7721
 227.000       0.7428
 228.000       0.8847
 229.000       0.6710
 230.000       1.0122
 231.000       0.7682
 232.000       1.0909
 233.000       1.1063
 234.000       1.0457
 235.000       0.7818
 236.000       1.3339
 237.000       1.2925
 238.000       0.8952
 239.000       1.2870
 240.000       0.8439
 241.000       0.8042
 242.000       1.8462
 243.000       1.1245
 244.000       0.7814
 245.000       1.1548
 246.000       1.2158
 247.000       1.8316
 248.000       1.1609
 249.000       1.2405
 250.000       1.0547
 251.000       1.0105
 252.000       1.3846
 253.000       1.7857
 254.000       1.5533
 255.000       1.0695
 256.000       1.2707
 257.000       1.5138
 258.000       1.1067
 259.000       0.8730
 260.000       1.4432
 261.000       0.7569
 262.000       0.7830
 263.000       0.6011
 264.000       0.6668
 265.000       0.6175
 266.000       0.6232
 267.000       0.6950
 268.000       0.5721
 269.000       0.9501
 270.000       0.8861
 271.000       0.9471
 272.000       0.6094
 273.000       0.7674
 274.000       0.6352
 275.000       0.6451
 276.000       0.6944
 277.000       0.6698
 278.000       0.6603
 279.000       0.7666
 280.000       0.9964
 281.000       0.7088
 282.000       0.8718
 283.000       1.0638
 284.000       0.7812
 285.000       0.7928
 286.000       1.4647
 287.000       1.1556
 288.000       1.9868
 289.000       2.0356
 290.000       1.8586
 291.000       1.5394
 292.000       1.3921
 293.000       1.0025
 294.000       1.2982
 295.000       1.7163
 296.000       0.9112
 297.000       0.6292
 298.000       0.7429
 299.000       0.9431
 300.000       0.6464
 301.000       0.6408
 302.000       1.1351
 303.000       0.6198
 304.000       0.5375
 305.000       0.7418
 306.000       0.6641
 307.000       0.5724
 308.000       0.5343
 309.000       0.7531
 310.000       0.9094
 311.000       0.6349
 312.000       0.6219
 313.000       1.0711
 314.000       0.7313
 315.000       0.8528
 316.000       1.1371
 317.000       0.6904
 318.000       1.1813
 319.000       1.2251
 320.000       0.8324
 321.000       1.0581
 322.000       1.1529
 323.000       1.1700
 324.000       1.4714
 325.000       1.1961
 326.000       1.1486
 327.000       1.2728
 328.000       1.4963
 329.000       2.1620
 330.000       1.9720
 331.000       2.1582
 332.000       2.8370
 333.000       2.9151
 334.000       2.0515
 335.000       2.1249
 336.000       2.4149
 337.000       1.1655
 338.000       1.0277
 339.000       0.8828
 340.000       1.0243
 341.000       0.7908
 342.000       0.8053
 343.000       0.7325
 344.000       0.7585
 345.000       0.9036
 346.000       0.6875
 347.000       0.9479
 348.000       0.7186
 349.000       0.8542
 350.000       1.1022
 351.000       0.8970
 352.000       0.9771
 353.000       0.8940
 354.000       1.1327
 355.000       1.1911
 356.000       0.8360
 357.000       0.9004
 358.000       0.6752
 359.000       0.7430
 360.000       0.9924
 361.000       0.8916
 362.000       0.5925
 363.000       0.6560
 364.000       0.9584
 365.000       0.7367
 366.000       0.9817
 367.000       0.6690
 368.000       0.7368
 369.000       0.8009
 370.000       0.5854
 371.000       0.9009
 372.000       0.6170
 373.000       0.8600
 374.000       0.8300
 375.000       1.1735
 376.000       0.8875
 377.000       1.1792
 378.000       0.8662
 379.000       1.0062
 380.000       0.6704
 381.000       0.8093
 382.000       0.8246
 383.000       1.0436
 384.000       0.7652
 385.000       0.9190
 386.000       0.9525
 387.000       1.1649
 388.000       1.0214
 389.000       1.2055
 390.000       1.5272
 391.000       1.9209
 392.000       2.0244
 393.000       2.6070
 394.000       1.1882
 395.000       1.4968
 396.000       1.6086
 397.000       1.4405
 398.000       1.3032
 399.000       1.0889
 400.000       1.5256
 401.000       0.8499
 402.000       0.7584
 403.000       0.9123
 404.000       0.7004
 405.000       0.7895
 406.000       0.7064
 407.000       0.8788
 408.000       0.7731
 409.000       0.6552
 410.000       1.0058
 411.000       1.1717
 412.000       1.1241
 413.000       0.6634
 414.000       0.9496
 415.000       0.8319
 416.000       0.9485
 417.000       0.7631
 418.000       0.6816
 419.000       0.9696
 420.000       0.7754
 421.000       0.7918
 422.000       1.0076
 423.000       0.8578
 424.000       0.9148
 425.000       1.1172
 426.000       1.3400
 427.000       1.1986
 428.000       1.0700
 429.000       0.9897
 430.000       1.2585
 431.000       0.9894
 432.000       0.8947
 433.000       1.0002
 434.000       1.1149
 435.000       1.3884
 436.000       0.8918
 437.000       1.0919
 438.000       0.9097
 439.000       0.7758
 440.000       0.9694
 441.000       0.9111
 442.000       0.9117
 443.000       0.8549
 444.000       1.1444
 445.000       1.0539
 446.000       1.0699
 447.000       0.8786
 448.000       1.1496
 449.000       1.0347
 450.000       1.1752
 451.000       1.1372
 452.000       1.3627
 453.000       0.9584
 454.000       1.2871
 455.000       2.1800
 456.000       1.1493
 457.000       1.0950
 458.000       1.3350
 459.000       1.4782
 460.000       1.2143
 461.000       1.1295
 462.000       1.3167
 463.000       1.9395
 464.000       1.3333
 465.000       1.3737
 466.000       1.3390
 467.000       1.7103
 468.000       1.2222
 469.000       1.1589
 470.000       1.1908
 471.000       1.3043
 472.000       1.2665
 473.000       1.2078
 474.000       1.0868
 475.000       1.1449
 476.000       0.6953
 477.000       0.7216
 478.000       1.6610
 479.000       1.5447
 480.000       0.7948
 481.000       0.7831
 482.000       0.7269
 483.000       0.6979
 484.000       0.7766
 485.000       0.8389
 486.000       1.6116
 487.000       0.9722
 488.000       0.7543
 489.000       0.8652
 490.000       0.8668
 491.000       1.1289
 492.000       0.8855
 493.000       1.1104
 494.000       1.3097
 495.000       1.5049
 496.000       1.2956
 497.000       1.9590
 498.000       1.3199
 499.000       1.3423
 500.000       1.1771
 501.000       1.1750
 502.000       1.6833
 503.000       2.3830
 504.000       1.3161
 505.000       1.6377
 506.000       1.2736
 507.000       1.2248
 508.000       1.3235
 509.000       1.2638
 510.000       1.1331
 511.000       1.3180
 512.000       1.2469
 513.000       1.2451
 514.000       1.0590
 515.000       1.9635
 516.000       1.3764
 517.000       1.2076
 518.000       1.1809
 519.000       1.5860
 520.000       1.0887
 521.000       1.0894
 522.000       1.0986
 523.000       1.2953
 524.000       0.8851
 525.000       1.0023
 526.000       1.0724
 527.000       1.4990
 528.000       1.5746
 529.000       1.0860
 530.000       1.7483
 531.000       1.6099
 532.000       1.6589
 533.000       1.4260
 534.000       1.5608
 535.000       1.9816
 536.000       1.9814
 537.000       2.8321
 538.000       2.6687
 539.000       2.8516
 540.000       2.7898
 541.000       2.4443
 542.000       2.5337
 543.000       2.4529
 544.000       2.1328
 545.000       1.8541
 546.000       2.1302
 547.000       1.9384
 548.000       1.4555
 549.000       1.7545
 550.000       2.7087
 551.000       3.9798
 552.000       2.8574
 553.000       1.7239
 554.000      49.7186
 555.000       0.5277
 556.000       0.4798
 557.000      50.5620
 558.000      51.0676
 559.000      51.3522
 560.000      50.7980
 561.000      51.7178
 562.000      51.0276
 563.000      51.5207
 564.000      49.5978
 565.000      51.3887
 566.000      51.5192
 567.000      50.7165
 568.000      52.5908
 569.000      50.0742
 570.000      52.2219
 571.000      51.0356
 572.000      52.7560
 573.000      52.3757
 574.000      52.9433
 575.000      51.9270
 576.000      51.4405
 577.000      51.8737
 578.000      52.5123
 579.000      51.9328
 580.000      52.6570
 581.000      51.7496
 582.000      51.2058
 583.000      52.0958
 584.000      51.3411
 585.000      51.5256
 586.000      53.1000
 587.000      52.0981
 588.000      51.5769
 589.000      51.8001
 590.000      53.1521
 591.000      52.0882
 592.000      52.5236
 593.000      51.3532
 594.000      50.8478
 595.000      51.4376
 596.000      51.6500
 597.000      51.6334
 598.000      50.2431
 599.000       0.5835
 600.000      52.3670
 601.000      53.4299
 602.000      52.8828
 603.000      52.0149
 604.000      51.8957
 605.000      52.3243
 606.000      52.9850
 607.000      52.7881
 608.000      52.3533
 609.000      52.5652
 610.000      52.4360
 611.000      52.3650
 612.000      51.5372
 613.000      51.5835
 614.000      52.9925
 615.000      52.7468
 616.000      52.2602
 617.000      53.0866
 618.000      52.8795
 619.000      52.9188
 620.000      52.9358
 621.000      52.7800
 622.000      52.9857
 623.000      52.6593
 624.000      52.6677
 625.000      53.0576
 626.000      52.4699
 627.000      53.6236
 628.000      52.7422
 629.000      51.9535
 630.000      52.4339
 631.000      52.8646
 632.000      53.0028
 633.000      52.7059
 634.000      53.1275
 635.000      53.0440
 636.000      52.7452
 637.000      52.3216
 638.000      52.9090
 639.000      53.1875
 640.000      52.5130
 641.000      52.8126
 642.000      52.3471
 643.000      52.0449
 644.000      52.6690
 645.000      53.0025
