#Res        AtomicFlx
   1.000       4.4523
   2.000       2.8016
   3.000       4.0047
   4.000       3.0443
   5.000       2.3830
   6.000       2.7894
   7.000       2.1287
   8.000       1.7530
   9.000       1.5503
  10.000       1.5490
  11.000       1.1928
  12.000       1.2961
  13.000       1.0276
  14.000       0.9551
  15.000       0.9802
  16.000       0.8830
  17.000       0.8719
  18.000       0.8882
  19.000       1.0134
  20.000       0.7252
  21.000       1.0045
  22.000       0.8230
  23.000       0.6975
  24.000       1.1182
  25.000       1.4420
  26.000       1.4658
  27.000       0.7188
  28.000       0.7640
  29.000       0.8877
  30.000       0.8292
  31.000       0.7386
  32.000       0.9451
  33.000       1.4140
  34.000       0.8021
  35.000       0.8060
  36.000       0.7575
  37.000       0.7685
  38.000       0.8409
  39.000       0.7238
  40.000       0.9764
  41.000       1.2131
  42.000       0.7563
  43.000       0.6581
  44.000       1.8276
  45.000       0.9385
  46.000       0.7745
  47.000       0.8180
  48.000       1.3348
  49.000       1.4167
  50.000       1.1533
  51.000       0.8298
  52.000       0.8658
  53.000       0.9793
  54.000       1.2797
  55.000       1.1779
  56.000       1.2292
  57.000       1.3910
  58.000       1.3374
  59.000       1.2068
  60.000       1.0287
  61.000       1.3905
  62.000       0.9396
  63.000       0.9263
  64.000       1.1528
  65.000       1.2270
  66.000       2.2825
  67.000       2.3379
  68.000       1.9852
  69.000       1.8113
  70.000       1.7255
  71.000       1.2699
  72.000       1.3267
  73.000       1.4998
  74.000       3.4372
  75.000       2.1229
  76.000       1.3643
  77.000       1.5212
  78.000       2.0651
  79.000       2.0994
  80.000       1.1040
  81.000       0.6733
  82.000       0.8314
  83.000       0.7804
  84.000       1.1803
  85.000       0.7034
  86.000       1.1465
  87.000       1.3561
  88.000       0.8715
  89.000       1.0831
  90.000       1.0361
  91.000       1.0324
  92.000       1.0891
  93.000       1.1781
  94.000       0.9661
  95.000       1.1780
  96.000       1.2170
  97.000       1.2240
  98.000       1.0542
  99.000       0.9929
 100.000       1.0599
 101.000       0.9165
 102.000       1.0299
 103.000       0.9017
 104.000       0.7215
 105.000       0.9601
 106.000       1.0374
 107.000       0.8895
 108.000       0.7446
 109.000       1.0178
 110.000       0.7924
 111.000       0.9333
 112.000       1.0187
 113.000       0.9410
 114.000       1.8955
 115.000       1.1706
 116.000       0.9463
 117.000       0.8969
 118.000       1.2524
 119.000       1.0631
 120.000       1.3529
 121.000       1.8911
 122.000       1.5670
 123.000       1.1294
 124.000       1.7444
 125.000       1.5882
 126.000       2.0120
 127.000       3.7934
 128.000       3.9225
 129.000       3.6973
 130.000       3.2431
 131.000       4.6388
 132.000       5.3343
 133.000       5.9260
 134.000       4.9661
 135.000       8.5828
 136.000       9.2338
 137.000       9.8763
 138.000       7.1284
 139.000       6.1363
 140.000       7.9700
 141.000       6.5482
 142.000       4.0652
 143.000       3.6727
 144.000       4.6032
 145.000       2.6454
 146.000       2.1768
 147.000       1.9020
 148.000       2.0742
 149.000       2.5053
 150.000       2.6989
 151.000       1.9173
 152.000       3.7308
 153.000       4.4453
 154.000       5.2375
 155.000       6.5927
 156.000       6.2716
 157.000       7.3686
 158.000       7.3817
 159.000       5.3572
 160.000       5.2167
 161.000       4.6215
 162.000       4.1589
 163.000       2.0888
 164.000       1.2341
 165.000       1.0796
 166.000       1.0050
 167.000       1.2914
 168.000       1.3079
 169.000       1.0075
 170.000       0.9997
 171.000       1.9142
 172.000       1.1348
 173.000       1.2563
 174.000       0.9459
 175.000       1.0400
 176.000       1.3208
 177.000       1.3767
 178.000       1.2305
 179.000       1.4364
 180.000       1.4102
 181.000       1.1652
 182.000       1.2402
 183.000       1.7092
 184.000       1.5403
 185.000       1.0780
 186.000       1.5040
 187.000       1.0223
 188.000       1.1144
 189.000       1.1923
 190.000       0.9234
 191.000       1.0795
 192.000       0.8787
 193.000       0.7134
 194.000       0.6941
 195.000       0.8005
 196.000       0.6700
 197.000       0.8458
 198.000       0.7540
 199.000       0.6999
 200.000       0.9752
 201.000       0.9205
 202.000       0.8217
 203.000       0.9226
 204.000       1.2954
 205.000       1.3620
 206.000       1.3616
 207.000       1.6710
 208.000       2.2378
 209.000       2.1338
 210.000       2.8698
 211.000       3.4698
 212.000       2.4277
 213.000       1.7001
 214.000       1.6407
 215.000       1.9118
 216.000       1.0947
 217.000       1.4961
 218.000       2.2075
 219.000       1.6861
 220.000       1.0503
 221.000       0.9007
 222.000       1.0258
 223.000       1.3744
 224.000       0.7694
 225.000       0.7072
 226.000       0.9419
 227.000       0.9398
 228.000       0.9433
 229.000       0.7921
 230.000       1.0656
 231.000       0.9371
 232.000       1.1366
 233.000       0.9233
 234.000       1.1092
 235.000       0.8009
 236.000       1.2617
 237.000       1.3128
 238.000       1.1221
 239.000       1.5586
 240.000       1.0571
 241.000       0.9640
 242.000       2.0069
 243.000       1.2667
 244.000       0.8056
 245.000       1.0542
 246.000       1.2715
 247.000       0.9664
 248.000       0.7417
 249.000       0.9821
 250.000       0.9916
 251.000       1.0134
 252.000       1.4589
 253.000       1.8081
 254.000       1.5906
 255.000       1.1820
 256.000       1.3420
 257.000       1.6610
 258.000       1.4604
 259.000       1.0224
 260.000       1.7377
 261.000       0.9121
 262.000       0.8782
 263.000       0.7331
 264.000       0.9156
 265.000       0.7076
 266.000       0.7256
 267.000       0.8057
 268.000       0.6894
 269.000       0.8478
 270.000       0.6984
 271.000       1.8246
 272.000       0.8305
 273.000       1.0080
 274.000       0.8168
 275.000       1.1178
 276.000       0.9680
 277.000       1.0947
 278.000       0.8897
 279.000       0.7095
 280.000       1.0626
 281.000       0.9507
 282.000       0.8446
 283.000       1.1122
 284.000       1.0748
 285.000       1.2272
 286.000       1.3977
 287.000       1.1344
 288.000       1.5715
 289.000       1.2949
 290.000       1.2824
 291.000       1.1235
 292.000       1.1634
 293.000       1.1503
 294.000       1.3533
 295.000       1.7291
 296.000       0.8821
 297.000       0.8770
 298.000       0.8227
 299.000       0.9643
 300.000       0.8412
 301.000       0.6601
 302.000       1.0175
 303.000       0.7085
 304.000       0.6595
 305.000       0.9621
 306.000       0.6928
 307.000       0.6613
 308.000       0.5777
 309.000       0.7503
 310.000       0.9642
 311.000       0.7073
 312.000       0.6493
 313.000       1.0735
 314.000       0.8203
 315.000       0.8286
 316.000       0.9468
 317.000       0.8199
 318.000       1.0216
 319.000       1.0395
 320.000       0.9322
 321.000       0.9764
 322.000       1.3598
 323.000       1.1387
 324.000       1.4630
 325.000       1.6778
 326.000       1.5218
 327.000       1.2880
 328.000       1.3570
 329.000       1.4187
 330.000       1.0933
 331.000       1.1137
 332.000       2.1308
 333.000       1.2133
 334.000       1.0179
 335.000       1.1651
 336.000       1.5547
 337.000       0.9981
 338.000       1.0245
 339.000       0.9339
 340.000       1.2680
 341.000       0.9131
 342.000       0.9145
 343.000       1.0079
 344.000       1.0467
 345.000       1.2147
 346.000       0.9993
 347.000       1.2933
 348.000       1.1298
 349.000       1.1107
 350.000       1.0841
 351.000       1.3889
 352.000       1.0750
 353.000       1.0116
 354.000       1.1592
 355.000       0.9317
 356.000       0.9842
 357.000       1.5349
 358.000       1.0997
 359.000       1.0295
 360.000       1.1650
 361.000       1.1173
 362.000       0.8654
 363.000       0.8777
 364.000       1.0803
 365.000       0.9905
 366.000       1.1389
 367.000       0.7730
 368.000       0.9187
 369.000       1.1350
 370.000       0.7808
 371.000       1.0612
 372.000       0.6738
 373.000       0.8584
 374.000       0.8387
 375.000       1.2862
 376.000       0.7674
 377.000       0.9571
 378.000       0.8362
 379.000       1.0240
 380.000       0.8042
 381.000       0.8770
 382.000       0.8851
 383.000       1.1163
 384.000       0.9148
 385.000       1.2857
 386.000       1.5488
 387.000       1.6757
 388.000       1.4904
 389.000       1.6190
 390.000       1.6415
 391.000       2.1230
 392.000       2.3465
 393.000       2.6282
 394.000       1.5574
 395.000       1.7282
 396.000       1.8539
 397.000       1.5719
 398.000       1.4093
 399.000       1.2143
 400.000       1.9077
 401.000       0.8900
 402.000       0.7790
 403.000       0.9959
 404.000       0.7523
 405.000       0.8210
 406.000       0.7633
 407.000       0.9029
 408.000       0.8775
 409.000       0.7566
 410.000       1.0781
 411.000       1.2671
 412.000       1.3363
 413.000       0.8003
 414.000       1.0560
 415.000       1.0503
 416.000       1.0584
 417.000       0.9582
 418.000       0.8605
 419.000       1.1533
 420.000       1.0014
 421.000       0.9611
 422.000       1.0946
 423.000       0.8703
 424.000       0.9872
 425.000       1.0992
 426.000       1.1219
 427.000       1.2090
 428.000       1.3212
 429.000       1.1305
 430.000       1.2258
 431.000       1.3072
 432.000       1.6455
 433.000       1.2524
 434.000       1.2114
 435.000       1.5933
 436.000       0.9639
 437.000       1.0023
 438.000       0.8865
 439.000       0.8342
 440.000       0.9099
 441.000       0.7167
 442.000       0.9628
 443.000       1.0404
 444.000       1.1181
 445.000       1.0344
 446.000       1.0364
 447.000       0.9611
 448.000       1.2326
 449.000       1.5263
 450.000       1.3688
 451.000       1.2107
 452.000       1.3743
 453.000       0.9859
 454.000       1.7867
 455.000       2.2521
 456.000       1.2901
 457.000       1.4017
 458.000       1.4100
 459.000       1.6541
 460.000       1.1846
 461.000       1.1104
 462.000       1.4461
 463.000       2.0094
 464.000       1.2388
 465.000       1.3847
 466.000       1.4509
 467.000       1.9642
 468.000       1.3944
 469.000       1.3507
 470.000       1.3721
 471.000       1.5211
 472.000       1.3204
 473.000       1.3829
 474.000       1.7430
 475.000       1.3763
 476.000       1.0478
 477.000       1.2532
 478.000       1.8282
 479.000       1.6638
 480.000       1.0720
 481.000       1.0467
 482.000       1.0841
 483.000       0.9421
 484.000       0.9687
 485.000       1.0915
 486.000       1.5917
 487.000       1.0897
 488.000       0.8405
 489.000       0.9793
 490.000       0.9648
 491.000       1.0807
 492.000       1.0142
 493.000       1.0674
 494.000       1.2487
 495.000       1.3664
 496.000       1.3141
 497.000       1.9958
 498.000       1.4517
 499.000       1.2599
 500.000       1.2804
 501.000       1.4514
 502.000       2.0414
 503.000       2.4609
 504.000       1.4484
 505.000       1.8026
 506.000       1.0485
 507.000       1.0993
 508.000       1.1597
 509.000       1.1884
 510.000       0.9754
 511.000       1.0595
 512.000       1.0522
 513.000       1.1292
 514.000       0.8197
 515.000       1.5030
 516.000       1.3885
 517.000       1.2830
 518.000       0.9153
 519.000       1.3839
 520.000       0.7897
 521.000       0.7508
 522.000       1.0366
 523.000       1.2910
 524.000       1.0299
 525.000       0.9577
 526.000       0.9845
 527.000       1.5929
 528.000       1.1928
 529.000       1.2625
 530.000       1.9567
 531.000       1.7881
 532.000       1.6988
 533.000       2.1015
 534.000       2.1773
 535.000       2.6465
 536.000       2.3152
 537.000       2.9593
 538.000       3.1824
 539.000       4.1505
 540.000       3.6469
 541.000       3.0738
 542.000       3.4673
 543.000       3.5569
 544.000       2.8023
 545.000       2.7761
 546.000       3.1403
 547.000       2.6158
 548.000       2.1404
 549.000       2.4688
 550.000       3.2252
 551.000       3.5622
 552.000       7.9539
 553.000       1.5282
 554.000      51.8372
 555.000       1.3184
 556.000       0.9043
 557.000      52.5174
 558.000      51.9704
 559.000      50.9416
 560.000      51.2221
 561.000      53.0316
 562.000      52.8215
 563.000      51.7001
 564.000      52.9062
 565.000      52.0171
 566.000      51.7389
 567.000      52.0717
 568.000      51.8413
 569.000      50.8246
 570.000      51.6708
 571.000      51.4599
 572.000      50.9447
 573.000      50.8937
 574.000      50.9018
 575.000      52.2494
 576.000      51.5468
 577.000      52.1960
 578.000      51.6429
 579.000      50.9200
 580.000      51.9575
 581.000      51.0390
 582.000      50.4749
 583.000      51.5410
 584.000      51.3730
 585.000      52.1753
 586.000      52.0130
 587.000      52.1689
 588.000      53.1558
 589.000      51.8527
 590.000      52.0113
 591.000      50.9137
 592.000      52.1468
 593.000      50.7064
 594.000      50.6864
 595.000      52.1996
 596.000      53.0292
 597.000      50.8504
 598.000      51.6900
 599.000       0.7078
 600.000      53.2003
 601.000      52.8395
 602.000      52.3709
 603.000      52.9409
 604.000      52.9214
 605.000      52.3100
 606.000      52.4190
 607.000      52.2219
 608.000      52.0276
 609.000      52.6679
 610.000      52.7666
 611.000      51.6791
 612.000      52.9723
 613.000      52.3809
 614.000      53.2446
 615.000      52.5315
 616.000      52.8488
 617.000      52.6670
 618.000      52.7821
 619.000      52.3606
 620.000      52.9549
 621.000      52.4014
 622.000      51.8993
 623.000      52.1708
 624.000      52.7148
 625.000      53.0399
 626.000      52.4524
 627.000      53.4039
 628.000      52.2841
 629.000      52.8869
 630.000      52.5870
 631.000      52.7589
 632.000      52.9410
 633.000      52.3027
 634.000      52.6012
 635.000      51.7727
 636.000      52.1467
 637.000      52.0501
 638.000      52.3585
 639.000      52.4719
 640.000      51.9878
 641.000      53.9984
 642.000      52.2357
 643.000      52.1066
 644.000      52.1614
 645.000      52.5985
