#Res        AtomicFlx
   1.000       2.4660
   2.000       1.8165
   3.000       1.8261
   4.000       1.0124
   5.000       1.3446
   6.000       1.5051
   7.000       1.3098
   8.000       1.4257
   9.000       1.2845
  10.000       0.9236
  11.000       0.8823
  12.000       1.1564
  13.000       0.8037
  14.000       0.6578
  15.000       0.8121
  16.000       0.7367
  17.000       0.7744
  18.000       0.6661
  19.000       0.7149
  20.000       0.6868
  21.000       1.1609
  22.000       0.9567
  23.000       0.6921
  24.000       1.1818
  25.000       1.6042
  26.000       1.4013
  27.000       0.6889
  28.000       0.7211
  29.000       0.8201
  30.000       0.7545
  31.000       0.6659
  32.000       0.8368
  33.000       1.8879
  34.000       0.7182
  35.000       0.7898
  36.000       0.7473
  37.000       0.7676
  38.000       0.8353
  39.000       0.6840
  40.000       0.9782
  41.000       1.8874
  42.000       0.7274
  43.000       0.6230
  44.000       1.5868
  45.000       0.9168
  46.000       0.7225
  47.000       0.8030
  48.000       1.1081
  49.000       1.1369
  50.000       0.8537
  51.000       0.5720
  52.000       0.7024
  53.000       0.5988
  54.000       0.9562
  55.000       0.9184
  56.000       0.7648
  57.000       0.9460
  58.000       0.8024
  59.000       0.9683
  60.000       0.6304
  61.000       0.9095
  62.000       0.6978
  63.000       0.9065
  64.000       1.7889
  65.000       1.4232
  66.000       1.1075
  67.000       1.3481
  68.000       0.9016
  69.000       1.0747
  70.000       0.9577
  71.000       0.7501
  72.000       1.0288
  73.000       0.8583
  74.000       2.2398
  75.000       1.4815
  76.000       1.2471
  77.000       1.6273
  78.000       1.2105
  79.000       1.3094
  80.000       0.8812
  81.000       0.6074
  82.000       0.7290
  83.000       0.5914
  84.000       0.9446
  85.000       0.6090
  86.000       1.0141
  87.000       1.2171
  88.000       0.7660
  89.000       1.0606
  90.000       1.0328
  91.000       1.0131
  92.000       1.0904
  93.000       1.3519
  94.000       1.0760
  95.000       1.3963
  96.000       1.2445
  97.000       1.4950
  98.000       1.2118
  99.000       0.9714
 100.000       1.0183
 101.000       0.9380
 102.000       1.0175
 103.000       0.8318
 104.000       0.6223
 105.000       0.9030
 106.000       1.0070
 107.000       0.5689
 108.000       0.6790
 109.000       1.0159
 110.000       0.7622
 111.000       0.8407
 112.000       0.9397
 113.000       0.9811
 114.000       1.6334
 115.000       1.1915
 116.000       0.8578
 117.000       0.8319
 118.000       0.8486
 119.000       0.9693
 120.000       1.4113
 121.000       1.1842
 122.000       2.0195
 123.000       1.2121
 124.000       1.4367
 125.000       1.2475
 126.000       1.1656
 127.000       1.6945
 128.000       2.8050
 129.000       2.9216
 130.000       2.0620
 131.000       2.8922
 132.000       2.1416
 133.000       2.3313
 134.000       2.3605
 135.000       2.7887
 136.000       3.3774
 137.000       3.5750
 138.000       2.7342
 139.000       3.2274
 140.000       3.9685
 141.000       3.9974
 142.000       3.3687
 143.000       2.8666
 144.000       3.9255
 145.000       2.1673
 146.000       1.8361
 147.000       1.4802
 148.000       1.7381
 149.000       1.6447
 150.000       1.2945
 151.000       1.2969
 152.000       1.9432
 153.000       1.8255
 154.000       2.3650
 155.000       3.3945
 156.000       3.6782
 157.000       4.9315
 158.000       6.3562
 159.000       5.7461
 160.000       5.0591
 161.000       6.2425
 162.000       4.5065
 163.000       2.8109
 164.000       1.4534
 165.000       0.8413
 166.000       0.8397
 167.000       1.0292
 168.000       0.9933
 169.000       0.6994
 170.000       0.7250
 171.000       1.2781
 172.000       0.8862
 173.000       1.0960
 174.000       0.8020
 175.000       0.9884
 176.000       1.2889
 177.000       1.1729
 178.000       1.1573
 179.000       1.3732
 180.000       1.3343
 181.000       1.0873
 182.000       1.2057
 183.000       1.7716
 184.000       2.0525
 185.000       1.2944
 186.000       1.7879
 187.000       1.4631
 188.000       0.9262
 189.000       1.2442
 190.000       0.8417
 191.000       1.0837
 192.000       0.9793
 193.000       0.6569
 194.000       0.6328
 195.000       0.7647
 196.000       0.6484
 197.000       0.8886
 198.000       0.7854
 199.000       0.7645
 200.000       1.0134
 201.000       1.0950
 202.000       0.9981
 203.000       0.9965
 204.000       1.0844
 205.000       1.1469
 206.000       1.0813
 207.000       1.3313
 208.000       1.8503
 209.000       1.1221
 210.000       1.7644
 211.000       2.1688
 212.000       1.0880
 213.000       0.9586
 214.000       0.8468
 215.000       1.5028
 216.000       0.9431
 217.000       0.9470
 218.000       1.3684
 219.000       1.1167
 220.000       0.9514
 221.000       0.9561
 222.000       0.9847
 223.000       1.2271
 224.000       0.7118
 225.000       0.6210
 226.000       0.8029
 227.000       0.8191
 228.000       0.8918
 229.000       0.6784
 230.000       1.0497
 231.000       0.8121
 232.000       1.0797
 233.000       0.9522
 234.000       0.9970
 235.000       0.8151
 236.000       1.2803
 237.000       1.3622
 238.000       1.0754
 239.000       1.4937
 240.000       0.9439
 241.000       0.8829
 242.000       1.7903
 243.000       1.1266
 244.000       0.6948
 245.000       0.9395
 246.000       1.1852
 247.000       0.8567
 248.000       0.6664
 249.000       0.9352
 250.000       0.9246
 251.000       0.9601
 252.000       1.4349
 253.000       1.7076
 254.000       1.5630
 255.000       1.0875
 256.000       1.2087
 257.000       1.5486
 258.000       1.2150
 259.000       0.8851
 260.000       1.5204
 261.000       0.7528
 262.000       0.8208
 263.000       0.6130
 264.000       0.6897
 265.000       0.6350
 266.000       0.6369
 267.000       0.6936
 268.000       0.5798
 269.000       0.7449
 270.000       0.6116
 271.000       1.0041
 272.000       0.5527
 273.000       0.8233
 274.000       0.7068
 275.000       0.8591
 276.000       1.5591
 277.000       1.6448
 278.000       0.8586
 279.000       0.7053
 280.000       1.0970
 281.000       0.9062
 282.000       0.7290
 283.000       0.9889
 284.000       0.8190
 285.000       0.8072
 286.000       1.3204
 287.000       1.0964
 288.000       1.8473
 289.000       1.5416
 290.000       1.5494
 291.000       1.4419
 292.000       1.7895
 293.000       1.2085
 294.000       1.1923
 295.000       2.1946
 296.000       0.9203
 297.000       0.7441
 298.000       0.7709
 299.000       0.9143
 300.000       0.7117
 301.000       0.7043
 302.000       0.9622
 303.000       0.6608
 304.000       0.5809
 305.000       0.7754
 306.000       0.6739
 307.000       0.6249
 308.000       0.5362
 309.000       0.7110
 310.000       0.8815
 311.000       0.6569
 312.000       0.5835
 313.000       1.1227
 314.000       0.6938
 315.000       0.6827
 316.000       0.8895
 317.000       0.6535
 318.000       0.8049
 319.000       1.0370
 320.000       0.6970
 321.000       0.7907
 322.000       0.8264
 323.000       0.8307
 324.000       1.1635
 325.000       1.1740
 326.000       1.2821
 327.000       1.0043
 328.000       1.1775
 329.000       1.2264
 330.000       1.0836
 331.000       0.9266
 332.000       1.9302
 333.000       1.1292
 334.000       0.8731
 335.000       1.0269
 336.000       1.2822
 337.000       0.9584
 338.000       0.8682
 339.000       0.6512
 340.000       0.9314
 341.000       0.7509
 342.000       0.6853
 343.000       0.6999
 344.000       0.6597
 345.000       0.5706
 346.000       0.6273
 347.000       0.9657
 348.000       0.6802
 349.000       0.8022
 350.000       0.8256
 351.000       0.8917
 352.000       1.0094
 353.000       0.8958
 354.000       1.2713
 355.000       0.8673
 356.000       0.7746
 357.000       1.1194
 358.000       0.8115
 359.000       0.7912
 360.000       1.0770
 361.000       0.9376
 362.000       0.6096
 363.000       0.6565
 364.000       1.0470
 365.000       0.8019
 366.000       1.0416
 367.000       0.7116
 368.000       0.9145
 369.000       1.0638
 370.000       0.7564
 371.000       1.1027
 372.000       0.7529
 373.000       0.9218
 374.000       1.0002
 375.000       1.2813
 376.000       0.9239
 377.000       1.1656
 378.000       0.9097
 379.000       1.0581
 380.000       0.7189
 381.000       0.9500
 382.000       0.8655
 383.000       0.8548
 384.000       0.9125
 385.000       1.2376
 386.000       1.3029
 387.000       1.2726
 388.000       1.2354
 389.000       1.5358
 390.000       2.2370
 391.000       3.4209
 392.000       2.7619
 393.000       3.4092
 394.000       2.2090
 395.000       2.4809
 396.000       2.0108
 397.000       1.4290
 398.000       1.6579
 399.000       1.1547
 400.000       1.4756
 401.000       0.9505
 402.000       0.8246
 403.000       0.9426
 404.000       0.7406
 405.000       0.8428
 406.000       0.7731
 407.000       0.8666
 408.000       0.8257
 409.000       0.7475
 410.000       1.0389
 411.000       1.2621
 412.000       1.3658
 413.000       0.8160
 414.000       1.0735
 415.000       0.9738
 416.000       1.1175
 417.000       1.0572
 418.000       0.9359
 419.000       1.1541
 420.000       0.9987
 421.000       0.9578
 422.000       1.0886
 423.000       0.8413
 424.000       1.0012
 425.000       1.1221
 426.000       1.2868
 427.000       1.1938
 428.000       1.2558
 429.000       1.2941
 430.000       1.4869
 431.000       1.3801
 432.000       1.5588
 433.000       1.5581
 434.000       1.4596
 435.000       1.5574
 436.000       1.0513
 437.000       1.1631
 438.000       0.8666
 439.000       0.8186
 440.000       0.8572
 441.000       0.8099
 442.000       0.9013
 443.000       0.9912
 444.000       0.9067
 445.000       0.7661
 446.000       0.8557
 447.000       0.7983
 448.000       1.0108
 449.000       0.9995
 450.000       1.2270
 451.000       1.0508
 452.000       0.9332
 453.000       0.8009
 454.000       1.5411
 455.000       2.5071
 456.000       1.0874
 457.000       1.0417
 458.000       1.2817
 459.000       1.3955
 460.000       1.2864
 461.000       1.5001
 462.000       1.4595
 463.000       2.1274
 464.000       1.7827
 465.000       1.8348
 466.000       1.4713
 467.000       1.7736
 468.000       1.1903
 469.000       1.2173
 470.000       1.0704
 471.000       1.1897
 472.000       1.2835
 473.000       1.1921
 474.000       1.2176
 475.000       0.9933
 476.000       0.6773
 477.000       0.7507
 478.000       1.1855
 479.000       1.2509
 480.000       0.9287
 481.000       1.0689
 482.000       0.8828
 483.000       0.8233
 484.000       0.9960
 485.000       0.9413
 486.000       1.5341
 487.000       1.0001
 488.000       0.7263
 489.000       0.8937
 490.000       0.8584
 491.000       0.7743
 492.000       0.9493
 493.000       0.9927
 494.000       1.1248
 495.000       1.2347
 496.000       1.1672
 497.000       1.8785
 498.000       1.3215
 499.000       1.3096
 500.000       1.1906
 501.000       1.2294
 502.000       1.8878
 503.000       2.5673
 504.000       1.5940
 505.000       1.6547
 506.000       0.9921
 507.000       1.0685
 508.000       1.1559
 509.000       1.1306
 510.000       0.9311
 511.000       1.1148
 512.000       1.0866
 513.000       1.1581
 514.000       0.7989
 515.000       1.8976
 516.000       1.3161
 517.000       1.1264
 518.000       0.8552
 519.000       1.2423
 520.000       0.7351
 521.000       0.7584
 522.000       1.0736
 523.000       1.0894
 524.000       0.8336
 525.000       0.8390
 526.000       0.8062
 527.000       1.3559
 528.000       0.9682
 529.000       0.8349
 530.000       1.6113
 531.000       1.6356
 532.000       1.2382
 533.000       1.3512
 534.000       1.3428
 535.000       1.8380
 536.000       1.2934
 537.000       1.7703
 538.000       1.7176
 539.000       2.3659
 540.000       2.1362
 541.000       1.9660
 542.000       2.2030
 543.000       2.2145
 544.000       1.7684
 545.000       1.7933
 546.000       2.0772
 547.000       1.5552
 548.000       1.3645
 549.000       1.7057
 550.000       2.3391
 551.000       2.6916
 552.000       3.2468
 553.000       2.7201
 554.000      45.3740
 555.000       0.5264
 556.000       1.1928
 557.000      52.1615
 558.000      50.8733
 559.000      52.1101
 560.000      50.7413
 561.000      52.1460
 562.000      52.8177
 563.000      52.4543
 564.000      52.0213
 565.000      51.0987
 566.000      52.0611
 567.000      50.8642
 568.000      52.9052
 569.000      50.7666
 570.000      51.5047
 571.000      50.4024
 572.000      50.3666
 573.000      52.0171
 574.000      51.3998
 575.000      51.5431
 576.000      51.3594
 577.000      49.9162
 578.000      50.9645
 579.000      51.4398
 580.000      49.9535
 581.000      51.6625
 582.000      51.0423
 583.000      51.3408
 584.000      50.7145
 585.000      51.2131
 586.000      52.3048
 587.000      52.4796
 588.000      50.5035
 589.000      51.8614
 590.000      52.7633
 591.000      51.6975
 592.000      50.5939
 593.000      52.5000
 594.000      51.1366
 595.000      51.6019
 596.000      51.0954
 597.000      50.8368
 598.000      51.3201
 599.000       0.6587
 600.000      51.0410
 601.000      52.6950
 602.000      52.1717
 603.000      52.2603
 604.000      51.9194
 605.000      52.0185
 606.000      52.1395
 607.000      52.3325
 608.000      52.6464
 609.000      52.3725
 610.000      52.1030
 611.000      52.8331
 612.000      52.1476
 613.000      53.2464
 614.000      51.9357
 615.000      52.6785
 616.000      52.8427
 617.000      52.1129
 618.000      52.2266
 619.000      52.2378
 620.000      52.3396
 621.000      51.0451
 622.000      52.4440
 623.000      51.2946
 624.000      52.2779
 625.000      52.8170
 626.000      52.3241
 627.000      52.5578
 628.000      52.5966
 629.000      52.3794
 630.000      53.0683
 631.000      52.4047
 632.000      52.3405
 633.000      51.3017
 634.000      51.3743
 635.000      53.2254
 636.000      52.8279
 637.000      52.6033
 638.000      52.1558
 639.000      52.4670
 640.000      52.8687
 641.000      52.1286
 642.000      52.8573
 643.000      52.9929
 644.000      52.4663
 645.000      51.5672
