#Res        AtomicFlx
   1.000       5.7358
   2.000       4.5909
   3.000       3.2986
   4.000       2.5341
   5.000       1.9259
   6.000       1.7031
   7.000       1.6282
   8.000       1.4042
   9.000       1.2423
  10.000       1.1859
  11.000       1.1482
  12.000       1.1270
  13.000       0.9615
  14.000       0.8257
  15.000       0.8547
  16.000       0.7333
  17.000       0.6173
  18.000       0.5946
  19.000       0.5967
  20.000       0.4975
  21.000       0.5365
  22.000       0.5432
  23.000       0.5831
  24.000       0.6678
  25.000       0.7357
  26.000       0.6620
  27.000       0.9278
  28.000       1.0738
  29.000       0.9476
  30.000       0.8304
  31.000       0.8944
  32.000       1.0505
  33.000       0.9251
  34.000       0.9222
  35.000       1.1527
  36.000       1.1646
  37.000       1.0284
  38.000       1.4934
  39.000       1.1567
  40.000       1.1135
  41.000       1.1818
  42.000       0.9125
  43.000       0.8506
  44.000       0.8959
  45.000       0.7458
  46.000       0.6452
  47.000       0.7305
  48.000       0.7191
  49.000       0.6129
  50.000       0.6126
  51.000       0.7497
  52.000       0.7935
  53.000       0.6852
  54.000       0.5899
  55.000       0.5620
  56.000       0.6109
  57.000       0.5841
  58.000       0.4929
  59.000       0.5100
  60.000       0.6145
  61.000       0.5669
  62.000       0.4909
  63.000       0.5986
  64.000       0.6781
  65.000       0.6105
  66.000       0.6553
  67.000       0.7580
  68.000       0.8492
  69.000       0.6916
  70.000       0.6456
  71.000       0.7111
  72.000       0.6877
  73.000       0.6153
  74.000       0.6921
  75.000       0.8217
  76.000       0.7950
  77.000       0.8362
  78.000       1.0458
  79.000       1.2039
  80.000       1.1914
  81.000       1.0969
  82.000       1.1118
  83.000       0.9284
  84.000       0.7408
  85.000       0.6809
  86.000       0.7047
  87.000       0.7070
  88.000       0.6352
  89.000       0.6495
  90.000       0.7416
  91.000       0.7412
  92.000       0.6904
  93.000       0.5819
  94.000       0.5700
  95.000       0.6153
  96.000       0.5337
  97.000       0.5221
  98.000       0.5607
  99.000       0.5663
 100.000       0.5691
 101.000       0.6117
 102.000       0.6348
 103.000       0.5954
 104.000       0.6263
 105.000       0.6374
 106.000       0.5955
 107.000       0.5907
 108.000       0.5995
 109.000       0.5815
 110.000       0.5739
 111.000       0.5572
 112.000       0.5810
 113.000       0.6295
 114.000       0.6434
 115.000       0.7045
 116.000       0.8366
 117.000       1.5498
 118.000       2.1810
 119.000       1.4677
 120.000       0.8604
 121.000       0.8050
 122.000       0.8215
 123.000       0.9476
 124.000       1.1511
 125.000       1.0656
 126.000       1.3473
 127.000       1.2502
 128.000       1.3418
 129.000       1.1295
 130.000       0.9918
 131.000       1.0370
 132.000       1.2646
 133.000       1.1949
 134.000       0.9552
 135.000       1.1505
 136.000       1.3484
 137.000       1.7001
 138.000       1.9898
 139.000       2.9819
 140.000       3.3875
 141.000       4.2998
 142.000       4.2541
 143.000       3.8216
 144.000       4.1638
 145.000       4.1141
 146.000       4.1594
 147.000       4.4442
 148.000       3.0798
 149.000       1.7639
 150.000       1.0384
 151.000       0.7957
 152.000       0.6835
 153.000       0.5747
 154.000       0.6149
 155.000       0.6189
 156.000       0.5685
 157.000       0.5587
 158.000       0.6691
 159.000       0.8606
 160.000       1.0164
 161.000       0.9590
 162.000       0.8689
 163.000       0.8241
 164.000       0.9016
 165.000       1.0236
 166.000       0.8678
 167.000       0.9188
 168.000       1.3043
 169.000       1.2879
 170.000       1.0165
 171.000       1.4278
 172.000       1.2254
 173.000       1.0885
 174.000       1.3591
 175.000       0.9522
 176.000       0.7907
 177.000       0.7250
 178.000       0.7850
 179.000       0.7411
 180.000       0.6258
 181.000       0.6608
 182.000       0.6826
 183.000       0.6245
 184.000       0.6129
 185.000       0.6641
 186.000       0.6927
 187.000       0.6532
 188.000       0.6633
 189.000       0.7307
 190.000       0.7117
 191.000       0.6963
 192.000       0.7371
 193.000       0.7806
 194.000       0.7916
 195.000       0.8938
 196.000       1.1795
 197.000       1.1845
 198.000       1.1697
 199.000       1.5724
 200.000       1.8686
 201.000       1.5069
 202.000       1.3649
 203.000       1.8380
 204.000       1.7499
 205.000       1.1589
 206.000       1.3706
 207.000       1.6465
 208.000       1.3473
 209.000       1.3880
 210.000       1.7621
 211.000       1.3935
 212.000       1.1992
 213.000       0.9570
 214.000       0.7301
 215.000       0.8043
 216.000       0.8779
 217.000       0.7840
 218.000       0.7390
 219.000       0.7417
 220.000       0.6779
 221.000       0.6929
 222.000       0.7132
 223.000       0.6848
 224.000       0.7118
 225.000       0.7797
 226.000       0.7905
 227.000       0.7975
 228.000       0.8478
 229.000       0.7887
 230.000       0.6932
 231.000       0.7075
 232.000       0.7246
 233.000       0.7692
 234.000       0.7441
 235.000       0.7724
 236.000       0.8647
 237.000       0.8853
 238.000       0.9805
 239.000       1.0394
 240.000       1.0641
 241.000       1.1441
 242.000       1.1969
 243.000       1.2224
 244.000       1.1494
 245.000       1.2369
 246.000       1.2590
 247.000       1.1640
 248.000       0.9881
 249.000       0.9051
 250.000       0.7996
 251.000       0.7135
 252.000       0.6682
 253.000       0.6499
 254.000       0.6351
 255.000       0.5860
 256.000       0.5802
 257.000       0.5810
 258.000       0.5321
 259.000       0.5302
 260.000       0.5667
 261.000       0.5536
 262.000       0.5202
 263.000       0.5694
 264.000       0.5623
 265.000       0.6271
 266.000       0.7030
 267.000       0.7524
 268.000       0.5380
 269.000       0.6205
 270.000       0.6997
 271.000       0.6787
 272.000       0.6325
 273.000       0.6614
 274.000       0.8907
 275.000       1.0551
 276.000       0.8926
 277.000       0.9821
 278.000       0.9296
 279.000       1.1243
 280.000       0.9321
 281.000       0.7387
 282.000       0.7164
 283.000       0.7320
 284.000       0.8316
 285.000       0.7067
 286.000       0.6348
 287.000       0.7574
 288.000       0.7351
 289.000       0.5744
 290.000       0.6451
 291.000       0.7519
 292.000       0.6448
 293.000       0.5368
 294.000       0.6065
 295.000       0.6644
 296.000       0.5696
 297.000       0.5517
 298.000       0.6348
 299.000       0.6059
 300.000       0.5905
 301.000       0.6866
 302.000       0.6320
 303.000       0.5475
 304.000       0.5347
 305.000       0.6425
 306.000       0.5979
 307.000       0.7311
 308.000       0.8160
 309.000       0.7300
 310.000       0.7498
 311.000       0.8681
 312.000       0.8874
 313.000       0.9087
 314.000       1.1337
 315.000       1.2514
 316.000       1.6798
 317.000       1.5404
 318.000       1.2814
 319.000       1.0032
 320.000       1.2222
 321.000       1.3424
 322.000       1.0394
 323.000       1.7481
 324.000       2.0398
 325.000       2.1272
 326.000       2.3361
 327.000       2.3583
 328.000       1.8511
 329.000       1.1056
 330.000       0.8811
 331.000       0.7935
 332.000       0.6354
 333.000       0.6152
 334.000       0.6969
 335.000       0.6185
 336.000       0.6335
 337.000       0.6478
 338.000       0.6447
 339.000       0.6975
 340.000       0.7654
 341.000       0.8245
 342.000       0.8450
 343.000       0.8994
 344.000       0.7847
 345.000       0.6469
 346.000       0.6420
 347.000       0.6335
 348.000       0.5898
 349.000       0.5749
 350.000       0.5738
 351.000       0.6680
 352.000       0.6079
 353.000       0.5694
 354.000       0.5558
 355.000       0.6565
 356.000       0.7172
 357.000       0.6151
 358.000       0.5893
 359.000       0.8166
 360.000       0.7796
 361.000       0.5115
 362.000       0.6194
 363.000       0.4939
 364.000       0.4785
 365.000       0.7181
 366.000       0.6015
 367.000       0.6031
 368.000       0.5896
 369.000       0.6264
 370.000       0.7368
 371.000       0.7893
 372.000       0.7164
 373.000       0.7729
 374.000       0.7234
 375.000       0.6720
 376.000       0.9599
 377.000       1.0624
 378.000       0.8635
 379.000       0.8792
 380.000       1.0929
 381.000       1.4298
 382.000       1.4101
 383.000       1.2135
 384.000       1.2936
 385.000       1.2933
 386.000       1.0736
 387.000       0.9980
 388.000       1.0467
 389.000       0.9385
 390.000       0.8754
 391.000       0.8820
 392.000       0.8335
 393.000       0.8635
 394.000       0.8336
 395.000       0.7891
 396.000       0.8430
 397.000       0.8841
 398.000       0.7624
 399.000       0.8131
 400.000       0.9335
 401.000       0.8076
 402.000       0.7084
 403.000       0.8778
 404.000       0.8445
 405.000       0.7052
 406.000       0.6810
 407.000       0.7029
 408.000       0.8120
 409.000       0.8954
 410.000       0.8074
 411.000       0.8109
 412.000       0.7020
 413.000       0.7075
 414.000       0.7862
 415.000       0.7842
 416.000       0.7001
 417.000       0.6946
 418.000       0.7534
 419.000       0.8079
 420.000       0.9348
 421.000       1.0190
 422.000       0.9166
 423.000       0.7829
 424.000       0.7526
 425.000       0.7381
 426.000       0.6357
 427.000       0.5759
 428.000       0.6386
 429.000       0.6401
 430.000       0.5806
 431.000       0.5889
 432.000       0.6586
 433.000       0.6537
 434.000       0.6601
 435.000       0.8076
 436.000       0.9158
 437.000       0.9566
 438.000       0.9468
 439.000       1.1053
 440.000       1.1557
 441.000       1.2410
 442.000       1.1933
 443.000       1.0416
 444.000       1.1748
 445.000       1.1730
 446.000       0.9826
 447.000       0.9729
 448.000       1.1194
 449.000       1.1079
 450.000       0.9709
 451.000       1.0575
 452.000       1.2709
 453.000       1.2832
 454.000       1.0433
 455.000       1.0525
 456.000       0.9654
 457.000       1.0800
 458.000       0.9704
 459.000       1.1522
 460.000       1.1600
 461.000       1.0109
 462.000       0.8374
 463.000       0.9450
 464.000       1.0034
 465.000       0.8304
 466.000       0.8152
 467.000       0.9680
 468.000       0.9359
 469.000       0.7400
 470.000       0.6730
 471.000       0.6875
 472.000       0.6780
 473.000       0.5998
 474.000       0.5893
 475.000       0.6637
 476.000       0.6481
 477.000       0.6198
 478.000       0.6763
 479.000       0.7803
 480.000       0.7980
 481.000       0.7895
 482.000       0.8805
 483.000       1.0148
 484.000       1.2885
 485.000       1.6855
 486.000       2.0926
 487.000       1.9523
 488.000       1.3226
 489.000       1.2386
 490.000       1.1872
 491.000       1.6142
 492.000       1.8036
 493.000       1.3298
 494.000       1.4825
 495.000       1.1025
 496.000       1.2841
 497.000       1.2200
 498.000       1.1215
 499.000       1.0264
 500.000       0.9854
 501.000       0.9260
 502.000       0.8599
 503.000       0.8281
 504.000       0.8260
 505.000       0.7795
 506.000       0.7932
 507.000       0.9573
 508.000       0.9178
 509.000       0.9009
 510.000       0.9800
 511.000       0.9469
 512.000       0.9919
 513.000       0.8863
 514.000       0.8854
 515.000       1.0493
 516.000       1.0403
 517.000       0.9236
 518.000       1.0706
 519.000       1.2114
 520.000       1.1565
 521.000       1.2066
 522.000       1.4956
 523.000       1.6299
 524.000       1.6064
 525.000       1.7281
 526.000       2.2076
 527.000       2.4280
 528.000       2.5459
 529.000       2.5438
 530.000       2.5663
 531.000       2.4260
 532.000       2.1111
 533.000       1.9310
 534.000       2.1363
 535.000       2.1545
 536.000       1.8383
 537.000       1.8943
 538.000       2.2668
 539.000       2.3090
 540.000       2.7123
 541.000       3.8254
 542.000       5.1908
