#Res        AtomicFlx
   1.000       5.7822
   2.000       4.2952
   3.000       3.2743
   4.000       2.2455
   5.000       1.5932
   6.000       1.3989
   7.000       1.5324
   8.000       2.0305
   9.000       1.3735
  10.000       1.2351
  11.000       1.1790
  12.000       1.1854
  13.000       0.8921
  14.000       0.7436
  15.000       0.8100
  16.000       0.6622
  17.000       0.5060
  18.000       0.4906
  19.000       0.5485
  20.000       0.4162
  21.000       0.4500
  22.000       0.4388
  23.000       0.6084
  24.000       0.6357
  25.000       0.6043
  26.000       0.4917
  27.000       0.5848
  28.000       0.6223
  29.000       0.5087
  30.000       0.4823
  31.000       0.5356
  32.000       0.5367
  33.000       0.5217
  34.000       0.5480
  35.000       0.5931
  36.000       0.6271
  37.000       0.6564
  38.000       0.8903
  39.000       0.7366
  40.000       0.7488
  41.000       0.6969
  42.000       0.5846
  43.000       0.5941
  44.000       0.6504
  45.000       0.5771
  46.000       0.5120
  47.000       0.5660
  48.000       0.5831
  49.000       0.5474
  50.000       0.5428
  51.000       0.5821
  52.000       0.6217
  53.000       0.6013
  54.000       0.6311
  55.000       0.5753
  56.000       0.5268
  57.000       0.5260
  58.000       0.4999
  59.000       0.4897
  60.000       0.4974
  61.000       0.5316
  62.000       0.5416
  63.000       0.5375
  64.000       0.4945
  65.000       0.5678
  66.000       0.6461
  67.000       0.7378
  68.000       0.6334
  69.000       0.6666
  70.000       0.5499
  71.000       0.6630
  72.000       0.5496
  73.000       0.5592
  74.000       0.5697
  75.000       0.5904
  76.000       0.6115
  77.000       0.8071
  78.000       0.9622
  79.000       0.8427
  80.000       0.7579
  81.000       0.6346
  82.000       0.6956
  83.000       0.6626
  84.000       0.5904
  85.000       0.6272
  86.000       0.6254
  87.000       0.5922
  88.000       0.5572
  89.000       0.5378
  90.000       0.5300
  91.000       0.5835
  92.000       0.5586
  93.000       0.5288
  94.000       0.5850
  95.000       0.6161
  96.000       0.5333
  97.000       0.4739
  98.000       0.5060
  99.000       0.5395
 100.000       0.5010
 101.000       0.4608
 102.000       0.4810
 103.000       0.4963
 104.000       0.5210
 105.000       0.5285
 106.000       0.5347
 107.000       0.5335
 108.000       0.5187
 109.000       0.5268
 110.000       0.5590
 111.000       0.5430
 112.000       0.5591
 113.000       0.6447
 114.000       0.6494
 115.000       0.6800
 116.000       0.8860
 117.000       0.9911
 118.000       1.1350
 119.000       1.1604
 120.000       0.7961
 121.000       0.8160
 122.000       0.9622
 123.000       1.1400
 124.000       1.1295
 125.000       1.0553
 126.000       1.3020
 127.000       1.3011
 128.000       1.8034
 129.000       1.6468
 130.000       1.1159
 131.000       1.3576
 132.000       2.2669
 133.000       1.7934
 134.000       1.9007
 135.000       2.7271
 136.000       3.5791
 137.000       5.1217
 138.000       7.1621
 139.000       7.9949
 140.000       8.2141
 141.000       8.3797
 142.000       8.4356
 143.000       7.1367
 144.000       6.0753
 145.000       5.0174
 146.000       4.6122
 147.000       3.7026
 148.000       3.2816
 149.000       2.0140
 150.000       1.2263
 151.000       0.7767
 152.000       0.7219
 153.000       0.6217
 154.000       0.6516
 155.000       0.7231
 156.000       0.6238
 157.000       0.6008
 158.000       0.7320
 159.000       0.7569
 160.000       0.8226
 161.000       0.9711
 162.000       1.0596
 163.000       1.0648
 164.000       1.3171
 165.000       1.6369
 166.000       1.8089
 167.000       2.4755
 168.000       2.1453
 169.000       1.2684
 170.000       0.9107
 171.000       1.2010
 172.000       1.4145
 173.000       1.6799
 174.000       1.7433
 175.000       1.0333
 176.000       0.9958
 177.000       1.0218
 178.000       1.0013
 179.000       0.9458
 180.000       0.7734
 181.000       0.7923
 182.000       0.8045
 183.000       0.6722
 184.000       0.6302
 185.000       0.6885
 186.000       0.7179
 187.000       0.6556
 188.000       0.6445
 189.000       0.7472
 190.000       0.7502
 191.000       0.6867
 192.000       0.7301
 193.000       0.8629
 194.000       0.8596
 195.000       0.8642
 196.000       0.8336
 197.000       1.1691
 198.000       1.4718
 199.000       1.6720
 200.000       1.6224
 201.000       3.0043
 202.000       3.5161
 203.000       3.6511
 204.000       3.4170
 205.000       3.2392
 206.000       2.6743
 207.000       2.3679
 208.000       2.2726
 209.000       2.0048
 210.000       1.6553
 211.000       1.5396
 212.000       1.1409
 213.000       0.8355
 214.000       0.8776
 215.000       0.8489
 216.000       0.7033
 217.000       0.7449
 218.000       0.8602
 219.000       0.7988
 220.000       0.7364
 221.000       0.8049
 222.000       0.8502
 223.000       0.7939
 224.000       0.7936
 225.000       0.8711
 226.000       0.9080
 227.000       0.8870
 228.000       1.0239
 229.000       0.9793
 230.000       0.8175
 231.000       0.8654
 232.000       0.8871
 233.000       0.8371
 234.000       0.7669
 235.000       0.7947
 236.000       0.7866
 237.000       0.6933
 238.000       0.7701
 239.000       0.9263
 240.000       0.8921
 241.000       0.9643
 242.000       1.0595
 243.000       1.0537
 244.000       0.9496
 245.000       1.1226
 246.000       1.1741
 247.000       1.0290
 248.000       0.8888
 249.000       0.7634
 250.000       0.6055
 251.000       0.5806
 252.000       0.5875
 253.000       0.5270
 254.000       0.4982
 255.000       0.4951
 256.000       0.4805
 257.000       0.4444
 258.000       0.4443
 259.000       0.4571
 260.000       0.4613
 261.000       0.4602
 262.000       0.4733
 263.000       0.4880
 264.000       0.5348
 265.000       0.6910
 266.000       0.6776
 267.000       0.7192
 268.000       0.4293
 269.000       0.4292
 270.000       0.4641
 271.000       0.5382
 272.000       0.5195
 273.000       0.6224
 274.000       0.7221
 275.000       0.7234
 276.000       0.7721
 277.000       0.9123
 278.000       1.1383
 279.000       1.0602
 280.000       1.0167
 281.000       1.0054
 282.000       0.7343
 283.000       0.6883
 284.000       0.7072
 285.000       0.6175
 286.000       0.5610
 287.000       0.6061
 288.000       0.6376
 289.000       0.4851
 290.000       0.5336
 291.000       0.5817
 292.000       0.5172
 293.000       0.4608
 294.000       0.4841
 295.000       0.5433
 296.000       0.5095
 297.000       0.4727
 298.000       0.5239
 299.000       0.5740
 300.000       0.5815
 301.000       0.6148
 302.000       0.6113
 303.000       0.5676
 304.000       0.5287
 305.000       0.5561
 306.000       0.6161
 307.000       0.6574
 308.000       0.6800
 309.000       0.8276
 310.000       0.9056
 311.000       0.9659
 312.000       1.0863
 313.000       1.3584
 314.000       1.5125
 315.000       1.5040
 316.000       1.8157
 317.000       1.9639
 318.000       1.2439
 319.000       0.9217
 320.000       0.9765
 321.000       1.0109
 322.000       0.8471
 323.000       0.8812
 324.000       1.2561
 325.000       0.7931
 326.000       0.7292
 327.000       0.8462
 328.000       0.6545
 329.000       0.6879
 330.000       0.6793
 331.000       0.5807
 332.000       0.5451
 333.000       0.5647
 334.000       0.6189
 335.000       0.5910
 336.000       0.6189
 337.000       0.7117
 338.000       0.7263
 339.000       0.7252
 340.000       0.8145
 341.000       0.9103
 342.000       0.9005
 343.000       0.8786
 344.000       0.7859
 345.000       0.6766
 346.000       0.7017
 347.000       0.6974
 348.000       0.6218
 349.000       0.5791
 350.000       0.5830
 351.000       0.5810
 352.000       0.5515
 353.000       0.5442
 354.000       0.5683
 355.000       0.5768
 356.000       0.5869
 357.000       0.5452
 358.000       0.5511
 359.000       0.5990
 360.000       0.6078
 361.000       0.4929
 362.000       0.5602
 363.000       0.5025
 364.000       0.4791
 365.000       0.5634
 366.000       0.6195
 367.000       0.6483
 368.000       0.6214
 369.000       0.6329
 370.000       0.5902
 371.000       0.6018
 372.000       0.6230
 373.000       0.5934
 374.000       0.6066
 375.000       0.6786
 376.000       0.7863
 377.000       0.7749
 378.000       0.8418
 379.000       0.9202
 380.000       1.2695
 381.000       1.4064
 382.000       1.5773
 383.000       0.9962
 384.000       1.4833
 385.000       1.3903
 386.000       1.0921
 387.000       0.9823
 388.000       0.9498
 389.000       0.9160
 390.000       0.8173
 391.000       0.7607
 392.000       0.7634
 393.000       0.7704
 394.000       0.7291
 395.000       0.6894
 396.000       0.7141
 397.000       0.7441
 398.000       0.6852
 399.000       0.6882
 400.000       0.8275
 401.000       0.8707
 402.000       0.8524
 403.000       1.0046
 404.000       0.7846
 405.000       0.7675
 406.000       1.0097
 407.000       0.8264
 408.000       0.8211
 409.000       0.8021
 410.000       0.7338
 411.000       0.7003
 412.000       0.5750
 413.000       0.5702
 414.000       0.6149
 415.000       0.6003
 416.000       0.6264
 417.000       0.6724
 418.000       0.6700
 419.000       0.6253
 420.000       0.8583
 421.000       0.9640
 422.000       0.7828
 423.000       0.7030
 424.000       0.6608
 425.000       0.5532
 426.000       0.4995
 427.000       0.5034
 428.000       0.5183
 429.000       0.5122
 430.000       0.4849
 431.000       0.4880
 432.000       0.5795
 433.000       0.5930
 434.000       0.5271
 435.000       0.5807
 436.000       0.6858
 437.000       0.6584
 438.000       0.6259
 439.000       0.7053
 440.000       0.7792
 441.000       0.7614
 442.000       0.6514
 443.000       0.6185
 444.000       0.7765
 445.000       0.7811
 446.000       0.6598
 447.000       0.6861
 448.000       0.8115
 449.000       0.8853
 450.000       0.8731
 451.000       0.8968
 452.000       1.1185
 453.000       1.4311
 454.000       1.5707
 455.000       1.2890
 456.000       1.5332
 457.000       1.0475
 458.000       0.8504
 459.000       0.9602
 460.000       0.8637
 461.000       0.7259
 462.000       0.6728
 463.000       0.6866
 464.000       0.6957
 465.000       0.5854
 466.000       0.5578
 467.000       0.6489
 468.000       0.6776
 469.000       0.5799
 470.000       0.5491
 471.000       0.5861
 472.000       0.6233
 473.000       0.5681
 474.000       0.5230
 475.000       0.6043
 476.000       0.6409
 477.000       0.5580
 478.000       0.6103
 479.000       0.6948
 480.000       0.6860
 481.000       0.7535
 482.000       0.9138
 483.000       0.8853
 484.000       0.8763
 485.000       0.9402
 486.000       1.2049
 487.000       1.6463
 488.000       1.1535
 489.000       0.8753
 490.000       0.7017
 491.000       0.8538
 492.000       1.3786
 493.000       0.9245
 494.000       0.9059
 495.000       0.7496
 496.000       0.9307
 497.000       0.9430
 498.000       0.8872
 499.000       0.7173
 500.000       0.7618
 501.000       0.8201
 502.000       0.7175
 503.000       0.6833
 504.000       0.7565
 505.000       0.7265
 506.000       0.7104
 507.000       0.8296
 508.000       0.8588
 509.000       0.9206
 510.000       0.8662
 511.000       1.0897
 512.000       1.2783
 513.000       0.9430
 514.000       0.9888
 515.000       1.2938
 516.000       1.2167
 517.000       0.8885
 518.000       1.0003
 519.000       1.2391
 520.000       1.1948
 521.000       1.1098
 522.000       1.2961
 523.000       1.4998
 524.000       1.5517
 525.000       1.4990
 526.000       2.0840
 527.000       2.0804
 528.000       2.0034
 529.000       1.9486
 530.000       1.9927
 531.000       1.7012
 532.000       1.3079
 533.000       1.3909
 534.000       1.5174
 535.000       1.3439
 536.000       1.0588
 537.000       1.1636
 538.000       1.4407
 539.000       1.3697
 540.000       1.7389
 541.000       3.0223
 542.000       4.3917
