#Res        AtomicFlx
   1.000       1.1188
   2.000       0.9855
   3.000       0.7984
   4.000       0.8859
   5.000       0.7912
   6.000       0.8155
   7.000       1.3181
   8.000       1.0593
   9.000       0.9675
  10.000       0.8878
  11.000       0.8303
  12.000       0.6946
  13.000       0.6657
  14.000       0.6661
  15.000       0.6286
  16.000       0.5872
  17.000       0.5721
  18.000       0.6533
  19.000       0.5587
  20.000       0.5312
  21.000       0.5114
  22.000       0.6103
  23.000       0.6767
  24.000       0.6395
  25.000       0.5580
  26.000       0.8052
  27.000       0.7671
  28.000       0.6388
  29.000       0.6001
  30.000       0.7186
  31.000       1.2019
  32.000       0.7753
  33.000       0.8919
  34.000       1.3163
  35.000       1.2353
  36.000       1.0392
  37.000       1.4413
  38.000       1.0221
  39.000       0.9821
  40.000       1.0269
  41.000       0.8694
  42.000       0.7642
  43.000       0.8495
  44.000       0.7332
  45.000       0.6075
  46.000       0.6582
  47.000       0.6810
  48.000       0.5982
  49.000       0.6059
  50.000       0.7352
  51.000       0.7098
  52.000       0.5814
  53.000       0.5146
  54.000       0.5110
  55.000       0.5064
  56.000       0.4871
  57.000       0.4419
  58.000       0.4501
  59.000       0.4874
  60.000       0.4873
  61.000       0.4762
  62.000       0.4933
  63.000       0.5101
  64.000       0.4902
  65.000       0.5150
  66.000       0.5501
  67.000       0.5332
  68.000       0.5048
  69.000       0.5314
  70.000       0.5732
  71.000       0.5460
  72.000       0.5948
  73.000       0.5769
  74.000       0.5372
  75.000       0.5636
  76.000       0.9752
  77.000       1.5050
  78.000       0.9586
  79.000       1.0676
  80.000       0.9667
  81.000       0.6572
  82.000       0.6180
  83.000       0.5741
  84.000       0.5086
  85.000       0.5060
  86.000       0.5156
  87.000       0.5107
  88.000       0.4839
  89.000       0.5146
  90.000       0.5365
  91.000       0.5947
  92.000       0.5190
  93.000       0.5392
  94.000       0.6206
  95.000       0.5880
  96.000       0.6165
  97.000       0.6572
  98.000       0.5965
  99.000       0.5494
 100.000       0.5583
 101.000       0.5662
 102.000       0.5563
 103.000       0.6013
 104.000       0.5491
 105.000       0.5643
 106.000       0.5643
 107.000       0.5607
 108.000       0.5895
 109.000       0.5981
 110.000       0.5909
 111.000       0.6957
 112.000       0.7597
 113.000       0.6592
 114.000       0.8851
 115.000       1.0531
 116.000       1.3955
 117.000       1.4115
 118.000       0.8840
 119.000       0.9344
 120.000       0.8945
 121.000       1.0547
 122.000       1.1805
 123.000       1.3505
 124.000       1.6831
 125.000       1.5269
 126.000       1.6538
 127.000       1.5525
 128.000       1.3922
 129.000       2.0092
 130.000       2.8494
 131.000       3.6142
 132.000       2.5842
 133.000       3.0982
 134.000       3.6400
 135.000       3.9269
 136.000       4.1961
 137.000       6.7432
 138.000       7.9785
 139.000       7.6458
 140.000       7.1145
 141.000       7.5856
 142.000       7.8751
 143.000       8.1104
 144.000       7.4834
 145.000       6.3819
 146.000       5.7376
 147.000       4.4672
 148.000       3.3848
 149.000       3.8061
 150.000       4.2211
 151.000       3.8900
 152.000       2.6954
 153.000       1.6988
 154.000       1.0732
 155.000       0.9080
 156.000       0.7480
 157.000       0.6996
 158.000       0.7645
 159.000       0.6953
 160.000       0.6134
 161.000       0.7105
 162.000       0.8863
 163.000       0.9346
 164.000       0.8817
 165.000       0.8714
 166.000       1.1110
 167.000       1.1399
 168.000       1.6996
 169.000       2.5411
 170.000       2.7251
 171.000       1.6563
 172.000       1.5124
 173.000       1.1347
 174.000       1.4558
 175.000       1.1122
 176.000       0.8673
 177.000       0.9097
 178.000       0.9580
 179.000       0.6992
 180.000       0.8217
 181.000       0.7911
 182.000       0.7636
 183.000       0.6708
 184.000       0.6196
 185.000       0.6444
 186.000       0.5985
 187.000       0.5713
 188.000       0.6022
 189.000       0.6134
 190.000       0.6333
 191.000       0.6001
 192.000       0.6663
 193.000       0.7405
 194.000       0.7202
 195.000       0.7365
 196.000       0.8968
 197.000       0.8362
 198.000       0.7623
 199.000       1.0788
 200.000       1.3489
 201.000       1.1027
 202.000       1.2834
 203.000       1.3150
 204.000       0.9450
 205.000       0.7933
 206.000       1.1839
 207.000       1.1715
 208.000       0.8023
 209.000       0.9660
 210.000       1.2428
 211.000       0.9926
 212.000       0.9109
 213.000       1.1702
 214.000       0.8998
 215.000       0.8611
 216.000       0.7288
 217.000       0.6459
 218.000       0.6872
 219.000       0.6264
 220.000       0.6063
 221.000       0.6563
 222.000       0.6271
 223.000       0.5978
 224.000       0.6637
 225.000       0.6976
 226.000       0.6610
 227.000       0.6904
 228.000       0.7842
 229.000       0.8044
 230.000       0.7785
 231.000       0.8156
 232.000       0.7790
 233.000       0.6692
 234.000       0.7459
 235.000       0.7530
 236.000       0.6663
 237.000       0.6177
 238.000       0.7247
 239.000       0.7644
 240.000       0.6681
 241.000       0.7526
 242.000       0.8475
 243.000       0.9834
 244.000       1.2688
 245.000       1.3407
 246.000       1.4285
 247.000       1.2635
 248.000       1.2801
 249.000       1.4071
 250.000       1.3424
 251.000       1.1590
 252.000       1.0768
 253.000       0.9173
 254.000       0.8290
 255.000       0.8648
 256.000       0.7918
 257.000       0.6972
 258.000       0.6827
 259.000       0.7171
 260.000       0.6612
 261.000       0.5776
 262.000       0.5901
 263.000       0.6087
 264.000       0.6012
 265.000       0.4953
 266.000       0.5891
 267.000       0.5104
 268.000       0.5332
 269.000       0.4506
 270.000       0.4700
 271.000       0.4639
 272.000       0.4623
 273.000       0.4550
 274.000       0.5087
 275.000       0.5345
 276.000       0.5362
 277.000       0.5342
 278.000       0.5974
 279.000       0.6126
 280.000       0.7128
 281.000       0.7765
 282.000       0.8362
 283.000       0.8371
 284.000       0.8503
 285.000       0.6834
 286.000       0.6333
 287.000       0.6759
 288.000       0.6204
 289.000       0.5220
 290.000       0.5447
 291.000       0.5546
 292.000       0.4746
 293.000       0.4477
 294.000       0.4890
 295.000       0.4907
 296.000       0.4742
 297.000       0.5047
 298.000       0.5190
 299.000       0.5008
 300.000       0.5008
 301.000       0.5307
 302.000       0.5457
 303.000       0.5592
 304.000       0.6144
 305.000       0.5992
 306.000       0.5624
 307.000       0.5388
 308.000       0.5631
 309.000       0.5772
 310.000       0.6251
 311.000       0.6503
 312.000       0.6576
 313.000       0.6798
 314.000       0.7422
 315.000       0.7905
 316.000       0.8855
 317.000       0.9577
 318.000       1.0271
 319.000       1.2452
 320.000       1.2405
 321.000       1.1848
 322.000       1.0487
 323.000       1.3501
 324.000       1.2724
 325.000       1.0496
 326.000       1.5014
 327.000       1.8700
 328.000       1.7244
 329.000       1.5661
 330.000       1.0074
 331.000       1.0125
 332.000       0.9481
 333.000       0.9720
 334.000       0.8032
 335.000       0.6377
 336.000       0.7317
 337.000       0.9363
 338.000       0.8664
 339.000       0.6563
 340.000       0.6603
 341.000       0.9011
 342.000       0.9623
 343.000       0.8390
 344.000       0.7911
 345.000       0.8213
 346.000       0.7549
 347.000       0.6552
 348.000       0.6589
 349.000       0.6785
 350.000       0.6135
 351.000       0.5916
 352.000       0.5914
 353.000       0.6050
 354.000       0.5619
 355.000       0.5220
 356.000       0.5941
 357.000       0.6271
 358.000       0.6308
 359.000       0.6410
 360.000       0.6741
 361.000       0.7968
 362.000       0.8204
 363.000       0.6276
 364.000       0.5174
 365.000       0.5584
 366.000       0.5559
 367.000       0.5174
 368.000       0.5276
 369.000       0.5123
 370.000       0.5105
 371.000       0.5378
 372.000       0.4922
 373.000       0.4698
 374.000       0.5052
 375.000       0.5931
 376.000       0.6089
 377.000       0.5628
 378.000       0.5932
 379.000       0.8729
 380.000       0.7584
 381.000       0.8531
 382.000       1.1019
 383.000       1.0797
 384.000       0.8282
 385.000       0.9529
 386.000       1.1194
 387.000       1.0010
 388.000       0.8645
 389.000       0.9764
 390.000       0.8680
 391.000       0.6722
 392.000       0.6998
 393.000       0.7190
 394.000       0.7227
 395.000       0.6827
 396.000       0.6484
 397.000       0.6658
 398.000       0.7269
 399.000       0.6621
 400.000       0.6047
 401.000       0.6662
 402.000       0.6875
 403.000       0.6512
 404.000       0.6793
 405.000       0.8294
 406.000       0.7860
 407.000       0.6557
 408.000       0.7129
 409.000       0.7548
 410.000       0.7432
 411.000       0.7314
 412.000       0.6547
 413.000       0.6332
 414.000       0.6149
 415.000       0.5673
 416.000       0.5842
 417.000       0.6147
 418.000       0.5578
 419.000       0.5604
 420.000       0.6009
 421.000       0.5615
 422.000       0.6117
 423.000       0.6463
 424.000       0.6340
 425.000       0.6073
 426.000       0.5882
 427.000       0.5941
 428.000       0.5369
 429.000       0.5466
 430.000       0.6179
 431.000       0.5574
 432.000       0.4928
 433.000       0.5377
 434.000       0.5107
 435.000       0.5365
 436.000       0.5665
 437.000       0.5560
 438.000       0.5363
 439.000       0.5968
 440.000       0.6583
 441.000       0.6672
 442.000       0.6485
 443.000       0.6292
 444.000       0.5724
 445.000       0.7130
 446.000       0.6946
 447.000       0.5805
 448.000       0.6375
 449.000       0.7505
 450.000       0.7674
 451.000       0.7458
 452.000       0.8844
 453.000       1.1391
 454.000       1.2227
 455.000       1.3982
 456.000       2.8113
 457.000       2.3031
 458.000       1.8485
 459.000       1.8124
 460.000       1.0326
 461.000       0.8885
 462.000       0.7796
 463.000       0.8338
 464.000       0.8146
 465.000       0.7044
 466.000       0.6011
 467.000       0.5862
 468.000       0.6363
 469.000       0.6614
 470.000       0.6586
 471.000       0.6866
 472.000       0.6752
 473.000       0.6912
 474.000       0.6398
 475.000       0.5726
 476.000       0.6140
 477.000       0.7068
 478.000       0.7099
 479.000       0.6288
 480.000       0.6628
 481.000       0.7457
 482.000       0.9046
 483.000       0.9485
 484.000       1.0260
 485.000       1.1297
 486.000       1.0386
 487.000       1.3732
 488.000       1.0986
 489.000       1.0304
 490.000       1.2351
 491.000       1.0844
 492.000       1.4339
 493.000       1.5451
 494.000       1.1187
 495.000       1.1366
 496.000       0.9532
 497.000       1.0974
 498.000       1.0624
 499.000       1.0201
 500.000       0.8795
 501.000       0.8146
 502.000       0.8871
 503.000       0.8940
 504.000       0.7353
 505.000       0.7535
 506.000       0.9015
 507.000       0.8778
 508.000       0.7615
 509.000       0.8327
 510.000       1.0281
 511.000       1.0824
 512.000       0.9870
 513.000       0.8949
 514.000       0.8257
 515.000       0.6864
 516.000       0.8019
 517.000       0.9526
 518.000       0.8461
 519.000       0.7356
 520.000       0.9968
 521.000       1.1737
 522.000       1.0406
 523.000       0.9831
 524.000       1.4256
 525.000       1.6059
 526.000       1.4928
 527.000       1.9886
 528.000       2.1792
 529.000       2.1964
 530.000       1.9623
 531.000       1.8622
 532.000       1.5917
 533.000       1.2821
 534.000       1.3508
 535.000       1.4066
 536.000       1.3086
 537.000       1.1714
 538.000       1.8208
 539.000       2.3309
 540.000       3.0935
 541.000       4.7834
 542.000       5.0282
 543.000       5.2785
 544.000       6.4127
