#Res        AtomicFlx
   1.000       3.7603
   2.000       2.3297
   3.000       1.3892
   4.000       1.5322
   5.000       1.4207
   6.000       1.3568
   7.000       1.9744
   8.000       1.5205
   9.000       1.2859
  10.000       1.1224
  11.000       0.9943
  12.000       0.7806
  13.000       0.8287
  14.000       0.8242
  15.000       0.6886
  16.000       0.6404
  17.000       0.7796
  18.000       0.7809
  19.000       0.6906
  20.000       0.8150
  21.000       0.6313
  22.000       0.6076
  23.000       0.6701
  24.000       0.6767
  25.000       0.5830
  26.000       0.6389
  27.000       0.6180
  28.000       0.5824
  29.000       0.5587
  30.000       0.6124
  31.000       0.6603
  32.000       0.6232
  33.000       0.6707
  34.000       0.9355
  35.000       0.8543
  36.000       0.8037
  37.000       1.0397
  38.000       1.0088
  39.000       0.8149
  40.000       0.8240
  41.000       0.7008
  42.000       0.6971
  43.000       0.7951
  44.000       0.7496
  45.000       0.6459
  46.000       0.6990
  47.000       0.7531
  48.000       0.7103
  49.000       0.7339
  50.000       0.8301
  51.000       0.8606
  52.000       0.7620
  53.000       0.7098
  54.000       0.7044
  55.000       0.6881
  56.000       0.7144
  57.000       0.6415
  58.000       0.6244
  59.000       0.6210
  60.000       0.5374
  61.000       0.5945
  62.000       0.6757
  63.000       0.6480
  64.000       0.6502
  65.000       0.7348
  66.000       0.7610
  67.000       0.7652
  68.000       0.8233
  69.000       0.7492
  70.000       0.7497
  71.000       0.7371
  72.000       0.6801
  73.000       0.6864
  74.000       0.5480
  75.000       0.5953
  76.000       0.8333
  77.000       0.9540
  78.000       0.9265
  79.000       0.8920
  80.000       0.8111
  81.000       0.6590
  82.000       0.6816
  83.000       0.7323
  84.000       0.5971
  85.000       0.5626
  86.000       0.5881
  87.000       0.6045
  88.000       0.5831
  89.000       0.5614
  90.000       0.6514
  91.000       0.6740
  92.000       0.6473
  93.000       0.7446
  94.000       0.8609
  95.000       0.8520
  96.000       0.8429
  97.000       0.8827
  98.000       0.8628
  99.000       0.7477
 100.000       0.5440
 101.000       0.5810
 102.000       0.6198
 103.000       0.6073
 104.000       0.5628
 105.000       0.5979
 106.000       0.6486
 107.000       0.6268
 108.000       0.6261
 109.000       0.6601
 110.000       0.6827
 111.000       0.7106
 112.000       0.7909
 113.000       0.7810
 114.000       0.9330
 115.000       0.9953
 116.000       1.2809
 117.000       1.2764
 118.000       0.9275
 119.000       0.9999
 120.000       0.8298
 121.000       0.8799
 122.000       0.9156
 123.000       1.1740
 124.000       1.5373
 125.000       1.1584
 126.000       1.3080
 127.000       1.3731
 128.000       1.2875
 129.000       2.1765
 130.000       3.0085
 131.000       4.5326
 132.000       2.9739
 133.000       2.6838
 134.000       2.6383
 135.000       3.8409
 136.000       5.3744
 137.000       7.9464
 138.000       9.6790
 139.000      10.6524
 140.000      10.6258
 141.000      11.9272
 142.000      12.5913
 143.000      12.6941
 144.000      11.5745
 145.000      10.7827
 146.000       9.6616
 147.000       8.1113
 148.000       6.3420
 149.000       5.6137
 150.000       4.8164
 151.000       3.6405
 152.000       2.5041
 153.000       1.3318
 154.000       0.8489
 155.000       0.7132
 156.000       0.6693
 157.000       0.6664
 158.000       0.6420
 159.000       0.6428
 160.000       0.6623
 161.000       0.7704
 162.000       0.8933
 163.000       0.9174
 164.000       0.8764
 165.000       0.9298
 166.000       1.1600
 167.000       1.2777
 168.000       1.8956
 169.000       2.5605
 170.000       3.7150
 171.000       3.0560
 172.000       2.6155
 173.000       3.0858
 174.000       2.7587
 175.000       1.5223
 176.000       1.1212
 177.000       1.0588
 178.000       1.0037
 179.000       0.7991
 180.000       0.8969
 181.000       0.8472
 182.000       0.7702
 183.000       0.6477
 184.000       0.6127
 185.000       0.6419
 186.000       0.6064
 187.000       0.5708
 188.000       0.6167
 189.000       0.6708
 190.000       0.6748
 191.000       0.6284
 192.000       0.6926
 193.000       0.7563
 194.000       0.7830
 195.000       0.7909
 196.000       0.9252
 197.000       1.0356
 198.000       1.1928
 199.000       1.3188
 200.000       1.8315
 201.000       2.3371
 202.000       1.8700
 203.000       2.0468
 204.000       2.2106
 205.000       1.8647
 206.000       1.6272
 207.000       1.9717
 208.000       2.0340
 209.000       1.4872
 210.000       1.3025
 211.000       1.3619
 212.000       1.3017
 213.000       1.0847
 214.000       1.0179
 215.000       0.8966
 216.000       0.7320
 217.000       0.6966
 218.000       0.7443
 219.000       0.7039
 220.000       0.6773
 221.000       0.7296
 222.000       0.7380
 223.000       0.7127
 224.000       0.7552
 225.000       0.8048
 226.000       0.7938
 227.000       0.8010
 228.000       0.8492
 229.000       0.9029
 230.000       0.8779
 231.000       0.9689
 232.000       0.9374
 233.000       0.8236
 234.000       0.8808
 235.000       0.8959
 236.000       0.8091
 237.000       0.7541
 238.000       0.8429
 239.000       0.8796
 240.000       0.7766
 241.000       0.8108
 242.000       0.9172
 243.000       0.9941
 244.000       1.3896
 245.000       1.3821
 246.000       1.4609
 247.000       1.3074
 248.000       1.2344
 249.000       1.3488
 250.000       1.2972
 251.000       1.1422
 252.000       1.1016
 253.000       0.8689
 254.000       0.7851
 255.000       0.7917
 256.000       0.7191
 257.000       0.6562
 258.000       0.6723
 259.000       0.6805
 260.000       0.6245
 261.000       0.5981
 262.000       0.5959
 263.000       0.6251
 264.000       0.6589
 265.000       0.6418
 266.000       0.7561
 267.000       0.5708
 268.000       0.5825
 269.000       0.5503
 270.000       0.5514
 271.000       0.5274
 272.000       0.4813
 273.000       0.5176
 274.000       0.6074
 275.000       0.6252
 276.000       0.6444
 277.000       0.7190
 278.000       0.8769
 279.000       0.9413
 280.000       1.0098
 281.000       0.9819
 282.000       1.0234
 283.000       1.0015
 284.000       0.9400
 285.000       0.8014
 286.000       0.7923
 287.000       0.8668
 288.000       0.8430
 289.000       0.7081
 290.000       0.6380
 291.000       0.6833
 292.000       0.6613
 293.000       0.5986
 294.000       0.6130
 295.000       0.6191
 296.000       0.6171
 297.000       0.6123
 298.000       0.6078
 299.000       0.5988
 300.000       0.5838
 301.000       0.6207
 302.000       0.6595
 303.000       0.6724
 304.000       0.7155
 305.000       0.7536
 306.000       0.7298
 307.000       0.6758
 308.000       0.6898
 309.000       0.7378
 310.000       0.7546
 311.000       0.7699
 312.000       0.8136
 313.000       0.8583
 314.000       0.8979
 315.000       0.9407
 316.000       1.1262
 317.000       1.3672
 318.000       1.4316
 319.000       1.3028
 320.000       1.2090
 321.000       1.1579
 322.000       1.1245
 323.000       1.2550
 324.000       1.1445
 325.000       1.0521
 326.000       0.9747
 327.000       1.0343
 328.000       0.9252
 329.000       0.9301
 330.000       0.7255
 331.000       0.7527
 332.000       0.6784
 333.000       0.6550
 334.000       0.6474
 335.000       0.6701
 336.000       0.6787
 337.000       0.6996
 338.000       0.7441
 339.000       0.8535
 340.000       0.8279
 341.000       0.9206
 342.000       1.1543
 343.000       1.0512
 344.000       0.9286
 345.000       0.9369
 346.000       0.9282
 347.000       0.8814
 348.000       0.9073
 349.000       0.8884
 350.000       0.7863
 351.000       0.7552
 352.000       0.7571
 353.000       0.7413
 354.000       0.6869
 355.000       0.6392
 356.000       0.6823
 357.000       0.6797
 358.000       0.6632
 359.000       0.6927
 360.000       0.7105
 361.000       0.7667
 362.000       0.8469
 363.000       0.7659
 364.000       0.7396
 365.000       0.6758
 366.000       0.6449
 367.000       0.6908
 368.000       0.8569
 369.000       0.8592
 370.000       0.7569
 371.000       1.0852
 372.000       1.1543
 373.000       0.8150
 374.000       0.7322
 375.000       1.0087
 376.000       1.0612
 377.000       0.7588
 378.000       0.7660
 379.000       1.0949
 380.000       1.0217
 381.000       1.1203
 382.000       1.3912
 383.000       1.3940
 384.000       1.0099
 385.000       1.1236
 386.000       1.4136
 387.000       1.3404
 388.000       1.1150
 389.000       1.2745
 390.000       1.2229
 391.000       0.9159
 392.000       0.8673
 393.000       0.9293
 394.000       0.8697
 395.000       0.7278
 396.000       0.7414
 397.000       0.7329
 398.000       0.7281
 399.000       0.6485
 400.000       0.6051
 401.000       0.6876
 402.000       0.7219
 403.000       0.6537
 404.000       0.7079
 405.000       0.8747
 406.000       0.8427
 407.000       0.7523
 408.000       0.7882
 409.000       0.9752
 410.000       0.8756
 411.000       0.7484
 412.000       0.7394
 413.000       0.7401
 414.000       0.6829
 415.000       0.6449
 416.000       0.6703
 417.000       0.6819
 418.000       0.6529
 419.000       0.6252
 420.000       0.7454
 421.000       0.7543
 422.000       0.7588
 423.000       0.8217
 424.000       0.8084
 425.000       0.7189
 426.000       0.6678
 427.000       0.6962
 428.000       0.7225
 429.000       0.6877
 430.000       0.7131
 431.000       0.6349
 432.000       0.5913
 433.000       0.5774
 434.000       0.5123
 435.000       0.5289
 436.000       0.5862
 437.000       0.5917
 438.000       0.6287
 439.000       0.6734
 440.000       0.8162
 441.000       0.8296
 442.000       0.8392
 443.000       0.7776
 444.000       0.6926
 445.000       0.8667
 446.000       0.8998
 447.000       0.7829
 448.000       0.7900
 449.000       0.9537
 450.000       0.9272
 451.000       0.8426
 452.000       0.9943
 453.000       1.1290
 454.000       1.1207
 455.000       1.1916
 456.000       1.4561
 457.000       1.4111
 458.000       1.0909
 459.000       0.8922
 460.000       0.8870
 461.000       0.8683
 462.000       0.8201
 463.000       0.7200
 464.000       0.6989
 465.000       0.7428
 466.000       0.6733
 467.000       0.6146
 468.000       0.6720
 469.000       0.7466
 470.000       0.7276
 471.000       0.7221
 472.000       0.7204
 473.000       0.7722
 474.000       0.7330
 475.000       0.6664
 476.000       0.7302
 477.000       0.8627
 478.000       0.8535
 479.000       0.8132
 480.000       0.8724
 481.000       0.8732
 482.000       1.0066
 483.000       1.1256
 484.000       1.1347
 485.000       1.1541
 486.000       1.1978
 487.000       1.4214
 488.000       1.2024
 489.000       1.1407
 490.000       1.4291
 491.000       1.2024
 492.000       1.5365
 493.000       1.6671
 494.000       1.4248
 495.000       1.4931
 496.000       1.3373
 497.000       1.5958
 498.000       1.5593
 499.000       1.5054
 500.000       1.3093
 501.000       1.2332
 502.000       1.3381
 503.000       1.2597
 504.000       1.0356
 505.000       1.1369
 506.000       1.3052
 507.000       1.1605
 508.000       1.1301
 509.000       1.4675
 510.000       1.5463
 511.000       1.9937
 512.000       1.7785
 513.000       1.4287
 514.000       1.2611
 515.000       0.8599
 516.000       1.1183
 517.000       1.3354
 518.000       1.1377
 519.000       0.9430
 520.000       1.2097
 521.000       1.3652
 522.000       1.2013
 523.000       1.2493
 524.000       1.5325
 525.000       1.6063
 526.000       1.4645
 527.000       1.9443
 528.000       2.0394
 529.000       2.1092
 530.000       1.9649
 531.000       2.0880
 532.000       1.8482
 533.000       1.4763
 534.000       1.5980
 535.000       1.6876
 536.000       1.3671
 537.000       1.2241
 538.000       1.3748
 539.000       1.5430
 540.000       1.3667
 541.000       1.4463
 542.000       2.3400
 543.000       3.7961
 544.000       5.2710
