#Res        AtomicFlx
   1.000       5.8532
   2.000       4.3299
   3.000       2.8530
   4.000       1.6435
   5.000       0.9835
   6.000       1.0567
   7.000       1.7558
   8.000       1.3374
   9.000       1.2264
  10.000       1.1057
  11.000       1.0655
  12.000       0.7839
  13.000       0.7512
  14.000       0.9023
  15.000       0.7195
  16.000       0.5632
  17.000       0.6263
  18.000       0.6688
  19.000       0.6174
  20.000       0.6639
  21.000       0.6029
  22.000       0.5757
  23.000       0.6115
  24.000       0.6906
  25.000       0.6192
  26.000       0.7313
  27.000       0.8088
  28.000       0.6398
  29.000       0.5776
  30.000       0.6755
  31.000       0.7004
  32.000       0.7206
  33.000       0.7458
  34.000       0.8174
  35.000       0.8919
  36.000       0.9618
  37.000       1.1955
  38.000       1.0583
  39.000       1.0009
  40.000       0.9855
  41.000       0.8177
  42.000       0.7919
  43.000       0.9232
  44.000       0.8437
  45.000       0.6888
  46.000       0.8013
  47.000       0.8478
  48.000       0.7617
  49.000       0.7352
  50.000       0.8284
  51.000       0.8661
  52.000       0.8143
  53.000       0.7741
  54.000       0.6657
  55.000       0.6101
  56.000       0.5624
  57.000       0.5891
  58.000       0.5763
  59.000       0.5169
  60.000       0.5731
  61.000       0.7621
  62.000       0.7494
  63.000       0.6631
  64.000       0.6534
  65.000       0.6463
  66.000       0.8356
  67.000       0.8402
  68.000       0.6894
  69.000       0.6333
  70.000       0.7236
  71.000       0.8719
  72.000       0.7648
  73.000       0.6799
  74.000       0.5923
  75.000       0.8876
  76.000       1.5215
  77.000       1.3582
  78.000       0.8830
  79.000       1.0532
  80.000       0.8161
  81.000       0.6070
  82.000       0.7602
  83.000       0.6790
  84.000       0.5794
  85.000       0.6231
  86.000       0.7092
  87.000       0.6577
  88.000       0.5732
  89.000       0.5357
  90.000       0.5900
  91.000       0.6246
  92.000       0.5148
  93.000       0.5620
  94.000       0.6474
  95.000       0.6257
  96.000       0.7000
  97.000       0.8222
  98.000       0.7433
  99.000       0.6732
 100.000       0.6474
 101.000       0.6539
 102.000       0.6197
 103.000       0.5790
 104.000       0.5641
 105.000       0.6188
 106.000       0.6234
 107.000       0.5797
 108.000       0.5982
 109.000       0.6247
 110.000       0.6171
 111.000       0.7041
 112.000       0.7729
 113.000       0.7380
 114.000       0.9112
 115.000       1.1272
 116.000       1.5801
 117.000       1.4792
 118.000       0.9767
 119.000       0.9147
 120.000       0.8255
 121.000       0.9601
 122.000       1.0878
 123.000       1.1444
 124.000       1.4294
 125.000       1.3498
 126.000       1.4740
 127.000       1.3216
 128.000       1.1269
 129.000       1.2580
 130.000       1.5217
 131.000       1.4528
 132.000       1.1367
 133.000       1.3241
 134.000       1.7943
 135.000       2.6612
 136.000       3.3675
 137.000       5.5970
 138.000       7.2804
 139.000       8.7198
 140.000       9.0695
 141.000      10.4255
 142.000      10.7138
 143.000      10.1223
 144.000       9.2106
 145.000       8.4075
 146.000       7.5067
 147.000       5.9498
 148.000       4.9567
 149.000       4.9350
 150.000       4.2002
 151.000       3.2645
 152.000       2.1388
 153.000       1.1747
 154.000       1.0137
 155.000       0.8787
 156.000       0.7489
 157.000       0.7364
 158.000       0.7827
 159.000       0.7553
 160.000       0.6774
 161.000       0.7578
 162.000       0.9297
 163.000       0.9665
 164.000       0.8666
 165.000       0.9427
 166.000       1.0651
 167.000       1.0467
 168.000       1.5872
 169.000       2.5444
 170.000       2.9791
 171.000       1.4080
 172.000       1.1860
 173.000       1.0204
 174.000       1.2046
 175.000       1.1220
 176.000       1.1163
 177.000       1.1473
 178.000       1.1503
 179.000       0.9116
 180.000       0.9843
 181.000       0.8805
 182.000       0.7572
 183.000       0.7073
 184.000       0.6822
 185.000       0.6638
 186.000       0.6048
 187.000       0.6251
 188.000       0.6392
 189.000       0.6340
 190.000       0.7095
 191.000       0.7188
 192.000       0.7391
 193.000       0.7963
 194.000       0.8560
 195.000       0.8476
 196.000       0.8839
 197.000       1.0349
 198.000       1.1908
 199.000       1.1953
 200.000       2.0056
 201.000       1.9352
 202.000       2.7291
 203.000       2.6204
 204.000       1.9633
 205.000       2.0268
 206.000       1.9068
 207.000       1.3751
 208.000       1.2965
 209.000       1.5400
 210.000       1.0557
 211.000       0.9723
 212.000       0.7081
 213.000       0.7886
 214.000       0.8873
 215.000       0.7466
 216.000       0.5791
 217.000       0.6157
 218.000       0.6950
 219.000       0.5695
 220.000       0.5739
 221.000       0.7073
 222.000       0.6862
 223.000       0.6550
 224.000       0.7580
 225.000       0.8074
 226.000       0.7329
 227.000       0.7826
 228.000       0.9083
 229.000       0.9099
 230.000       0.8538
 231.000       0.9567
 232.000       0.9765
 233.000       0.8929
 234.000       1.0039
 235.000       1.0387
 236.000       0.9167
 237.000       0.9431
 238.000       1.1219
 239.000       1.0753
 240.000       0.8934
 241.000       1.0680
 242.000       1.2485
 243.000       1.2188
 244.000       1.3871
 245.000       1.5678
 246.000       1.6772
 247.000       1.4057
 248.000       1.4888
 249.000       1.8053
 250.000       1.7359
 251.000       1.5313
 252.000       1.4103
 253.000       1.1096
 254.000       1.0290
 255.000       1.0494
 256.000       0.8994
 257.000       0.7426
 258.000       0.8141
 259.000       0.8630
 260.000       0.6861
 261.000       0.7151
 262.000       0.8900
 263.000       0.8121
 264.000       0.8484
 265.000       0.8670
 266.000       0.7403
 267.000       0.6094
 268.000       0.5538
 269.000       0.4753
 270.000       0.5382
 271.000       0.5477
 272.000       0.5196
 273.000       0.4883
 274.000       0.5456
 275.000       0.5704
 276.000       0.5916
 277.000       0.5706
 278.000       0.7937
 279.000       0.7420
 280.000       0.8371
 281.000       0.8769
 282.000       0.9655
 283.000       0.8702
 284.000       0.7418
 285.000       0.6935
 286.000       0.7018
 287.000       0.7518
 288.000       0.7007
 289.000       0.6128
 290.000       0.6151
 291.000       0.6552
 292.000       0.5986
 293.000       0.5964
 294.000       0.6063
 295.000       0.5933
 296.000       0.5516
 297.000       0.6432
 298.000       0.6589
 299.000       0.6062
 300.000       0.5867
 301.000       0.6607
 302.000       0.7065
 303.000       0.7004
 304.000       0.7369
 305.000       0.7770
 306.000       0.7528
 307.000       0.7113
 308.000       0.7600
 309.000       0.7792
 310.000       0.7514
 311.000       0.7991
 312.000       0.8804
 313.000       0.8617
 314.000       0.8859
 315.000       0.9733
 316.000       1.1473
 317.000       1.2234
 318.000       1.2917
 319.000       1.3763
 320.000       1.2978
 321.000       1.3097
 322.000       1.1346
 323.000       1.2245
 324.000       1.1859
 325.000       1.0467
 326.000       1.3580
 327.000       1.7966
 328.000       1.0665
 329.000       1.4528
 330.000       0.8366
 331.000       0.8921
 332.000       0.8437
 333.000       0.7632
 334.000       0.6489
 335.000       0.6778
 336.000       0.7453
 337.000       0.7599
 338.000       0.7266
 339.000       0.7556
 340.000       0.7446
 341.000       0.6931
 342.000       0.7618
 343.000       0.8295
 344.000       0.7776
 345.000       0.8596
 346.000       0.8083
 347.000       0.6976
 348.000       0.7174
 349.000       0.6717
 350.000       0.5855
 351.000       0.5831
 352.000       0.5810
 353.000       0.5785
 354.000       0.5401
 355.000       0.5434
 356.000       0.5769
 357.000       0.5586
 358.000       0.6079
 359.000       0.6609
 360.000       0.6391
 361.000       0.5769
 362.000       0.6708
 363.000       0.6347
 364.000       0.6012
 365.000       0.6448
 366.000       0.6338
 367.000       0.7421
 368.000       0.9175
 369.000       0.7704
 370.000       0.6085
 371.000       0.9753
 372.000       0.9626
 373.000       0.6150
 374.000       0.6063
 375.000       0.6581
 376.000       0.6923
 377.000       0.7010
 378.000       0.7151
 379.000       0.7538
 380.000       0.8176
 381.000       0.8997
 382.000       1.0929
 383.000       1.1253
 384.000       0.9638
 385.000       1.0146
 386.000       1.2632
 387.000       1.1383
 388.000       1.0535
 389.000       1.1422
 390.000       1.0277
 391.000       0.8499
 392.000       0.8666
 393.000       0.8930
 394.000       0.8513
 395.000       0.7979
 396.000       0.8238
 397.000       0.7698
 398.000       0.7740
 399.000       0.7801
 400.000       0.7162
 401.000       0.7404
 402.000       0.8139
 403.000       0.8377
 404.000       0.8517
 405.000       0.9036
 406.000       0.8673
 407.000       0.8179
 408.000       0.8726
 409.000       0.9816
 410.000       0.9877
 411.000       0.8651
 412.000       0.8258
 413.000       0.8668
 414.000       0.8530
 415.000       0.8119
 416.000       0.8541
 417.000       0.9197
 418.000       0.8949
 419.000       0.7966
 420.000       0.7953
 421.000       0.8268
 422.000       0.9140
 423.000       1.2475
 424.000       1.2889
 425.000       1.1154
 426.000       0.9485
 427.000       0.8515
 428.000       0.8147
 429.000       0.8643
 430.000       0.8526
 431.000       0.6988
 432.000       0.7115
 433.000       0.8232
 434.000       0.6572
 435.000       0.6856
 436.000       0.7577
 437.000       0.7717
 438.000       0.8605
 439.000       1.0431
 440.000       0.9172
 441.000       0.8150
 442.000       0.8364
 443.000       0.7796
 444.000       0.6710
 445.000       0.7676
 446.000       0.7669
 447.000       0.6568
 448.000       0.6677
 449.000       0.7304
 450.000       0.7298
 451.000       0.6827
 452.000       0.7275
 453.000       0.7924
 454.000       0.8211
 455.000       0.8670
 456.000       0.9275
 457.000       1.0437
 458.000       1.0443
 459.000       0.8787
 460.000       0.9225
 461.000       0.8245
 462.000       0.7329
 463.000       0.7073
 464.000       0.6693
 465.000       0.6604
 466.000       0.6359
 467.000       0.5853
 468.000       0.6894
 469.000       0.7573
 470.000       0.6963
 471.000       0.6555
 472.000       0.7125
 473.000       0.9051
 474.000       0.9244
 475.000       0.7208
 476.000       0.7725
 477.000       0.9472
 478.000       0.8219
 479.000       0.7605
 480.000       0.8649
 481.000       0.8238
 482.000       1.0434
 483.000       1.2539
 484.000       1.1164
 485.000       1.2202
 486.000       1.1726
 487.000       1.6398
 488.000       1.3159
 489.000       1.2223
 490.000       1.3773
 491.000       1.2450
 492.000       1.6178
 493.000       1.7926
 494.000       1.3108
 495.000       1.4229
 496.000       1.1685
 497.000       1.3005
 498.000       1.3462
 499.000       1.2447
 500.000       1.0365
 501.000       1.0396
 502.000       1.1043
 503.000       1.0647
 504.000       0.9572
 505.000       0.9261
 506.000       1.1179
 507.000       1.1971
 508.000       0.9404
 509.000       1.0537
 510.000       1.4327
 511.000       1.1517
 512.000       0.8585
 513.000       1.1382
 514.000       0.9823
 515.000       0.7014
 516.000       0.9647
 517.000       1.1881
 518.000       1.0377
 519.000       0.9446
 520.000       1.2974
 521.000       1.4239
 522.000       1.2565
 523.000       1.3982
 524.000       1.7772
 525.000       1.7902
 526.000       1.6079
 527.000       2.0283
 528.000       2.2157
 529.000       2.2769
 530.000       2.1812
 531.000       2.2492
 532.000       1.9586
 533.000       1.6310
 534.000       1.7652
 535.000       1.7951
 536.000       1.3732
 537.000       1.2602
 538.000       1.5244
 539.000       1.5753
 540.000       1.3965
 541.000       1.5616
 542.000       2.3412
 543.000       3.5295
 544.000       5.2750
