#Res        AtomicFlx
   1.000       9.4951
   2.000       8.0399
   3.000       6.2382
   4.000       4.5049
   5.000       3.1256
   6.000       1.5061
   7.000       2.2722
   8.000       1.6773
   9.000       1.4293
  10.000       1.3685
  11.000       1.3128
  12.000       0.9562
  13.000       0.7950
  14.000       0.7856
  15.000       0.7883
  16.000       0.5566
  17.000       0.5186
  18.000       0.6180
  19.000       0.5871
  20.000       0.5570
  21.000       0.5018
  22.000       0.5162
  23.000       0.5617
  24.000       0.5719
  25.000       0.5997
  26.000       0.9479
  27.000       0.7485
  28.000       0.8185
  29.000       0.6842
  30.000       0.8323
  31.000       1.4174
  32.000       0.9297
  33.000       1.0705
  34.000       1.6006
  35.000       1.5790
  36.000       1.2961
  37.000       1.6617
  38.000       1.2804
  39.000       1.1802
  40.000       1.3275
  41.000       1.0940
  42.000       0.9533
  43.000       1.0432
  44.000       0.8822
  45.000       0.7017
  46.000       0.7442
  47.000       0.7855
  48.000       0.6680
  49.000       0.6487
  50.000       0.7560
  51.000       0.7345
  52.000       0.6293
  53.000       0.5668
  54.000       0.5078
  55.000       0.4980
  56.000       0.4418
  57.000       0.4449
  58.000       0.4808
  59.000       0.4541
  60.000       0.4487
  61.000       0.5207
  62.000       0.6151
  63.000       0.6384
  64.000       0.6063
  65.000       0.6345
  66.000       0.6763
  67.000       0.7115
  68.000       0.7518
  69.000       0.7276
  70.000       0.8155
  71.000       0.9080
  72.000       0.9058
  73.000       0.7494
  74.000       0.5818
  75.000       0.9248
  76.000       1.4728
  77.000       1.2589
  78.000       0.8159
  79.000       1.0664
  80.000       0.9271
  81.000       0.6905
  82.000       0.8174
  83.000       0.6904
  84.000       0.6597
  85.000       0.6611
  86.000       0.6632
  87.000       0.6268
  88.000       0.5592
  89.000       0.5965
  90.000       0.6556
  91.000       0.5955
  92.000       0.5904
  93.000       0.6892
  94.000       0.6932
  95.000       0.6648
  96.000       0.7089
  97.000       0.7141
  98.000       0.6861
  99.000       0.6324
 100.000       0.5641
 101.000       0.5563
 102.000       0.5673
 103.000       0.5908
 104.000       0.5356
 105.000       0.5182
 106.000       0.5371
 107.000       0.5245
 108.000       0.5415
 109.000       0.5488
 110.000       0.5619
 111.000       0.6231
 112.000       0.6908
 113.000       0.6835
 114.000       0.8591
 115.000       1.1445
 116.000       1.5253
 117.000       1.2586
 118.000       0.7735
 119.000       0.8051
 120.000       0.8595
 121.000       0.9534
 122.000       0.9685
 123.000       1.0567
 124.000       1.5923
 125.000       1.3630
 126.000       1.7680
 127.000       1.7446
 128.000       1.2337
 129.000       1.7036
 130.000       2.1721
 131.000       2.7699
 132.000       1.7565
 133.000       1.7995
 134.000       1.9827
 135.000       2.5519
 136.000       1.7321
 137.000       1.8103
 138.000       1.7659
 139.000       1.4070
 140.000       1.4738
 141.000       1.5335
 142.000       2.0070
 143.000       2.5036
 144.000       4.1795
 145.000       5.5036
 146.000       6.6785
 147.000       7.2797
 148.000       6.1569
 149.000       5.2103
 150.000       3.8766
 151.000       2.1866
 152.000       1.8923
 153.000       1.2947
 154.000       0.9449
 155.000       0.8350
 156.000       0.7014
 157.000       0.6618
 158.000       0.6683
 159.000       0.5810
 160.000       0.5399
 161.000       0.6545
 162.000       0.7483
 163.000       0.7679
 164.000       0.7057
 165.000       0.7186
 166.000       0.8432
 167.000       0.9511
 168.000       1.7036
 169.000       2.9145
 170.000       3.3267
 171.000       3.2195
 172.000       2.7143
 173.000       2.2891
 174.000       1.9921
 175.000       1.3548
 176.000       1.0353
 177.000       1.2552
 178.000       1.2631
 179.000       0.9227
 180.000       0.9211
 181.000       0.9757
 182.000       0.8844
 183.000       0.6802
 184.000       0.7141
 185.000       0.7759
 186.000       0.6451
 187.000       0.6801
 188.000       0.8293
 189.000       0.8336
 190.000       0.8638
 191.000       1.0047
 192.000       1.1328
 193.000       1.2154
 194.000       1.2505
 195.000       1.3495
 196.000       1.4721
 197.000       1.5177
 198.000       1.6213
 199.000       1.7321
 200.000       2.1447
 201.000       1.6092
 202.000       2.1830
 203.000       2.6350
 204.000       2.5932
 205.000       2.1791
 206.000       1.5347
 207.000       1.4036
 208.000       1.1597
 209.000       1.1582
 210.000       1.2601
 211.000       1.0530
 212.000       0.8351
 213.000       1.0374
 214.000       0.9461
 215.000       0.9589
 216.000       0.7828
 217.000       0.6801
 218.000       0.7810
 219.000       0.6978
 220.000       0.6069
 221.000       0.6665
 222.000       0.6834
 223.000       0.6435
 224.000       0.6659
 225.000       0.7120
 226.000       0.6971
 227.000       0.7113
 228.000       0.8133
 229.000       0.8485
 230.000       0.7949
 231.000       0.8705
 232.000       0.8339
 233.000       0.7443
 234.000       0.8227
 235.000       0.8180
 236.000       0.7365
 237.000       0.7591
 238.000       0.8539
 239.000       0.8329
 240.000       0.7221
 241.000       0.8574
 242.000       0.9577
 243.000       1.1114
 244.000       1.2486
 245.000       1.7158
 246.000       1.8886
 247.000       1.5477
 248.000       1.6723
 249.000       2.0714
 250.000       1.8668
 251.000       1.7295
 252.000       1.4882
 253.000       1.1508
 254.000       1.0942
 255.000       1.0563
 256.000       0.9657
 257.000       0.8023
 258.000       0.7471
 259.000       0.7618
 260.000       0.6878
 261.000       0.6205
 262.000       0.6058
 263.000       0.6486
 264.000       0.5770
 265.000       0.5282
 266.000       0.6166
 267.000       0.5083
 268.000       0.5452
 269.000       0.5551
 270.000       0.5575
 271.000       0.5533
 272.000       0.4503
 273.000       0.4946
 274.000       0.6197
 275.000       0.5885
 276.000       0.5796
 277.000       0.6922
 278.000       0.7413
 279.000       0.7360
 280.000       0.8541
 281.000       0.8550
 282.000       0.9724
 283.000       0.9484
 284.000       0.8372
 285.000       0.7697
 286.000       0.6763
 287.000       0.7322
 288.000       0.7594
 289.000       0.6213
 290.000       0.5995
 291.000       0.6080
 292.000       0.5082
 293.000       0.5122
 294.000       0.5720
 295.000       0.5205
 296.000       0.4715
 297.000       0.5223
 298.000       0.5355
 299.000       0.4939
 300.000       0.4827
 301.000       0.5240
 302.000       0.5273
 303.000       0.5373
 304.000       0.6148
 305.000       0.6451
 306.000       0.5785
 307.000       0.5089
 308.000       0.6048
 309.000       0.6458
 310.000       0.6283
 311.000       0.6619
 312.000       0.7521
 313.000       0.7792
 314.000       0.7858
 315.000       0.8434
 316.000       1.0144
 317.000       1.0939
 318.000       1.1247
 319.000       1.1896
 320.000       1.1029
 321.000       1.0865
 322.000       1.0223
 323.000       1.1846
 324.000       1.0020
 325.000       0.8872
 326.000       1.1235
 327.000       1.2376
 328.000       1.5548
 329.000       1.8136
 330.000       0.7589
 331.000       0.7339
 332.000       0.7371
 333.000       0.6553
 334.000       0.5861
 335.000       0.6737
 336.000       0.7638
 337.000       0.7137
 338.000       0.6819
 339.000       0.8619
 340.000       0.8128
 341.000       0.6596
 342.000       0.7573
 343.000       0.9691
 344.000       0.8474
 345.000       0.9190
 346.000       0.8415
 347.000       0.6536
 348.000       0.6303
 349.000       0.6301
 350.000       0.5634
 351.000       0.5295
 352.000       0.5527
 353.000       0.6152
 354.000       0.5627
 355.000       0.5236
 356.000       0.5785
 357.000       0.6248
 358.000       0.6366
 359.000       0.5955
 360.000       0.6090
 361.000       0.7119
 362.000       0.6732
 363.000       0.6356
 364.000       0.6011
 365.000       0.6136
 366.000       0.6129
 367.000       0.7203
 368.000       0.8655
 369.000       0.7796
 370.000       0.6660
 371.000       0.8916
 372.000       0.9478
 373.000       0.7016
 374.000       0.7299
 375.000       1.1640
 376.000       1.1991
 377.000       0.8258
 378.000       0.8673
 379.000       1.0066
 380.000       0.9448
 381.000       0.9581
 382.000       1.1302
 383.000       1.1344
 384.000       1.0837
 385.000       1.2484
 386.000       1.8208
 387.000       1.7978
 388.000       1.6052
 389.000       1.6889
 390.000       1.5887
 391.000       1.2357
 392.000       1.1863
 393.000       1.2441
 394.000       1.1617
 395.000       0.9138
 396.000       0.9863
 397.000       0.9996
 398.000       0.9942
 399.000       0.8860
 400.000       0.8572
 401.000       0.9209
 402.000       1.0157
 403.000       0.9207
 404.000       0.9067
 405.000       0.9196
 406.000       0.7216
 407.000       0.7380
 408.000       0.7482
 409.000       0.8863
 410.000       0.7720
 411.000       0.7516
 412.000       0.6636
 413.000       0.6946
 414.000       0.6952
 415.000       0.6583
 416.000       0.6778
 417.000       0.7236
 418.000       0.7539
 419.000       0.7531
 420.000       0.8011
 421.000       0.9188
 422.000       0.9645
 423.000       0.9018
 424.000       0.7988
 425.000       0.9431
 426.000       0.7955
 427.000       0.6478
 428.000       0.6545
 429.000       0.6526
 430.000       0.6031
 431.000       0.5662
 432.000       0.5633
 433.000       0.5644
 434.000       0.5233
 435.000       0.5297
 436.000       0.5597
 437.000       0.6035
 438.000       0.5956
 439.000       0.6136
 440.000       0.6944
 441.000       0.7356
 442.000       0.7490
 443.000       0.6901
 444.000       0.5974
 445.000       0.7408
 446.000       0.7110
 447.000       0.6184
 448.000       0.6909
 449.000       0.7810
 450.000       0.7503
 451.000       0.7219
 452.000       0.8661
 453.000       0.9644
 454.000       0.9553
 455.000       0.9781
 456.000       1.1347
 457.000       1.1555
 458.000       1.0066
 459.000       0.7969
 460.000       0.8341
 461.000       0.7562
 462.000       0.7386
 463.000       0.6572
 464.000       0.6408
 465.000       0.6644
 466.000       0.5709
 467.000       0.5387
 468.000       0.6188
 469.000       0.6606
 470.000       0.6289
 471.000       0.6166
 472.000       0.6581
 473.000       0.6915
 474.000       0.7531
 475.000       0.7040
 476.000       0.6994
 477.000       0.7537
 478.000       0.7290
 479.000       0.7513
 480.000       0.8203
 481.000       0.8726
 482.000       0.9324
 483.000       1.0698
 484.000       1.2148
 485.000       1.2911
 486.000       1.3382
 487.000       1.6759
 488.000       1.5391
 489.000       1.3241
 490.000       1.3108
 491.000       1.1467
 492.000       2.1135
 493.000       2.1153
 494.000       1.8732
 495.000       1.9345
 496.000       1.4325
 497.000       1.7596
 498.000       1.5193
 499.000       1.4066
 500.000       1.3682
 501.000       1.2140
 502.000       1.0489
 503.000       1.2309
 504.000       1.3059
 505.000       1.0282
 506.000       1.2125
 507.000       1.6218
 508.000       1.4076
 509.000       1.1149
 510.000       1.5063
 511.000       1.5232
 512.000       1.2097
 513.000       0.9273
 514.000       0.8999
 515.000       0.7654
 516.000       0.8408
 517.000       0.9603
 518.000       0.9070
 519.000       0.8336
 520.000       1.1791
 521.000       1.3438
 522.000       1.2412
 523.000       1.4090
 524.000       1.8199
 525.000       1.9793
 526.000       1.9690
 527.000       2.5743
 528.000       2.9116
 529.000       3.0006
 530.000       2.6630
 531.000       2.8204
 532.000       2.6132
 533.000       2.0984
 534.000       2.0906
 535.000       2.2571
 536.000       1.9006
 537.000       1.5454
 538.000       1.7850
 539.000       1.9698
 540.000       1.9543
 541.000       2.4384
 542.000       4.1271
 543.000       6.6334
 544.000       9.2573
