#Res        AtomicFlx
   1.000       3.2779
   2.000       2.4102
   3.000       1.9693
   4.000       1.6160
   5.000       1.4127
   6.000       1.7585
   7.000       1.4150
   8.000       1.8616
   9.000       1.9636
  10.000       1.7316
  11.000       1.6024
  12.000       1.4113
  13.000       1.3147
  14.000       1.1724
  15.000       1.4132
  16.000       1.4305
  17.000       1.1941
  18.000       1.6031
  19.000       1.8602
  20.000       1.8154
  21.000       2.2336
  22.000       2.7604
  23.000       3.7294
  24.000       4.4842
  25.000       4.4198
  26.000       3.4079
  27.000       2.5541
  28.000       1.7521
  29.000       1.4109
  30.000       1.2283
  31.000       1.1674
  32.000       1.5679
  33.000       1.2653
  34.000       1.0570
  35.000       1.0504
  36.000       1.0005
  37.000       0.8068
  38.000       0.8009
  39.000       0.8286
  40.000       0.7322
  41.000       0.6446
  42.000       0.6611
  43.000       0.7429
  44.000       0.6333
  45.000       0.6329
  46.000       0.7094
  47.000       0.8066
  48.000       0.9313
  49.000       1.2758
  50.000       1.1293
  51.000       1.0061
  52.000       1.3020
  53.000       1.0304
  54.000       0.9344
  55.000       1.0574
  56.000       1.0110
  57.000       0.9093
  58.000       0.9433
  59.000       0.9784
  60.000       1.0035
  61.000       1.0394
  62.000       1.4027
  63.000       1.1061
  64.000       1.0450
  65.000       0.9795
  66.000       0.8484
  67.000       0.8806
  68.000       0.9343
  69.000       0.8466
  70.000       0.7599
  71.000       0.8228
  72.000       0.8329
  73.000       0.7415
  74.000       0.7018
  75.000       0.7139
  76.000       0.7059
  77.000       0.6536
  78.000       0.6993
  79.000       0.6823
  80.000       0.6581
  81.000       0.6539
  82.000       0.6359
  83.000       0.6332
  84.000       0.6052
  85.000       0.5402
  86.000       0.5562
  87.000       0.5826
  88.000       0.5654
  89.000       0.6058
  90.000       0.6303
  91.000       0.6596
  92.000       0.6848
  93.000       0.7131
  94.000       0.7280
  95.000       0.7630
  96.000       0.7054
  97.000       0.6960
  98.000       0.7343
  99.000       0.6343
 100.000       0.6793
 101.000       0.8250
 102.000       0.8674
 103.000       0.8788
 104.000       0.9426
 105.000       0.9633
 106.000       0.9329
 107.000       0.7834
 108.000       0.7928
 109.000       0.7304
 110.000       0.6608
 111.000       0.7189
 112.000       0.7240
 113.000       0.7305
 114.000       0.7307
 115.000       0.6804
 116.000       0.8443
 117.000       0.8536
 118.000       0.6866
 119.000       0.7649
 120.000       0.9920
 121.000       0.9516
 122.000       0.8377
 123.000       1.0481
 124.000       1.3257
 125.000       0.9893
 126.000       0.6335
 127.000       0.7588
 128.000       0.7056
 129.000       0.6334
 130.000       0.6672
 131.000       0.7033
 132.000       0.6671
 133.000       0.6922
 134.000       0.7283
 135.000       0.7606
 136.000       0.7914
 137.000       0.8405
 138.000       0.8571
 139.000       0.9166
 140.000       1.0757
 141.000       1.2241
 142.000       1.3388
 143.000       1.4242
 144.000       1.1084
 145.000       1.0422
 146.000       1.0083
 147.000       1.2307
 148.000       1.5443
 149.000       1.6111
 150.000       1.6720
 151.000       2.1279
 152.000       2.7038
 153.000       3.6033
 154.000       4.1337
 155.000       3.5205
 156.000       3.7102
 157.000       2.8619
 158.000       2.0908
 159.000       1.8726
 160.000       1.9492
 161.000       1.6023
 162.000       1.4494
 163.000       1.8066
 164.000       1.9254
 165.000       1.5671
 166.000       1.3854
 167.000       1.2537
 168.000       1.0281
 169.000       1.0870
 170.000       1.1409
 171.000       0.9834
 172.000       0.8842
 173.000       1.0121
 174.000       1.1100
 175.000       1.1013
 176.000       0.9949
 177.000       0.9639
 178.000       1.1939
 179.000       1.1810
 180.000       1.5698
 181.000       1.4201
 182.000       1.2687
 183.000       1.2459
 184.000       1.5481
 185.000       1.6595
 186.000       2.2722
 187.000       3.0564
 188.000       2.0381
 189.000       1.5462
 190.000       1.1092
 191.000       1.0498
 192.000       0.9943
 193.000       0.8962
 194.000       0.8620
 195.000       0.8687
 196.000       0.8079
 197.000       0.7174
 198.000       0.7940
 199.000       0.8384
 200.000       0.7591
 201.000       0.7447
 202.000       0.8646
 203.000       0.8578
 204.000       0.8768
 205.000       0.9175
 206.000       1.0093
 207.000       1.0752
 208.000       1.2621
 209.000       1.4313
 210.000       2.1125
 211.000       2.1385
 212.000       1.6881
 213.000       1.5493
 214.000       1.3428
 215.000       1.2492
 216.000       1.5897
 217.000       1.4274
 218.000       1.0751
 219.000       1.2496
 220.000       1.3478
 221.000       1.1047
 222.000       0.7896
 223.000       0.9628
 224.000       1.1666
 225.000       1.0421
 226.000       0.9175
 227.000       1.0400
 228.000       1.1592
 229.000       1.0830
 230.000       1.0528
 231.000       1.1096
 232.000       1.1232
 233.000       1.1836
 234.000       1.1702
 235.000       1.0711
 236.000       1.0944
 237.000       1.3134
 238.000       1.3349
 239.000       1.3206
 240.000       1.4539
 241.000       1.4285
 242.000       1.3240
 243.000       1.6015
 244.000       1.2367
 245.000       1.2737
 246.000       1.1192
 247.000       1.0584
 248.000       1.1529
 249.000       1.1334
 250.000       1.0376
 251.000       1.0911
 252.000       1.1373
 253.000       1.1942
 254.000       1.3332
 255.000       1.4158
 256.000       1.4205
 257.000       1.2172
 258.000       1.2493
 259.000       1.3693
 260.000       1.1681
 261.000       1.0670
 262.000       1.0097
 263.000       0.9109
 264.000       0.8751
 265.000       0.8185
 266.000       0.7741
 267.000       0.7610
 268.000       0.7633
 269.000       0.7537
 270.000       0.6861
 271.000       0.7165
 272.000       0.8032
 273.000       0.7307
 274.000       0.7046
 275.000       0.6507
 276.000       0.6174
 277.000       0.7911
 278.000       0.8998
 279.000       1.1873
 280.000       0.7710
 281.000       1.2328
 282.000       0.5658
 283.000       0.5916
 284.000       0.7721
 285.000       0.6165
 286.000       0.5653
 287.000       0.6656
 288.000       0.8416
 289.000       0.8157
 290.000       0.9128
 291.000       0.9273
 292.000       1.0048
 293.000       0.8860
 294.000       0.9350
 295.000       0.7430
 296.000       0.7618
 297.000       0.8511
 298.000       0.7720
 299.000       0.6928
 300.000       0.7984
 301.000       0.8088
 302.000       0.6822
 303.000       0.7097
 304.000       0.8040
 305.000       0.7898
 306.000       0.7452
 307.000       0.8605
 308.000       0.9167
 309.000       0.8654
 310.000       0.8972
 311.000       0.9686
 312.000       0.9266
 313.000       0.8924
 314.000       0.9483
 315.000       0.9363
 316.000       0.9041
 317.000       0.9322
 318.000       0.9909
 319.000       1.0023
 320.000       1.1571
 321.000       1.4085
 322.000       1.1710
 323.000       1.1167
 324.000       1.3457
 325.000       1.2021
 326.000       1.0332
 327.000       1.2363
 328.000       1.2458
 329.000       1.0189
 330.000       1.2640
 331.000       1.5473
 332.000       1.3306
 333.000       1.3300
 334.000       1.8608
 335.000       1.9945
 336.000       1.7804
 337.000       2.1761
 338.000       2.6454
 339.000       2.5779
 340.000       2.7254
 341.000       3.2808
 342.000       3.5791
 343.000       3.4902
 344.000       3.7741
 345.000       4.2376
 346.000       4.1742
 347.000       4.9053
 348.000       4.8925
 349.000       5.0609
 350.000       5.4473
 351.000       4.3828
 352.000       3.8444
 353.000       3.6848
 354.000       4.7034
 355.000       4.6036
 356.000       3.3106
 357.000       4.0549
 358.000       4.7320
 359.000       3.8882
 360.000       3.4884
 361.000       4.4728
 362.000       4.7295
 363.000       4.2694
 364.000       4.5701
 365.000       5.2401
 366.000       5.4658
 367.000       5.1776
 368.000       4.9774
 369.000       4.6796
 370.000       4.1170
 371.000       3.6954
 372.000       3.8627
 373.000       3.6912
 374.000       3.0184
 375.000       2.9246
 376.000       2.1675
 377.000       2.1769
 378.000       2.0057
 379.000       1.4179
 380.000       1.8863
 381.000       3.1626
 382.000       2.3157
 383.000       1.6634
 384.000       1.3328
 385.000       1.5243
 386.000       1.3925
 387.000       1.2938
 388.000       1.4108
 389.000       1.4327
 390.000       1.6088
 391.000       2.1141
 392.000       1.0957
 393.000       1.1975
 394.000       1.0786
 395.000       0.8918
 396.000       0.8316
 397.000       0.9394
 398.000       1.0449
 399.000       1.0564
 400.000       0.9652
 401.000       1.0235
 402.000       1.1084
 403.000       1.0492
 404.000       1.1394
 405.000       1.3100
 406.000       1.2795
 407.000       1.3296
 408.000       1.2344
 409.000       1.0690
 410.000       1.0237
 411.000       1.0089
 412.000       0.9213
 413.000       0.8664
 414.000       0.8586
 415.000       0.8483
 416.000       0.8021
 417.000       0.7291
 418.000       0.7287
 419.000       0.7302
 420.000       0.6960
 421.000       0.6676
 422.000       0.6622
 423.000       0.6843
 424.000       0.7100
 425.000       0.6256
 426.000       0.6107
 427.000       0.6696
 428.000       0.5665
 429.000       0.6232
 430.000       0.6757
 431.000       0.5946
 432.000       0.6595
 433.000       0.8316
 434.000       0.7966
 435.000       0.8016
 436.000       1.1020
 437.000       1.4097
 438.000       1.3934
 439.000       1.3732
 440.000       2.0445
 441.000       2.0355
 442.000       1.8744
 443.000       2.2967
 444.000       2.1929
 445.000       2.3411
 446.000       2.8273
 447.000       3.2253
 448.000       3.7642
 449.000       2.8171
 450.000       2.1897
 451.000       1.8499
 452.000       1.6484
 453.000       1.6672
 454.000       1.4799
 455.000       1.1791
 456.000       1.1312
 457.000       1.1634
 458.000       0.9846
 459.000       0.8512
 460.000       0.9497
 461.000       0.9679
 462.000       0.8220
 463.000       0.8214
 464.000       0.9731
 465.000       0.9417
 466.000       0.8976
 467.000       0.9439
 468.000       0.9226
 469.000       0.7938
 470.000       0.8444
 471.000       0.9252
 472.000       0.9786
 473.000       0.9490
 474.000       0.8645
 475.000       0.8586
 476.000       0.9072
 477.000       0.8811
 478.000       0.8233
 479.000       0.8694
 480.000       0.8882
 481.000       0.9251
 482.000       0.9533
 483.000       1.0960
 484.000       1.0445
 485.000       1.0233
 486.000       0.8879
 487.000       0.8801
 488.000       0.9247
 489.000       0.7811
 490.000       0.7783
 491.000       0.8762
 492.000       0.7983
 493.000       0.6899
 494.000       0.7065
 495.000       0.7278
 496.000       0.7013
 497.000       0.6350
 498.000       0.6540
 499.000       0.7117
 500.000       0.6912
 501.000       0.6889
 502.000       0.7872
 503.000       0.8799
 504.000       0.8556
 505.000       0.8294
 506.000       0.8819
 507.000       0.8965
 508.000       1.0470
 509.000       0.9706
 510.000       0.8120
 511.000       0.9608
 512.000       1.0760
 513.000       0.9539
 514.000       0.9844
 515.000       1.2176
 516.000       1.3303
 517.000       1.2906
 518.000       1.4963
 519.000       1.7304
 520.000       1.7756
 521.000       1.6756
 522.000       1.1479
 523.000       1.1228
 524.000       1.1072
 525.000       0.9323
 526.000       0.8144
 527.000       0.9577
 528.000       0.9585
 529.000       0.7518
 530.000       0.7114
 531.000       0.8811
 532.000       0.9592
 533.000       0.7935
 534.000       0.6718
 535.000       0.7158
 536.000       0.7877
 537.000       0.7203
 538.000       0.6656
 539.000       0.7461
 540.000       0.7940
 541.000       0.7244
 542.000       0.7371
 543.000       0.8440
 544.000       0.8002
 545.000       0.8007
 546.000       0.8617
 547.000       0.9017
 548.000       0.8801
 549.000       0.8952
 550.000       0.9908
 551.000       1.0507
 552.000       1.0442
 553.000       1.0534
 554.000       0.9768
 555.000       1.0174
 556.000       1.0905
 557.000       1.2513
 558.000       1.3692
 559.000       1.3327
 560.000       1.9293
 561.000       2.6396
 562.000       4.2190
 563.000       4.7261
 564.000       5.0886
 565.000       4.9926
 566.000       4.1099
 567.000       4.8531
 568.000       3.7142
 569.000       2.4668
 570.000       1.8372
 571.000       1.3464
 572.000       1.1818
 573.000       1.0787
 574.000       1.0219
 575.000       1.0974
 576.000       1.1183
 577.000       1.0768
 578.000       0.9818
 579.000       1.0167
 580.000       1.0636
 581.000       1.0035
 582.000       0.9673
 583.000       0.9416
 584.000       0.9387
 585.000       0.9625
 586.000       0.9471
 587.000       0.9068
 588.000       0.9181
 589.000       0.8007
 590.000       0.8544
 591.000       0.9051
 592.000       0.8372
 593.000       0.7914
 594.000       0.9296
 595.000       1.0208
 596.000       0.9755
 597.000       1.0102
 598.000       1.1611
 599.000       1.2559
 600.000       1.2879
 601.000       1.4722
 602.000       1.6721
 603.000       1.7682
 604.000       1.9005
 605.000       2.3247
 607.000       1.0351
