#Res        AtomicFlx
   1.000      10.5290
   2.000       8.3464
   3.000       6.8809
   4.000       5.5235
   5.000       4.1469
   6.000       2.7296
   7.000       1.4444
   8.000       1.6467
   9.000       1.6680
  10.000       1.3818
  11.000       1.0853
  12.000       1.1730
  13.000       1.2498
  14.000       1.5563
  15.000       1.6496
  16.000       1.4979
  17.000       1.4208
  18.000       1.5928
  19.000       1.9641
  20.000       2.3392
  21.000       2.3841
  22.000       3.0550
  23.000       3.7445
  24.000       4.1571
  25.000       4.9813
  26.000       3.7628
  27.000       2.6787
  28.000       1.9154
  29.000       1.9986
  30.000       1.7312
  31.000       1.7873
  32.000       2.4609
  33.000       1.7924
  34.000       1.8936
  35.000       1.9265
  36.000       2.0249
  37.000       1.8431
  38.000       1.5315
  39.000       1.4551
  40.000       1.5776
  41.000       1.4288
  42.000       1.1123
  43.000       1.1045
  44.000       1.3643
  45.000       1.2327
  46.000       1.0089
  47.000       1.2462
  48.000       1.5946
  49.000       1.4339
  50.000       1.0911
  51.000       1.1089
  52.000       1.0686
  53.000       1.1815
  54.000       0.9837
  55.000       1.0308
  56.000       1.3116
  57.000       1.0366
  58.000       1.2308
  59.000       1.7057
  60.000       1.5551
  61.000       1.2805
  62.000       1.4974
  63.000       1.4587
  64.000       1.4263
  65.000       1.3837
  66.000       1.2266
  67.000       1.2303
  68.000       1.3165
  69.000       1.2259
  70.000       1.0921
  71.000       1.0891
  72.000       1.1052
  73.000       1.0098
  74.000       1.0063
  75.000       1.0363
  76.000       0.9957
  77.000       1.0366
  78.000       0.9126
  79.000       0.7140
  80.000       0.6282
  81.000       0.6019
  82.000       0.5747
  83.000       0.5325
  84.000       0.5985
  85.000       0.6945
  86.000       0.6421
  87.000       0.5456
  88.000       0.6065
  89.000       0.6690
  90.000       0.7204
  91.000       0.7518
  92.000       0.7751
  93.000       0.7702
  94.000       0.9850
  95.000       1.0295
  96.000       0.8313
  97.000       0.7131
  98.000       0.8090
  99.000       0.6298
 100.000       0.6248
 101.000       0.7636
 102.000       0.8860
 103.000       0.8270
 104.000       0.8240
 105.000       0.8639
 106.000       0.8337
 107.000       0.7255
 108.000       0.7424
 109.000       0.6819
 110.000       0.6127
 111.000       0.6234
 112.000       0.6085
 113.000       0.5867
 114.000       0.6027
 115.000       0.6167
 116.000       0.6023
 117.000       0.5772
 118.000       0.5852
 119.000       0.6411
 120.000       0.6749
 121.000       0.6637
 122.000       0.6810
 123.000       0.7100
 124.000       0.8010
 125.000       0.7510
 126.000       0.6464
 127.000       0.5860
 128.000       0.6912
 129.000       0.6781
 130.000       0.5732
 131.000       0.6266
 132.000       0.7076
 133.000       0.6754
 134.000       0.6231
 135.000       0.7131
 136.000       0.8097
 137.000       0.7753
 138.000       0.7720
 139.000       0.9328
 140.000       1.0519
 141.000       1.1641
 142.000       1.2949
 143.000       1.2361
 144.000       0.9251
 145.000       0.9072
 146.000       0.8895
 147.000       1.0013
 148.000       1.0601
 149.000       1.0316
 150.000       1.1783
 151.000       1.4399
 152.000       1.6773
 153.000       2.2816
 154.000       2.9242
 155.000       3.2644
 156.000       2.3749
 157.000       1.7502
 158.000       1.3195
 159.000       1.1707
 160.000       1.1924
 161.000       1.0013
 162.000       0.9500
 163.000       1.1142
 164.000       1.1160
 165.000       0.9949
 166.000       0.9439
 167.000       0.9007
 168.000       0.7946
 169.000       0.7906
 170.000       0.7970
 171.000       0.7449
 172.000       0.6921
 173.000       0.7229
 174.000       0.7484
 175.000       0.7736
 176.000       0.7190
 177.000       0.7094
 178.000       0.7368
 179.000       0.7451
 180.000       0.9203
 181.000       1.2659
 182.000       1.2861
 183.000       1.2710
 184.000       1.7255
 185.000       1.7029
 186.000       1.3840
 187.000       1.7811
 188.000       1.4116
 189.000       1.0765
 190.000       0.9390
 191.000       0.9686
 192.000       0.8209
 193.000       0.6882
 194.000       0.7795
 195.000       0.7616
 196.000       0.6416
 197.000       0.6654
 198.000       0.7494
 199.000       0.7319
 200.000       0.7451
 201.000       0.7917
 202.000       0.8316
 203.000       0.9528
 204.000       1.0261
 205.000       0.9198
 206.000       1.0852
 207.000       1.3270
 208.000       1.2018
 209.000       1.0318
 210.000       1.8362
 211.000       1.3540
 212.000       1.3491
 213.000       2.0151
 214.000       2.4010
 215.000       2.2136
 216.000       1.4377
 217.000       1.4164
 218.000       1.8937
 219.000       1.9947
 220.000       2.0063
 221.000       1.6667
 222.000       1.6458
 223.000       1.6685
 224.000       1.5241
 225.000       1.1665
 226.000       1.0158
 227.000       1.0739
 228.000       0.9881
 229.000       0.7985
 230.000       0.8429
 231.000       0.9256
 232.000       0.8616
 233.000       0.8146
 234.000       0.8962
 235.000       0.9107
 236.000       0.8457
 237.000       0.9248
 238.000       0.9866
 239.000       0.9938
 240.000       1.0029
 241.000       1.0091
 242.000       0.9986
 243.000       0.8877
 244.000       0.9843
 245.000       0.9869
 246.000       0.8999
 247.000       0.9772
 248.000       1.0918
 249.000       1.0305
 250.000       1.0167
 251.000       1.1478
 252.000       1.1964
 253.000       1.2076
 254.000       1.3054
 255.000       1.2935
 256.000       1.4603
 257.000       1.3225
 258.000       1.1800
 259.000       1.2733
 260.000       1.1652
 261.000       1.0567
 262.000       1.0117
 263.000       0.9424
 264.000       0.8837
 265.000       0.8362
 266.000       0.8567
 267.000       0.8566
 268.000       0.8612
 269.000       0.9078
 270.000       0.8423
 271.000       0.9909
 272.000       0.9856
 273.000       1.0084
 274.000       0.9485
 275.000       0.8929
 276.000       1.0172
 277.000       0.8060
 278.000       0.7249
 279.000       0.8760
 280.000       0.7109
 281.000       0.7589
 282.000       0.6971
 283.000       0.6756
 284.000       0.8631
 285.000       0.7578
 286.000       0.8165
 287.000       1.4509
 288.000       1.5181
 289.000       1.2020
 290.000       1.2939
 291.000       1.4565
 292.000       1.3938
 293.000       1.0741
 294.000       0.9975
 295.000       0.7636
 296.000       0.7560
 297.000       0.7041
 298.000       0.7023
 299.000       0.6892
 300.000       0.6694
 301.000       0.7052
 302.000       0.7630
 303.000       0.6688
 304.000       0.6844
 305.000       0.7254
 306.000       0.6949
 307.000       0.7960
 308.000       0.8553
 309.000       0.8209
 310.000       0.8253
 311.000       0.8595
 312.000       0.8347
 313.000       0.7795
 314.000       0.8118
 315.000       0.8170
 316.000       0.7932
 317.000       0.7758
 318.000       0.8127
 319.000       0.8102
 320.000       0.8264
 321.000       0.8793
 322.000       0.8597
 323.000       0.8147
 324.000       0.8080
 325.000       0.8361
 326.000       0.8531
 327.000       0.8459
 328.000       0.8289
 329.000       0.7974
 330.000       0.8856
 331.000       0.9905
 332.000       0.9354
 333.000       0.9105
 334.000       1.1656
 335.000       1.3322
 336.000       1.3117
 337.000       1.4744
 338.000       1.7758
 339.000       1.8977
 340.000       2.0010
 341.000       2.2801
 342.000       2.5728
 343.000       2.6683
 344.000       2.8848
 345.000       3.1392
 346.000       3.0265
 347.000       3.4291
 348.000       3.3862
 349.000       3.4924
 350.000       3.8867
 351.000       2.7368
 352.000       2.8644
 353.000       2.6704
 354.000       3.2159
 355.000       2.8480
 356.000       2.1951
 357.000       2.4501
 358.000       2.9427
 359.000       2.6880
 360.000       2.4757
 361.000       3.0365
 362.000       3.2731
 363.000       3.0199
 364.000       3.2252
 365.000       3.7459
 366.000       3.8062
 367.000       3.8092
 368.000       3.7084
 369.000       3.8988
 370.000       3.4680
 371.000       2.9813
 372.000       3.2617
 373.000       3.2272
 374.000       2.5616
 375.000       2.3463
 376.000       1.7687
 377.000       1.5644
 378.000       1.6201
 379.000       1.1514
 380.000       1.3821
 381.000       1.4027
 382.000       1.1966
 383.000       1.1416
 384.000       1.0185
 385.000       1.1078
 386.000       1.2035
 387.000       1.3928
 388.000       1.4633
 389.000       1.1964
 390.000       1.1174
 391.000       0.9280
 392.000       0.8955
 393.000       0.8595
 394.000       0.7719
 395.000       0.7859
 396.000       0.7712
 397.000       0.7580
 398.000       0.7549
 399.000       0.7426
 400.000       0.7466
 401.000       0.7612
 402.000       0.7525
 403.000       0.7990
 404.000       0.8276
 405.000       0.8521
 406.000       0.8615
 407.000       0.9779
 408.000       0.9418
 409.000       0.8905
 410.000       0.8861
 411.000       0.8292
 412.000       0.7492
 413.000       0.7768
 414.000       0.7568
 415.000       0.7327
 416.000       0.7276
 417.000       0.7299
 418.000       0.7388
 419.000       0.7954
 420.000       0.8689
 421.000       0.9242
 422.000       0.9515
 423.000       1.0515
 424.000       1.2276
 425.000       1.4100
 426.000       1.4710
 427.000       1.1849
 428.000       1.1586
 429.000       1.1439
 430.000       0.9921
 431.000       0.9907
 432.000       0.9502
 433.000       0.8760
 434.000       0.7959
 435.000       0.8362
 436.000       1.0760
 437.000       1.0917
 438.000       0.8728
 439.000       1.0911
 440.000       1.2616
 441.000       1.0011
 442.000       1.1738
 443.000       1.5398
 444.000       2.0108
 445.000       2.1479
 446.000       2.5000
 447.000       2.6530
 448.000       3.0575
 449.000       2.2385
 450.000       1.7336
 451.000       1.5177
 452.000       1.3853
 453.000       1.3269
 454.000       1.3473
 455.000       1.2197
 456.000       1.0843
 457.000       1.1574
 458.000       1.1183
 459.000       0.9459
 460.000       0.9685
 461.000       1.0560
 462.000       0.9117
 463.000       0.7892
 464.000       0.8648
 465.000       0.7687
 466.000       0.7286
 467.000       0.7695
 468.000       0.8039
 469.000       0.7625
 470.000       0.7469
 471.000       0.7353
 472.000       0.7578
 473.000       0.7836
 474.000       0.6951
 475.000       0.6896
 476.000       0.7191
 477.000       0.6518
 478.000       0.6278
 479.000       0.7114
 480.000       0.6888
 481.000       0.6486
 482.000       0.7548
 483.000       0.8974
 484.000       0.7889
 485.000       1.0023
 486.000       1.1829
 487.000       1.0462
 488.000       0.8695
 489.000       0.6743
 490.000       0.6720
 491.000       0.7311
 492.000       0.6963
 493.000       0.6023
 494.000       0.6303
 495.000       0.6792
 496.000       0.6551
 497.000       0.5914
 498.000       0.7161
 499.000       0.7689
 500.000       0.6940
 501.000       0.7355
 502.000       1.0252
 503.000       1.0781
 504.000       0.9087
 505.000       0.7852
 506.000       0.8324
 507.000       0.8432
 508.000       0.9336
 509.000       0.8850
 510.000       0.8675
 511.000       0.9801
 512.000       0.9559
 513.000       1.0209
 514.000       1.1514
 515.000       1.1884
 516.000       1.2534
 517.000       1.4832
 518.000       1.5951
 519.000       1.6756
 520.000       1.7858
 521.000       1.6269
 522.000       1.2406
 523.000       1.1007
 524.000       1.3600
 525.000       1.1784
 526.000       0.9532
 527.000       1.2663
 528.000       1.2956
 529.000       0.8914
 530.000       0.8480
 531.000       1.0084
 532.000       0.9232
 533.000       0.8394
 534.000       0.7755
 535.000       0.8314
 536.000       0.8445
 537.000       0.7741
 538.000       0.7486
 539.000       0.7959
 540.000       0.7726
 541.000       0.7288
 542.000       0.7751
 543.000       0.8341
 544.000       0.8264
 545.000       0.7944
 546.000       0.9097
 547.000       0.9711
 548.000       0.9274
 549.000       1.1750
 550.000       1.9099
 551.000       1.9341
 552.000       1.3949
 553.000       1.1757
 554.000       0.9165
 555.000       0.8939
 556.000       0.8876
 557.000       0.9536
 558.000       1.0165
 559.000       1.0360
 560.000       1.2123
 561.000       1.1963
 562.000       1.9810
 563.000       1.7801
 564.000       2.7124
 565.000       2.4031
 566.000       2.3614
 567.000       2.6055
 568.000       2.0786
 569.000       1.2951
 570.000       1.2459
 571.000       1.1251
 572.000       0.9812
 573.000       0.9897
 574.000       0.9752
 575.000       1.0503
 576.000       1.0771
 577.000       0.9821
 578.000       0.8505
 579.000       0.9265
 580.000       0.9880
 581.000       0.9220
 582.000       0.8870
 583.000       0.9134
 584.000       0.9528
 585.000       1.0586
 586.000       1.1016
 587.000       0.9832
 588.000       1.0132
 589.000       0.8206
 590.000       0.8483
 591.000       0.8305
 592.000       0.7539
 593.000       0.7026
 594.000       0.8613
 595.000       0.9207
 596.000       0.8414
 597.000       0.9062
 598.000       1.1009
 599.000       1.1438
 600.000       1.1684
 601.000       1.3755
 602.000       1.5551
 603.000       1.6248
 604.000       1.7879
 605.000       2.1344
 607.000       1.9856
