#Res        AtomicFlx
   1.000       1.6506
   2.000       1.4428
   3.000       1.6247
   4.000       1.2379
   5.000       1.4038
   6.000       1.3102
   7.000       1.1459
   8.000       1.3227
   9.000       1.3711
  10.000       1.1856
  11.000       1.1372
  12.000       1.0942
  13.000       1.1771
  14.000       1.4078
  15.000       1.5932
  16.000       1.3206
  17.000       1.1208
  18.000       1.3435
  19.000       1.3975
  20.000       1.3991
  21.000       1.5097
  22.000       1.7734
  23.000       2.1079
  24.000       1.9910
  25.000       2.0332
  26.000       1.9423
  27.000       1.7473
  28.000       1.5571
  29.000       1.5697
  30.000       1.5758
  31.000       1.3611
  32.000       1.3754
  33.000       1.2078
  34.000       1.1650
  35.000       1.1249
  36.000       0.9829
  37.000       0.9057
  38.000       0.8561
  39.000       0.8157
  40.000       0.7603
  41.000       0.6938
  42.000       0.6593
  43.000       0.6716
  44.000       0.5796
  45.000       0.5991
  46.000       0.6274
  47.000       0.7816
  48.000       0.7812
  49.000       0.7653
  50.000       0.7640
  51.000       0.8227
  52.000       0.7546
  53.000       0.8403
  54.000       0.7673
  55.000       0.8922
  56.000       0.9504
  57.000       0.8996
  58.000       1.0201
  59.000       1.2738
  60.000       1.1929
  61.000       1.3321
  62.000       1.8103
  63.000       1.9175
  64.000       2.0549
  65.000       1.7946
  66.000       1.1351
  67.000       1.0920
  68.000       1.1585
  69.000       1.0266
  70.000       0.8715
  71.000       0.9150
  72.000       0.9288
  73.000       0.8475
  74.000       0.8156
  75.000       0.8668
  76.000       0.8553
  77.000       0.7726
  78.000       0.6585
  79.000       0.6555
  80.000       0.6156
  81.000       0.5930
  82.000       0.6164
  83.000       0.6026
  84.000       0.5481
  85.000       0.5725
  86.000       0.6259
  87.000       0.6634
  88.000       0.6378
  89.000       0.7052
  90.000       0.8162
  91.000       0.8218
  92.000       0.8455
  93.000       0.8605
  94.000       0.9157
  95.000       0.9289
  96.000       0.8583
  97.000       0.8126
  98.000       0.8340
  99.000       0.7422
 100.000       0.7642
 101.000       0.8822
 102.000       0.8779
 103.000       0.8141
 104.000       0.8492
 105.000       0.9614
 106.000       0.9313
 107.000       0.7694
 108.000       0.8069
 109.000       0.7022
 110.000       0.5894
 111.000       0.6486
 112.000       0.6427
 113.000       0.5984
 114.000       0.5726
 115.000       0.5801
 116.000       0.6163
 117.000       0.6487
 118.000       0.6392
 119.000       0.6016
 120.000       0.7216
 121.000       0.8400
 122.000       0.7378
 123.000       0.6447
 124.000       0.7202
 125.000       0.7885
 126.000       0.6853
 127.000       0.6607
 128.000       0.6475
 129.000       0.6647
 130.000       0.6921
 131.000       0.7036
 132.000       0.7191
 133.000       0.7423
 134.000       0.7482
 135.000       0.7692
 136.000       0.7931
 137.000       0.8244
 138.000       0.8583
 139.000       0.8989
 140.000       1.0047
 141.000       1.1377
 142.000       1.2173
 143.000       1.2333
 144.000       1.0288
 145.000       1.0135
 146.000       0.9589
 147.000       1.1236
 148.000       1.3981
 149.000       1.4375
 150.000       1.5547
 151.000       1.8582
 152.000       2.3639
 153.000       3.2393
 154.000       3.9625
 155.000       4.3137
 156.000       3.2287
 157.000       2.4263
 158.000       1.8037
 159.000       1.6741
 160.000       1.7766
 161.000       1.5327
 162.000       1.3686
 163.000       1.6107
 164.000       1.6399
 165.000       1.4854
 166.000       1.2635
 167.000       1.1887
 168.000       1.0122
 169.000       1.1126
 170.000       1.1052
 171.000       0.9262
 172.000       0.8522
 173.000       0.9084
 174.000       0.9687
 175.000       0.9576
 176.000       0.8475
 177.000       0.8333
 178.000       0.9111
 179.000       0.9198
 180.000       1.0865
 181.000       1.4126
 182.000       1.3991
 183.000       1.2662
 184.000       1.5860
 185.000       2.2216
 186.000       2.1375
 187.000       1.6649
 188.000       1.1791
 189.000       1.0176
 190.000       0.9194
 191.000       0.8792
 192.000       0.8429
 193.000       0.7810
 194.000       0.7684
 195.000       0.7775
 196.000       0.7186
 197.000       0.6892
 198.000       0.7214
 199.000       0.7334
 200.000       0.7049
 201.000       0.6622
 202.000       0.7314
 203.000       0.7612
 204.000       0.7148
 205.000       0.7125
 206.000       0.8418
 207.000       0.8775
 208.000       0.9319
 209.000       1.1982
 210.000       1.2466
 211.000       1.1103
 212.000       0.9863
 213.000       1.0666
 214.000       1.0498
 215.000       0.9587
 216.000       1.3979
 217.000       1.2658
 218.000       0.8861
 219.000       0.7194
 220.000       0.7289
 221.000       0.7738
 222.000       0.6801
 223.000       0.6880
 224.000       0.7754
 225.000       0.8050
 226.000       0.7408
 227.000       0.8050
 228.000       0.9230
 229.000       0.8724
 230.000       0.8212
 231.000       0.9460
 232.000       0.9950
 233.000       0.9411
 234.000       1.0075
 235.000       1.0479
 236.000       1.0244
 237.000       1.0942
 238.000       1.1686
 239.000       1.1903
 240.000       1.1655
 241.000       1.1688
 242.000       1.1452
 243.000       1.0937
 244.000       1.1981
 245.000       1.2096
 246.000       1.0465
 247.000       1.0871
 248.000       1.2375
 249.000       1.1306
 250.000       1.0625
 251.000       1.2518
 252.000       1.4077
 253.000       1.7946
 254.000       1.7263
 255.000       1.6550
 256.000       1.6949
 257.000       1.5621
 258.000       1.4893
 259.000       1.8642
 260.000       1.7308
 261.000       1.7771
 262.000       1.5930
 263.000       1.2055
 264.000       1.1996
 265.000       1.2361
 266.000       0.9885
 267.000       0.9215
 268.000       0.9864
 269.000       0.8453
 270.000       0.7291
 271.000       0.7949
 272.000       0.7580
 273.000       0.8351
 274.000       0.8865
 275.000       0.7332
 276.000       0.5926
 277.000       0.6745
 278.000       0.7251
 279.000       0.7202
 280.000       0.6938
 281.000       0.7947
 282.000       0.6304
 283.000       0.6719
 284.000       0.9168
 285.000       0.9359
 286.000       0.8314
 287.000       0.8415
 288.000       0.9036
 289.000       1.0542
 290.000       1.1786
 291.000       1.2980
 292.000       1.3592
 293.000       1.1727
 294.000       0.8970
 295.000       0.7207
 296.000       0.7769
 297.000       0.9422
 298.000       0.8281
 299.000       0.7939
 300.000       0.9373
 301.000       0.8707
 302.000       0.7393
 303.000       0.8158
 304.000       0.8894
 305.000       0.7588
 306.000       0.7076
 307.000       0.9661
 308.000       0.9635
 309.000       0.7933
 310.000       0.9220
 311.000       0.9755
 312.000       0.9022
 313.000       0.8377
 314.000       0.8966
 315.000       0.9363
 316.000       0.9070
 317.000       0.9035
 318.000       0.9914
 319.000       0.9525
 320.000       0.9929
 321.000       1.0999
 322.000       0.9703
 323.000       0.9106
 324.000       1.0687
 325.000       0.9785
 326.000       0.9089
 327.000       1.0625
 328.000       1.0499
 329.000       0.9206
 330.000       1.1825
 331.000       1.3705
 332.000       1.2232
 333.000       1.2471
 334.000       1.6830
 335.000       1.8435
 336.000       1.6715
 337.000       2.0152
 338.000       2.4475
 339.000       2.4208
 340.000       2.5043
 341.000       3.0872
 342.000       3.3680
 343.000       3.2680
 344.000       3.6614
 345.000       4.2412
 346.000       4.3746
 347.000       5.3755
 348.000       5.9243
 349.000       5.7947
 350.000       5.5312
 351.000       4.8677
 352.000       5.4539
 353.000       5.5477
 354.000       5.9287
 355.000       5.1376
 356.000       4.2218
 357.000       4.7441
 358.000       4.8809
 359.000       3.7960
 360.000       3.6543
 361.000       4.4736
 362.000       4.1741
 363.000       3.4586
 364.000       4.1571
 365.000       4.7678
 366.000       4.4259
 367.000       5.1809
 368.000       5.2550
 369.000       5.6983
 370.000       4.8211
 371.000       3.7918
 372.000       4.3546
 373.000       4.2771
 374.000       3.5949
 375.000       3.6948
 376.000       2.6434
 377.000       2.7253
 378.000       2.6727
 379.000       1.4873
 380.000       1.4657
 381.000       1.4553
 382.000       1.2684
 383.000       1.1916
 384.000       1.1127
 385.000       1.2120
 386.000       1.2666
 387.000       1.2347
 388.000       1.2683
 389.000       1.4181
 390.000       1.3709
 391.000       1.0168
 392.000       0.8851
 393.000       0.8892
 394.000       0.8203
 395.000       0.7832
 396.000       0.7687
 397.000       0.8075
 398.000       0.8272
 399.000       0.7867
 400.000       0.8126
 401.000       0.8783
 402.000       0.8752
 403.000       0.8428
 404.000       0.9558
 405.000       0.9932
 406.000       0.9938
 407.000       1.1203
 408.000       1.0640
 409.000       0.9674
 410.000       0.9473
 411.000       0.9177
 412.000       0.8374
 413.000       0.8137
 414.000       0.8421
 415.000       0.8268
 416.000       0.7766
 417.000       0.7450
 418.000       0.7623
 419.000       0.7322
 420.000       0.6831
 421.000       0.6810
 422.000       0.6687
 423.000       0.6344
 424.000       0.6515
 425.000       0.5972
 426.000       0.6230
 427.000       0.6913
 428.000       0.6506
 429.000       0.7250
 430.000       0.8072
 431.000       0.7729
 432.000       0.6906
 433.000       0.7643
 434.000       0.7775
 435.000       0.6761
 436.000       0.7707
 437.000       0.9009
 438.000       0.8230
 439.000       0.8171
 440.000       0.9633
 441.000       1.0034
 442.000       1.0010
 443.000       1.1532
 444.000       1.2037
 445.000       1.3613
 446.000       2.0405
 447.000       2.4959
 448.000       2.8653
 449.000       2.1389
 450.000       1.9795
 451.000       1.8436
 452.000       1.7328
 453.000       1.3286
 454.000       1.0007
 455.000       0.8750
 456.000       0.9081
 457.000       0.8741
 458.000       0.7130
 459.000       0.6993
 460.000       0.7983
 461.000       0.7937
 462.000       0.6670
 463.000       0.7050
 464.000       0.8101
 465.000       0.7712
 466.000       0.7323
 467.000       0.8280
 468.000       0.8127
 469.000       0.7552
 470.000       0.8197
 471.000       0.8213
 472.000       0.8762
 473.000       0.8583
 474.000       0.7621
 475.000       0.7511
 476.000       0.7935
 477.000       0.7476
 478.000       0.6895
 479.000       0.7483
 480.000       0.7417
 481.000       0.7109
 482.000       0.7903
 483.000       0.8855
 484.000       0.9783
 485.000       1.0810
 486.000       1.3013
 487.000       1.2738
 488.000       1.0213
 489.000       0.8075
 490.000       0.7666
 491.000       0.7319
 492.000       0.6708
 493.000       0.5403
 494.000       0.5301
 495.000       0.5662
 496.000       0.5605
 497.000       0.5069
 498.000       0.5588
 499.000       0.6572
 500.000       0.6774
 501.000       0.7005
 502.000       0.7897
 503.000       0.8433
 504.000       0.8033
 505.000       0.8250
 506.000       0.8363
 507.000       0.8291
 508.000       0.9226
 509.000       0.9201
 510.000       0.7604
 511.000       0.7979
 512.000       0.9019
 513.000       0.8639
 514.000       0.8718
 515.000       1.0482
 516.000       1.1420
 517.000       1.2329
 518.000       1.3352
 519.000       1.2770
 520.000       1.3070
 521.000       1.1071
 522.000       0.9939
 523.000       0.9360
 524.000       0.9590
 525.000       0.8853
 526.000       0.7864
 527.000       0.8718
 528.000       0.8998
 529.000       0.7792
 530.000       0.7006
 531.000       0.7925
 532.000       0.8500
 533.000       0.8155
 534.000       0.7282
 535.000       0.7373
 536.000       0.9055
 537.000       0.8819
 538.000       0.7514
 539.000       0.9392
 540.000       1.0867
 541.000       0.9138
 542.000       0.8501
 543.000       1.1975
 544.000       1.2094
 545.000       0.9226
 546.000       1.3393
 547.000       1.6656
 548.000       1.2991
 549.000       1.2287
 550.000       1.9631
 551.000       2.0453
 552.000       1.6145
 553.000       1.5121
 554.000       1.2923
 555.000       1.2149
 556.000       1.1219
 557.000       1.2297
 558.000       1.2603
 559.000       1.2945
 560.000       1.5620
 561.000       1.6849
 562.000       2.2718
 563.000       2.8886
 564.000       2.8333
 565.000       3.4385
 566.000       3.5837
 567.000       4.0014
 568.000       3.1986
 569.000       2.1200
 570.000       1.7771
 571.000       1.4439
 572.000       1.2834
 573.000       1.3454
 574.000       1.2319
 575.000       1.3554
 576.000       1.3284
 577.000       1.1586
 578.000       0.9870
 579.000       1.0365
 580.000       1.0732
 581.000       1.0027
 582.000       0.9088
 583.000       0.9290
 584.000       0.9861
 585.000       1.0158
 586.000       0.9563
 587.000       0.8905
 588.000       0.8992
 589.000       0.7828
 590.000       0.8182
 591.000       0.8191
 592.000       0.7522
 593.000       0.7045
 594.000       0.8593
 595.000       0.9489
 596.000       0.9018
 597.000       0.9679
 598.000       1.1529
 599.000       1.2267
 600.000       1.2482
 601.000       1.4530
 602.000       1.6973
 603.000       1.7343
 604.000       1.8918
 605.000       2.2786
 607.000       2.2072
