#Res        AtomicFlx
   1.000       1.2355
   2.000       1.0532
   3.000       1.2330
   4.000       1.0566
   5.000       1.2456
   6.000       1.1939
   7.000       1.0117
   8.000       1.1646
   9.000       1.1833
  10.000       0.9871
  11.000       0.9572
  12.000       1.1130
  13.000       1.1447
  14.000       1.1391
  15.000       1.2548
  16.000       1.2325
  17.000       1.1071
  18.000       1.1844
  19.000       1.1442
  20.000       1.0067
  21.000       1.0117
  22.000       1.1579
  23.000       1.1210
  24.000       0.9871
  25.000       1.1482
  26.000       1.2986
  27.000       1.4369
  28.000       1.1301
  29.000       0.9375
  30.000       0.9811
  31.000       0.8416
  32.000       1.0115
  33.000       0.8325
  34.000       0.7984
  35.000       0.8266
  36.000       0.7039
  37.000       0.5936
  38.000       0.6376
  39.000       0.6507
  40.000       0.5597
  41.000       0.5420
  42.000       0.6207
  43.000       0.6361
  44.000       0.5324
  45.000       0.5620
  46.000       0.7385
  47.000       0.8561
  48.000       0.7921
  49.000       0.9460
  50.000       1.1727
  51.000       0.8701
  52.000       1.2692
  53.000       0.9534
  54.000       0.8646
  55.000       0.9979
  56.000       1.1142
  57.000       0.9970
  58.000       1.2048
  59.000       1.4938
  60.000       1.3742
  61.000       1.3349
  62.000       1.4778
  63.000       1.6447
  64.000       2.0196
  65.000       1.8348
  66.000       1.2730
  67.000       1.2862
  68.000       1.3161
  69.000       1.1400
  70.000       0.9972
  71.000       1.1430
  72.000       1.1800
  73.000       1.0195
  74.000       0.9839
  75.000       1.1575
  76.000       1.2393
  77.000       1.0450
  78.000       0.8390
  79.000       0.7348
  80.000       0.7027
  81.000       0.7107
  82.000       0.6163
  83.000       0.5797
  84.000       0.5882
  85.000       0.4957
  86.000       0.5136
  87.000       0.5810
  88.000       0.6009
  89.000       0.6175
  90.000       0.6003
  91.000       0.6699
  92.000       0.7099
  93.000       0.7453
  94.000       0.6942
  95.000       0.7025
  96.000       0.5764
  97.000       0.6415
  98.000       0.7526
  99.000       0.6351
 100.000       0.6286
 101.000       0.7751
 102.000       0.7898
 103.000       0.7613
 104.000       0.8346
 105.000       0.9352
 106.000       0.9435
 107.000       0.7692
 108.000       0.7735
 109.000       0.7181
 110.000       0.5933
 111.000       0.5980
 112.000       0.6199
 113.000       0.5786
 114.000       0.5277
 115.000       0.5761
 116.000       0.6215
 117.000       0.6043
 118.000       0.5768
 119.000       0.6110
 120.000       0.6939
 121.000       0.6965
 122.000       0.7216
 123.000       0.7359
 124.000       0.8040
 125.000       0.8736
 126.000       0.7952
 127.000       0.8037
 128.000       0.7987
 129.000       0.8177
 130.000       0.8574
 131.000       0.9034
 132.000       0.8845
 133.000       0.9349
 134.000       0.9260
 135.000       0.9917
 136.000       1.1385
 137.000       1.2074
 138.000       1.1473
 139.000       1.3260
 140.000       1.7920
 141.000       1.6810
 142.000       2.0571
 143.000       1.8985
 144.000       1.4594
 145.000       1.1933
 146.000       1.2611
 147.000       1.4712
 148.000       1.6298
 149.000       1.7264
 150.000       2.1310
 151.000       2.6764
 152.000       3.2705
 153.000       4.2946
 154.000       4.9790
 155.000       4.2050
 156.000       4.2642
 157.000       3.3283
 158.000       2.4707
 159.000       2.2756
 160.000       2.4828
 161.000       1.9977
 162.000       1.7696
 163.000       2.2871
 164.000       2.3809
 165.000       2.0009
 166.000       1.5600
 167.000       1.3186
 168.000       1.2874
 169.000       1.3172
 170.000       1.2103
 171.000       1.0813
 172.000       1.1279
 173.000       1.1274
 174.000       1.1147
 175.000       1.1769
 176.000       1.1944
 177.000       1.2154
 178.000       1.1467
 179.000       1.1323
 180.000       1.3932
 181.000       1.5244
 182.000       1.4309
 183.000       1.3378
 184.000       1.5856
 185.000       1.8055
 186.000       1.7552
 187.000       1.5772
 188.000       1.3873
 189.000       1.2583
 190.000       1.1846
 191.000       1.1131
 192.000       1.0995
 193.000       1.0488
 194.000       1.0041
 195.000       0.9840
 196.000       0.9105
 197.000       0.8656
 198.000       0.8963
 199.000       0.9005
 200.000       0.8190
 201.000       0.7705
 202.000       0.8331
 203.000       0.8123
 204.000       0.7040
 205.000       0.7760
 206.000       0.8730
 207.000       0.8343
 208.000       0.9146
 209.000       1.2350
 210.000       1.3551
 211.000       1.1688
 212.000       1.0181
 213.000       1.0804
 214.000       0.9379
 215.000       0.7862
 216.000       0.9803
 217.000       0.9744
 218.000       0.7389
 219.000       0.7446
 220.000       0.9280
 221.000       0.8356
 222.000       0.7399
 223.000       0.7438
 224.000       0.7732
 225.000       0.7706
 226.000       0.7522
 227.000       0.8184
 228.000       0.8654
 229.000       0.8181
 230.000       0.8197
 231.000       0.9113
 232.000       0.9433
 233.000       0.8996
 234.000       0.9516
 235.000       1.0432
 236.000       1.0072
 237.000       1.0018
 238.000       1.0949
 239.000       1.1586
 240.000       1.1302
 241.000       1.2598
 242.000       1.2411
 243.000       1.1954
 244.000       1.3230
 245.000       1.2764
 246.000       1.2358
 247.000       1.2524
 248.000       1.3358
 249.000       1.2809
 250.000       1.1843
 251.000       1.3084
 252.000       1.5050
 253.000       1.6968
 254.000       1.5035
 255.000       1.4992
 256.000       1.5548
 257.000       1.3315
 258.000       1.3299
 259.000       1.4791
 260.000       1.2607
 261.000       1.1720
 262.000       1.1031
 263.000       1.0077
 264.000       0.9728
 265.000       0.9048
 266.000       0.8780
 267.000       0.8747
 268.000       0.8644
 269.000       0.8271
 270.000       0.8126
 271.000       0.7705
 272.000       0.6985
 273.000       0.7467
 274.000       0.7895
 275.000       0.6383
 276.000       0.5470
 277.000       0.5446
 278.000       0.5354
 279.000       0.5418
 280.000       0.5371
 281.000       0.6416
 282.000       0.4919
 283.000       0.5631
 284.000       0.6894
 285.000       0.5563
 286.000       0.5546
 287.000       0.6918
 288.000       0.6795
 289.000       0.7069
 290.000       0.7833
 291.000       0.7972
 292.000       0.8307
 293.000       0.7488
 294.000       0.7367
 295.000       0.6363
 296.000       0.6777
 297.000       0.7434
 298.000       0.6383
 299.000       0.6380
 300.000       0.7378
 301.000       0.7278
 302.000       0.6227
 303.000       0.6803
 304.000       0.7723
 305.000       0.7305
 306.000       0.7035
 307.000       0.8404
 308.000       0.8604
 309.000       0.7886
 310.000       0.8365
 311.000       0.8885
 312.000       0.8608
 313.000       0.8214
 314.000       0.8661
 315.000       0.8929
 316.000       0.8713
 317.000       0.8721
 318.000       0.9436
 319.000       0.9723
 320.000       0.9878
 321.000       1.0840
 322.000       1.1003
 323.000       1.0914
 324.000       1.0925
 325.000       1.0473
 326.000       1.0676
 327.000       1.1384
 328.000       1.0924
 329.000       1.0167
 330.000       1.1281
 331.000       1.3087
 332.000       1.2499
 333.000       1.2641
 334.000       1.5844
 335.000       1.8013
 336.000       1.8044
 337.000       1.9781
 338.000       2.4906
 339.000       2.6507
 340.000       2.7888
 341.000       3.3793
 342.000       3.9302
 343.000       4.0077
 344.000       4.4027
 345.000       5.1957
 346.000       4.7952
 347.000       5.7630
 348.000       5.6916
 349.000       4.8855
 350.000       4.2784
 351.000       4.0226
 352.000       4.5005
 353.000       4.3654
 354.000       5.2014
 355.000       4.6906
 356.000       3.5670
 357.000       4.2587
 358.000       4.8821
 359.000       3.9475
 360.000       3.7903
 361.000       4.9758
 362.000       4.9647
 363.000       4.2604
 364.000       5.1143
 365.000       6.0295
 366.000       5.7135
 367.000       6.3744
 368.000       6.1699
 369.000       6.2658
 370.000       5.8572
 371.000       5.0253
 372.000       4.9235
 373.000       4.9172
 374.000       4.4825
 375.000       3.6868
 376.000       3.1641
 377.000       2.7060
 378.000       2.5056
 379.000       1.7646
 380.000       2.1142
 381.000       2.1960
 382.000       1.7582
 383.000       1.7811
 384.000       2.0631
 385.000       1.9543
 386.000       1.9402
 387.000       2.8494
 388.000       2.9289
 389.000       2.8585
 390.000       3.5430
 391.000       3.9085
 392.000       3.5836
 393.000       2.4860
 394.000       2.0785
 395.000       1.8925
 396.000       1.1697
 397.000       1.1188
 398.000       1.0766
 399.000       0.9115
 400.000       0.9679
 401.000       1.0476
 402.000       1.0031
 403.000       1.0543
 404.000       1.2256
 405.000       1.2091
 406.000       1.1762
 407.000       1.3160
 408.000       1.2491
 409.000       1.0927
 410.000       1.0564
 411.000       1.0113
 412.000       0.9036
 413.000       0.8764
 414.000       0.8685
 415.000       0.8230
 416.000       0.7698
 417.000       0.7206
 418.000       0.7035
 419.000       0.7033
 420.000       0.6946
 421.000       0.6509
 422.000       0.6392
 423.000       0.6686
 424.000       0.6510
 425.000       0.5925
 426.000       0.6113
 427.000       0.6816
 428.000       0.6115
 429.000       0.5964
 430.000       0.5889
 431.000       0.5917
 432.000       0.5684
 433.000       0.5886
 434.000       0.6052
 435.000       0.6316
 436.000       0.6841
 437.000       0.7593
 438.000       0.7399
 439.000       0.7894
 440.000       0.9306
 441.000       0.9651
 442.000       0.9834
 443.000       1.5109
 444.000       1.5871
 445.000       1.7668
 446.000       2.1230
 447.000       2.5689
 448.000       3.3830
 449.000       2.2926
 450.000       1.5842
 451.000       1.3824
 452.000       1.1827
 453.000       1.1879
 454.000       1.1838
 455.000       0.9745
 456.000       0.9225
 457.000       1.0010
 458.000       0.9560
 459.000       0.8423
 460.000       0.8990
 461.000       0.9797
 462.000       0.9099
 463.000       0.8777
 464.000       0.9631
 465.000       1.0319
 466.000       0.9936
 467.000       1.0896
 468.000       1.0082
 469.000       1.0221
 470.000       1.1821
 471.000       1.0487
 472.000       1.0767
 473.000       1.1312
 474.000       1.0753
 475.000       1.0838
 476.000       1.0365
 477.000       0.9682
 478.000       0.9817
 479.000       1.0289
 480.000       1.0245
 481.000       0.8959
 482.000       0.8845
 483.000       0.7976
 484.000       0.9578
 485.000       1.1421
 486.000       0.9168
 487.000       0.7357
 488.000       0.6663
 489.000       0.6286
 490.000       0.5668
 491.000       0.6000
 492.000       0.6187
 493.000       0.5326
 494.000       0.5656
 495.000       0.6299
 496.000       0.5957
 497.000       0.5744
 498.000       0.6754
 499.000       0.7431
 500.000       0.7195
 501.000       0.7189
 502.000       0.8006
 503.000       0.8479
 504.000       0.8351
 505.000       0.8523
 506.000       0.9154
 507.000       0.9387
 508.000       1.0651
 509.000       1.0465
 510.000       0.8886
 511.000       0.9347
 512.000       1.0040
 513.000       0.9313
 514.000       0.8476
 515.000       0.9517
 516.000       1.0599
 517.000       0.9940
 518.000       1.0001
 519.000       1.1271
 520.000       1.2362
 521.000       1.0660
 522.000       0.9072
 523.000       0.8929
 524.000       0.9612
 525.000       0.8934
 526.000       0.8207
 527.000       0.9251
 528.000       0.9243
 529.000       0.8434
 530.000       0.7915
 531.000       0.9316
 532.000       0.9507
 533.000       0.9585
 534.000       0.9016
 535.000       0.9070
 536.000       0.9052
 537.000       0.8892
 538.000       0.8419
 539.000       0.8645
 540.000       0.9074
 541.000       0.8613
 542.000       0.8192
 543.000       0.9090
 544.000       0.9070
 545.000       0.8356
 546.000       0.9123
 547.000       1.0930
 548.000       1.0707
 549.000       1.0727
 550.000       1.3015
 551.000       1.4847
 552.000       1.5776
 553.000       1.3978
 554.000       1.4841
 555.000       1.8402
 556.000       1.9137
 557.000       1.7165
 558.000       2.3847
 559.000       1.7127
 560.000       2.1482
 561.000       2.7910
 562.000       4.1300
 563.000       3.8432
 564.000       4.6380
 565.000       4.5117
 566.000       4.1609
 567.000       4.2502
 568.000       3.9567
 569.000       3.1041
 570.000       3.4190
 571.000       2.5387
 572.000       2.0591
 573.000       1.7816
 574.000       1.4934
 575.000       1.5217
 576.000       1.5638
 577.000       1.4170
 578.000       1.1892
 579.000       1.2295
 580.000       1.2947
 581.000       1.1717
 582.000       1.1024
 583.000       1.0808
 584.000       1.0641
 585.000       1.0637
 586.000       1.0313
 587.000       0.9840
 588.000       0.9653
 589.000       0.7837
 590.000       0.8413
 591.000       0.9212
 592.000       0.8023
 593.000       0.7625
 594.000       0.9399
 595.000       1.0065
 596.000       0.9445
 597.000       1.0038
 598.000       1.1751
 599.000       1.2658
 600.000       1.2941
 601.000       1.4342
 602.000       1.6857
 603.000       1.7992
 604.000       2.0160
 605.000       3.5615
 607.000       3.0076
