#Res        AtomicFlx
   1.000       6.4240
   2.000       4.7820
   3.000       3.4049
   4.000       2.1571
   5.000       1.3715
   6.000       1.2327
   7.000       1.2126
   8.000       1.8158
   9.000       1.0226
  10.000       1.0156
  11.000       0.8899
  12.000       0.8130
  13.000       0.6593
  14.000       0.5643
  15.000       0.5386
  16.000       0.5436
  17.000       0.4977
  18.000       0.4695
  19.000       0.5243
  20.000       0.4379
  21.000       0.4588
  22.000       0.4471
  23.000       0.5515
  24.000       0.6454
  25.000       0.6079
  26.000       0.4785
  27.000       0.5932
  28.000       0.8106
  29.000       0.6303
  30.000       0.5756
  31.000       0.6119
  32.000       0.6880
  33.000       0.7437
  34.000       0.7328
  35.000       0.7042
  36.000       0.8069
  37.000       0.8513
  38.000       1.1644
  39.000       1.0860
  40.000       0.9237
  41.000       0.8280
  42.000       0.7100
  43.000       0.7425
  44.000       0.8019
  45.000       0.6361
  46.000       0.5530
  47.000       0.6555
  48.000       0.6704
  49.000       0.5769
  50.000       0.5808
  51.000       0.6954
  52.000       0.7673
  53.000       0.6812
  54.000       0.6056
  55.000       0.5877
  56.000       0.6609
  57.000       0.6198
  58.000       0.5189
  59.000       0.5499
  60.000       0.6331
  61.000       0.5932
  62.000       0.5795
  63.000       0.6547
  64.000       0.6371
  65.000       0.7277
  66.000       0.8179
  67.000       1.0917
  68.000       0.9941
  69.000       0.7175
  70.000       0.7023
  71.000       0.7027
  72.000       0.6192
  73.000       0.5913
  74.000       0.6282
  75.000       0.6360
  76.000       0.6572
  77.000       0.8007
  78.000       0.8771
  79.000       0.8191
  80.000       0.9281
  81.000       0.9727
  82.000       1.0757
  83.000       0.8199
  84.000       0.6892
  85.000       0.6285
  86.000       0.6033
  87.000       0.5869
  88.000       0.5839
  89.000       0.5822
  90.000       0.5244
  91.000       0.5710
  92.000       0.5709
  93.000       0.4900
  94.000       0.5151
  95.000       0.6430
  96.000       0.5877
  97.000       0.5397
  98.000       0.5490
  99.000       0.6163
 100.000       0.6350
 101.000       0.5167
 102.000       0.5053
 103.000       0.5486
 104.000       0.5484
 105.000       0.4789
 106.000       0.4730
 107.000       0.5010
 108.000       0.4877
 109.000       0.4606
 110.000       0.5156
 111.000       0.5145
 112.000       0.5043
 113.000       0.5729
 114.000       0.6429
 115.000       0.6595
 116.000       0.8204
 117.000       0.9032
 118.000       1.1105
 119.000       0.9703
 120.000       0.7247
 121.000       0.7379
 122.000       0.7549
 123.000       0.8481
 124.000       0.9753
 125.000       1.0494
 126.000       1.5939
 127.000       1.7725
 128.000       2.3500
 129.000       2.2760
 130.000       2.1000
 131.000       2.2793
 132.000       2.0592
 133.000       1.4117
 134.000       1.0146
 135.000       1.0019
 136.000       1.1393
 137.000       1.2286
 138.000       2.4088
 139.000       3.0675
 140.000       3.9406
 141.000       4.3260
 142.000       4.1717
 143.000       3.5799
 144.000       3.4137
 145.000       2.7626
 146.000       2.3251
 147.000       2.6113
 148.000       1.9852
 149.000       1.2050
 150.000       0.9978
 151.000       0.7828
 152.000       0.7227
 153.000       0.6512
 154.000       0.7222
 155.000       0.7367
 156.000       0.6893
 157.000       0.7619
 158.000       0.8503
 159.000       0.8072
 160.000       0.9522
 161.000       1.1433
 162.000       1.2203
 163.000       0.9225
 164.000       1.2900
 165.000       1.3583
 166.000       0.9393
 167.000       0.9368
 168.000       1.2925
 169.000       1.0870
 170.000       1.1178
 171.000       1.3890
 172.000       1.3533
 173.000       1.2487
 174.000       1.0821
 175.000       1.0084
 176.000       0.9829
 177.000       1.0500
 178.000       0.9862
 179.000       0.8656
 180.000       0.7159
 181.000       0.7540
 182.000       0.6767
 183.000       0.5439
 184.000       0.5537
 185.000       0.5820
 186.000       0.5634
 187.000       0.5193
 188.000       0.5131
 189.000       0.5846
 190.000       0.5836
 191.000       0.5541
 192.000       0.6179
 193.000       0.7059
 194.000       0.6879
 195.000       0.8133
 196.000       0.8933
 197.000       1.3418
 198.000       1.3153
 199.000       1.4382
 200.000       1.5690
 201.000       1.1056
 202.000       0.7330
 203.000       0.8309
 204.000       0.8414
 205.000       0.6413
 206.000       0.6480
 207.000       0.7637
 208.000       0.6947
 209.000       0.6847
 210.000       0.9303
 211.000       0.8627
 212.000       0.7520
 213.000       0.6525
 214.000       0.6054
 215.000       0.6003
 216.000       0.5373
 217.000       0.5559
 218.000       0.6101
 219.000       0.5576
 220.000       0.5230
 221.000       0.5865
 222.000       0.6342
 223.000       0.6109
 224.000       0.6600
 225.000       0.7348
 226.000       0.7894
 227.000       0.8278
 228.000       0.9326
 229.000       0.8130
 230.000       0.7155
 231.000       0.6722
 232.000       0.7169
 233.000       0.7121
 234.000       0.6262
 235.000       0.6991
 236.000       0.7473
 237.000       0.6816
 238.000       0.8025
 239.000       1.0148
 240.000       1.0575
 241.000       1.4315
 242.000       1.6086
 243.000       1.7060
 244.000       1.3715
 245.000       1.3424
 246.000       1.4525
 247.000       1.2619
 248.000       0.9959
 249.000       0.8535
 250.000       0.7003
 251.000       0.6322
 252.000       0.6143
 253.000       0.5767
 254.000       0.5407
 255.000       0.5271
 256.000       0.5074
 257.000       0.4679
 258.000       0.4487
 259.000       0.4634
 260.000       0.4756
 261.000       0.4382
 262.000       0.4573
 263.000       0.5315
 264.000       0.4953
 265.000       0.4970
 266.000       0.5222
 267.000       0.5698
 268.000       0.4699
 269.000       0.4958
 270.000       0.5322
 271.000       0.5544
 272.000       0.5424
 273.000       0.6297
 274.000       0.7130
 275.000       0.7664
 276.000       0.7300
 277.000       0.8003
 278.000       0.9642
 279.000       0.9970
 280.000       0.9138
 281.000       0.9110
 282.000       0.6732
 283.000       0.6935
 284.000       0.6704
 285.000       0.5781
 286.000       0.5752
 287.000       0.6340
 288.000       0.5799
 289.000       0.4874
 290.000       0.5480
 291.000       0.5869
 292.000       0.5150
 293.000       0.4498
 294.000       0.4766
 295.000       0.5255
 296.000       0.4822
 297.000       0.4504
 298.000       0.5090
 299.000       0.5270
 300.000       0.5151
 301.000       0.5820
 302.000       0.5393
 303.000       0.5137
 304.000       0.4871
 305.000       0.5470
 306.000       0.5430
 307.000       0.7548
 308.000       0.8280
 309.000       0.6724
 310.000       0.7835
 311.000       0.9294
 312.000       0.8329
 313.000       0.9855
 314.000       1.2759
 315.000       1.2398
 316.000       1.4351
 317.000       1.6495
 318.000       1.1720
 319.000       1.0232
 320.000       1.1091
 321.000       1.5376
 322.000       1.4062
 323.000       1.5427
 324.000       2.5987
 325.000       2.1287
 326.000       2.7087
 327.000       2.4487
 328.000       2.0018
 329.000       1.0528
 330.000       0.7625
 331.000       0.7166
 332.000       0.6339
 333.000       0.6248
 334.000       0.7021
 335.000       0.6536
 336.000       0.6014
 337.000       0.6134
 338.000       0.6837
 339.000       0.6749
 340.000       0.7070
 341.000       0.8439
 342.000       0.9109
 343.000       0.9458
 344.000       0.8584
 345.000       0.7048
 346.000       0.7064
 347.000       0.6610
 348.000       0.5561
 349.000       0.5474
 350.000       0.5341
 351.000       0.4928
 352.000       0.4572
 353.000       0.4585
 354.000       0.4682
 355.000       0.4865
 356.000       0.5193
 357.000       0.4721
 358.000       0.4781
 359.000       0.5576
 360.000       0.5588
 361.000       0.5008
 362.000       0.4732
 363.000       0.4593
 364.000       0.4630
 365.000       0.5025
 366.000       0.5440
 367.000       0.5820
 368.000       0.5362
 369.000       0.5498
 370.000       0.5599
 371.000       0.5520
 372.000       0.5338
 373.000       0.5855
 374.000       0.6550
 375.000       0.8358
 376.000       1.0024
 377.000       1.0599
 378.000       0.9981
 379.000       1.3234
 380.000       1.6825
 381.000       2.1035
 382.000       2.0017
 383.000       1.8740
 384.000       2.7031
 385.000       2.3744
 386.000       1.8330
 387.000       1.2445
 388.000       1.1440
 389.000       1.0768
 390.000       0.9475
 391.000       0.8465
 392.000       0.8192
 393.000       0.8347
 394.000       0.7324
 395.000       0.6594
 396.000       0.7431
 397.000       0.7815
 398.000       0.6488
 399.000       0.6624
 400.000       0.8738
 401.000       0.8842
 402.000       0.7386
 403.000       0.9406
 404.000       0.8422
 405.000       0.7419
 406.000       0.8352
 407.000       0.7527
 408.000       0.8185
 409.000       0.9923
 410.000       0.9029
 411.000       0.8462
 412.000       0.7754
 413.000       0.7617
 414.000       0.7442
 415.000       0.7786
 416.000       0.8268
 417.000       0.6957
 418.000       0.6831
 419.000       0.8380
 420.000       0.9456
 421.000       0.8209
 422.000       0.6194
 423.000       0.6523
 424.000       0.6543
 425.000       0.6922
 426.000       0.6119
 427.000       0.5915
 428.000       0.6952
 429.000       0.6725
 430.000       0.6359
 431.000       0.6829
 432.000       0.7715
 433.000       0.7542
 434.000       0.7962
 435.000       0.9262
 436.000       0.9658
 437.000       0.9814
 438.000       1.0682
 439.000       1.0771
 440.000       1.3648
 441.000       1.5152
 442.000       1.2403
 443.000       1.1075
 444.000       1.4274
 445.000       1.4627
 446.000       1.1050
 447.000       1.0813
 448.000       1.3215
 449.000       1.3049
 450.000       1.1313
 451.000       1.1993
 452.000       1.4082
 453.000       1.6848
 454.000       1.6910
 455.000       1.2381
 456.000       1.5597
 457.000       1.2803
 458.000       1.0322
 459.000       1.0464
 460.000       1.0261
 461.000       0.9056
 462.000       0.8380
 463.000       0.8924
 464.000       0.8925
 465.000       0.7799
 466.000       0.7772
 467.000       0.8613
 468.000       0.8618
 469.000       0.7486
 470.000       0.6936
 471.000       0.7179
 472.000       0.7419
 473.000       0.6285
 474.000       0.5883
 475.000       0.6906
 476.000       0.6683
 477.000       0.6064
 478.000       0.7075
 479.000       0.7993
 480.000       0.8188
 481.000       0.9162
 482.000       1.1049
 483.000       1.1120
 484.000       1.4025
 485.000       1.4153
 486.000       1.7457
 487.000       1.7376
 488.000       1.4296
 489.000       1.5857
 490.000       1.2244
 491.000       1.1219
 492.000       1.5830
 493.000       1.3408
 494.000       1.3951
 495.000       1.2307
 496.000       1.3288
 497.000       1.6513
 498.000       1.6332
 499.000       1.6104
 500.000       1.4785
 501.000       1.2568
 502.000       1.1433
 503.000       1.0729
 504.000       1.0965
 505.000       1.0322
 506.000       0.8838
 507.000       0.9633
 508.000       1.1133
 509.000       1.1587
 510.000       1.1020
 511.000       1.0617
 512.000       1.0808
 513.000       0.8561
 514.000       0.7915
 515.000       0.9716
 516.000       1.0050
 517.000       0.8305
 518.000       1.0244
 519.000       1.2752
 520.000       1.2538
 521.000       1.4008
 522.000       1.8962
 523.000       2.0438
 524.000       1.9275
 525.000       2.3799
 526.000       3.2109
 527.000       3.4364
 528.000       3.4561
 529.000       3.1939
 530.000       3.2100
 531.000       3.0822
 532.000       2.7726
 533.000       2.6644
 534.000       2.7452
 535.000       2.6964
 536.000       2.4870
 537.000       2.4740
 538.000       2.7160
 539.000       2.8292
 540.000       3.3656
 541.000       4.6027
 542.000       5.9470
