#Res        AtomicFlx
   1.000       5.0954
   2.000       3.4909
   3.000       2.9237
   4.000       1.8511
   5.000       1.7011
   6.000       1.8742
   7.000       1.7012
   8.000       1.5864
   9.000       1.2368
  10.000       0.9606
  11.000       0.9972
  12.000       1.2234
  13.000       0.9185
  14.000       0.6572
  15.000       0.9835
  16.000       0.8971
  17.000       0.5833
  18.000       0.6125
  19.000       0.7506
  20.000       0.5427
  21.000       0.5581
  22.000       0.5506
  23.000       0.6947
  24.000       0.7449
  25.000       0.6968
  26.000       0.5739
  27.000       0.7153
  28.000       0.7718
  29.000       0.6089
  30.000       0.5443
  31.000       0.5814
  32.000       0.5993
  33.000       0.5892
  34.000       0.5826
  35.000       0.6324
  36.000       0.6956
  37.000       0.6726
  38.000       0.8480
  39.000       0.7438
  40.000       0.8347
  41.000       0.8032
  42.000       0.6426
  43.000       0.6577
  44.000       0.7141
  45.000       0.6167
  46.000       0.5355
  47.000       0.6021
  48.000       0.6183
  49.000       0.5736
  50.000       0.5656
  51.000       0.6243
  52.000       0.7140
  53.000       0.7394
  54.000       0.7161
  55.000       0.5860
  56.000       0.5376
  57.000       0.5563
  58.000       0.5094
  59.000       0.4924
  60.000       0.5111
  61.000       0.5463
  62.000       0.6220
  63.000       0.6600
  64.000       0.6383
  65.000       0.6516
  66.000       0.6608
  67.000       0.6943
  68.000       0.9319
  69.000       0.7373
  70.000       0.9768
  71.000       1.2807
  72.000       0.8643
  73.000       0.9277
  74.000       1.3300
  75.000       0.9892
  76.000       0.8797
  77.000       1.2271
  78.000       1.3930
  79.000       1.3101
  80.000       1.1454
  81.000       1.0821
  82.000       1.0047
  83.000       0.8077
  84.000       0.7933
  85.000       0.6153
  86.000       0.5803
  87.000       0.6619
  88.000       0.6003
  89.000       0.5412
  90.000       0.6166
  91.000       0.5372
  92.000       0.5584
  93.000       0.5787
  94.000       0.5649
  95.000       0.5900
  96.000       0.6637
  97.000       0.6479
  98.000       0.6039
  99.000       0.6460
 100.000       0.6812
 101.000       0.5787
 102.000       0.4964
 103.000       0.5265
 104.000       0.5151
 105.000       0.4922
 106.000       0.4854
 107.000       0.4559
 108.000       0.4510
 109.000       0.4543
 110.000       0.4694
 111.000       0.4380
 112.000       0.4558
 113.000       0.5515
 114.000       0.5623
 115.000       0.5948
 116.000       0.8090
 117.000       1.1923
 118.000       1.6767
 119.000       1.3226
 120.000       0.7868
 121.000       0.8283
 122.000       0.9798
 123.000       1.1857
 124.000       1.2652
 125.000       1.0888
 126.000       1.4228
 127.000       1.4713
 128.000       1.6836
 129.000       1.4731
 130.000       1.1638
 131.000       1.4858
 132.000       2.0783
 133.000       1.6059
 134.000       1.1768
 135.000       1.3455
 136.000       1.3891
 137.000       1.2531
 138.000       1.7985
 139.000       2.6497
 140.000       3.4644
 141.000       4.1012
 142.000       4.0913
 143.000       3.6572
 144.000       3.0569
 145.000       3.2015
 146.000       2.8119
 147.000       3.0934
 148.000       2.2621
 149.000       1.3588
 150.000       1.0679
 151.000       0.6997
 152.000       0.6259
 153.000       0.5272
 154.000       0.5652
 155.000       0.5993
 156.000       0.5674
 157.000       0.5513
 158.000       0.6866
 159.000       0.8617
 160.000       1.0152
 161.000       0.9451
 162.000       0.8919
 163.000       0.9104
 164.000       0.9184
 165.000       1.0827
 166.000       1.2027
 167.000       1.4335
 168.000       1.3480
 169.000       1.5389
 170.000       1.4281
 171.000       1.7236
 172.000       1.0378
 173.000       0.9482
 174.000       1.0825
 175.000       0.9963
 176.000       0.8703
 177.000       0.9281
 178.000       0.9712
 179.000       0.8104
 180.000       0.6883
 181.000       0.7633
 182.000       0.7120
 183.000       0.5912
 184.000       0.6128
 185.000       0.6844
 186.000       0.7079
 187.000       0.6550
 188.000       0.7032
 189.000       0.8277
 190.000       0.8212
 191.000       0.8391
 192.000       0.8880
 193.000       1.0644
 194.000       1.0819
 195.000       1.2924
 196.000       1.5229
 197.000       2.2325
 198.000       3.1404
 199.000       3.1868
 200.000       3.1149
 201.000       3.0349
 202.000       3.4524
 203.000       3.2155
 204.000       2.9595
 205.000       2.4265
 206.000       2.1752
 207.000       2.0954
 208.000       1.7408
 209.000       1.2190
 210.000       1.2715
 211.000       1.1814
 212.000       0.9282
 213.000       0.6804
 214.000       0.7350
 215.000       0.7232
 216.000       0.6018
 217.000       0.6234
 218.000       0.6958
 219.000       0.6434
 220.000       0.5996
 221.000       0.6717
 222.000       0.6960
 223.000       0.6373
 224.000       0.6725
 225.000       0.7623
 226.000       0.7444
 227.000       0.7082
 228.000       0.7577
 229.000       0.7364
 230.000       0.7120
 231.000       0.7613
 232.000       0.7635
 233.000       0.7201
 234.000       0.7148
 235.000       0.7380
 236.000       0.7118
 237.000       0.6944
 238.000       0.8125
 239.000       0.8578
 240.000       1.0302
 241.000       1.2418
 242.000       1.2782
 243.000       1.2334
 244.000       1.1418
 245.000       1.2459
 246.000       1.1718
 247.000       1.0885
 248.000       0.9493
 249.000       0.8136
 250.000       0.6474
 251.000       0.6416
 252.000       0.6436
 253.000       0.5726
 254.000       0.5301
 255.000       0.5273
 256.000       0.5310
 257.000       0.4896
 258.000       0.4774
 259.000       0.4797
 260.000       0.5182
 261.000       0.5259
 262.000       0.5332
 263.000       0.5309
 264.000       0.5116
 265.000       0.6339
 266.000       0.6334
 267.000       0.6540
 268.000       0.4655
 269.000       0.5103
 270.000       0.6735
 271.000       0.7160
 272.000       0.6324
 273.000       0.6573
 274.000       0.9050
 275.000       1.0312
 276.000       1.0590
 277.000       1.2251
 278.000       1.1849
 279.000       1.3273
 280.000       1.2656
 281.000       1.0879
 282.000       0.9099
 283.000       0.8417
 284.000       0.7411
 285.000       0.7542
 286.000       0.6713
 287.000       0.7099
 288.000       0.7113
 289.000       0.5712
 290.000       0.6373
 291.000       0.7287
 292.000       0.6153
 293.000       0.5204
 294.000       0.5986
 295.000       0.6460
 296.000       0.5478
 297.000       0.5308
 298.000       0.6310
 299.000       0.6272
 300.000       0.5921
 301.000       0.6618
 302.000       0.6168
 303.000       0.5967
 304.000       0.4988
 305.000       0.5018
 306.000       0.5192
 307.000       0.5739
 308.000       0.5956
 309.000       0.5892
 310.000       0.5659
 311.000       0.5792
 312.000       0.6444
 313.000       0.7159
 314.000       0.7577
 315.000       0.7711
 316.000       0.8387
 317.000       0.8273
 318.000       0.8348
 319.000       0.7593
 320.000       0.9410
 321.000       0.9671
 322.000       0.8249
 323.000       0.9387
 324.000       1.1596
 325.000       1.0018
 326.000       0.9090
 327.000       0.8793
 328.000       0.6172
 329.000       0.6313
 330.000       0.6292
 331.000       0.5535
 332.000       0.4757
 333.000       0.4676
 334.000       0.5586
 335.000       0.5262
 336.000       0.5062
 337.000       0.5107
 338.000       0.5322
 339.000       0.5968
 340.000       0.6557
 341.000       0.7034
 342.000       0.7658
 343.000       0.8082
 344.000       0.7960
 345.000       0.6210
 346.000       0.6365
 347.000       0.6303
 348.000       0.5352
 349.000       0.4841
 350.000       0.4869
 351.000       0.4925
 352.000       0.4583
 353.000       0.4492
 354.000       0.4986
 355.000       0.5205
 356.000       0.5377
 357.000       0.5135
 358.000       0.5612
 359.000       0.6377
 360.000       0.6646
 361.000       0.5718
 362.000       0.6160
 363.000       0.5782
 364.000       0.4877
 365.000       0.5307
 366.000       0.6159
 367.000       0.5997
 368.000       0.6368
 369.000       0.7461
 370.000       0.7920
 371.000       0.8056
 372.000       0.6950
 373.000       0.8048
 374.000       1.1149
 375.000       1.1014
 376.000       1.0304
 377.000       1.3158
 378.000       2.0754
 379.000       1.4271
 380.000       1.7671
 381.000       2.0375
 382.000       2.0427
 383.000       1.4882
 384.000       1.3214
 385.000       1.4521
 386.000       1.3154
 387.000       1.3292
 388.000       1.2004
 389.000       1.1293
 390.000       1.0326
 391.000       0.8638
 392.000       0.8097
 393.000       0.8118
 394.000       0.7968
 395.000       0.7365
 396.000       0.7640
 397.000       0.8648
 398.000       0.7806
 399.000       0.7387
 400.000       0.9791
 401.000       1.0925
 402.000       0.9572
 403.000       0.9435
 404.000       0.8216
 405.000       0.6707
 406.000       0.6903
 407.000       0.6750
 408.000       0.7338
 409.000       0.7751
 410.000       0.7147
 411.000       0.7854
 412.000       0.7971
 413.000       0.6857
 414.000       0.6433
 415.000       0.7790
 416.000       0.8189
 417.000       0.7690
 418.000       0.8137
 419.000       0.8007
 420.000       0.8162
 421.000       0.8928
 422.000       0.9673
 423.000       0.9866
 424.000       0.8684
 425.000       0.6931
 426.000       0.6790
 427.000       0.6184
 428.000       0.7523
 429.000       0.8074
 430.000       0.6579
 431.000       0.6032
 432.000       0.6060
 433.000       0.5450
 434.000       0.5932
 435.000       0.6046
 436.000       0.6341
 437.000       0.7308
 438.000       0.7661
 439.000       0.8190
 440.000       0.9881
 441.000       1.0713
 442.000       0.9993
 443.000       0.9195
 444.000       0.9857
 445.000       1.0004
 446.000       0.8516
 447.000       0.8906
 448.000       1.0355
 449.000       0.9767
 450.000       0.9173
 451.000       1.0934
 452.000       1.2146
 453.000       1.2116
 454.000       1.2903
 455.000       1.4814
 456.000       1.3961
 457.000       1.2408
 458.000       1.0203
 459.000       1.0289
 460.000       0.9067
 461.000       0.7715
 462.000       0.7536
 463.000       0.7880
 464.000       0.7207
 465.000       0.6133
 466.000       0.6079
 467.000       0.7367
 468.000       0.6837
 469.000       0.6483
 470.000       0.6956
 471.000       0.6597
 472.000       0.6573
 473.000       0.5988
 474.000       0.5781
 475.000       0.6457
 476.000       0.6500
 477.000       0.6421
 478.000       0.6937
 479.000       0.7162
 480.000       0.7589
 481.000       0.8473
 482.000       0.9518
 483.000       0.9509
 484.000       1.3308
 485.000       2.0721
 486.000       2.1604
 487.000       1.8576
 488.000       1.2927
 489.000       1.3703
 490.000       1.1488
 491.000       1.4385
 492.000       1.9350
 493.000       1.4536
 494.000       1.3247
 495.000       1.1217
 496.000       1.3318
 497.000       1.2626
 498.000       1.0951
 499.000       0.9329
 500.000       0.9380
 501.000       0.8989
 502.000       0.8128
 503.000       0.8415
 504.000       0.8540
 505.000       0.7999
 506.000       0.8734
 507.000       0.9257
 508.000       0.7742
 509.000       0.7631
 510.000       0.7291
 511.000       0.7380
 512.000       0.7606
 513.000       0.7031
 514.000       0.7360
 515.000       0.8886
 516.000       0.8956
 517.000       0.8264
 518.000       0.9349
 519.000       1.0070
 520.000       1.0797
 521.000       1.1365
 522.000       1.2089
 523.000       1.3642
 524.000       1.5321
 525.000       1.5865
 526.000       1.9093
 527.000       1.9842
 528.000       2.0189
 529.000       1.8687
 530.000       1.9621
 531.000       1.7290
 532.000       1.3798
 533.000       1.4156
 534.000       1.6442
 535.000       1.4952
 536.000       1.2336
 537.000       1.5798
 538.000       1.8294
 539.000       2.1367
 540.000       2.4586
 541.000       3.5606
 542.000       4.8405
