#Res        AtomicFlx
   1.000       9.8765
   2.000       8.0416
   3.000       6.4399
   4.000       5.3654
   5.000       3.1631
   6.000       2.4293
   7.000       1.7522
   8.000       2.0170
   9.000       1.3732
  10.000       1.2706
  11.000       1.1329
  12.000       1.0135
  13.000       0.7937
  14.000       0.8213
  15.000       0.9209
  16.000       0.8123
  17.000       0.5925
  18.000       0.6109
  19.000       0.6605
  20.000       0.5566
  21.000       0.5808
  22.000       0.5799
  23.000       0.7320
  24.000       0.7531
  25.000       0.7578
  26.000       0.6326
  27.000       0.7850
  28.000       0.8895
  29.000       0.7078
  30.000       0.6082
  31.000       0.8063
  32.000       1.0645
  33.000       1.0393
  34.000       0.9556
  35.000       1.2732
  36.000       1.5946
  37.000       1.5684
  38.000       1.8584
  39.000       1.4645
  40.000       1.3515
  41.000       1.5031
  42.000       1.2035
  43.000       1.3079
  44.000       1.1387
  45.000       0.8793
  46.000       0.8483
  47.000       0.9845
  48.000       0.9050
  49.000       0.7404
  50.000       0.7564
  51.000       0.8625
  52.000       0.8153
  53.000       0.6908
  54.000       0.7050
  55.000       0.6694
  56.000       0.6526
  57.000       0.5920
  58.000       0.5028
  59.000       0.5147
  60.000       0.5570
  61.000       0.5649
  62.000       0.5761
  63.000       0.5787
  64.000       0.5813
  65.000       0.6499
  66.000       0.7222
  67.000       0.8633
  68.000       0.9098
  69.000       0.8350
  70.000       0.7255
  71.000       0.7004
  72.000       0.6151
  73.000       0.5619
  74.000       0.5946
  75.000       0.6334
  76.000       0.6245
  77.000       0.6649
  78.000       0.7917
  79.000       0.8432
  80.000       0.8592
  81.000       0.8345
  82.000       0.9748
  83.000       0.7644
  84.000       0.7191
  85.000       0.6658
  86.000       0.6469
  87.000       0.5742
  88.000       0.5680
  89.000       0.5885
  90.000       0.5237
  91.000       0.5470
  92.000       0.5964
  93.000       0.5385
  94.000       0.5336
  95.000       0.5539
  96.000       0.5641
  97.000       0.5565
  98.000       0.5678
  99.000       0.6382
 100.000       0.6244
 101.000       0.5551
 102.000       0.5450
 103.000       0.5984
 104.000       0.6064
 105.000       0.5406
 106.000       0.5479
 107.000       0.5793
 108.000       0.5639
 109.000       0.5393
 110.000       0.5513
 111.000       0.5506
 112.000       0.5663
 113.000       0.6256
 114.000       0.6479
 115.000       0.6857
 116.000       0.9264
 117.000       1.0512
 118.000       1.2604
 119.000       1.2104
 120.000       0.8128
 121.000       0.8142
 122.000       0.8993
 123.000       1.1495
 124.000       1.4918
 125.000       1.3043
 126.000       1.5806
 127.000       2.2251
 128.000       3.0702
 129.000       2.7270
 130.000       1.8899
 131.000       2.4567
 132.000       2.6564
 133.000       2.6782
 134.000       2.1491
 135.000       2.1377
 136.000       2.2228
 137.000       2.3121
 138.000       3.3008
 139.000       4.8122
 140.000       6.8505
 141.000       7.0566
 142.000       7.0822
 143.000       6.1401
 144.000       5.9382
 145.000       4.8868
 146.000       3.9063
 147.000       3.4495
 148.000       2.6174
 149.000       1.6197
 150.000       1.1579
 151.000       0.9284
 152.000       0.8365
 153.000       0.6970
 154.000       0.7391
 155.000       0.8225
 156.000       0.7290
 157.000       0.6541
 158.000       0.7816
 159.000       1.0300
 160.000       1.2069
 161.000       1.1215
 162.000       1.0161
 163.000       1.1255
 164.000       1.0851
 165.000       1.3481
 166.000       1.2833
 167.000       1.0097
 168.000       1.4817
 169.000       1.3801
 170.000       1.1828
 171.000       2.0263
 172.000       1.6869
 173.000       2.1982
 174.000       1.7490
 175.000       1.2075
 176.000       0.9336
 177.000       0.9101
 178.000       0.9260
 179.000       0.8089
 180.000       0.6502
 181.000       0.6951
 182.000       0.6632
 183.000       0.5860
 184.000       0.5896
 185.000       0.6149
 186.000       0.6001
 187.000       0.5607
 188.000       0.5649
 189.000       0.6484
 190.000       0.6681
 191.000       0.6094
 192.000       0.6481
 193.000       0.8236
 194.000       0.7718
 195.000       0.8156
 196.000       1.0214
 197.000       2.5441
 198.000       1.7733
 199.000       1.5944
 200.000       2.1880
 201.000       2.4913
 202.000       3.7521
 203.000       3.0518
 204.000       2.7319
 205.000       2.4865
 206.000       2.0069
 207.000       1.8568
 208.000       1.8763
 209.000       1.5458
 210.000       1.3201
 211.000       1.3845
 212.000       1.0890
 213.000       0.7438
 214.000       0.8130
 215.000       0.8088
 216.000       0.6451
 217.000       0.6781
 218.000       0.8382
 219.000       0.7694
 220.000       0.7180
 221.000       0.8377
 222.000       0.9059
 223.000       0.8568
 224.000       0.8784
 225.000       0.9573
 226.000       0.9681
 227.000       0.9651
 228.000       0.9434
 229.000       0.8396
 230.000       0.7695
 231.000       0.7632
 232.000       0.7283
 233.000       0.7599
 234.000       0.7134
 235.000       0.7561
 236.000       0.7719
 237.000       0.6776
 238.000       0.7817
 239.000       0.8691
 240.000       0.9253
 241.000       1.0295
 242.000       1.0825
 243.000       1.0743
 244.000       1.0373
 245.000       1.0853
 246.000       1.1477
 247.000       1.1230
 248.000       1.1017
 249.000       1.0852
 250.000       0.8826
 251.000       0.8248
 252.000       0.8548
 253.000       0.7724
 254.000       0.6850
 255.000       0.6493
 256.000       0.6335
 257.000       0.6067
 258.000       0.6010
 259.000       0.5803
 260.000       0.6015
 261.000       0.6249
 262.000       0.5927
 263.000       0.5925
 264.000       0.5151
 265.000       0.6883
 266.000       0.6152
 267.000       0.5761
 268.000       0.5396
 269.000       0.5782
 270.000       0.5661
 271.000       0.6099
 272.000       0.6513
 273.000       0.8015
 274.000       0.8888
 275.000       0.8331
 276.000       0.8178
 277.000       1.0167
 278.000       1.3188
 279.000       1.8456
 280.000       1.4440
 281.000       1.6987
 282.000       1.3981
 283.000       1.5917
 284.000       0.9004
 285.000       0.8319
 286.000       0.8030
 287.000       0.8114
 288.000       0.6853
 289.000       0.5854
 290.000       0.6724
 291.000       0.6841
 292.000       0.5965
 293.000       0.5495
 294.000       0.5834
 295.000       0.6273
 296.000       0.5879
 297.000       0.5409
 298.000       0.5768
 299.000       0.6190
 300.000       0.6177
 301.000       0.6230
 302.000       0.6305
 303.000       0.6066
 304.000       0.5405
 305.000       0.5668
 306.000       0.6166
 307.000       0.7244
 308.000       0.7605
 309.000       0.7255
 310.000       0.7984
 311.000       0.9101
 312.000       0.9022
 313.000       0.9761
 314.000       1.2108
 315.000       1.1740
 316.000       1.3302
 317.000       1.5842
 318.000       1.1983
 319.000       0.9068
 320.000       1.0750
 321.000       1.2450
 322.000       1.1786
 323.000       2.1797
 324.000       1.7652
 325.000       1.9426
 326.000       2.1939
 327.000       1.8883
 328.000       1.1786
 329.000       0.9963
 330.000       0.8002
 331.000       0.7424
 332.000       0.6299
 333.000       0.6029
 334.000       0.7441
 335.000       0.6683
 336.000       0.6306
 337.000       0.6788
 338.000       0.7148
 339.000       0.8129
 340.000       0.8884
 341.000       0.8827
 342.000       0.9159
 343.000       1.0565
 344.000       0.9726
 345.000       0.7917
 346.000       0.8291
 347.000       0.7369
 348.000       0.6225
 349.000       0.6159
 350.000       0.6414
 351.000       0.5950
 352.000       0.5669
 353.000       0.5655
 354.000       0.5920
 355.000       0.5974
 356.000       0.6197
 357.000       0.5900
 358.000       0.6089
 359.000       0.7040
 360.000       0.6710
 361.000       0.6558
 362.000       0.7743
 363.000       0.7509
 364.000       0.7144
 365.000       0.7338
 366.000       0.7318
 367.000       0.7721
 368.000       0.6599
 369.000       0.6405
 370.000       0.7043
 371.000       0.7885
 372.000       0.7199
 373.000       0.6123
 374.000       0.6178
 375.000       0.7146
 376.000       0.7805
 377.000       0.8341
 378.000       1.1334
 379.000       1.3653
 380.000       1.5426
 381.000       2.1714
 382.000       2.3127
 383.000       2.1993
 384.000       2.4681
 385.000       3.0008
 386.000       2.6128
 387.000       1.3144
 388.000       1.1338
 389.000       1.0107
 390.000       0.9061
 391.000       0.8708
 392.000       0.8153
 393.000       0.8386
 394.000       0.8133
 395.000       0.7501
 396.000       0.7995
 397.000       0.8843
 398.000       0.7901
 399.000       0.7857
 400.000       0.9466
 401.000       0.9452
 402.000       0.8580
 403.000       0.9559
 404.000       0.8903
 405.000       0.7615
 406.000       0.8892
 407.000       0.9809
 408.000       1.2650
 409.000       1.2914
 410.000       0.9268
 411.000       0.9931
 412.000       0.9707
 413.000       0.8265
 414.000       0.7216
 415.000       0.8394
 416.000       0.8058
 417.000       0.6841
 418.000       0.7500
 419.000       0.7824
 420.000       0.9736
 421.000       1.0996
 422.000       1.0656
 423.000       0.7441
 424.000       0.7001
 425.000       0.6339
 426.000       0.5225
 427.000       0.5515
 428.000       0.5975
 429.000       0.5723
 430.000       0.5393
 431.000       0.5671
 432.000       0.6134
 433.000       0.5812
 434.000       0.6265
 435.000       0.7234
 436.000       0.7319
 437.000       0.8056
 438.000       0.8822
 439.000       0.8334
 440.000       0.8804
 441.000       0.9137
 442.000       0.9361
 443.000       0.8789
 444.000       0.9690
 445.000       0.9200
 446.000       0.7765
 447.000       0.8456
 448.000       0.9421
 449.000       0.9010
 450.000       0.8625
 451.000       0.9827
 452.000       1.1843
 453.000       1.3362
 454.000       1.1831
 455.000       1.2176
 456.000       1.0898
 457.000       1.0905
 458.000       0.9894
 459.000       1.1659
 460.000       1.1311
 461.000       1.0313
 462.000       0.8875
 463.000       0.9001
 464.000       0.9093
 465.000       0.7665
 466.000       0.7040
 467.000       0.8335
 468.000       0.8426
 469.000       0.7514
 470.000       0.6793
 471.000       0.6975
 472.000       0.7475
 473.000       0.6860
 474.000       0.5956
 475.000       0.6702
 476.000       0.7394
 477.000       0.6394
 478.000       0.6613
 479.000       0.7925
 480.000       0.7985
 481.000       1.0043
 482.000       1.2507
 483.000       1.2389
 484.000       1.2876
 485.000       2.0562
 486.000       2.4383
 487.000       2.7682
 488.000       2.4696
 489.000       1.8572
 490.000       1.5871
 491.000       1.7107
 492.000       2.5221
 493.000       1.7719
 494.000       1.7186
 495.000       1.3438
 496.000       1.4672
 497.000       1.5138
 498.000       1.2971
 499.000       1.0170
 500.000       1.1357
 501.000       1.1251
 502.000       0.8805
 503.000       0.8717
 504.000       0.9498
 505.000       0.8400
 506.000       0.9155
 507.000       1.0771
 508.000       0.9167
 509.000       0.9947
 510.000       1.0737
 511.000       1.2431
 512.000       1.2897
 513.000       1.0801
 514.000       1.0560
 515.000       1.3727
 516.000       1.4103
 517.000       1.1005
 518.000       1.1732
 519.000       1.5417
 520.000       1.4860
 521.000       1.2663
 522.000       1.5062
 523.000       1.8482
 524.000       1.8049
 525.000       1.6621
 526.000       2.0660
 527.000       2.1865
 528.000       2.2489
 529.000       2.1105
 530.000       1.9943
 531.000       1.7691
 532.000       1.5334
 533.000       1.4580
 534.000       1.5695
 535.000       1.5241
 536.000       1.2248
 537.000       1.5017
 538.000       1.9016
 539.000       2.1261
 540.000       2.6111
 541.000       4.1951
 542.000       5.8254
