#Res        AtomicFlx
   1.000       2.8652
   2.000       2.1560
   3.000       1.6060
   4.000       1.3504
   5.000       1.6627
   6.000       1.3297
   7.000       1.2313
   8.000       0.9950
   9.000       0.9017
  10.000       0.7800
  11.000       0.7516
  12.000       0.7669
  13.000       0.7146
  14.000       0.6351
  15.000       0.7427
  16.000       0.8317
  17.000       0.6238
  18.000       0.5952
  19.000       0.5096
  20.000       0.6818
  21.000       0.7667
  22.000       0.7900
  23.000       0.5944
  24.000       0.7508
  25.000       1.2128
  26.000       0.6630
  27.000       0.5723
  28.000       0.6222
  29.000       0.6789
  30.000       0.7373
  31.000       0.8069
  32.000       0.8533
  33.000       0.8090
  34.000       0.7723
  35.000       0.8575
  36.000       0.7809
  37.000       0.8314
  38.000       0.8120
  39.000       0.6597
  40.000       0.6594
  41.000       0.7270
  42.000       0.6374
  43.000       0.5272
  44.000       0.5848
  45.000       0.6279
  46.000       0.5548
  47.000       0.5624
  48.000       0.7364
  49.000       0.7335
  50.000       0.6493
  51.000       0.5616
  52.000       0.5698
  53.000       0.6170
  54.000       0.5749
  55.000       0.5624
  56.000       0.6061
  57.000       0.5985
  58.000       0.6050
  59.000       0.6567
  60.000       0.6553
  61.000       0.6918
  62.000       0.7213
  63.000       0.8086
  64.000       1.1784
  65.000       1.7323
  66.000       1.3761
  67.000       0.8959
  68.000       0.8460
  69.000       0.7370
  70.000       0.7226
  71.000       0.8772
  72.000       0.8029
  73.000       0.9756
  74.000       1.6414
  75.000       1.5966
  76.000       1.5067
  77.000       1.6913
  78.000       1.8300
  79.000       1.5238
  80.000       1.1880
  81.000       0.8015
  82.000       0.6927
  83.000       0.7004
  84.000       0.6827
  85.000       0.6668
  86.000       0.6953
  87.000       0.7393
  88.000       0.6752
  89.000       0.7635
  90.000       0.9246
  91.000       0.8223
  92.000       0.7223
  93.000       0.8578
  94.000       0.9280
  95.000       0.7957
  96.000       0.7741
  97.000       0.7385
  98.000       0.7544
  99.000       0.7088
 100.000       0.6983
 101.000       0.6760
 102.000       0.6991
 103.000       0.7059
 104.000       0.6936
 105.000       0.7222
 106.000       0.7243
 107.000       0.6170
 108.000       0.6374
 109.000       0.7085
 110.000       0.6963
 111.000       0.6639
 112.000       0.7894
 113.000       0.7823
 114.000       0.9308
 115.000       0.7796
 116.000       0.6243
 117.000       0.6355
 118.000       0.6792
 119.000       0.6749
 120.000       0.7099
 121.000       0.9157
 122.000       1.0192
 123.000       1.0265
 124.000       1.4711
 125.000       1.5216
 126.000       1.7909
 127.000       1.5644
 128.000       1.6487
 129.000       1.7924
 130.000       1.3487
 131.000       1.8769
 132.000       2.4235
 133.000       2.0325
 134.000       1.9114
 135.000       1.9539
 136.000       1.6304
 137.000       1.4817
 138.000       1.6209
 139.000       1.4474
 140.000       2.0334
 141.000       2.3982
 142.000       2.1299
 143.000       1.9293
 144.000       1.4998
 145.000       1.4829
 146.000       1.4621
 147.000       1.2833
 148.000       1.2173
 149.000       1.1339
 150.000       1.1629
 151.000       1.1490
 152.000       1.1096
 153.000       1.1518
 154.000       1.2025
 155.000       1.2771
 156.000       1.4613
 157.000       2.7249
 158.000       3.0354
 159.000       3.8919
 160.000       4.4288
 161.000       3.4807
 162.000       1.9278
 163.000       1.2131
 164.000       0.8075
 165.000       0.7529
 166.000       0.7217
 167.000       0.8583
 168.000       0.9433
 169.000       0.9008
 170.000       1.0655
 171.000       1.3248
 172.000       1.2160
 173.000       1.1033
 174.000       1.0701
 175.000       1.1121
 176.000       1.2165
 177.000       1.0030
 178.000       0.8343
 179.000       1.0084
 180.000       0.9858
 181.000       0.8673
 182.000       1.1309
 183.000       1.1070
 184.000       0.9607
 185.000       0.9761
 186.000       0.9182
 187.000       0.8839
 188.000       0.8587
 189.000       0.8987
 190.000       0.9120
 191.000       0.7613
 192.000       0.7389
 193.000       0.8405
 194.000       0.7935
 195.000       0.6842
 196.000       0.7483
 197.000       0.7853
 198.000       0.6926
 199.000       0.6737
 200.000       0.7813
 201.000       0.7589
 202.000       0.6489
 203.000       0.7000
 204.000       0.7981
 205.000       0.7507
 206.000       0.6901
 207.000       1.0218
 208.000       1.1407
 209.000       1.0047
 210.000       1.4560
 211.000       1.5965
 212.000       1.0990
 213.000       1.0971
 214.000       1.3895
 215.000       1.1398
 216.000       1.0459
 217.000       1.1580
 218.000       0.9380
 219.000       0.7346
 220.000       0.8132
 221.000       0.9401
 222.000       0.8416
 223.000       0.7180
 224.000       0.7086
 225.000       0.7541
 226.000       0.7401
 227.000       0.6665
 228.000       0.6350
 229.000       0.7043
 230.000       0.7581
 231.000       0.6964
 232.000       0.7426
 233.000       0.8123
 234.000       0.8429
 235.000       0.8907
 236.000       1.0002
 237.000       1.2041
 238.000       0.9722
 239.000       1.0603
 240.000       0.9846
 241.000       0.8102
 242.000       0.9659
 243.000       0.9317
 244.000       0.7721
 245.000       0.7739
 246.000       0.8856
 247.000       0.9594
 248.000       0.9821
 249.000       1.0451
 250.000       1.0821
 251.000       0.9907
 252.000       1.0325
 253.000       1.2162
 254.000       1.2527
 255.000       1.0445
 256.000       1.2159
 257.000       1.3427
 258.000       1.0786
 259.000       0.9187
 260.000       0.8543
 261.000       0.7231
 262.000       0.6520
 263.000       0.6386
 264.000       0.5938
 265.000       0.5359
 266.000       0.5116
 267.000       0.5012
 268.000       0.4633
 269.000       0.4707
 270.000       0.4414
 271.000       0.4668
 272.000       0.4711
 273.000       0.4961
 274.000       0.5461
 275.000       0.5263
 276.000       0.5330
 277.000       0.6018
 278.000       0.5779
 279.000       0.5717
 280.000       0.5740
 281.000       0.6193
 282.000       0.6263
 283.000       0.6048
 284.000       0.6644
 285.000       0.8301
 286.000       1.0427
 287.000       1.0458
 288.000       1.4685
 289.000       1.8318
 290.000       1.4843
 291.000       1.1708
 292.000       0.9820
 293.000       0.8643
 294.000       0.8170
 295.000       0.8738
 296.000       0.8258
 297.000       0.7028
 298.000       0.6883
 299.000       0.7131
 300.000       0.5945
 301.000       0.5334
 302.000       0.6168
 303.000       0.5732
 304.000       0.4794
 305.000       0.5567
 306.000       0.5883
 307.000       0.5106
 308.000       0.5300
 309.000       0.6462
 310.000       0.6198
 311.000       0.6304
 312.000       0.6860
 313.000       0.6637
 314.000       0.6378
 315.000       0.6245
 316.000       0.6630
 317.000       0.6444
 318.000       0.6425
 319.000       0.7074
 320.000       0.7376
 321.000       0.7381
 322.000       0.8015
 323.000       0.9758
 324.000       1.0640
 325.000       1.2453
 326.000       1.4622
 327.000       1.6084
 328.000       1.8698
 329.000       1.9243
 330.000       2.1437
 331.000       2.2356
 332.000       2.1085
 333.000       1.6712
 334.000       2.2516
 335.000       2.0574
 336.000       1.2736
 337.000       1.1636
 338.000       1.0445
 339.000       0.8289
 340.000       0.7438
 341.000       0.9075
 342.000       0.8387
 343.000       0.6885
 344.000       0.6219
 345.000       0.5491
 346.000       0.5624
 347.000       0.5842
 348.000       0.6174
 349.000       0.5836
 350.000       0.5848
 351.000       0.6942
 352.000       0.7442
 353.000       0.8816
 354.000       0.8986
 355.000       0.7025
 356.000       0.6587
 357.000       0.6808
 358.000       0.6139
 359.000       0.5860
 360.000       0.6226
 361.000       0.6092
 362.000       0.5393
 363.000       0.5368
 364.000       0.5825
 365.000       0.5335
 366.000       0.5125
 367.000       0.5400
 368.000       0.5693
 369.000       0.5473
 370.000       0.5817
 371.000       0.6389
 372.000       0.6873
 373.000       0.6866
 374.000       0.5879
 375.000       0.6375
 376.000       0.6540
 377.000       0.6549
 378.000       0.6598
 379.000       0.7153
 380.000       0.7055
 381.000       0.7402
 382.000       0.7973
 383.000       0.8795
 384.000       1.0149
 385.000       1.0592
 386.000       1.1154
 387.000       1.2330
 388.000       1.3312
 389.000       1.4910
 390.000       1.9086
 391.000       2.2863
 392.000       2.1554
 393.000       2.0768
 394.000       1.7051
 395.000       1.7010
 396.000       1.6349
 397.000       1.3013
 398.000       1.0921
 399.000       1.0371
 400.000       1.0094
 401.000       0.9187
 402.000       0.8063
 403.000       0.8163
 404.000       0.8856
 405.000       0.8224
 406.000       0.7791
 407.000       0.8649
 408.000       0.9114
 409.000       0.8869
 410.000       0.8768
 411.000       0.9455
 412.000       0.9630
 413.000       0.9749
 414.000       0.9553
 415.000       0.8711
 416.000       0.7093
 417.000       0.7457
 418.000       0.7355
 419.000       0.7642
 420.000       0.7734
 421.000       0.7383
 422.000       0.7655
 423.000       0.7100
 424.000       0.6323
 425.000       0.6491
 426.000       0.7405
 427.000       0.7405
 428.000       0.7452
 429.000       0.8076
 430.000       0.7724
 431.000       0.7705
 432.000       1.0552
 433.000       1.1027
 434.000       1.0103
 435.000       0.9487
 436.000       0.9063
 437.000       0.6722
 438.000       0.6309
 439.000       0.7330
 440.000       0.6495
 441.000       0.5787
 442.000       0.6646
 443.000       0.7045
 444.000       0.6989
 445.000       0.6979
 446.000       0.7938
 447.000       0.8961
 448.000       0.9270
 449.000       0.8788
 450.000       0.9320
 451.000       1.0449
 452.000       1.2666
 453.000       1.0545
 454.000       0.8761
 455.000       0.9520
 456.000       0.9874
 457.000       0.8501
 458.000       0.8738
 459.000       0.9080
 460.000       0.9330
 461.000       0.9767
 462.000       0.9543
 463.000       1.0184
 464.000       1.1029
 465.000       1.0479
 466.000       1.0933
 467.000       1.0899
 468.000       1.1252
 469.000       1.1162
 470.000       1.0621
 471.000       1.0534
 472.000       1.0299
 473.000       0.8453
 474.000       0.8468
 475.000       0.8635
 476.000       0.7690
 477.000       0.7062
 478.000       0.7291
 479.000       0.7175
 480.000       0.6527
 481.000       0.6247
 482.000       0.6546
 483.000       0.6420
 484.000       0.5513
 485.000       0.5438
 486.000       0.6089
 487.000       0.5840
 488.000       0.5350
 489.000       0.6045
 490.000       0.6520
 491.000       0.6360
 492.000       0.6854
 493.000       0.8205
 494.000       0.9109
 495.000       1.0253
 496.000       1.0512
 497.000       1.5023
 498.000       1.3144
 499.000       1.1183
 500.000       1.2827
 501.000       1.1938
 502.000       1.4157
 503.000       1.7464
 504.000       1.3194
 505.000       1.3199
 506.000       1.0300
 507.000       1.0950
 508.000       1.1763
 509.000       1.0583
 510.000       0.8675
 511.000       0.9309
 512.000       0.9539
 513.000       0.8241
 514.000       0.7787
 515.000       0.8485
 516.000       0.8586
 517.000       0.7920
 518.000       0.8634
 519.000       0.9119
 520.000       0.8723
 521.000       0.7728
 522.000       0.7275
 523.000       0.7129
 524.000       0.7675
 525.000       0.7876
 526.000       1.1416
 527.000       1.2526
 528.000       1.1607
 529.000       1.3001
 530.000       1.7801
 531.000       1.8620
 532.000       1.6986
 533.000       2.0124
 534.000       2.4919
 535.000       2.4815
 536.000       2.4361
 537.000       2.9519
 538.000       3.2885
 539.000       4.0239
 540.000       3.8613
 541.000       3.3991
 542.000       3.3798
 543.000       3.1692
 544.000       2.7620
 545.000       2.5409
 546.000       2.5632
 547.000       2.3092
 548.000       1.9173
 549.000       1.8688
 550.000       1.8652
 551.000       2.3673
 553.000      52.4973
