#Res        AtomicFlx
   1.000       2.4223
   2.000       2.0326
   3.000       1.4645
   4.000       1.1986
   5.000       1.5961
   6.000       1.3242
   7.000       1.1889
   8.000       1.0934
   9.000       1.0489
  10.000       0.8717
  11.000       0.7969
  12.000       0.8669
  13.000       0.7782
  14.000       0.5859
  15.000       0.6424
  16.000       0.7154
  17.000       0.5860
  18.000       0.5344
  19.000       0.4864
  20.000       0.5747
  21.000       0.6498
  22.000       0.7112
  23.000       0.5193
  24.000       0.5823
  25.000       0.6875
  26.000       0.6256
  27.000       0.5364
  28.000       0.6966
  29.000       1.1829
  30.000       0.5567
  31.000       1.0291
  32.000       1.5755
  33.000       1.2142
  34.000       0.8423
  35.000       1.2457
  36.000       0.9838
  37.000       1.0555
  38.000       1.2138
  39.000       0.9403
  40.000       0.9105
  41.000       0.9602
  42.000       0.7250
  43.000       0.6373
  44.000       0.7914
  45.000       0.8445
  46.000       0.7446
  47.000       0.7064
  48.000       0.7674
  49.000       0.7923
  50.000       0.8206
  51.000       0.6825
  52.000       0.6814
  53.000       0.7335
  54.000       0.6933
  55.000       0.6313
  56.000       0.6940
  57.000       0.7125
  58.000       0.6832
  59.000       0.7098
  60.000       0.6962
  61.000       0.7136
  62.000       0.7429
  63.000       0.6820
  64.000       0.7106
  65.000       0.9127
  66.000       0.8458
  67.000       0.8835
  68.000       0.9743
  69.000       0.9617
  70.000       0.9054
  71.000       0.8814
  72.000       0.7828
  73.000       0.8805
  74.000       1.2851
  75.000       2.7670
  76.000       1.4810
  77.000       1.4149
  78.000       1.1527
  79.000       0.8726
  80.000       0.6935
  81.000       0.7075
  82.000       0.7274
  83.000       0.7491
  84.000       0.7063
  85.000       0.7331
  86.000       0.7843
  87.000       0.7902
  88.000       0.6950
  89.000       0.7214
  90.000       0.8007
  91.000       0.7881
  92.000       0.7854
  93.000       0.7947
  94.000       0.8197
  95.000       0.7741
  96.000       0.7062
  97.000       0.6332
  98.000       0.6783
  99.000       0.6741
 100.000       0.6378
 101.000       0.5975
 102.000       0.6232
 103.000       0.5817
 104.000       0.5247
 105.000       0.5597
 106.000       0.6116
 107.000       0.5486
 108.000       0.5658
 109.000       0.6832
 110.000       0.7475
 111.000       0.7440
 112.000       0.9291
 113.000       0.9343
 114.000       1.0687
 115.000       0.8835
 116.000       0.7893
 117.000       0.7810
 118.000       0.7314
 119.000       1.2075
 120.000       1.1002
 121.000       1.3774
 122.000       1.8888
 123.000       2.4475
 124.000       4.0701
 125.000       4.5891
 126.000       4.0134
 127.000       3.6801
 128.000       3.6727
 129.000       3.2997
 130.000       2.6077
 131.000       2.6481
 132.000       3.7208
 133.000       3.1788
 134.000       3.0513
 135.000       3.3308
 136.000       3.7750
 137.000       3.5530
 138.000       2.7450
 139.000       2.9754
 140.000       3.3759
 141.000       2.9731
 142.000       2.7478
 143.000       2.5133
 144.000       2.6234
 145.000       2.9150
 146.000       2.4528
 147.000       1.7932
 148.000       1.5507
 149.000       1.4851
 150.000       2.0297
 151.000       2.2028
 152.000       1.7090
 153.000       1.7404
 154.000       2.7249
 155.000       2.5641
 156.000       2.8454
 157.000       3.2840
 158.000       3.5150
 159.000       2.9577
 160.000       2.8720
 161.000       2.1320
 162.000       1.4948
 163.000       1.1965
 164.000       0.7767
 165.000       0.7962
 166.000       0.6082
 167.000       0.5799
 168.000       0.7027
 169.000       0.6575
 170.000       0.5762
 171.000       0.6324
 172.000       0.6906
 173.000       0.7643
 174.000       0.8207
 175.000       0.8956
 176.000       0.8856
 177.000       0.7554
 178.000       0.7269
 179.000       0.8864
 180.000       0.9161
 181.000       0.8743
 182.000       1.1326
 183.000       1.8276
 184.000       1.4521
 185.000       1.3187
 186.000       1.2139
 187.000       0.8938
 188.000       0.8258
 189.000       0.8390
 190.000       0.7950
 191.000       0.7042
 192.000       0.7316
 193.000       0.7474
 194.000       0.6783
 195.000       0.7062
 196.000       0.7830
 197.000       0.7831
 198.000       0.7426
 199.000       0.6936
 200.000       0.7831
 201.000       0.7836
 202.000       0.7157
 203.000       0.7470
 204.000       0.8596
 205.000       0.8994
 206.000       0.9209
 207.000       1.1185
 208.000       1.6484
 209.000       2.0975
 210.000       1.8884
 211.000       2.0879
 212.000       1.9343
 213.000       1.4171
 214.000       1.0930
 215.000       0.9736
 216.000       0.9160
 217.000       0.9054
 218.000       0.7826
 219.000       0.7156
 220.000       0.7211
 221.000       0.7751
 222.000       0.7318
 223.000       0.7243
 224.000       0.6376
 225.000       0.6215
 226.000       0.6614
 227.000       0.6388
 228.000       0.5972
 229.000       0.6382
 230.000       0.6756
 231.000       0.6574
 232.000       0.7053
 233.000       0.8148
 234.000       0.8785
 235.000       0.8571
 236.000       0.8911
 237.000       1.1496
 238.000       0.9833
 239.000       1.0671
 240.000       0.9662
 241.000       0.7407
 242.000       0.9096
 243.000       0.9621
 244.000       0.7647
 245.000       0.7508
 246.000       0.8897
 247.000       0.8503
 248.000       0.7163
 249.000       0.8212
 250.000       0.9111
 251.000       1.0094
 252.000       1.1041
 253.000       1.3034
 254.000       1.2094
 255.000       0.9693
 256.000       1.1926
 257.000       1.2522
 258.000       1.0101
 259.000       0.9315
 260.000       0.7972
 261.000       0.6964
 262.000       0.6951
 263.000       0.6689
 264.000       0.5972
 265.000       0.5971
 266.000       0.6214
 267.000       0.5945
 268.000       0.5580
 269.000       0.5576
 270.000       0.5529
 271.000       0.5524
 272.000       0.5479
 273.000       0.5732
 274.000       0.6282
 275.000       0.5924
 276.000       0.6322
 277.000       0.6765
 278.000       0.7656
 279.000       0.6179
 280.000       0.5603
 281.000       0.5799
 282.000       0.6251
 283.000       0.6868
 284.000       0.7178
 285.000       0.7294
 286.000       0.8674
 287.000       0.8860
 288.000       0.9660
 289.000       0.8760
 290.000       1.0085
 291.000       1.1333
 292.000       1.3043
 293.000       0.9046
 294.000       0.9249
 295.000       0.8194
 296.000       0.6961
 297.000       0.7004
 298.000       0.7240
 299.000       0.6773
 300.000       0.5733
 301.000       0.6350
 302.000       0.6961
 303.000       0.6094
 304.000       0.5296
 305.000       0.5690
 306.000       0.5974
 307.000       0.5427
 308.000       0.5125
 309.000       0.5559
 310.000       0.5787
 311.000       0.5655
 312.000       0.5515
 313.000       0.5629
 314.000       0.5578
 315.000       0.5021
 316.000       0.5385
 317.000       0.5825
 318.000       0.6180
 319.000       0.6026
 320.000       0.6645
 321.000       0.7165
 322.000       0.6723
 323.000       0.6889
 324.000       0.8613
 325.000       0.9367
 326.000       0.9124
 327.000       0.9267
 328.000       0.8761
 329.000       0.8954
 330.000       0.7519
 331.000       0.8157
 332.000       0.8239
 333.000       0.6944
 334.000       0.7024
 335.000       0.8562
 336.000       1.1643
 337.000       1.0324
 338.000       0.9263
 339.000       0.6460
 340.000       0.5593
 341.000       0.5968
 342.000       0.5907
 343.000       0.5283
 344.000       0.5260
 345.000       0.5258
 346.000       0.5708
 347.000       0.5890
 348.000       0.6730
 349.000       0.7705
 350.000       0.8156
 351.000       0.8921
 352.000       0.9761
 353.000       1.0840
 354.000       0.9715
 355.000       0.8228
 356.000       0.7715
 357.000       0.7837
 358.000       0.6883
 359.000       0.6155
 360.000       0.5994
 361.000       0.5691
 362.000       0.5005
 363.000       0.4815
 364.000       0.5041
 365.000       0.5161
 366.000       0.5257
 367.000       0.4983
 368.000       0.5159
 369.000       0.5866
 370.000       0.6694
 371.000       0.6304
 372.000       0.6766
 373.000       0.5951
 374.000       0.5605
 375.000       0.6541
 376.000       0.6682
 377.000       0.6161
 378.000       0.6535
 379.000       0.7211
 380.000       0.6819
 381.000       0.7066
 382.000       0.7478
 383.000       0.8015
 384.000       0.8601
 385.000       0.8681
 386.000       0.8672
 387.000       0.9315
 388.000       1.0729
 389.000       1.2478
 390.000       2.0358
 391.000       2.6836
 392.000       2.2999
 393.000       1.9332
 394.000       1.4989
 395.000       1.5979
 396.000       1.5031
 397.000       1.2336
 398.000       1.0508
 399.000       1.0534
 400.000       1.0236
 401.000       0.8568
 402.000       0.7512
 403.000       0.8024
 404.000       0.8205
 405.000       0.7276
 406.000       0.7013
 407.000       0.7769
 408.000       0.8046
 409.000       0.7583
 410.000       0.7564
 411.000       0.8665
 412.000       0.8734
 413.000       0.7885
 414.000       0.8597
 415.000       0.9059
 416.000       0.7778
 417.000       0.7846
 418.000       0.7367
 419.000       0.7692
 420.000       0.7265
 421.000       0.7546
 422.000       0.7444
 423.000       0.7049
 424.000       0.6955
 425.000       0.6611
 426.000       0.7096
 427.000       0.7257
 428.000       0.6781
 429.000       0.7198
 430.000       0.8122
 431.000       0.7164
 432.000       0.7457
 433.000       0.7979
 434.000       0.6865
 435.000       0.6947
 436.000       0.6680
 437.000       0.5785
 438.000       0.6072
 439.000       0.6430
 440.000       0.6400
 441.000       0.5933
 442.000       0.6755
 443.000       0.7110
 444.000       0.6598
 445.000       0.6889
 446.000       0.8247
 447.000       0.7969
 448.000       0.7092
 449.000       0.7420
 450.000       0.8921
 451.000       0.9419
 452.000       0.8948
 453.000       0.8732
 454.000       0.7920
 455.000       0.9364
 456.000       0.9120
 457.000       0.7643
 458.000       0.7643
 459.000       0.8912
 460.000       0.8810
 461.000       0.8703
 462.000       0.9855
 463.000       1.2557
 464.000       1.2328
 465.000       1.2545
 466.000       1.3277
 467.000       1.1123
 468.000       1.0229
 469.000       0.9577
 470.000       1.1669
 471.000       1.2104
 472.000       1.3174
 473.000       0.9934
 474.000       0.7878
 475.000       1.0005
 476.000       0.8766
 477.000       0.7032
 478.000       0.8951
 479.000       0.9000
 480.000       0.8900
 481.000       0.9876
 482.000       0.8786
 483.000       0.8170
 484.000       0.7305
 485.000       0.6658
 486.000       0.7300
 487.000       0.7166
 488.000       0.6605
 489.000       0.6931
 490.000       0.7545
 491.000       0.7199
 492.000       0.7382
 493.000       0.8381
 494.000       0.9196
 495.000       0.9493
 496.000       0.9392
 497.000       1.2631
 498.000       1.0804
 499.000       1.0068
 500.000       1.1669
 501.000       1.8912
 502.000       1.9941
 503.000       1.9361
 504.000       1.9484
 505.000       1.2856
 506.000       0.9409
 507.000       1.0864
 508.000       1.2183
 509.000       1.1549
 510.000       0.9534
 511.000       0.9634
 512.000       1.0319
 513.000       0.9581
 514.000       0.8894
 515.000       0.9326
 516.000       0.9954
 517.000       1.0233
 518.000       1.0060
 519.000       0.9883
 520.000       1.0275
 521.000       1.1020
 522.000       0.9739
 523.000       0.7903
 524.000       0.7555
 525.000       0.7228
 526.000       1.0402
 527.000       1.2165
 528.000       1.2427
 529.000       1.4018
 530.000       1.5950
 531.000       1.8234
 532.000       1.9899
 533.000       2.4597
 534.000       2.8002
 535.000       2.8508
 536.000       3.1934
 537.000       4.2334
 538.000       4.7731
 539.000       4.4322
 540.000       4.2727
 541.000       3.8310
 542.000       3.8324
 543.000       3.6774
 544.000       3.2727
 545.000       3.0917
 546.000       3.1752
 547.000       2.9818
 548.000       2.6651
 549.000       2.5761
 550.000       2.7642
 551.000       2.9126
 553.000      52.3472
