#Res        AtomicFlx
   1.000       4.5682
   2.000       3.4812
   3.000       3.0657
   4.000       2.7329
   5.000       2.7502
   6.000       2.6750
   7.000       2.4230
   8.000       3.0996
   9.000       2.7652
  10.000       2.0567
  11.000       1.5920
  12.000       1.4195
  13.000       1.2645
  14.000       1.3311
  15.000       1.7340
  16.000       1.7295
  17.000       1.5055
  18.000       1.6872
  19.000       2.0251
  20.000       1.9904
  21.000       1.8361
  22.000       2.2671
  23.000       2.5620
  24.000       2.4248
  25.000       2.8936
  26.000       2.6723
  27.000       2.1184
  28.000       1.5290
  29.000       1.3310
  30.000       1.1795
  31.000       1.1336
  32.000       1.5206
  33.000       1.1725
  34.000       1.0535
  35.000       1.1982
  36.000       1.1261
  37.000       0.7956
  38.000       0.7586
  39.000       0.8411
  40.000       0.7428
  41.000       0.5548
  42.000       0.6322
  43.000       0.6964
  44.000       0.5782
  45.000       0.5446
  46.000       0.5988
  47.000       0.6421
  48.000       0.6467
  49.000       0.6771
  50.000       0.7347
  51.000       0.7553
  52.000       0.7944
  53.000       0.8109
  54.000       0.8325
  55.000       0.8987
  56.000       0.9589
  57.000       1.0119
  58.000       1.0476
  59.000       1.1014
  60.000       1.2511
  61.000       1.2850
  62.000       1.5708
  63.000       1.5273
  64.000       1.5104
  65.000       1.2470
  66.000       1.0596
  67.000       1.1007
  68.000       1.1191
  69.000       1.0074
  70.000       0.8958
  71.000       0.9275
  72.000       0.9396
  73.000       0.8355
  74.000       0.7612
  75.000       0.7909
  76.000       0.8105
  77.000       0.7300
  78.000       0.6834
  79.000       0.6471
  80.000       0.6800
  81.000       0.5639
  82.000       0.5115
  83.000       0.5574
  84.000       0.5526
  85.000       0.4824
  86.000       0.5173
  87.000       0.5860
  88.000       0.5775
  89.000       0.5785
  90.000       0.6476
  91.000       0.6869
  92.000       0.7482
  93.000       0.7596
  94.000       0.7090
  95.000       0.6749
  96.000       0.6047
  97.000       0.6568
  98.000       0.7202
  99.000       0.6410
 100.000       0.6659
 101.000       0.8109
 102.000       0.8835
 103.000       0.8565
 104.000       0.9162
 105.000       0.9283
 106.000       0.8578
 107.000       0.7189
 108.000       0.7284
 109.000       0.6701
 110.000       0.5503
 111.000       0.5681
 112.000       0.5858
 113.000       0.5314
 114.000       0.4919
 115.000       0.5439
 116.000       0.5530
 117.000       0.5174
 118.000       0.5070
 119.000       0.5435
 120.000       0.6124
 121.000       0.5868
 122.000       0.5497
 123.000       0.5881
 124.000       0.7018
 125.000       0.6082
 126.000       0.5722
 127.000       0.6019
 128.000       0.6420
 129.000       0.6640
 130.000       0.7309
 131.000       0.7737
 132.000       0.7630
 133.000       0.8135
 134.000       0.8281
 135.000       0.8583
 136.000       0.8789
 137.000       0.9364
 138.000       0.9935
 139.000       1.0089
 140.000       1.1883
 141.000       1.3614
 142.000       1.4262
 143.000       1.4081
 144.000       1.1996
 145.000       1.2054
 146.000       1.2144
 147.000       1.3604
 148.000       1.3833
 149.000       1.4297
 150.000       1.5643
 151.000       1.8791
 152.000       2.2203
 153.000       2.9063
 154.000       3.7124
 155.000       3.2174
 156.000       3.1171
 157.000       2.3208
 158.000       1.7833
 159.000       1.6227
 160.000       1.7195
 161.000       1.4527
 162.000       1.3660
 163.000       1.6174
 164.000       1.6607
 165.000       1.4376
 166.000       1.2840
 167.000       1.2042
 168.000       1.1418
 169.000       1.1474
 170.000       1.0947
 171.000       0.9757
 172.000       0.9091
 173.000       0.9608
 174.000       1.0247
 175.000       1.0277
 176.000       0.9220
 177.000       0.8923
 178.000       0.9740
 179.000       0.9822
 180.000       1.1179
 181.000       1.4761
 182.000       1.4542
 183.000       1.5148
 184.000       1.7145
 185.000       1.6502
 186.000       2.1231
 187.000       1.4704
 188.000       1.2905
 189.000       1.1788
 190.000       1.0040
 191.000       1.0247
 192.000       0.9548
 193.000       0.9003
 194.000       0.9077
 195.000       0.9339
 196.000       0.8477
 197.000       0.7920
 198.000       0.8621
 199.000       0.9011
 200.000       0.7970
 201.000       0.7666
 202.000       0.9072
 203.000       0.9453
 204.000       0.8778
 205.000       0.9245
 206.000       1.0514
 207.000       1.0757
 208.000       1.2361
 209.000       1.5132
 210.000       1.7906
 211.000       1.9604
 212.000       1.4621
 213.000       1.5147
 214.000       1.2869
 215.000       0.9895
 216.000       0.9081
 217.000       0.8855
 218.000       0.8162
 219.000       0.8450
 220.000       0.9256
 221.000       0.8715
 222.000       0.7141
 223.000       0.9102
 224.000       1.0613
 225.000       1.1305
 226.000       1.0572
 227.000       0.9105
 228.000       0.9609
 229.000       0.9729
 230.000       0.9714
 231.000       1.0161
 232.000       1.0587
 233.000       1.0625
 234.000       1.1379
 235.000       1.1677
 236.000       1.1104
 237.000       1.1769
 238.000       1.3182
 239.000       1.3246
 240.000       1.2661
 241.000       1.3168
 242.000       1.2512
 243.000       1.1835
 244.000       1.2765
 245.000       1.2173
 246.000       1.1123
 247.000       1.2481
 248.000       1.3220
 249.000       1.2305
 250.000       1.2320
 251.000       1.3649
 252.000       1.3576
 253.000       1.3843
 254.000       1.5990
 255.000       1.7002
 256.000       1.7631
 257.000       1.3318
 258.000       1.3221
 259.000       1.4530
 260.000       1.2390
 261.000       1.1703
 262.000       1.1176
 263.000       1.0330
 264.000       0.9775
 265.000       0.9390
 266.000       0.9260
 267.000       0.8726
 268.000       0.8261
 269.000       0.7851
 270.000       0.7589
 271.000       0.7053
 272.000       0.6359
 273.000       0.7074
 274.000       0.6940
 275.000       0.5764
 276.000       0.5964
 277.000       0.5864
 278.000       0.5821
 279.000       0.8263
 280.000       0.5649
 281.000       0.8698
 282.000       0.5226
 283.000       0.5204
 284.000       0.7299
 285.000       0.5659
 286.000       0.5447
 287.000       0.6702
 288.000       0.8036
 289.000       0.8241
 290.000       1.0255
 291.000       1.0697
 292.000       1.1915
 293.000       1.2548
 294.000       1.3009
 295.000       1.0873
 296.000       1.3311
 297.000       0.9583
 298.000       0.8341
 299.000       0.7083
 300.000       0.8016
 301.000       0.7916
 302.000       0.6638
 303.000       0.7046
 304.000       0.7742
 305.000       0.7200
 306.000       0.6760
 307.000       0.8057
 308.000       0.8526
 309.000       0.7798
 310.000       0.7953
 311.000       0.8950
 312.000       0.9031
 313.000       0.8606
 314.000       0.8968
 315.000       0.9776
 316.000       0.9861
 317.000       0.9202
 318.000       0.9500
 319.000       1.0659
 320.000       1.0762
 321.000       0.9954
 322.000       0.9998
 323.000       1.0102
 324.000       1.0099
 325.000       1.0105
 326.000       1.0009
 327.000       1.0429
 328.000       1.0783
 329.000       1.0765
 330.000       1.1350
 331.000       1.3176
 332.000       1.3587
 333.000       1.3672
 334.000       1.5221
 335.000       1.7863
 336.000       1.8657
 337.000       1.9549
 338.000       2.2407
 339.000       2.4691
 340.000       2.5816
 341.000       2.8182
 342.000       3.1879
 343.000       3.4049
 344.000       3.7505
 345.000       4.7452
 346.000       5.5754
 347.000       7.6453
 348.000       9.2236
 349.000      10.0548
 350.000       9.1258
 351.000       7.9329
 352.000       7.6439
 353.000       7.1631
 354.000       7.5298
 355.000       6.2304
 356.000       4.7608
 357.000       5.7421
 358.000       6.1970
 359.000       4.7065
 360.000       4.9394
 361.000       6.5097
 362.000       5.9401
 363.000       5.3677
 364.000       7.0144
 365.000       7.7777
 366.000       7.0995
 367.000       8.0206
 368.000       9.0135
 369.000       8.8182
 370.000       8.6488
 371.000       7.7832
 372.000       7.4845
 373.000       5.9090
 374.000       4.0073
 375.000       3.1601
 376.000       2.4135
 377.000       2.0643
 378.000       2.0073
 379.000       1.5851
 380.000       1.7460
 381.000       1.7337
 382.000       1.4300
 383.000       1.3322
 384.000       1.1532
 385.000       1.1553
 386.000       1.2947
 387.000       1.5163
 388.000       1.2823
 389.000       1.1489
 390.000       1.1402
 391.000       1.1916
 392.000       1.3953
 393.000       1.0173
 394.000       0.8894
 395.000       0.8492
 396.000       0.8939
 397.000       1.0318
 398.000       1.0041
 399.000       0.9289
 400.000       1.0608
 401.000       1.1454
 402.000       1.0991
 403.000       1.0537
 404.000       1.1689
 405.000       1.2981
 406.000       1.3169
 407.000       1.4437
 408.000       1.3428
 409.000       1.1921
 410.000       1.1248
 411.000       1.0988
 412.000       1.0156
 413.000       0.9507
 414.000       0.9267
 415.000       0.9037
 416.000       0.8524
 417.000       0.8024
 418.000       0.7765
 419.000       0.7447
 420.000       0.7188
 421.000       0.6934
 422.000       0.6539
 423.000       0.6309
 424.000       0.6324
 425.000       0.6211
 426.000       0.6066
 427.000       0.5771
 428.000       0.5591
 429.000       0.6743
 430.000       0.7012
 431.000       0.5511
 432.000       0.6222
 433.000       0.7600
 434.000       0.7248
 435.000       0.7033
 436.000       0.7607
 437.000       0.8718
 438.000       0.8696
 439.000       0.8763
 440.000       0.9983
 441.000       1.0185
 442.000       1.0423
 443.000       1.4966
 444.000       1.5876
 445.000       1.9132
 446.000       2.4345
 447.000       2.7171
 448.000       3.4656
 449.000       2.1794
 450.000       1.5454
 451.000       1.3347
 452.000       1.4145
 453.000       1.3616
 454.000       1.0915
 455.000       0.9506
 456.000       1.0283
 457.000       1.0265
 458.000       0.8170
 459.000       0.7606
 460.000       0.8990
 461.000       0.9101
 462.000       0.7226
 463.000       0.7557
 464.000       0.8881
 465.000       0.8165
 466.000       0.7960
 467.000       0.8289
 468.000       0.8375
 469.000       0.8627
 470.000       0.9632
 471.000       0.9462
 472.000       0.9480
 473.000       0.9253
 474.000       0.8523
 475.000       0.8310
 476.000       0.8493
 477.000       0.8055
 478.000       0.7488
 479.000       0.7973
 480.000       0.7755
 481.000       0.7452
 482.000       0.8185
 483.000       0.8278
 484.000       0.8880
 485.000       0.9958
 486.000       0.9789
 487.000       0.7112
 488.000       0.6807
 489.000       0.6166
 490.000       0.5798
 491.000       0.5934
 492.000       0.5755
 493.000       0.4898
 494.000       0.5400
 495.000       0.5984
 496.000       0.5720
 497.000       0.5227
 498.000       0.6013
 499.000       0.6964
 500.000       0.6930
 501.000       0.7076
 502.000       0.7951
 503.000       0.8694
 504.000       0.8406
 505.000       0.8656
 506.000       0.9088
 507.000       0.9144
 508.000       1.0427
 509.000       1.0205
 510.000       0.9111
 511.000       0.9956
 512.000       1.0796
 513.000       1.0482
 514.000       1.0166
 515.000       1.1208
 516.000       1.2719
 517.000       1.3270
 518.000       1.3680
 519.000       1.2703
 520.000       1.3926
 521.000       1.5057
 522.000       1.2517
 523.000       1.2888
 524.000       1.2054
 525.000       1.1440
 526.000       1.1369
 527.000       1.2292
 528.000       1.2076
 529.000       0.8894
 530.000       0.7998
 531.000       0.9477
 532.000       1.1112
 533.000       0.9314
 534.000       0.7605
 535.000       0.7433
 536.000       0.8401
 537.000       0.8133
 538.000       0.7215
 539.000       0.7791
 540.000       0.8560
 541.000       0.8217
 542.000       0.7881
 543.000       0.8527
 544.000       0.8753
 545.000       0.8381
 546.000       0.9916
 547.000       1.1422
 548.000       1.1379
 549.000       1.1412
 550.000       1.4821
 551.000       1.6273
 552.000       1.5877
 553.000       1.4634
 554.000       1.6827
 555.000       1.4048
 556.000       1.3354
 557.000       1.3787
 558.000       1.3681
 559.000       1.3749
 560.000       1.7089
 561.000       2.1136
 562.000       3.4290
 563.000       4.2822
 564.000       5.2808
 565.000       6.1651
 566.000       6.3879
 567.000       5.2961
 568.000       5.0287
 569.000       3.9178
 570.000       2.0733
 571.000       1.5887
 572.000       1.4426
 573.000       1.4077
 574.000       1.3020
 575.000       1.4369
 576.000       1.4164
 577.000       1.2236
 578.000       1.0338
 579.000       1.0266
 580.000       1.0108
 581.000       0.9504
 582.000       0.8675
 583.000       0.8616
 584.000       0.8957
 585.000       0.8944
 586.000       0.8271
 587.000       0.7865
 588.000       0.7902
 589.000       0.6767
 590.000       0.7010
 591.000       0.7653
 592.000       0.7222
 593.000       0.6742
 594.000       0.8356
 595.000       0.9329
 596.000       0.8826
 597.000       0.9155
 598.000       1.1066
 599.000       1.1881
 600.000       1.1686
 601.000       1.3297
 602.000       1.5598
 603.000       1.5882
 604.000       1.7151
 605.000       2.4454
 607.000       0.7275
