#Res        AtomicFlx
   1.000       1.3194
   2.000       1.1783
   3.000       1.3257
   4.000       1.1136
   5.000       1.4352
   6.000       1.5878
   7.000       1.3952
   8.000       1.7799
   9.000       1.8413
  10.000       1.4232
  11.000       1.4317
  12.000       1.8541
  13.000       2.3437
  14.000       2.6766
  15.000       3.6059
  16.000       3.2434
  17.000       2.5871
  18.000       3.2135
  19.000       3.8121
  20.000       3.9888
  21.000       4.5050
  22.000       5.6141
  23.000       6.6607
  24.000       6.5487
  25.000       5.0442
  26.000       3.8947
  27.000       3.1410
  28.000       2.5458
  29.000       2.3656
  30.000       1.9584
  31.000       1.7508
  32.000       2.3684
  33.000       1.5241
  34.000       1.3195
  35.000       1.2875
  36.000       1.2518
  37.000       1.0624
  38.000       0.9728
  39.000       1.0323
  40.000       1.0034
  41.000       0.8585
  42.000       0.7541
  43.000       0.8013
  44.000       0.7790
  45.000       0.6533
  46.000       0.5416
  47.000       0.5511
  48.000       0.5855
  49.000       0.6395
  50.000       0.6204
  51.000       0.7017
  52.000       0.7502
  53.000       0.8344
  54.000       0.7593
  55.000       0.9182
  56.000       1.0852
  57.000       0.9658
  58.000       1.0672
  59.000       1.3401
  60.000       1.3722
  61.000       1.2230
  62.000       1.4080
  63.000       1.5219
  64.000       1.3507
  65.000       1.0672
  66.000       0.9255
  67.000       0.9279
  68.000       0.9972
  69.000       0.8689
  70.000       0.7541
  71.000       0.7933
  72.000       0.7834
  73.000       0.6869
  74.000       0.6666
  75.000       0.7340
  76.000       0.7880
  77.000       0.7164
  78.000       0.6216
  79.000       0.6124
  80.000       0.6199
  81.000       0.5644
  82.000       0.5558
  83.000       0.5621
  84.000       0.5546
  85.000       0.5529
  86.000       0.5879
  87.000       0.6199
  88.000       0.6398
  89.000       0.7021
  90.000       0.7756
  91.000       0.7599
  92.000       0.8716
  93.000       0.7913
  94.000       0.8261
  95.000       0.7221
  96.000       0.6265
  97.000       0.6687
  98.000       0.7615
  99.000       0.6992
 100.000       0.6773
 101.000       0.8206
 102.000       0.8856
 103.000       0.8519
 104.000       0.8864
 105.000       0.9803
 106.000       0.9202
 107.000       0.7662
 108.000       0.7991
 109.000       0.7418
 110.000       0.6094
 111.000       0.6511
 112.000       0.6808
 113.000       0.6279
 114.000       0.6213
 115.000       0.6136
 116.000       0.6052
 117.000       0.5726
 118.000       0.5548
 119.000       0.5552
 120.000       0.6047
 121.000       0.6850
 122.000       0.5869
 123.000       0.6140
 124.000       0.7908
 125.000       0.5915
 126.000       0.5180
 127.000       0.6526
 128.000       0.6153
 129.000       0.5915
 130.000       0.6610
 131.000       0.6850
 132.000       0.6640
 133.000       0.7073
 134.000       0.7211
 135.000       0.7284
 136.000       0.7532
 137.000       0.7902
 138.000       0.8323
 139.000       0.8525
 140.000       0.9404
 141.000       1.1281
 142.000       1.2336
 143.000       1.3171
 144.000       1.0692
 145.000       1.0721
 146.000       1.1107
 147.000       1.3259
 148.000       1.4214
 149.000       1.4037
 150.000       1.5375
 151.000       1.8324
 152.000       2.0572
 153.000       2.5576
 154.000       3.2489
 155.000       3.8829
 156.000       2.8157
 157.000       2.2089
 158.000       1.7835
 159.000       1.6499
 160.000       1.7300
 161.000       1.5133
 162.000       1.3952
 163.000       1.6132
 164.000       1.6646
 165.000       1.4898
 166.000       1.3531
 167.000       1.2265
 168.000       1.0555
 169.000       1.0777
 170.000       1.1074
 171.000       0.9779
 172.000       0.8796
 173.000       0.9535
 174.000       1.0385
 175.000       1.0246
 176.000       0.9035
 177.000       0.8868
 178.000       0.9787
 179.000       1.0053
 180.000       1.0739
 181.000       1.3056
 182.000       1.4033
 183.000       1.4728
 184.000       1.6476
 185.000       1.5510
 186.000       1.3444
 187.000       1.6262
 188.000       1.4708
 189.000       1.2182
 190.000       0.9840
 191.000       0.9293
 192.000       0.8635
 193.000       0.7917
 194.000       0.7959
 195.000       0.7570
 196.000       0.7031
 197.000       0.6775
 198.000       0.6952
 199.000       0.6832
 200.000       0.6443
 201.000       0.6228
 202.000       0.6960
 203.000       0.6792
 204.000       0.6831
 205.000       0.7593
 206.000       0.8888
 207.000       0.9981
 208.000       1.0934
 209.000       1.3304
 210.000       2.4467
 211.000       2.4226
 212.000       1.8031
 213.000       1.9265
 214.000       1.7310
 215.000       1.3113
 216.000       1.3581
 217.000       1.4350
 218.000       1.1339
 219.000       0.9778
 220.000       1.0308
 221.000       0.8995
 222.000       0.8027
 223.000       0.8258
 224.000       0.8395
 225.000       0.8217
 226.000       0.7923
 227.000       0.8060
 228.000       0.8783
 229.000       0.8427
 230.000       0.8122
 231.000       0.8973
 232.000       0.9615
 233.000       0.9096
 234.000       0.9514
 235.000       1.0475
 236.000       1.0543
 237.000       1.0344
 238.000       1.1168
 239.000       1.2054
 240.000       1.2175
 241.000       1.2793
 242.000       1.1688
 243.000       1.0371
 244.000       1.1235
 245.000       1.1650
 246.000       1.0560
 247.000       1.1233
 248.000       1.2521
 249.000       1.2051
 250.000       1.2265
 251.000       1.3442
 252.000       1.4745
 253.000       1.3949
 254.000       1.3221
 255.000       1.2743
 256.000       1.4232
 257.000       1.1951
 258.000       1.1417
 259.000       1.2457
 260.000       1.0925
 261.000       0.9512
 262.000       0.9670
 263.000       0.9127
 264.000       0.8118
 265.000       0.7794
 266.000       0.8067
 267.000       0.7567
 268.000       0.7157
 269.000       0.7434
 270.000       0.7045
 271.000       0.6652
 272.000       0.6941
 273.000       0.6665
 274.000       0.6088
 275.000       0.5979
 276.000       0.6035
 277.000       0.5816
 278.000       0.5755
 279.000       0.8462
 280.000       0.6828
 281.000       0.7941
 282.000       0.7051
 283.000       0.6491
 284.000       0.8543
 285.000       0.9950
 286.000       0.8789
 287.000       0.8519
 288.000       0.9502
 289.000       0.9599
 290.000       1.0105
 291.000       1.0253
 292.000       1.0512
 293.000       0.9177
 294.000       0.9060
 295.000       0.8562
 296.000       0.9617
 297.000       0.9456
 298.000       0.7326
 299.000       0.7101
 300.000       0.8729
 301.000       0.8101
 302.000       0.6437
 303.000       0.6931
 304.000       0.7771
 305.000       0.7072
 306.000       0.6126
 307.000       0.7535
 308.000       0.8335
 309.000       0.7521
 310.000       0.7477
 311.000       0.8559
 312.000       0.8570
 313.000       0.7975
 314.000       0.8431
 315.000       0.9204
 316.000       0.8991
 317.000       0.8457
 318.000       0.9141
 319.000       0.9649
 320.000       0.9551
 321.000       1.0006
 322.000       0.9744
 323.000       0.9891
 324.000       1.0410
 325.000       0.9840
 326.000       1.0268
 327.000       1.1500
 328.000       1.1384
 329.000       1.0217
 330.000       1.1961
 331.000       1.3747
 332.000       1.3264
 333.000       1.3291
 334.000       1.6405
 335.000       1.8513
 336.000       1.8535
 337.000       2.0960
 338.000       2.4299
 339.000       2.5798
 340.000       2.7487
 341.000       3.1094
 342.000       3.4325
 343.000       3.5941
 344.000       3.8445
 345.000       4.4282
 346.000       4.3556
 347.000       5.0539
 348.000       5.0249
 349.000       4.9845
 350.000       5.3064
 351.000       3.7355
 352.000       3.5605
 353.000       3.1794
 354.000       3.8547
 355.000       3.7048
 356.000       2.9437
 357.000       3.2781
 358.000       3.9122
 359.000       3.5552
 360.000       3.2517
 361.000       3.9499
 362.000       4.2519
 363.000       3.8950
 364.000       4.1092
 365.000       4.7682
 366.000       4.8430
 367.000       4.7746
 368.000       4.5904
 369.000       4.8069
 370.000       4.3997
 371.000       3.8104
 372.000       4.0561
 373.000       4.0860
 374.000       3.3421
 375.000       3.0401
 376.000       2.3617
 377.000       2.1306
 378.000       2.2655
 379.000       1.4607
 380.000       1.6483
 381.000       1.7184
 382.000       1.5202
 383.000       1.4540
 384.000       1.3734
 385.000       1.4096
 386.000       1.5439
 387.000       1.6128
 388.000       1.3380
 389.000       1.1451
 390.000       1.1330
 391.000       1.0163
 392.000       0.9633
 393.000       0.9023
 394.000       0.8481
 395.000       0.8205
 396.000       0.8040
 397.000       0.9085
 398.000       0.9800
 399.000       0.9397
 400.000       0.9608
 401.000       1.0955
 402.000       1.0643
 403.000       1.0664
 404.000       1.2983
 405.000       1.3601
 406.000       1.2326
 407.000       1.2989
 408.000       1.1581
 409.000       1.0808
 410.000       1.0326
 411.000       0.9921
 412.000       0.9293
 413.000       0.8495
 414.000       0.8066
 415.000       0.8187
 416.000       0.7488
 417.000       0.6927
 418.000       0.6770
 419.000       0.6558
 420.000       0.6061
 421.000       0.5811
 422.000       0.5906
 423.000       0.5375
 424.000       0.5393
 425.000       0.5590
 426.000       0.6312
 427.000       0.6015
 428.000       0.5157
 429.000       0.6132
 430.000       0.7296
 431.000       0.6466
 432.000       0.5461
 433.000       0.6387
 434.000       0.6191
 435.000       0.6103
 436.000       0.6724
 437.000       0.7414
 438.000       0.8046
 439.000       0.8267
 440.000       0.9072
 441.000       0.9566
 442.000       1.0302
 443.000       1.4453
 444.000       1.5954
 445.000       1.7227
 446.000       2.0734
 447.000       2.2317
 448.000       2.6481
 449.000       1.8710
 450.000       1.5938
 451.000       1.4004
 452.000       1.4511
 453.000       1.3261
 454.000       1.0907
 455.000       0.9435
 456.000       0.9136
 457.000       0.9483
 458.000       0.8657
 459.000       0.7072
 460.000       0.7568
 461.000       0.8484
 462.000       0.7134
 463.000       0.6690
 464.000       0.7951
 465.000       0.7504
 466.000       0.7099
 467.000       0.7841
 468.000       0.8599
 469.000       0.9172
 470.000       0.9117
 471.000       0.8940
 472.000       0.9173
 473.000       0.9144
 474.000       0.8152
 475.000       0.8245
 476.000       0.8853
 477.000       0.8126
 478.000       0.7241
 479.000       0.8367
 480.000       0.8845
 481.000       0.7643
 482.000       0.7765
 483.000       0.9699
 484.000       1.0003
 485.000       1.2103
 486.000       1.4675
 487.000       1.4159
 488.000       1.0094
 489.000       0.6598
 490.000       0.5895
 491.000       0.6142
 492.000       0.6140
 493.000       0.5385
 494.000       0.5275
 495.000       0.5687
 496.000       0.5907
 497.000       0.5646
 498.000       0.6351
 499.000       0.7830
 500.000       0.8210
 501.000       0.7583
 502.000       0.8518
 503.000       0.9036
 504.000       0.9077
 505.000       0.9122
 506.000       0.9310
 507.000       0.9633
 508.000       1.0144
 509.000       0.9735
 510.000       0.8612
 511.000       0.8620
 512.000       1.0132
 513.000       1.0101
 514.000       0.9051
 515.000       1.0259
 516.000       1.2488
 517.000       1.1238
 518.000       1.1739
 519.000       1.3246
 520.000       1.2771
 521.000       1.1912
 522.000       1.1492
 523.000       1.0518
 524.000       1.0773
 525.000       1.1269
 526.000       1.0155
 527.000       0.8806
 528.000       0.8882
 529.000       0.8256
 530.000       0.7959
 531.000       0.8208
 532.000       0.8617
 533.000       0.7899
 534.000       0.6930
 535.000       0.7666
 536.000       0.9290
 537.000       0.8327
 538.000       0.7076
 539.000       0.8635
 540.000       0.9197
 541.000       0.7690
 542.000       0.8142
 543.000       0.9461
 544.000       0.8956
 545.000       0.8293
 546.000       0.9596
 547.000       1.0259
 548.000       0.9777
 549.000       0.9790
 550.000       1.1363
 551.000       1.2033
 552.000       1.2257
 553.000       1.2722
 554.000       1.5381
 555.000       1.5905
 556.000       1.4117
 557.000       1.4272
 558.000       1.4111
 559.000       1.3887
 560.000       1.4617
 561.000       1.6679
 562.000       2.1080
 563.000       2.7538
 564.000       3.2960
 565.000       3.3137
 566.000       3.2872
 567.000       3.3357
 568.000       2.6181
 569.000       1.8459
 570.000       1.7874
 571.000       1.6525
 572.000       1.5394
 573.000       1.6938
 574.000       1.5027
 575.000       1.6239
 576.000       1.6085
 577.000       1.4169
 578.000       1.1676
 579.000       1.2228
 580.000       1.2221
 581.000       1.1006
 582.000       0.9972
 583.000       1.0075
 584.000       1.0034
 585.000       0.9834
 586.000       0.9653
 587.000       1.0002
 588.000       1.0059
 589.000       0.8010
 590.000       0.8325
 591.000       0.8770
 592.000       0.8004
 593.000       0.7305
 594.000       0.8907
 595.000       0.9678
 596.000       0.9041
 597.000       0.9760
 598.000       1.1394
 599.000       1.1921
 600.000       1.2031
 601.000       1.3768
 602.000       1.5815
 603.000       1.6360
 604.000       1.7750
 605.000       2.0064
 607.000       0.5899
