#Res        AtomicFlx
   1.000       5.8435
   2.000       5.0322
   3.000       4.2916
   4.000       3.6507
   5.000       3.5745
   6.000       3.2675
   7.000       3.2003
   8.000       2.9740
   9.000       2.0653
  10.000       3.3561
  11.000       1.7977
  12.000       1.6257
  13.000       1.6907
  14.000       1.9498
  15.000       2.5186
  16.000       2.8723
  17.000       2.0114
  18.000       2.6772
  19.000       2.7952
  20.000       2.6398
  21.000       2.2387
  22.000       2.9137
  23.000       3.4349
  24.000       3.2626
  25.000       3.4966
  26.000       3.5014
  27.000       2.4143
  28.000       1.8775
  29.000       1.1908
  30.000       2.0546
  31.000       0.9434
  32.000       1.8333
  33.000       1.2633
  34.000       1.3573
  35.000       1.0298
  36.000       1.3106
  37.000       0.6606
  38.000       0.9855
  39.000       1.0722
  40.000       0.7336
  41.000       0.6211
  42.000       0.9660
  43.000       0.5992
  44.000       0.5157
  45.000       0.7559
  46.000       0.8067
  47.000       0.6087
  48.000       0.8321
  49.000       0.6592
  50.000       1.1588
  51.000       0.8848
  52.000       1.0225
  53.000       1.3401
  54.000       0.8086
  55.000       0.8428
  56.000       0.9418
  57.000       1.1360
  58.000       0.9605
  59.000       1.6210
  60.000       1.0534
  61.000       1.0544
  62.000       1.1548
  63.000       0.9957
  64.000       1.0692
  65.000       1.1602
  66.000       0.9596
  67.000       1.2195
  68.000       1.3401
  69.000       0.9860
  70.000       0.8687
  71.000       1.1626
  72.000       1.0584
  73.000       1.0600
  74.000       1.0373
  75.000       0.9021
  76.000       1.0960
  77.000       0.8106
  78.000       0.6470
  79.000       0.9363
  80.000       0.6663
  81.000       0.9924
  82.000       0.6663
  83.000       0.8409
  84.000       0.7684
  85.000       0.6311
  86.000       0.5121
  87.000       0.5906
  88.000       0.6641
  89.000       0.5514
  90.000       0.9952
  91.000       0.7928
  92.000       1.0272
  93.000       1.6686
  94.000       1.3332
  95.000       0.7015
  96.000       0.8520
  97.000       0.9099
  98.000       0.7230
  99.000       0.7914
 100.000       0.7287
 101.000       0.9912
 102.000       1.0052
 103.000       1.0759
 104.000       1.1226
 105.000       1.2854
 106.000       1.0408
 107.000       1.1070
 108.000       1.1841
 109.000       0.6903
 110.000       0.7158
 111.000       0.6046
 112.000       0.9383
 113.000       0.6372
 114.000       0.7236
 115.000       0.9235
 116.000       1.0129
 117.000       0.6320
 118.000       0.6160
 119.000       0.9803
 120.000       1.1281
 121.000       0.6327
 122.000       0.5077
 123.000       0.7543
 124.000       0.8658
 125.000       0.6911
 126.000       0.5994
 127.000       0.7151
 128.000       0.7450
 129.000       0.7620
 130.000       0.7704
 131.000       0.7407
 132.000       0.8371
 133.000       1.0193
 134.000       0.8200
 135.000       0.7850
 136.000       0.9561
 137.000       1.3967
 138.000       0.8875
 139.000       0.9450
 140.000       1.3561
 141.000       1.5288
 142.000       1.6627
 143.000       1.3344
 144.000       1.2342
 145.000       1.1041
 146.000       1.0161
 147.000       1.4353
 148.000       1.7154
 149.000       1.3747
 150.000       1.5502
 151.000       2.1892
 152.000       2.5682
 153.000       3.4633
 154.000       4.0749
 155.000       5.3030
 156.000       3.4003
 157.000       2.3314
 158.000       2.2004
 159.000       1.8290
 160.000       2.0859
 161.000       1.7874
 162.000       1.3475
 163.000       1.6751
 164.000       2.5853
 165.000       1.5642
 166.000       1.3275
 167.000       1.1927
 168.000       1.2910
 169.000       1.2296
 170.000       1.1442
 171.000       0.9101
 172.000       0.8495
 173.000       1.0169
 174.000       1.3915
 175.000       1.1261
 176.000       0.8513
 177.000       0.8930
 178.000       0.8958
 179.000       1.1713
 180.000       1.2008
 181.000       1.6010
 182.000       1.5343
 183.000       1.7347
 184.000       1.8600
 185.000       1.8121
 186.000       1.6733
 187.000       1.2986
 188.000       1.1045
 189.000       1.4719
 190.000       0.8751
 191.000       1.0967
 192.000       0.9044
 193.000       1.0919
 194.000       1.1048
 195.000       1.2274
 196.000       0.7217
 197.000       0.7645
 198.000       0.7582
 199.000       0.9895
 200.000       0.7135
 201.000       0.6481
 202.000       0.7360
 203.000       0.9932
 204.000       0.8293
 205.000       0.8828
 206.000       1.5253
 207.000       0.8349
 208.000       1.1280
 209.000       1.2311
 210.000       1.8685
 211.000       1.1636
 212.000       1.5799
 213.000       1.7078
 214.000       1.0451
 215.000       1.1506
 216.000       0.9925
 217.000       1.6612
 218.000       1.0573
 219.000       1.2684
 220.000       1.8342
 221.000       1.3523
 222.000       0.9308
 223.000       1.2865
 224.000       1.3782
 225.000       1.3872
 226.000       1.0529
 227.000       1.7739
 228.000       1.1652
 229.000       1.1139
 230.000       1.3180
 231.000       1.0959
 232.000       1.3930
 233.000       1.4102
 234.000       1.2836
 235.000       1.2471
 236.000       1.1177
 237.000       1.2765
 238.000       1.4609
 239.000       1.3040
 240.000       1.5919
 241.000       2.2599
 242.000       1.4095
 243.000       1.9534
 244.000       1.8182
 245.000       1.6413
 246.000       0.9889
 247.000       1.5520
 248.000       1.6771
 249.000       1.3664
 250.000       1.3361
 251.000       1.9400
 252.000       1.8795
 253.000       2.1880
 254.000       1.9859
 255.000       1.6158
 256.000       1.6475
 257.000       1.6202
 258.000       1.5199
 259.000       1.6774
 260.000       1.6291
 261.000       1.3825
 262.000       1.3873
 263.000       1.0333
 264.000       1.0119
 265.000       1.0042
 266.000       1.0830
 267.000       0.8957
 268.000       0.7541
 269.000       0.7974
 270.000       0.9488
 271.000       0.8163
 272.000       0.8105
 273.000       0.7662
 274.000       0.6493
 275.000       0.9551
 276.000       0.4757
 277.000       0.8189
 278.000       0.6120
 279.000       0.8326
 280.000       0.5422
 281.000       0.5235
 282.000       0.6352
 283.000       0.6157
 284.000       0.7929
 285.000       0.6490
 286.000       0.5744
 287.000       0.7122
 288.000       0.7503
 289.000       0.8176
 290.000       1.1169
 291.000       1.4454
 292.000       1.5610
 293.000       1.3079
 294.000       1.0812
 295.000       0.7147
 296.000       1.1934
 297.000       1.7058
 298.000       0.7061
 299.000       0.7609
 300.000       0.8899
 301.000       1.0580
 302.000       0.7361
 303.000       0.7304
 304.000       1.2210
 305.000       0.9188
 306.000       0.9211
 307.000       0.7854
 308.000       1.6531
 309.000       0.7837
 310.000       0.8107
 311.000       1.0605
 312.000       1.2005
 313.000       1.0603
 314.000       0.9152
 315.000       1.2244
 316.000       1.0062
 317.000       0.9378
 318.000       1.2702
 319.000       1.0299
 320.000       1.0881
 321.000       1.1614
 322.000       0.9765
 323.000       1.0821
 324.000       1.5711
 325.000       1.0789
 326.000       1.1998
 327.000       1.4120
 328.000       1.5727
 329.000       1.8876
 330.000       1.4503
 331.000       1.5973
 332.000       1.2847
 333.000       1.9086
 334.000       1.6263
 335.000       1.7836
 336.000       1.6405
 337.000       1.9798
 338.000       2.4449
 339.000       2.2832
 340.000       2.5220
 341.000       2.8403
 342.000       3.2791
 343.000       3.2882
 344.000       3.7000
 345.000       4.5151
 346.000       3.9114
 347.000       4.9036
 348.000       5.9494
 349.000       4.4118
 350.000       5.2025
 351.000       3.4046
 352.000       3.7028
 353.000       3.8685
 354.000       4.7074
 355.000       3.7655
 356.000       2.6083
 357.000       3.3091
 358.000       3.8663
 359.000       3.3303
 360.000       2.9655
 361.000       3.9643
 362.000       4.3211
 363.000       3.5089
 364.000       3.9739
 365.000       4.4221
 366.000       4.4078
 367.000       4.4160
 368.000       4.4247
 369.000       4.4220
 370.000       3.8835
 371.000       3.3875
 372.000       3.8280
 373.000       4.0481
 374.000       2.9823
 375.000       2.8107
 376.000       2.3691
 377.000       2.1634
 378.000       2.3246
 379.000       1.5231
 380.000       2.1810
 381.000       2.3350
 382.000       1.9711
 383.000       1.5571
 384.000       1.5381
 385.000       1.6949
 386.000       1.9776
 387.000       1.7669
 388.000       1.0547
 389.000       1.2552
 390.000       1.2418
 391.000       0.8854
 392.000       1.0768
 393.000       0.9058
 394.000       1.1287
 395.000       0.9079
 396.000       0.8656
 397.000       1.1196
 398.000       1.0583
 399.000       1.3234
 400.000       1.2201
 401.000       1.3544
 402.000       1.0681
 403.000       1.1164
 404.000       1.3044
 405.000       1.5673
 406.000       1.2781
 407.000       1.2787
 408.000       1.3074
 409.000       1.1808
 410.000       1.0697
 411.000       1.1803
 412.000       1.0948
 413.000       0.9426
 414.000       0.9425
 415.000       1.0681
 416.000       0.8415
 417.000       0.8157
 418.000       1.0641
 419.000       0.9131
 420.000       0.7864
 421.000       0.9647
 422.000       0.6517
 423.000       0.7402
 424.000       0.4993
 425.000       0.7240
 426.000       0.5647
 427.000       0.4960
 428.000       0.5628
 429.000       0.6640
 430.000       0.5012
 431.000       0.5953
 432.000       0.7490
 433.000       0.8085
 434.000       0.5387
 435.000       0.7280
 436.000       0.8660
 437.000       0.7930
 438.000       0.7371
 439.000       1.0807
 440.000       1.3153
 441.000       1.0777
 442.000       1.1751
 443.000       2.0433
 444.000       1.7701
 445.000       1.6697
 446.000       1.6445
 447.000       1.9227
 448.000       3.4647
 449.000       1.7479
 450.000       1.4899
 451.000       1.8410
 452.000       1.4115
 453.000       1.3290
 454.000       1.3729
 455.000       1.0191
 456.000       0.8990
 457.000       1.3193
 458.000       1.1135
 459.000       0.7240
 460.000       1.0560
 461.000       0.8267
 462.000       0.7414
 463.000       0.7843
 464.000       1.2280
 465.000       1.2081
 466.000       0.6812
 467.000       1.6586
 468.000       1.1571
 469.000       0.9142
 470.000       0.9191
 471.000       1.1651
 472.000       0.8823
 473.000       0.8672
 474.000       0.7133
 475.000       1.1050
 476.000       0.9050
 477.000       0.9132
 478.000       0.8763
 479.000       0.9477
 480.000       1.2171
 481.000       1.0684
 482.000       1.1540
 483.000       1.4087
 484.000       1.1181
 485.000       0.8002
 486.000       0.8152
 487.000       0.7414
 488.000       1.1108
 489.000       0.6826
 490.000       0.7559
 491.000       0.9855
 492.000       0.9021
 493.000       0.6535
 494.000       0.6366
 495.000       1.2336
 496.000       0.6562
 497.000       0.7610
 498.000       0.9804
 499.000       1.0362
 500.000       0.6906
 501.000       0.9641
 502.000       1.0031
 503.000       1.3728
 504.000       1.0138
 505.000       1.0879
 506.000       0.8221
 507.000       1.1611
 508.000       1.3152
 509.000       2.0364
 510.000       1.1080
 511.000       1.1235
 512.000       1.5874
 513.000       1.0713
 514.000       1.1539
 515.000       1.1147
 516.000       1.9245
 517.000       1.5123
 518.000       1.7119
 519.000       1.3789
 520.000       2.1877
 521.000       1.9491
 522.000       1.2973
 523.000       1.5359
 524.000       1.5675
 525.000       1.5134
 526.000       1.2217
 527.000       1.4348
 528.000       1.1274
 529.000       0.9159
 530.000       0.9063
 531.000       1.7077
 532.000       1.2251
 533.000       1.0168
 534.000       0.8257
 535.000       0.9336
 536.000       1.3177
 537.000       1.3221
 538.000       1.1053
 539.000       1.1854
 540.000       1.4334
 541.000       1.2090
 542.000       1.3398
 543.000       1.4738
 544.000       1.4343
 545.000       1.4391
 546.000       1.9044
 547.000       1.6376
 548.000       1.3749
 549.000       1.6307
 550.000       2.0937
 551.000       2.9556
 552.000       2.6954
 553.000       2.1661
 554.000       1.5629
 555.000       1.4078
 556.000       1.3127
 557.000       1.3302
 558.000       1.8205
 559.000       1.5787
 560.000       1.8495
 561.000       2.1845
 562.000       2.4178
 563.000       3.6719
 564.000       3.2676
 565.000       2.2965
 566.000       1.4086
 567.000       1.6809
 568.000       1.9160
 569.000       1.5057
 570.000       2.1480
 571.000       1.7920
 572.000       1.6323
 573.000       1.4524
 574.000       1.3304
 575.000       1.2020
 576.000       1.5932
 577.000       1.1253
 578.000       1.0421
 579.000       1.3991
 580.000       1.1641
 581.000       1.0163
 582.000       1.1363
 583.000       1.0962
 584.000       1.1414
 585.000       1.1224
 586.000       1.0057
 587.000       0.8831
 588.000       0.9715
 589.000       0.7880
 590.000       0.8583
 591.000       1.1193
 592.000       0.8368
 593.000       0.8789
 594.000       0.9252
 595.000       0.9651
 596.000       1.2727
 597.000       1.1208
 598.000       1.4437
 599.000       1.3624
 600.000       1.4804
 601.000       1.7945
 602.000       1.8430
 603.000       2.0897
 604.000       3.6146
 605.000       5.3878
 606.000       6.8370
 607.000       1.2968
 608.000       0.7729
 609.000      56.1513
 610.000       0.5523
 611.000      54.2709
 612.000      56.1696
 613.000      55.0688
 614.000      56.3311
 615.000      54.3289
 616.000      55.9419
 617.000      55.3847
 618.000      55.4681
 619.000      55.8785
 620.000      55.7651
 621.000      55.5979
 622.000      52.8693
 623.000      54.5258
 624.000      55.7583
 625.000      54.9213
 626.000      55.4264
 627.000      53.1948
 628.000      55.7994
 629.000      55.0606
 630.000      56.3091
 631.000      53.7742
 632.000      53.5183
 633.000      56.5091
 634.000      56.5201
 635.000      55.2306
 636.000      55.3746
 637.000      54.9877
 638.000      55.3357
 639.000      54.8077
 640.000      56.0724
 641.000      53.6140
 642.000      56.7936
 643.000      54.6857
 644.000      55.1144
 645.000      56.7694
 646.000      54.0100
 647.000      56.1959
 648.000      56.4313
 649.000      55.1026
 650.000      54.4565
 651.000      53.6079
 652.000      55.3856
 653.000      56.0343
 654.000      54.1789
 655.000      55.9485
 656.000      56.2883
 657.000      55.8640
 658.000      56.5094
 659.000      55.8031
 660.000      54.4989
 661.000      56.4738
 662.000      54.2766
 663.000      53.6436
 664.000      56.0320
 665.000      52.5523
 666.000      56.6982
 667.000      54.7453
 668.000      55.7402
 669.000      54.3045
 670.000      52.0818
 671.000      55.4386
 672.000      53.4406
 673.000      54.6060
 674.000      56.2227
 675.000      54.8133
 676.000      53.5203
 677.000      51.7126
 678.000      54.4094
 679.000      55.7458
 680.000      55.7705
 681.000      56.8113
 682.000      56.5314
 683.000      53.4112
 684.000      54.8951
 685.000      53.5602
 686.000      56.1187
 687.000      54.8994
 688.000      54.3624
 689.000      55.7129
 690.000      56.6847
 691.000      52.8879
 692.000      55.3190
 693.000      54.3248
 694.000      55.5380
 695.000      56.5664
 696.000      55.9608
 697.000      49.8983
 698.000      57.7314
 699.000      54.4813
 700.000      53.3317
 701.000      51.4592
 702.000      55.9696
 703.000      55.5883
 704.000      55.0499
 705.000      54.2278
 706.000      56.4706
 707.000      54.3168
 708.000      57.4271
 709.000      53.7757
 710.000      54.3089
 711.000      55.9118
 712.000      57.7516
 713.000      55.5229
 714.000      55.0603
 715.000      55.8267
 716.000      56.0167
 717.000      55.5023
 718.000      53.2238
 719.000      56.3474
 720.000      60.8881
 721.000      61.0011
 722.000      61.1943
 723.000      60.3492
 724.000      60.4885
 725.000      60.1930
 726.000      61.5111
 727.000      59.9926
 728.000      60.7376
 729.000      61.8832
 730.000      61.0535
 731.000      60.3873
 732.000      61.1723
 733.000      60.9977
 734.000      60.7526
 735.000      62.2779
 736.000      59.9553
 737.000      60.6716
 738.000      60.4548
 739.000      61.0755
 740.000      61.1461
 741.000      60.8663
 742.000      60.6908
 743.000      60.3540
 744.000      60.5682
 745.000      60.4800
 746.000      60.3039
 747.000      60.9096
 748.000      61.7854
 749.000      61.5714
 750.000      60.5320
 751.000      60.8274
 752.000      61.5368
 753.000      60.3289
 754.000      61.4235
 755.000      60.6337
 756.000      60.8762
 757.000      60.9898
 758.000      60.1048
 759.000      61.3727
 760.000      61.7573
 761.000      60.6635
 762.000      59.7660
 763.000      60.6575
 764.000      60.8283
 765.000      61.0923
 766.000      61.7296
 767.000      60.7510
 768.000      61.1926
 769.000      60.9988
 770.000      59.9098
 771.000      60.6232
 772.000      61.1269
 773.000      61.7414
 774.000      60.5733
 775.000      60.4506
 776.000      61.3037
 777.000      60.9862
 778.000      61.3925
 779.000      60.2673
 780.000      61.4703
 781.000      60.6976
 782.000      60.4018
 783.000      61.0702
