#Res        AtomicFlx
   1.000       6.6182
   2.000       6.1509
   3.000       5.3324
   4.000       5.3260
   5.000       4.5237
   6.000       4.3745
   7.000       4.8708
   8.000       3.9286
   9.000       2.7946
  10.000       3.6070
  11.000       1.8636
  12.000       1.8897
  13.000       2.3474
  14.000       2.7441
  15.000       3.2929
  16.000       2.9605
  17.000       2.2766
  18.000       3.2257
  19.000       3.7274
  20.000       3.3194
  21.000       2.8070
  22.000       4.0825
  23.000       4.9203
  24.000       3.7885
  25.000       4.3060
  26.000       3.6500
  27.000       2.4531
  28.000       2.1317
  29.000       1.1442
  30.000       1.8425
  31.000       0.9096
  32.000       1.3156
  33.000       0.9327
  34.000       1.0036
  35.000       0.9136
  36.000       0.9491
  37.000       0.7303
  38.000       0.9478
  39.000       0.8833
  40.000       0.7663
  41.000       0.8607
  42.000       1.2025
  43.000       0.5975
  44.000       0.6036
  45.000       0.6635
  46.000       0.8413
  47.000       0.7901
  48.000       0.9025
  49.000       0.9644
  50.000       1.4121
  51.000       1.0836
  52.000       1.7589
  53.000       1.8695
  54.000       1.2371
  55.000       0.9560
  56.000       1.6114
  57.000       1.2667
  58.000       1.2236
  59.000       1.4337
  60.000       1.3120
  61.000       1.6064
  62.000       1.3373
  63.000       1.2387
  64.000       1.3215
  65.000       1.4228
  66.000       1.3324
  67.000       1.6379
  68.000       1.6162
  69.000       1.2209
  70.000       1.3566
  71.000       1.3876
  72.000       1.2445
  73.000       1.2613
  74.000       1.4000
  75.000       1.2814
  76.000       1.1047
  77.000       1.0840
  78.000       0.6965
  79.000       0.9442
  80.000       0.7210
  81.000       0.7957
  82.000       0.6896
  83.000       0.9942
  84.000       0.8012
  85.000       0.6207
  86.000       0.6593
  87.000       0.6441
  88.000       0.7239
  89.000       0.5736
  90.000       0.7405
  91.000       0.9023
  92.000       0.8664
  93.000       1.1142
  94.000       1.3345
  95.000       0.6337
  96.000       0.7606
  97.000       0.9110
  98.000       0.6563
  99.000       0.7186
 100.000       0.7060
 101.000       0.9839
 102.000       0.9217
 103.000       0.9984
 104.000       1.1576
 105.000       1.0595
 106.000       0.9637
 107.000       1.0128
 108.000       1.1709
 109.000       0.6702
 110.000       0.7017
 111.000       0.6195
 112.000       1.0119
 113.000       0.6945
 114.000       0.7902
 115.000       0.9483
 116.000       1.0836
 117.000       0.7921
 118.000       0.6946
 119.000       1.0229
 120.000       1.0821
 121.000       0.8210
 122.000       0.6388
 123.000       0.8166
 124.000       1.0954
 125.000       1.2060
 126.000       0.9000
 127.000       0.7738
 128.000       0.8621
 129.000       0.8293
 130.000       0.7137
 131.000       0.7620
 132.000       0.7826
 133.000       1.0358
 134.000       0.8544
 135.000       1.0166
 136.000       0.9245
 137.000       1.4437
 138.000       0.8893
 139.000       0.9964
 140.000       1.1536
 141.000       1.4956
 142.000       1.6198
 143.000       1.2694
 144.000       1.0812
 145.000       1.0223
 146.000       0.9105
 147.000       1.4090
 148.000       1.7366
 149.000       1.3052
 150.000       1.4084
 151.000       1.9163
 152.000       2.3548
 153.000       3.2692
 154.000       3.6395
 155.000       3.2056
 156.000       3.1206
 157.000       2.1153
 158.000       1.9452
 159.000       1.5301
 160.000       1.8682
 161.000       1.6095
 162.000       1.1876
 163.000       1.5174
 164.000       1.9530
 165.000       1.3239
 166.000       1.2281
 167.000       1.0389
 168.000       1.0801
 169.000       1.0487
 170.000       1.0072
 171.000       0.8392
 172.000       0.8252
 173.000       0.9581
 174.000       1.3098
 175.000       1.1775
 176.000       0.8359
 177.000       0.8905
 178.000       0.8826
 179.000       1.0180
 180.000       1.0495
 181.000       1.3646
 182.000       1.2038
 183.000       1.1534
 184.000       1.3705
 185.000       1.5842
 186.000       2.1850
 187.000       1.5013
 188.000       1.4304
 189.000       1.5013
 190.000       1.1950
 191.000       1.2129
 192.000       1.0125
 193.000       0.9091
 194.000       1.1182
 195.000       1.1027
 196.000       0.8035
 197.000       1.0477
 198.000       0.8936
 199.000       1.0534
 200.000       0.8369
 201.000       0.7734
 202.000       0.9380
 203.000       1.0175
 204.000       0.9494
 205.000       1.0331
 206.000       1.5521
 207.000       0.9608
 208.000       1.1873
 209.000       1.3422
 210.000       1.7558
 211.000       1.0340
 212.000       1.4007
 213.000       1.4000
 214.000       1.0068
 215.000       0.9827
 216.000       0.8236
 217.000       1.2730
 218.000       0.7332
 219.000       0.7516
 220.000       1.1031
 221.000       1.2143
 222.000       0.7486
 223.000       1.0942
 224.000       1.0911
 225.000       1.1256
 226.000       0.8507
 227.000       1.2300
 228.000       1.0267
 229.000       0.8976
 230.000       0.9995
 231.000       0.9505
 232.000       1.2104
 233.000       1.1409
 234.000       1.0562
 235.000       1.2016
 236.000       0.9393
 237.000       0.9419
 238.000       1.2739
 239.000       1.0884
 240.000       1.1233
 241.000       2.1036
 242.000       1.2009
 243.000       1.5360
 244.000       1.4575
 245.000       1.5157
 246.000       1.0284
 247.000       1.3373
 248.000       1.4123
 249.000       1.4824
 250.000       1.1431
 251.000       2.2053
 252.000       1.5203
 253.000       1.6053
 254.000       1.9400
 255.000       2.0356
 256.000       2.1488
 257.000       2.1939
 258.000       1.7954
 259.000       1.9881
 260.000       2.0763
 261.000       1.9367
 262.000       1.9802
 263.000       1.3637
 264.000       1.4979
 265.000       2.0779
 266.000       1.5567
 267.000       1.1146
 268.000       1.1832
 269.000       1.3480
 270.000       1.6268
 271.000       1.3023
 272.000       1.1377
 273.000       1.6522
 274.000       1.1430
 275.000       1.1670
 276.000       0.6320
 277.000       0.8209
 278.000       0.8726
 279.000       1.3071
 280.000       0.8733
 281.000       0.9635
 282.000       0.8741
 283.000       0.6567
 284.000       0.8293
 285.000       0.8175
 286.000       0.7639
 287.000       0.7492
 288.000       0.7598
 289.000       0.9763
 290.000       1.1912
 291.000       1.3010
 292.000       1.3681
 293.000       0.9037
 294.000       1.1511
 295.000       0.8935
 296.000       1.2537
 297.000       1.4894
 298.000       0.6894
 299.000       0.8178
 300.000       0.9027
 301.000       1.0361
 302.000       0.7665
 303.000       0.7406
 304.000       1.2594
 305.000       1.1057
 306.000       1.0311
 307.000       0.8981
 308.000       1.8320
 309.000       0.8672
 310.000       0.9988
 311.000       1.1768
 312.000       1.2127
 313.000       0.9698
 314.000       0.8899
 315.000       1.1868
 316.000       0.8957
 317.000       0.8680
 318.000       1.2074
 319.000       0.9335
 320.000       0.9963
 321.000       1.2317
 322.000       0.9736
 323.000       0.9472
 324.000       1.0980
 325.000       1.0570
 326.000       1.1606
 327.000       1.2142
 328.000       1.5927
 329.000       1.8732
 330.000       1.3057
 331.000       1.3404
 332.000       1.0973
 333.000       1.7912
 334.000       1.3144
 335.000       1.5057
 336.000       1.4077
 337.000       1.7025
 338.000       2.1607
 339.000       2.0053
 340.000       2.2602
 341.000       2.5006
 342.000       2.9050
 343.000       2.8735
 344.000       3.4953
 345.000       4.0079
 346.000       3.4262
 347.000       4.0781
 348.000       4.5664
 349.000       3.9113
 350.000       5.2895
 351.000       3.3574
 352.000       3.6830
 353.000       3.9085
 354.000       4.5921
 355.000       3.6900
 356.000       2.4981
 357.000       3.2075
 358.000       3.7901
 359.000       3.2021
 360.000       2.8059
 361.000       3.8319
 362.000       4.2420
 363.000       3.3428
 364.000       3.7450
 365.000       4.1826
 366.000       4.1118
 367.000       4.0999
 368.000       4.1485
 369.000       4.1175
 370.000       3.5506
 371.000       3.1803
 372.000       3.5819
 373.000       3.8522
 374.000       2.7240
 375.000       2.6592
 376.000       2.1915
 377.000       2.1051
 378.000       2.5307
 379.000       1.4857
 380.000       2.1813
 381.000       2.2498
 382.000       1.7746
 383.000       1.6088
 384.000       1.6005
 385.000       1.5292
 386.000       1.6882
 387.000       2.3028
 388.000       2.2292
 389.000       1.8139
 390.000       2.3750
 391.000       1.5232
 392.000       1.2808
 393.000       0.9193
 394.000       1.2571
 395.000       0.8735
 396.000       0.8250
 397.000       0.9114
 398.000       0.9580
 399.000       1.5217
 400.000       0.8081
 401.000       1.0619
 402.000       0.8966
 403.000       1.2495
 404.000       0.9866
 405.000       1.2889
 406.000       1.0087
 407.000       1.1054
 408.000       1.1925
 409.000       0.9164
 410.000       0.9475
 411.000       1.0862
 412.000       0.9242
 413.000       0.9020
 414.000       0.8714
 415.000       1.0578
 416.000       0.9397
 417.000       0.7907
 418.000       0.9268
 419.000       0.9421
 420.000       0.7672
 421.000       1.0457
 422.000       0.6476
 423.000       0.9912
 424.000       0.5829
 425.000       0.7449
 426.000       0.5949
 427.000       0.5990
 428.000       0.7049
 429.000       0.8160
 430.000       0.5611
 431.000       0.9238
 432.000       0.9873
 433.000       0.8937
 434.000       0.5707
 435.000       0.7003
 436.000       0.8689
 437.000       0.7681
 438.000       0.7479
 439.000       1.0299
 440.000       1.3651
 441.000       1.0468
 442.000       1.1868
 443.000       1.9315
 444.000       1.7013
 445.000       1.7248
 446.000       1.5989
 447.000       1.7422
 448.000       2.7777
 449.000       1.7692
 450.000       1.2996
 451.000       1.6376
 452.000       1.4671
 453.000       1.1679
 454.000       1.2708
 455.000       0.9206
 456.000       0.8158
 457.000       1.3434
 458.000       1.0019
 459.000       0.7470
 460.000       1.1709
 461.000       0.8462
 462.000       0.8279
 463.000       1.0604
 464.000       1.3522
 465.000       1.2596
 466.000       0.7689
 467.000       1.7979
 468.000       1.3059
 469.000       1.0807
 470.000       0.9068
 471.000       0.9937
 472.000       0.9524
 473.000       0.8464
 474.000       0.7629
 475.000       0.9982
 476.000       0.8650
 477.000       0.9024
 478.000       0.9512
 479.000       0.9629
 480.000       1.0844
 481.000       1.1102
 482.000       1.0551
 483.000       1.1060
 484.000       1.3315
 485.000       1.2614
 486.000       1.1871
 487.000       1.4642
 488.000       1.5681
 489.000       0.9281
 490.000       1.1389
 491.000       1.0577
 492.000       1.1000
 493.000       0.7286
 494.000       0.7140
 495.000       1.0934
 496.000       0.7170
 497.000       0.6671
 498.000       0.7836
 499.000       1.1934
 500.000       0.7080
 501.000       0.9757
 502.000       1.2222
 503.000       1.5741
 504.000       1.0709
 505.000       1.2722
 506.000       0.8811
 507.000       1.2157
 508.000       1.5063
 509.000       2.1793
 510.000       1.1166
 511.000       1.1988
 512.000       1.6678
 513.000       1.1276
 514.000       1.1470
 515.000       1.2773
 516.000       2.1244
 517.000       1.2401
 518.000       1.6356
 519.000       1.3142
 520.000       1.9770
 521.000       1.9538
 522.000       1.1385
 523.000       1.4221
 524.000       1.5418
 525.000       1.5187
 526.000       1.1498
 527.000       1.2868
 528.000       1.2726
 529.000       1.0823
 530.000       0.7809
 531.000       1.7327
 532.000       1.1905
 533.000       1.0855
 534.000       0.9453
 535.000       0.9334
 536.000       1.3968
 537.000       1.2497
 538.000       0.8917
 539.000       1.2652
 540.000       1.3668
 541.000       1.0918
 542.000       1.3780
 543.000       1.6749
 544.000       2.1649
 545.000       2.0278
 546.000       1.8715
 547.000       1.7924
 548.000       1.4229
 549.000       1.6157
 550.000       1.9316
 551.000       1.8818
 552.000       2.0473
 553.000       2.1343
 554.000       1.7001
 555.000       1.5880
 556.000       1.1747
 557.000       1.3133
 558.000       1.5077
 559.000       1.2045
 560.000       1.7480
 561.000       1.7235
 562.000       2.2405
 563.000       2.5081
 564.000       2.3456
 565.000       2.0598
 566.000       1.5641
 567.000       1.6850
 568.000       2.2210
 569.000       1.5470
 570.000       2.3583
 571.000       1.9342
 572.000       1.7184
 573.000       1.5610
 574.000       1.2126
 575.000       1.2927
 576.000       1.5798
 577.000       1.3639
 578.000       1.2025
 579.000       1.8965
 580.000       1.4908
 581.000       1.1961
 582.000       1.1990
 583.000       1.3898
 584.000       1.3428
 585.000       1.1757
 586.000       1.1369
 587.000       0.9814
 588.000       1.0985
 589.000       0.8884
 590.000       1.0066
 591.000       1.0597
 592.000       0.8347
 593.000       0.8842
 594.000       0.9007
 595.000       0.9581
 596.000       1.2357
 597.000       1.1145
 598.000       1.4415
 599.000       1.5620
 600.000       1.5681
 601.000       1.8005
 602.000       1.9280
 603.000       2.1783
 604.000       2.2237
 605.000       2.9255
 606.000       6.0374
 607.000       1.4932
 608.000       1.6298
 609.000      51.1466
 610.000       0.5855
 611.000      55.8120
 612.000      55.9410
 613.000      56.7299
 614.000      53.4720
 615.000      56.1442
 616.000      56.7810
 617.000      56.4001
 618.000      52.1691
 619.000      54.7312
 620.000      55.3158
 621.000      56.2332
 622.000      56.3347
 623.000      54.9664
 624.000      54.1718
 625.000      56.5507
 626.000      53.9558
 627.000      53.3462
 628.000      54.1656
 629.000      54.6570
 630.000      55.7829
 631.000      56.7401
 632.000      54.6332
 633.000      52.2143
 634.000      54.9983
 635.000      53.7769
 636.000      55.0196
 637.000      52.1127
 638.000      52.3622
 639.000      55.0705
 640.000      56.2460
 641.000      55.1996
 642.000      53.7843
 643.000      54.7918
 644.000      56.5815
 645.000      56.5064
 646.000      53.9648
 647.000      53.3441
 648.000      51.9075
 649.000      53.7303
 650.000      54.7309
 651.000      54.8420
 652.000      56.6871
 653.000      54.3330
 654.000      53.0366
 655.000      54.6268
 656.000      56.8764
 657.000      54.0496
 658.000      57.0034
 659.000      53.6085
 660.000      55.7726
 661.000      55.7357
 662.000      53.7830
 663.000      53.9150
 664.000      54.5593
 665.000      55.6049
 666.000      52.8272
 667.000      56.8513
 668.000      56.6950
 669.000      56.2168
 670.000      54.4635
 671.000      47.5330
 672.000      52.2859
 673.000      56.0212
 674.000      54.8194
 675.000      56.3298
 676.000      53.7490
 677.000      55.4039
 678.000      54.9691
 679.000      54.6761
 680.000      55.7660
 681.000      53.7398
 682.000      55.6060
 683.000      54.2846
 684.000      54.6747
 685.000      55.6790
 686.000      56.4689
 687.000      54.7194
 688.000      56.0996
 689.000      55.8081
 690.000      55.2511
 691.000      53.1258
 692.000      53.0932
 693.000      53.7504
 694.000      52.9317
 695.000      54.6106
 696.000      55.1594
 697.000      55.1213
 698.000      56.9288
 699.000      56.7760
 700.000      55.0320
 701.000      55.8944
 702.000      53.7112
 703.000      54.6508
 704.000      54.5702
 705.000      54.4885
 706.000      53.5557
 707.000      53.3251
 708.000      54.4932
 709.000      56.6949
 710.000      56.6620
 711.000      54.8606
 712.000      56.1092
 713.000      54.2934
 714.000      55.9855
 715.000      56.3277
 716.000      55.9220
 717.000      57.2208
 718.000      54.0657
 719.000      56.2706
 720.000      60.6361
 721.000      60.2063
 722.000      61.1322
 723.000      60.5266
 724.000      61.0748
 725.000      61.1839
 726.000      60.6424
 727.000      61.2931
 728.000      61.8618
 729.000      60.0254
 730.000      61.2555
 731.000      61.6909
 732.000      60.9058
 733.000      60.2317
 734.000      60.0397
 735.000      61.1644
 736.000      60.4976
 737.000      60.8590
 738.000      60.2471
 739.000      60.8695
 740.000      60.6477
 741.000      60.3418
 742.000      60.6123
 743.000      60.9763
 744.000      60.5129
 745.000      61.4012
 746.000      60.7139
 747.000      60.4072
 748.000      60.7708
 749.000      59.9677
 750.000      60.4345
 751.000      60.8052
 752.000      60.9031
 753.000      60.9910
 754.000      60.6758
 755.000      61.0961
 756.000      60.2602
 757.000      61.2798
 758.000      61.2116
 759.000      61.1283
 760.000      61.0134
 761.000      60.2610
 762.000      61.4816
 763.000      61.0561
 764.000      60.2774
 765.000      60.7777
 766.000      61.5416
 767.000      60.9740
 768.000      60.2940
 769.000      60.9055
 770.000      60.5807
 771.000      60.6632
 772.000      61.1868
 773.000      61.5499
 774.000      60.8353
 775.000      60.5044
 776.000      60.4951
 777.000      61.2311
 778.000      61.8965
 779.000      60.4966
 780.000      60.4339
 781.000      60.7477
 782.000      60.7467
 783.000      60.6061
