#Res        AtomicFlx
   1.000       2.5126
   2.000       2.4268
   3.000       2.9245
   4.000       3.8826
   5.000       3.3780
   6.000       3.4115
   7.000       4.4553
   8.000       4.5020
   9.000       3.1756
  10.000       3.5624
  11.000       1.7694
  12.000       1.6106
  13.000       1.8247
  14.000       2.2140
  15.000       2.7667
  16.000       2.8322
  17.000       2.0770
  18.000       2.6788
  19.000       2.9572
  20.000       2.7003
  21.000       2.3045
  22.000       3.0378
  23.000       3.5586
  24.000       3.0141
  25.000       3.3469
  26.000       3.1116
  27.000       2.3242
  28.000       1.6764
  29.000       1.1192
  30.000       1.9847
  31.000       0.9466
  32.000       1.6462
  33.000       1.1743
  34.000       1.2987
  35.000       1.0352
  36.000       1.3130
  37.000       0.7563
  38.000       1.3462
  39.000       0.9601
  40.000       0.7079
  41.000       0.6007
  42.000       1.0052
  43.000       0.5780
  44.000       0.5255
  45.000       0.8194
  46.000       0.9727
  47.000       0.7939
  48.000       0.9626
  49.000       1.2343
  50.000       1.9974
  51.000       1.7229
  52.000       2.3977
  53.000       1.7597
  54.000       1.2710
  55.000       1.4455
  56.000       1.9780
  57.000       1.4156
  58.000       1.5731
  59.000       2.1862
  60.000       1.6676
  61.000       1.4017
  62.000       1.4378
  63.000       1.3365
  64.000       1.4274
  65.000       1.6269
  66.000       1.4699
  67.000       1.4975
  68.000       1.6264
  69.000       1.3737
  70.000       1.1561
  71.000       1.2087
  72.000       1.2598
  73.000       1.1750
  74.000       1.1291
  75.000       0.9330
  76.000       0.9617
  77.000       0.9316
  78.000       0.6662
  79.000       0.8205
  80.000       0.6617
  81.000       0.6635
  82.000       0.7145
  83.000       0.9364
  84.000       0.8102
  85.000       0.6573
  86.000       0.8296
  87.000       0.6792
  88.000       0.7540
  89.000       0.6115
  90.000       0.8277
  91.000       0.9956
  92.000       0.9064
  93.000       1.0863
  94.000       1.2388
  95.000       0.6532
  96.000       0.7990
  97.000       0.9502
  98.000       0.7181
  99.000       0.7704
 100.000       0.6796
 101.000       1.0439
 102.000       1.0917
 103.000       1.7248
 104.000       2.5281
 105.000       2.9034
 106.000       2.6892
 107.000       2.5828
 108.000       1.8732
 109.000       0.8055
 110.000       0.7276
 111.000       0.6213
 112.000       1.1879
 113.000       0.6359
 114.000       0.6579
 115.000       0.9570
 116.000       1.0453
 117.000       0.8198
 118.000       0.6023
 119.000       1.0436
 120.000       1.2761
 121.000       0.9129
 122.000       0.7358
 123.000       1.1516
 124.000       1.3790
 125.000       1.1456
 126.000       0.8439
 127.000       0.7944
 128.000       0.7859
 129.000       0.8050
 130.000       0.8020
 131.000       0.7471
 132.000       0.7755
 133.000       0.9836
 134.000       0.7892
 135.000       1.0148
 136.000       1.1637
 137.000       1.5256
 138.000       0.8751
 139.000       1.0283
 140.000       2.3197
 141.000       1.7057
 142.000       2.4162
 143.000       1.8258
 144.000       1.5527
 145.000       1.2254
 146.000       1.1516
 147.000       1.4465
 148.000       1.6572
 149.000       1.3989
 150.000       1.4828
 151.000       2.0738
 152.000       2.1580
 153.000       2.9805
 154.000       2.9092
 155.000       2.9653
 156.000       2.8841
 157.000       2.1454
 158.000       1.9811
 159.000       1.6601
 160.000       1.9118
 161.000       1.4887
 162.000       1.2766
 163.000       1.5965
 164.000       2.5145
 165.000       1.3861
 166.000       1.3675
 167.000       1.2305
 168.000       1.2224
 169.000       1.2220
 170.000       1.0886
 171.000       0.9027
 172.000       0.8367
 173.000       1.1049
 174.000       1.0403
 175.000       1.1454
 176.000       0.8829
 177.000       0.9325
 178.000       0.9620
 179.000       1.2080
 180.000       1.4935
 181.000       2.7775
 182.000       1.6063
 183.000       1.7689
 184.000       1.8774
 185.000       1.9864
 186.000       1.8719
 187.000       1.5298
 188.000       1.4181
 189.000       1.4718
 190.000       1.3459
 191.000       1.3300
 192.000       1.1735
 193.000       1.0259
 194.000       1.2178
 195.000       1.1235
 196.000       0.7445
 197.000       0.7902
 198.000       0.8098
 199.000       1.0375
 200.000       0.7477
 201.000       0.7398
 202.000       0.7975
 203.000       0.9836
 204.000       0.9994
 205.000       1.0482
 206.000       1.5930
 207.000       0.9058
 208.000       1.2488
 209.000       1.4581
 210.000       2.3071
 211.000       1.2275
 212.000       1.4247
 213.000       1.9539
 214.000       1.2372
 215.000       1.1287
 216.000       1.2048
 217.000       1.7548
 218.000       0.9578
 219.000       1.1419
 220.000       1.2553
 221.000       1.3168
 222.000       0.8793
 223.000       1.0157
 224.000       1.2368
 225.000       1.3257
 226.000       0.9045
 227.000       1.3958
 228.000       1.1119
 229.000       1.0086
 230.000       0.9968
 231.000       1.0565
 232.000       1.2024
 233.000       1.2262
 234.000       1.1893
 235.000       1.3805
 236.000       1.1519
 237.000       1.1124
 238.000       1.3439
 239.000       1.2652
 240.000       1.2890
 241.000       2.1361
 242.000       1.3029
 243.000       1.3751
 244.000       1.5180
 245.000       1.7828
 246.000       1.3213
 247.000       1.4880
 248.000       1.5661
 249.000       1.7090
 250.000       1.4772
 251.000       1.7278
 252.000       1.5469
 253.000       1.5469
 254.000       1.8316
 255.000       1.7273
 256.000       2.0081
 257.000       2.1230
 258.000       1.7915
 259.000       1.8129
 260.000       1.9088
 261.000       1.5984
 262.000       1.8219
 263.000       1.5606
 264.000       1.2881
 265.000       1.6681
 266.000       1.5800
 267.000       1.2425
 268.000       1.0074
 269.000       1.0602
 270.000       1.3181
 271.000       0.8960
 272.000       0.7677
 273.000       0.9333
 274.000       0.9010
 275.000       1.1540
 276.000       0.5397
 277.000       0.7081
 278.000       0.6096
 279.000       0.7837
 280.000       0.5411
 281.000       0.5270
 282.000       0.6404
 283.000       0.6389
 284.000       0.6847
 285.000       0.6340
 286.000       0.6019
 287.000       0.6891
 288.000       0.7634
 289.000       1.0773
 290.000       1.1171
 291.000       1.2684
 292.000       1.7815
 293.000       1.4917
 294.000       1.0036
 295.000       1.0875
 296.000       1.0648
 297.000       1.8022
 298.000       1.0287
 299.000       0.9013
 300.000       1.0239
 301.000       1.3363
 302.000       0.8806
 303.000       0.8290
 304.000       1.2555
 305.000       1.1987
 306.000       1.0398
 307.000       1.0367
 308.000       2.0090
 309.000       1.0692
 310.000       1.1288
 311.000       1.2427
 312.000       1.3058
 313.000       1.1471
 314.000       1.1109
 315.000       1.2048
 316.000       1.1405
 317.000       1.1561
 318.000       1.5436
 319.000       1.0885
 320.000       1.2106
 321.000       1.3724
 322.000       1.1735
 323.000       1.2499
 324.000       1.4752
 325.000       1.2554
 326.000       1.3189
 327.000       1.8216
 328.000       1.5360
 329.000       1.5838
 330.000       1.6254
 331.000       1.8150
 332.000       1.5065
 333.000       1.8661
 334.000       1.7652
 335.000       1.9922
 336.000       1.9625
 337.000       2.4122
 338.000       2.5819
 339.000       3.1091
 340.000       2.6748
 341.000       2.7554
 342.000       3.1458
 343.000       3.9834
 344.000       4.1479
 345.000       4.9624
 346.000       4.1701
 347.000       4.9201
 348.000       4.9407
 349.000       5.0946
 350.000       6.6610
 351.000       3.6334
 352.000       4.0053
 353.000       3.9615
 354.000       5.4908
 355.000       4.8216
 356.000       3.5667
 357.000       5.7258
 358.000       6.0326
 359.000       3.7538
 360.000       5.1663
 361.000       6.9793
 362.000       5.8713
 363.000       4.7774
 364.000       7.0838
 365.000       6.7821
 366.000       5.5002
 367.000       6.0669
 368.000       6.0804
 369.000       5.8237
 370.000       5.5011
 371.000       5.6558
 372.000       5.5230
 373.000       5.5741
 374.000       5.4483
 375.000       6.4493
 376.000       5.0781
 377.000       4.1125
 378.000       3.6249
 379.000       1.7532
 380.000       2.0265
 381.000       2.1239
 382.000       1.6992
 383.000       1.5615
 384.000       1.6414
 385.000       1.7478
 386.000       1.7082
 387.000       2.5817
 388.000       1.8530
 389.000       1.6371
 390.000       1.7652
 391.000       1.1669
 392.000       1.1340
 393.000       0.8990
 394.000       1.0511
 395.000       0.9454
 396.000       0.8561
 397.000       1.0243
 398.000       1.0688
 399.000       1.0988
 400.000       0.9735
 401.000       1.3803
 402.000       1.1876
 403.000       1.3398
 404.000       1.3510
 405.000       1.4985
 406.000       1.3384
 407.000       1.3074
 408.000       1.4667
 409.000       1.2407
 410.000       1.1953
 411.000       1.3764
 412.000       1.1419
 413.000       1.1787
 414.000       1.3249
 415.000       1.1869
 416.000       0.9808
 417.000       0.8595
 418.000       1.0689
 419.000       1.0320
 420.000       0.8462
 421.000       1.0402
 422.000       0.7199
 423.000       0.8001
 424.000       0.5477
 425.000       0.7402
 426.000       0.5619
 427.000       0.5509
 428.000       0.8419
 429.000       0.6383
 430.000       0.5397
 431.000       0.6445
 432.000       0.9583
 433.000       0.9024
 434.000       0.5519
 435.000       0.7648
 436.000       0.9549
 437.000       0.8346
 438.000       0.7455
 439.000       1.1740
 440.000       1.5198
 441.000       1.2170
 442.000       1.2882
 443.000       2.3284
 444.000       1.9232
 445.000       2.1012
 446.000       2.3570
 447.000       2.7512
 448.000       4.4799
 449.000       2.2487
 450.000       1.6093
 451.000       2.0764
 452.000       1.6018
 453.000       1.2861
 454.000       1.5099
 455.000       1.1027
 456.000       0.8814
 457.000       1.3176
 458.000       1.2156
 459.000       0.7875
 460.000       1.1540
 461.000       0.8833
 462.000       0.8501
 463.000       1.0365
 464.000       1.2849
 465.000       1.1725
 466.000       0.7966
 467.000       1.3114
 468.000       1.2617
 469.000       1.1445
 470.000       1.0547
 471.000       1.0750
 472.000       1.2141
 473.000       1.0573
 474.000       0.7920
 475.000       1.0021
 476.000       1.0902
 477.000       1.0980
 478.000       1.1273
 479.000       0.9289
 480.000       1.2964
 481.000       1.3042
 482.000       1.0923
 483.000       1.0762
 484.000       1.3782
 485.000       1.5341
 486.000       1.3093
 487.000       1.0609
 488.000       1.2447
 489.000       0.9073
 490.000       1.0529
 491.000       1.0566
 492.000       0.9213
 493.000       0.7125
 494.000       0.6472
 495.000       1.0212
 496.000       0.7289
 497.000       0.6637
 498.000       0.8160
 499.000       1.1988
 500.000       0.6950
 501.000       0.8357
 502.000       0.8843
 503.000       1.1825
 504.000       1.0007
 505.000       1.2595
 506.000       0.8524
 507.000       1.1958
 508.000       1.4871
 509.000       1.8299
 510.000       0.9038
 511.000       1.1674
 512.000       1.5064
 513.000       0.9885
 514.000       1.1279
 515.000       1.2334
 516.000       2.0356
 517.000       1.2747
 518.000       1.7166
 519.000       1.4657
 520.000       2.1299
 521.000       2.1155
 522.000       1.3665
 523.000       1.5121
 524.000       1.6387
 525.000       1.0687
 526.000       0.8819
 527.000       1.3330
 528.000       1.2720
 529.000       0.9913
 530.000       0.7442
 531.000       1.4980
 532.000       1.3012
 533.000       1.0259
 534.000       0.8483
 535.000       0.9237
 536.000       1.2713
 537.000       1.2246
 538.000       0.9571
 539.000       1.3208
 540.000       1.3440
 541.000       1.2076
 542.000       1.5891
 543.000       1.7861
 544.000       2.0968
 545.000       1.4622
 546.000       1.8469
 547.000       1.8703
 548.000       1.5740
 549.000       1.6273
 550.000       2.1840
 551.000       2.1475
 552.000       2.3140
 553.000       2.1453
 554.000       2.0976
 555.000       1.7224
 556.000       1.6520
 557.000       1.6214
 558.000       1.7912
 559.000       1.2686
 560.000       2.0356
 561.000       2.5018
 562.000       3.3413
 563.000       5.3100
 564.000       5.0051
 565.000       7.1755
 566.000       8.7729
 567.000       8.2019
 568.000       6.3113
 569.000       3.8584
 570.000       2.7409
 571.000       2.1885
 572.000       1.7944
 573.000       1.6019
 574.000       1.5373
 575.000       1.4309
 576.000       1.8093
 577.000       1.3328
 578.000       1.3000
 579.000       1.9919
 580.000       1.4256
 581.000       1.1537
 582.000       1.4292
 583.000       1.3988
 584.000       1.2616
 585.000       1.0730
 586.000       1.0554
 587.000       0.9870
 588.000       1.0391
 589.000       0.8270
 590.000       0.9724
 591.000       1.3545
 592.000       1.0224
 593.000       1.1344
 594.000       1.4806
 595.000       1.6584
 596.000       1.8292
 597.000       2.0249
 598.000       2.5638
 599.000       2.5286
 600.000       2.5467
 601.000       3.2093
 602.000       3.3930
 603.000       3.3419
 604.000       3.7085
 605.000       4.7562
 606.000       3.2559
 607.000       1.6376
 608.000       1.3190
 609.000      55.1075
 610.000       0.5883
 611.000      55.1941
 612.000      53.9409
 613.000      55.7808
 614.000      55.6838
 615.000      57.8748
 616.000      56.6136
 617.000      49.7194
 618.000      56.1548
 619.000      55.0447
 620.000      54.9870
 621.000      55.8631
 622.000      56.9534
 623.000      57.1432
 624.000      52.9223
 625.000      54.3298
 626.000      55.1319
 627.000      55.2775
 628.000      57.4470
 629.000      54.8165
 630.000      57.2966
 631.000      54.6187
 632.000      54.5069
 633.000      54.3485
 634.000      53.2650
 635.000      54.9323
 636.000      55.2576
 637.000      55.7617
 638.000      55.1178
 639.000      55.8022
 640.000      55.5020
 641.000      55.0019
 642.000      56.8637
 643.000      54.3420
 644.000      55.6698
 645.000      55.4567
 646.000      54.8048
 647.000      54.3187
 648.000      55.0994
 649.000      55.5390
 650.000      55.1290
 651.000      56.8838
 652.000      55.4832
 653.000      56.7155
 654.000      56.5845
 655.000      55.0391
 656.000      54.4228
 657.000      53.9930
 658.000      55.8158
 659.000      55.1481
 660.000      53.4395
 661.000      53.2807
 662.000      56.6703
 663.000      54.8410
 664.000      54.8936
 665.000      57.5073
 666.000      56.3448
 667.000      55.4147
 668.000      55.0103
 669.000      56.1742
 670.000      53.5187
 671.000      56.4057
 672.000      56.8853
 673.000      56.7006
 674.000      54.7734
 675.000      56.3387
 676.000      54.5588
 677.000      55.8534
 678.000      56.6299
 679.000      54.5295
 680.000      53.3164
 681.000      55.4151
 682.000      54.9441
 683.000      56.2155
 684.000      54.7742
 685.000      52.1471
 686.000      54.1520
 687.000      54.0121
 688.000      55.3386
 689.000      56.4835
 690.000      53.7331
 691.000      56.3126
 692.000      55.4210
 693.000      56.0194
 694.000      50.5034
 695.000      54.0419
 696.000      53.5944
 697.000      56.6497
 698.000      56.9991
 699.000      56.6136
 700.000      55.0897
 701.000      55.9619
 702.000      54.7523
 703.000      56.1157
 704.000      54.5868
 705.000      57.0487
 706.000      51.5508
 707.000      55.0245
 708.000      56.6698
 709.000      55.7096
 710.000      51.6411
 711.000      54.2690
 712.000      56.1043
 713.000      56.6647
 714.000      55.5736
 715.000      54.3739
 716.000      55.5504
 717.000      54.7780
 718.000      56.1770
 719.000      56.4573
 720.000      61.1252
 721.000      61.4965
 722.000      61.1193
 723.000      59.7091
 724.000      60.4565
 725.000      61.3276
 726.000      61.7644
 727.000      60.8012
 728.000      60.5314
 729.000      60.8463
 730.000      61.1274
 731.000      60.6520
 732.000      60.2111
 733.000      61.2310
 734.000      61.7821
 735.000      61.6367
 736.000      61.0139
 737.000      60.9015
 738.000      61.2568
 739.000      60.9229
 740.000      59.7885
 741.000      59.8385
 742.000      61.6211
 743.000      60.1222
 744.000      61.0604
 745.000      61.0881
 746.000      60.5317
 747.000      60.6244
 748.000      59.7099
 749.000      60.7787
 750.000      60.0089
 751.000      60.9037
 752.000      60.4372
 753.000      60.4979
 754.000      61.1629
 755.000      60.7780
 756.000      61.3529
 757.000      60.8609
 758.000      60.7118
 759.000      60.6840
 760.000      61.0369
 761.000      60.2869
 762.000      61.2727
 763.000      60.7681
 764.000      61.2610
 765.000      60.7762
 766.000      61.5892
 767.000      60.8035
 768.000      61.1472
 769.000      61.1965
 770.000      61.0841
 771.000      61.1638
 772.000      61.1376
 773.000      60.2668
 774.000      61.2550
 775.000      61.1813
 776.000      60.2972
 777.000      60.5618
 778.000      59.7022
 779.000      61.0982
 780.000      60.7837
 781.000      61.3899
 782.000      60.7074
 783.000      60.2088
