#Res        AtomicFlx
   1.000       4.8213
   2.000       3.8477
   3.000       2.1769
   4.000       1.4086
   5.000       1.3120
   6.000       1.0864
   7.000       1.6720
   8.000       1.0135
   9.000       0.8317
  10.000       0.7352
  11.000       0.7806
  12.000       0.6698
  13.000       0.5912
  14.000       0.6074
  15.000       0.6302
  16.000       0.5843
  17.000       0.5255
  18.000       0.5639
  19.000       0.5497
  20.000       0.5340
  21.000       0.4807
  22.000       0.4838
  23.000       0.5718
  24.000       0.5925
  25.000       0.4940
  26.000       0.5318
  27.000       0.5372
  28.000       0.5216
  29.000       0.5213
  30.000       0.5643
  31.000       0.5451
  32.000       0.5509
  33.000       0.6459
  34.000       0.8777
  35.000       0.7541
  36.000       0.7296
  37.000       1.0112
  38.000       1.0292
  39.000       0.7517
  40.000       0.8034
  41.000       0.6754
  42.000       0.6195
  43.000       0.7122
  44.000       0.6766
  45.000       0.5749
  46.000       0.6353
  47.000       0.6541
  48.000       0.5918
  49.000       0.5751
  50.000       0.8277
  51.000       1.1391
  52.000       1.1269
  53.000       0.7363
  54.000       0.5377
  55.000       0.4814
  56.000       0.5173
  57.000       0.4787
  58.000       0.4366
  59.000       0.4439
  60.000       0.4072
  61.000       0.4526
  62.000       0.4982
  63.000       0.5162
  64.000       0.4939
  65.000       0.4929
  66.000       0.5503
  67.000       0.6028
  68.000       0.5845
  69.000       0.6060
  70.000       0.6577
  71.000       0.6752
  72.000       0.6742
  73.000       0.6503
  74.000       0.5828
  75.000       0.7631
  76.000       1.2687
  77.000       1.2356
  78.000       0.9114
  79.000       1.0763
  80.000       0.9142
  81.000       0.6561
  82.000       0.6876
  83.000       0.6154
  84.000       0.5433
  85.000       0.5824
  86.000       0.5599
  87.000       0.5119
  88.000       0.5337
  89.000       0.5792
  90.000       0.5699
  91.000       0.5286
  92.000       0.5412
  93.000       0.6263
  94.000       0.5823
  95.000       0.5345
  96.000       0.6045
  97.000       0.9371
  98.000       1.0580
  99.000       0.6519
 100.000       0.6003
 101.000       0.5365
 102.000       0.5695
 103.000       0.5561
 104.000       0.5357
 105.000       0.5192
 106.000       0.5263
 107.000       0.5363
 108.000       0.5540
 109.000       0.5235
 110.000       0.5238
 111.000       0.6025
 112.000       0.6520
 113.000       0.6331
 114.000       0.8507
 115.000       1.0520
 116.000       1.4256
 117.000       1.7662
 118.000       1.0151
 119.000       0.9419
 120.000       0.6659
 121.000       0.9405
 122.000       1.0890
 123.000       1.0442
 124.000       1.6386
 125.000       1.1998
 126.000       1.4193
 127.000       1.6690
 128.000       1.2570
 129.000       1.9168
 130.000       2.2413
 131.000       1.8840
 132.000       1.3871
 133.000       1.6312
 134.000       2.2532
 135.000       2.0942
 136.000       3.1679
 137.000       5.2825
 138.000       5.4250
 139.000       4.2236
 140.000       2.4704
 141.000       2.5863
 142.000       4.3405
 143.000       6.6615
 144.000       6.8385
 145.000       6.8651
 146.000       6.7466
 147.000       6.0360
 148.000       6.3111
 149.000       5.6506
 150.000       4.8300
 151.000       4.3920
 152.000       3.0646
 153.000       1.6773
 154.000       0.9281
 155.000       0.8279
 156.000       0.6596
 157.000       0.6481
 158.000       0.6860
 159.000       0.6690
 160.000       0.5665
 161.000       0.6561
 162.000       0.7773
 163.000       0.8252
 164.000       0.7213
 165.000       0.7098
 166.000       0.7475
 167.000       0.7977
 168.000       1.1323
 169.000       1.4622
 170.000       1.8735
 171.000       1.3477
 172.000       1.0628
 173.000       0.8387
 174.000       0.9501
 175.000       1.1546
 176.000       0.7375
 177.000       0.8294
 178.000       0.8565
 179.000       0.6429
 180.000       0.6367
 181.000       0.6897
 182.000       0.6828
 183.000       0.5888
 184.000       0.5906
 185.000       0.6178
 186.000       0.5855
 187.000       0.5892
 188.000       0.6270
 189.000       0.6220
 190.000       0.6126
 191.000       0.6057
 192.000       0.6185
 193.000       0.6310
 194.000       0.6191
 195.000       0.6242
 196.000       0.6726
 197.000       0.7125
 198.000       0.8044
 199.000       0.8784
 200.000       1.0341
 201.000       1.2379
 202.000       1.8482
 203.000       1.9089
 204.000       1.4616
 205.000       1.2235
 206.000       1.4490
 207.000       1.6217
 208.000       1.2695
 209.000       0.9314
 210.000       0.9066
 211.000       0.7899
 212.000       0.7281
 213.000       0.9942
 214.000       0.8389
 215.000       0.7332
 216.000       0.6235
 217.000       0.5872
 218.000       0.5847
 219.000       0.5168
 220.000       0.5216
 221.000       0.5914
 222.000       0.5673
 223.000       0.5356
 224.000       0.6041
 225.000       0.6679
 226.000       0.6273
 227.000       0.6456
 228.000       0.7074
 229.000       0.7819
 230.000       0.7613
 231.000       0.8118
 232.000       0.7633
 233.000       0.6623
 234.000       0.6952
 235.000       0.7238
 236.000       0.6756
 237.000       0.6209
 238.000       0.7258
 239.000       0.7860
 240.000       0.7089
 241.000       0.7977
 242.000       0.8862
 243.000       0.9207
 244.000       1.1826
 245.000       1.2589
 246.000       1.3195
 247.000       1.1686
 248.000       1.2273
 249.000       1.3741
 250.000       1.3302
 251.000       1.1908
 252.000       1.0757
 253.000       0.8466
 254.000       0.7810
 255.000       0.8196
 256.000       0.7274
 257.000       0.6296
 258.000       0.6281
 259.000       0.6827
 260.000       0.6027
 261.000       0.5397
 262.000       0.6076
 263.000       0.5551
 264.000       0.5643
 265.000       0.5519
 266.000       0.5726
 267.000       0.4609
 268.000       0.4577
 269.000       0.4737
 270.000       0.4855
 271.000       0.4368
 272.000       0.4024
 273.000       0.4203
 274.000       0.4636
 275.000       0.4826
 276.000       0.4705
 277.000       0.5615
 278.000       0.9699
 279.000       0.5859
 280.000       0.8233
 281.000       0.7325
 282.000       0.9207
 283.000       0.8577
 284.000       0.9331
 285.000       0.8087
 286.000       0.6622
 287.000       0.5858
 288.000       0.6165
 289.000       0.5203
 290.000       0.5073
 291.000       0.5513
 292.000       0.4888
 293.000       0.4736
 294.000       0.5512
 295.000       0.5228
 296.000       0.4712
 297.000       0.5169
 298.000       0.5134
 299.000       0.4766
 300.000       0.4769
 301.000       0.5277
 302.000       0.5231
 303.000       0.5352
 304.000       0.6026
 305.000       0.5889
 306.000       0.5582
 307.000       0.5768
 308.000       0.5643
 309.000       0.5564
 310.000       0.6066
 311.000       0.6364
 312.000       0.6369
 313.000       0.6908
 314.000       0.7896
 315.000       0.7938
 316.000       0.8420
 317.000       1.0144
 318.000       1.1036
 319.000       1.1410
 320.000       1.1559
 321.000       1.0780
 322.000       0.9747
 323.000       1.1559
 324.000       1.1906
 325.000       0.9497
 326.000       0.7893
 327.000       0.8400
 328.000       0.7855
 329.000       0.8724
 330.000       0.6187
 331.000       0.6192
 332.000       0.6097
 333.000       0.6155
 334.000       0.5314
 335.000       0.5252
 336.000       0.7244
 337.000       0.7778
 338.000       0.7497
 339.000       0.6927
 340.000       0.6388
 341.000       0.7003
 342.000       0.7936
 343.000       0.8220
 344.000       0.7305
 345.000       0.7406
 346.000       0.7090
 347.000       0.6147
 348.000       0.6184
 349.000       0.6143
 350.000       0.5428
 351.000       0.5343
 352.000       0.5296
 353.000       0.5579
 354.000       0.5104
 355.000       0.4861
 356.000       0.5206
 357.000       0.5013
 358.000       0.5441
 359.000       0.5855
 360.000       0.5445
 361.000       0.5472
 362.000       0.5746
 363.000       0.5526
 364.000       0.5307
 365.000       0.4991
 366.000       0.5209
 367.000       0.5893
 368.000       0.6559
 369.000       0.5827
 370.000       0.5120
 371.000       0.8529
 372.000       0.8798
 373.000       0.6245
 374.000       0.5648
 375.000       0.6587
 376.000       0.8180
 377.000       0.8079
 378.000       0.8310
 379.000       0.8869
 380.000       0.8617
 381.000       0.8982
 382.000       1.1321
 383.000       1.1370
 384.000       0.8769
 385.000       0.9418
 386.000       1.1203
 387.000       1.0251
 388.000       0.8765
 389.000       0.9433
 390.000       0.9098
 391.000       0.7467
 392.000       0.6995
 393.000       0.7469
 394.000       0.7495
 395.000       0.6432
 396.000       0.6163
 397.000       0.6551
 398.000       0.7039
 399.000       0.6377
 400.000       0.5882
 401.000       0.6831
 402.000       0.8097
 403.000       0.7684
 404.000       0.7526
 405.000       0.7259
 406.000       0.5481
 407.000       0.5579
 408.000       0.5658
 409.000       0.6207
 410.000       0.6278
 411.000       0.5417
 412.000       0.5235
 413.000       0.5357
 414.000       0.5247
 415.000       0.5131
 416.000       0.5478
 417.000       0.5316
 418.000       0.5616
 419.000       0.6487
 420.000       0.6532
 421.000       0.6135
 422.000       0.7570
 423.000       0.8961
 424.000       0.8515
 425.000       0.7301
 426.000       0.6085
 427.000       0.5836
 428.000       0.5491
 429.000       0.5675
 430.000       0.6339
 431.000       0.5849
 432.000       0.5154
 433.000       0.5320
 434.000       0.5272
 435.000       0.5390
 436.000       0.5722
 437.000       0.5847
 438.000       0.6580
 439.000       0.7235
 440.000       0.7059
 441.000       0.6897
 442.000       0.7583
 443.000       0.6981
 444.000       0.5742
 445.000       0.6834
 446.000       0.6718
 447.000       0.5705
 448.000       0.6009
 449.000       0.7150
 450.000       0.6799
 451.000       0.6269
 452.000       0.7629
 453.000       0.8701
 454.000       0.9180
 455.000       1.0069
 456.000       1.2694
 457.000       1.1655
 458.000       0.9450
 459.000       0.7863
 460.000       0.9324
 461.000       0.9061
 462.000       0.7916
 463.000       0.6821
 464.000       0.6171
 465.000       0.6686
 466.000       0.6079
 467.000       0.5404
 468.000       0.6131
 469.000       0.6905
 470.000       0.6904
 471.000       0.6575
 472.000       0.6576
 473.000       0.7762
 474.000       0.7774
 475.000       0.6250
 476.000       0.6914
 477.000       0.8323
 478.000       0.7265
 479.000       0.6562
 480.000       0.7643
 481.000       0.7581
 482.000       0.7909
 483.000       0.8656
 484.000       0.9388
 485.000       0.9466
 486.000       0.9712
 487.000       1.3446
 488.000       1.2841
 489.000       1.2958
 490.000       1.3461
 491.000       1.0836
 492.000       1.4820
 493.000       1.4945
 494.000       1.0109
 495.000       1.0361
 496.000       0.9690
 497.000       1.1171
 498.000       1.2613
 499.000       1.1853
 500.000       0.8545
 501.000       0.9133
 502.000       1.0619
 503.000       0.9181
 504.000       0.7498
 505.000       0.8832
 506.000       0.9066
 507.000       0.7352
 508.000       0.8662
 509.000       1.0263
 510.000       0.7514
 511.000       0.8940
 512.000       0.7073
 513.000       0.9555
 514.000       0.9248
 515.000       0.7117
 516.000       0.8543
 517.000       1.0466
 518.000       0.8802
 519.000       0.7844
 520.000       0.9881
 521.000       1.0649
 522.000       0.9432
 523.000       1.0479
 524.000       1.3342
 525.000       1.3994
 526.000       1.2841
 527.000       1.6148
 528.000       1.7227
 529.000       1.7369
 530.000       1.6541
 531.000       1.6850
 532.000       1.5233
 533.000       1.3358
 534.000       1.4042
 535.000       1.3470
 536.000       1.1513
 537.000       1.1466
 538.000       1.1886
 539.000       1.2012
 540.000       1.2494
 541.000       1.4889
 542.000       2.3939
 543.000       2.8494
 544.000       3.6171
