#Res        AtomicFlx
   1.000       3.3601
   2.000       1.5928
   3.000       0.9491
   4.000       0.7819
   5.000       0.6691
   6.000       0.6398
   7.000       0.9247
   8.000       0.9468
   9.000       0.8161
  10.000       0.7658
  11.000       0.6560
  12.000       0.5554
  13.000       0.5984
  14.000       0.5881
  15.000       0.5015
  16.000       0.5105
  17.000       0.5764
  18.000       0.5804
  19.000       0.5285
  20.000       0.5693
  21.000       0.5352
  22.000       0.7093
  23.000       1.0355
  24.000       1.3037
  25.000       1.1887
  26.000       0.9916
  27.000       1.0796
  28.000       1.1222
  29.000       1.0531
  30.000       1.1329
  31.000       1.3818
  32.000       1.1378
  33.000       1.2555
  34.000       1.5581
  35.000       1.4269
  36.000       1.1209
  37.000       1.3572
  38.000       1.6851
  39.000       1.7957
  40.000       1.3400
  41.000       1.0407
  42.000       1.2380
  43.000       1.3042
  44.000       0.9876
  45.000       0.8243
  46.000       1.0171
  47.000       1.0659
  48.000       0.7973
  49.000       0.7812
  50.000       1.0178
  51.000       1.0786
  52.000       0.8280
  53.000       0.7318
  54.000       0.6043
  55.000       0.5569
  56.000       0.5203
  57.000       0.5143
  58.000       0.5409
  59.000       0.5008
  60.000       0.4521
  61.000       0.4879
  62.000       0.5196
  63.000       0.4546
  64.000       0.4380
  65.000       0.5048
  66.000       0.4618
  67.000       0.4589
  68.000       0.4848
  69.000       0.4387
  70.000       0.4614
  71.000       0.5193
  72.000       0.5004
  73.000       0.4832
  74.000       0.4916
  75.000       0.5817
  76.000       1.0532
  77.000       0.9939
  78.000       0.8433
  79.000       0.8182
  80.000       0.7948
  81.000       0.7180
  82.000       0.5706
  83.000       0.5600
  84.000       0.5121
  85.000       0.5108
  86.000       0.5188
  87.000       0.4976
  88.000       0.4613
  89.000       0.4975
  90.000       0.5387
  91.000       0.5175
  92.000       0.5342
  93.000       0.5798
  94.000       0.6348
  95.000       0.6466
  96.000       0.8072
  97.000       0.8247
  98.000       0.7074
  99.000       0.6701
 100.000       0.6519
 101.000       0.5818
 102.000       0.5521
 103.000       0.5353
 104.000       0.5325
 105.000       0.5203
 106.000       0.5270
 107.000       0.5484
 108.000       0.5524
 109.000       0.5228
 110.000       0.6261
 111.000       0.7141
 112.000       0.6708
 113.000       0.6976
 114.000       1.0492
 115.000       1.5735
 116.000       1.9440
 117.000       1.4335
 118.000       0.9148
 119.000       0.8404
 120.000       0.7727
 121.000       0.8686
 122.000       0.9409
 123.000       0.9310
 124.000       1.2080
 125.000       1.1166
 126.000       1.3426
 127.000       1.0803
 128.000       0.9921
 129.000       1.1852
 130.000       1.5142
 131.000       1.4678
 132.000       1.0592
 133.000       1.0920
 134.000       1.0458
 135.000       1.6668
 136.000       1.7877
 137.000       2.8914
 138.000       3.5497
 139.000       4.1827
 140.000       4.6820
 141.000       5.5991
 142.000       5.2695
 143.000       5.3165
 144.000       4.8982
 145.000       4.2149
 146.000       4.5856
 147.000       3.2302
 148.000       2.9427
 149.000       2.1056
 150.000       1.9353
 151.000       2.0483
 152.000       1.6980
 153.000       1.2613
 154.000       0.9083
 155.000       0.6398
 156.000       0.5991
 157.000       0.6450
 158.000       0.6124
 159.000       0.5535
 160.000       0.5495
 161.000       0.6307
 162.000       0.8057
 163.000       0.8159
 164.000       0.6760
 165.000       0.6831
 166.000       0.7006
 167.000       0.8062
 168.000       1.0947
 169.000       1.1480
 170.000       1.1852
 171.000       1.3390
 172.000       1.2240
 173.000       1.1250
 174.000       1.2974
 175.000       1.0017
 176.000       0.7770
 177.000       0.8995
 178.000       1.0172
 179.000       0.7665
 180.000       0.8508
 181.000       0.8175
 182.000       0.8092
 183.000       0.6653
 184.000       0.6293
 185.000       0.6751
 186.000       0.6365
 187.000       0.6061
 188.000       0.6391
 189.000       0.6441
 190.000       0.6408
 191.000       0.6414
 192.000       0.6829
 193.000       0.7383
 194.000       0.7359
 195.000       0.6674
 196.000       0.7797
 197.000       0.8770
 198.000       0.7949
 199.000       0.8273
 200.000       0.8270
 201.000       1.0938
 202.000       0.8682
 203.000       0.9386
 204.000       0.8784
 205.000       0.8281
 206.000       0.9828
 207.000       1.0401
 208.000       0.9563
 209.000       1.0247
 210.000       1.4018
 211.000       1.9173
 212.000       1.7754
 213.000       1.2485
 214.000       0.9246
 215.000       1.0288
 216.000       0.9352
 217.000       0.7776
 218.000       0.7812
 219.000       0.7601
 220.000       0.7509
 221.000       0.7279
 222.000       0.7039
 223.000       0.7196
 224.000       0.8235
 225.000       0.8359
 226.000       0.7809
 227.000       0.8353
 228.000       1.0607
 229.000       1.1536
 230.000       0.9957
 231.000       1.0250
 232.000       0.9010
 233.000       0.8568
 234.000       0.9267
 235.000       0.9192
 236.000       0.8154
 237.000       0.8066
 238.000       0.9419
 239.000       0.9412
 240.000       0.8343
 241.000       0.9784
 242.000       1.0289
 243.000       1.7335
 244.000       1.8364
 245.000       1.6086
 246.000       1.6085
 247.000       1.2537
 248.000       1.2245
 249.000       1.5185
 250.000       1.2637
 251.000       1.1709
 252.000       1.0952
 253.000       0.8745
 254.000       0.8643
 255.000       0.9467
 256.000       0.8343
 257.000       0.6819
 258.000       0.7558
 259.000       0.8230
 260.000       0.7517
 261.000       0.6836
 262.000       0.7157
 263.000       0.7207
 264.000       0.7981
 265.000       0.8183
 266.000       0.7327
 267.000       0.5218
 268.000       0.4809
 269.000       0.4510
 270.000       0.4259
 271.000       0.4296
 272.000       0.4470
 273.000       0.3930
 274.000       0.4443
 275.000       0.4696
 276.000       0.4610
 277.000       0.4679
 278.000       0.5372
 279.000       0.5746
 280.000       0.8047
 281.000       0.6749
 282.000       0.9320
 283.000       1.0917
 284.000       1.0826
 285.000       1.3608
 286.000       1.1237
 287.000       0.8919
 288.000       1.1014
 289.000       0.8586
 290.000       0.6865
 291.000       0.7810
 292.000       0.7424
 293.000       0.6686
 294.000       0.6931
 295.000       0.6760
 296.000       0.6365
 297.000       0.6274
 298.000       0.6351
 299.000       0.6177
 300.000       0.6492
 301.000       0.6524
 302.000       0.7331
 303.000       0.7654
 304.000       0.8575
 305.000       0.8966
 306.000       0.6859
 307.000       0.5635
 308.000       0.6940
 309.000       0.7349
 310.000       0.7069
 311.000       0.7014
 312.000       0.8191
 313.000       0.8670
 314.000       0.8430
 315.000       0.8955
 316.000       1.2733
 317.000       1.4096
 318.000       1.3202
 319.000       1.3777
 320.000       1.1994
 321.000       1.2326
 322.000       1.2080
 323.000       1.3551
 324.000       1.1588
 325.000       0.9843
 326.000       1.3418
 327.000       1.7254
 328.000       2.4758
 329.000       2.1062
 330.000       1.1246
 331.000       1.0188
 332.000       1.0676
 333.000       0.9671
 334.000       0.6262
 335.000       0.5826
 336.000       0.6849
 337.000       0.8158
 338.000       0.7366
 339.000       0.7390
 340.000       0.8109
 341.000       0.8013
 342.000       0.8773
 343.000       0.9926
 344.000       0.9669
 345.000       1.0189
 346.000       0.9269
 347.000       0.7970
 348.000       0.7799
 349.000       0.7886
 350.000       0.7231
 351.000       0.6771
 352.000       0.7423
 353.000       0.9144
 354.000       0.7767
 355.000       0.6602
 356.000       0.8096
 357.000       0.8821
 358.000       0.7574
 359.000       0.7166
 360.000       0.7839
 361.000       0.8056
 362.000       0.7590
 363.000       0.6622
 364.000       0.5664
 365.000       0.5634
 366.000       0.9046
 367.000       1.0897
 368.000       0.8878
 369.000       0.7827
 370.000       0.6251
 371.000       0.6386
 372.000       0.6012
 373.000       0.5051
 374.000       0.4821
 375.000       0.4875
 376.000       0.5151
 377.000       0.5043
 378.000       0.5223
 379.000       0.5309
 380.000       0.5704
 381.000       0.6775
 382.000       0.8858
 383.000       0.9389
 384.000       0.7784
 385.000       0.8174
 386.000       0.9564
 387.000       0.9031
 388.000       0.8006
 389.000       0.8727
 390.000       0.8301
 391.000       0.6799
 392.000       0.6668
 393.000       0.7097
 394.000       0.6897
 395.000       0.6102
 396.000       0.6077
 397.000       0.6465
 398.000       0.6663
 399.000       0.6212
 400.000       0.5906
 401.000       0.6587
 402.000       0.6738
 403.000       0.6448
 404.000       0.7686
 405.000       0.8047
 406.000       0.6546
 407.000       0.5924
 408.000       0.6117
 409.000       0.6467
 410.000       0.6788
 411.000       0.6205
 412.000       0.5806
 413.000       0.5907
 414.000       0.5776
 415.000       0.5394
 416.000       0.5736
 417.000       0.6141
 418.000       0.5956
 419.000       0.6090
 420.000       0.7209
 421.000       0.6611
 422.000       0.6576
 423.000       0.7492
 424.000       0.7121
 425.000       0.8034
 426.000       0.6760
 427.000       0.6824
 428.000       0.7071
 429.000       0.6719
 430.000       0.6457
 431.000       0.5848
 432.000       0.5384
 433.000       0.5546
 434.000       0.5286
 435.000       0.5114
 436.000       0.5542
 437.000       0.6148
 438.000       0.5851
 439.000       0.5650
 440.000       0.7561
 441.000       0.8064
 442.000       0.8280
 443.000       0.7591
 444.000       0.6058
 445.000       0.7721
 446.000       0.7768
 447.000       0.6493
 448.000       0.6996
 449.000       0.8157
 450.000       0.7344
 451.000       0.7164
 452.000       0.8799
 453.000       1.0769
 454.000       1.0950
 455.000       1.0820
 456.000       1.1742
 457.000       1.1199
 458.000       1.0959
 459.000       0.9511
 460.000       1.2052
 461.000       1.0993
 462.000       1.0418
 463.000       0.8281
 464.000       0.8071
 465.000       0.7858
 466.000       0.5793
 467.000       0.5447
 468.000       0.6788
 469.000       0.7397
 470.000       0.6457
 471.000       0.6339
 472.000       0.6818
 473.000       0.7074
 474.000       0.6465
 475.000       0.5911
 476.000       0.6934
 477.000       0.7572
 478.000       0.7082
 479.000       0.7032
 480.000       0.7862
 481.000       0.7720
 482.000       0.8256
 483.000       0.9253
 484.000       1.0011
 485.000       1.0318
 486.000       1.0715
 487.000       1.3333
 488.000       1.0968
 489.000       1.1188
 490.000       1.0849
 491.000       0.9298
 492.000       1.4810
 493.000       1.5160
 494.000       1.0582
 495.000       1.0901
 496.000       1.0803
 497.000       1.2801
 498.000       1.3473
 499.000       1.3188
 500.000       1.1630
 501.000       1.1390
 502.000       1.1849
 503.000       1.2247
 504.000       1.2380
 505.000       1.1102
 506.000       1.2703
 507.000       1.5165
 508.000       1.3153
 509.000       1.2870
 510.000       1.5818
 511.000       1.4720
 512.000       0.9234
 513.000       1.0261
 514.000       0.8848
 515.000       0.7447
 516.000       1.0223
 517.000       1.1565
 518.000       0.9185
 519.000       0.9820
 520.000       1.3349
 521.000       1.3076
 522.000       1.1246
 523.000       1.3705
 524.000       1.6518
 525.000       1.6026
 526.000       1.5763
 527.000       1.9264
 528.000       2.1661
 529.000       2.2776
 530.000       2.1536
 531.000       2.1926
 532.000       1.9793
 533.000       1.7249
 534.000       1.7824
 535.000       1.7753
 536.000       1.4806
 537.000       1.3771
 538.000       1.5605
 539.000       1.3542
 540.000       1.2482
 541.000       1.6198
 542.000       2.9377
 543.000       5.3091
 544.000       8.1081
