#Res        AtomicFlx
   1.000       2.1101
   2.000       1.8508
   3.000       1.2579
   4.000       1.0662
   5.000       1.3698
   6.000       0.9470
   7.000       0.8330
   8.000       0.7813
   9.000       0.7720
  10.000       0.6686
  11.000       0.5938
  12.000       0.6242
  13.000       0.5824
  14.000       0.5339
  15.000       0.5426
  16.000       0.5640
  17.000       0.5517
  18.000       0.5924
  19.000       0.5752
  20.000       0.6619
  21.000       0.7353
  22.000       0.7170
  23.000       0.6039
  24.000       0.7155
  25.000       0.6995
  26.000       0.6659
  27.000       0.6291
  28.000       0.8677
  29.000       1.0043
  30.000       0.6818
  31.000       1.0151
  32.000       1.3870
  33.000       1.1682
  34.000       0.9955
  35.000       1.1500
  36.000       1.0443
  37.000       1.0762
  38.000       1.1333
  39.000       1.0383
  40.000       1.0388
  41.000       1.0436
  42.000       0.8048
  43.000       0.7445
  44.000       0.8356
  45.000       0.8121
  46.000       0.6951
  47.000       0.6838
  48.000       0.8073
  49.000       0.8307
  50.000       0.7413
  51.000       0.6024
  52.000       0.5965
  53.000       0.6124
  54.000       0.5896
  55.000       0.5370
  56.000       0.5517
  57.000       0.5786
  58.000       0.6088
  59.000       0.6698
  60.000       0.7324
  61.000       0.7673
  62.000       0.8644
  63.000       0.7478
  64.000       1.0291
  65.000       1.4103
  66.000       0.9836
  67.000       0.9547
  68.000       0.7552
  69.000       0.6300
  70.000       0.6586
  71.000       0.7327
  72.000       0.6694
  73.000       0.8407
  74.000       1.7506
  75.000       1.9293
  76.000       1.4888
  77.000       1.5662
  78.000       1.2478
  79.000       0.9056
  80.000       0.7481
  81.000       0.6318
  82.000       0.6121
  83.000       0.5461
  84.000       0.5621
  85.000       0.5822
  86.000       0.5318
  87.000       0.5725
  88.000       0.5719
  89.000       0.5582
  90.000       0.5543
  91.000       0.6050
  92.000       0.5961
  93.000       0.6364
  94.000       0.6724
  95.000       0.6843
  96.000       0.6644
  97.000       0.6473
  98.000       0.6642
  99.000       0.6677
 100.000       0.6895
 101.000       0.7209
 102.000       0.7134
 103.000       0.7381
 104.000       0.7429
 105.000       0.7512
 106.000       0.7859
 107.000       0.7867
 108.000       0.7831
 109.000       0.8465
 110.000       0.9374
 111.000       0.8958
 112.000       0.9574
 113.000       0.9874
 114.000       1.0278
 115.000       1.0143
 116.000       0.8704
 117.000       0.9170
 118.000       1.0361
 119.000       1.4163
 120.000       1.4737
 121.000       2.1060
 122.000       2.2856
 123.000       1.5218
 124.000       1.5233
 125.000       1.3528
 126.000       1.3274
 127.000       1.5810
 128.000       2.3839
 129.000       2.1117
 130.000       1.7973
 131.000       2.2754
 132.000       2.5812
 133.000       3.0906
 134.000       3.9943
 135.000       4.0268
 136.000       5.7308
 137.000       5.7191
 138.000       5.0621
 139.000       6.0756
 140.000       6.9886
 141.000       6.6742
 142.000       6.7157
 143.000       7.7701
 144.000       7.0868
 145.000       7.2085
 146.000       6.9362
 147.000       4.9576
 148.000       4.0641
 149.000       4.7446
 150.000       4.2392
 151.000       2.9128
 152.000       3.5350
 153.000       4.3241
 154.000       3.2753
 155.000       3.1666
 156.000       4.4393
 157.000       4.7076
 158.000       4.3525
 159.000       4.2568
 160.000       4.1528
 161.000       3.6422
 162.000       2.7442
 163.000       1.8035
 164.000       1.0966
 165.000       0.9509
 166.000       0.8722
 167.000       0.9813
 168.000       0.9997
 169.000       0.9589
 170.000       1.0049
 171.000       1.1656
 172.000       1.2143
 173.000       1.1620
 174.000       1.1285
 175.000       1.4024
 176.000       1.4143
 177.000       1.7951
 178.000       1.8042
 179.000       2.1027
 180.000       2.1906
 181.000       1.5887
 182.000       2.2934
 183.000       1.9075
 184.000       1.3718
 185.000       1.2849
 186.000       1.0865
 187.000       1.0781
 188.000       1.0654
 189.000       0.9773
 190.000       0.9279
 191.000       0.8339
 192.000       0.8406
 193.000       0.8631
 194.000       0.7770
 195.000       0.7310
 196.000       0.8366
 197.000       0.8698
 198.000       0.7987
 199.000       0.7993
 200.000       0.8981
 201.000       0.9006
 202.000       0.8353
 203.000       0.8844
 204.000       1.0332
 205.000       1.0793
 206.000       1.0921
 207.000       1.2214
 208.000       1.4153
 209.000       1.3332
 210.000       1.6033
 211.000       1.7579
 212.000       1.5611
 213.000       1.5743
 214.000       1.4497
 215.000       1.2681
 216.000       1.3329
 217.000       1.8505
 218.000       1.5832
 219.000       0.9244
 220.000       1.0985
 221.000       1.0796
 222.000       1.2183
 223.000       1.1839
 224.000       0.9237
 225.000       0.8078
 226.000       0.9796
 227.000       0.9699
 228.000       0.7907
 229.000       0.7792
 230.000       0.8620
 231.000       0.8336
 232.000       0.7877
 233.000       0.8676
 234.000       0.9048
 235.000       0.8901
 236.000       1.0124
 237.000       1.1857
 238.000       1.0378
 239.000       1.0768
 240.000       1.0561
 241.000       0.8936
 242.000       0.9853
 243.000       1.0474
 244.000       0.8975
 245.000       0.8348
 246.000       0.9315
 247.000       0.9614
 248.000       0.8636
 249.000       0.8534
 250.000       0.8944
 251.000       0.9948
 252.000       1.1632
 253.000       1.3543
 254.000       1.3160
 255.000       1.1095
 256.000       1.1869
 257.000       1.4082
 258.000       1.0885
 259.000       0.9631
 260.000       0.8962
 261.000       0.8542
 262.000       0.8023
 263.000       0.7537
 264.000       0.7499
 265.000       0.7404
 266.000       0.6612
 267.000       0.6339
 268.000       0.6279
 269.000       0.6148
 270.000       0.5713
 271.000       0.5710
 272.000       0.5845
 273.000       0.5571
 274.000       0.6226
 275.000       0.7059
 276.000       0.6370
 277.000       0.5397
 278.000       0.6082
 279.000       0.5523
 280.000       0.5230
 281.000       0.5153
 282.000       0.5497
 283.000       0.6395
 284.000       0.7094
 285.000       0.7184
 286.000       0.9109
 287.000       1.0679
 288.000       1.4099
 289.000       1.4956
 290.000       1.4971
 291.000       1.0819
 292.000       1.0496
 293.000       0.6945
 294.000       0.6867
 295.000       0.7238
 296.000       0.6283
 297.000       0.5607
 298.000       0.6348
 299.000       0.6669
 300.000       0.5686
 301.000       0.5760
 302.000       0.6494
 303.000       0.6040
 304.000       0.5743
 305.000       0.6428
 306.000       0.6793
 307.000       0.6308
 308.000       0.6371
 309.000       0.7217
 310.000       0.7633
 311.000       0.7552
 312.000       0.7578
 313.000       0.8548
 314.000       0.8682
 315.000       0.7750
 316.000       0.7712
 317.000       0.8160
 318.000       0.8736
 319.000       0.8305
 320.000       0.8671
 321.000       0.8936
 322.000       0.9370
 323.000       0.9475
 324.000       1.0047
 325.000       1.1467
 326.000       1.1504
 327.000       1.2817
 328.000       1.2149
 329.000       1.1876
 330.000       1.0116
 331.000       1.1450
 332.000       1.1145
 333.000       0.9696
 334.000       1.0484
 335.000       1.0347
 336.000       1.0846
 337.000       1.0430
 338.000       0.9343
 339.000       0.9281
 340.000       0.9147
 341.000       0.8397
 342.000       0.8089
 343.000       0.8569
 344.000       0.9186
 345.000       0.8212
 346.000       0.9578
 347.000       1.1115
 348.000       1.0890
 349.000       1.2706
 350.000       2.1447
 351.000       2.0066
 352.000       1.4911
 353.000       1.3660
 354.000       0.9210
 355.000       0.9740
 356.000       0.9436
 357.000       0.9303
 358.000       0.8713
 359.000       0.8396
 360.000       0.8604
 361.000       0.8410
 362.000       0.7998
 363.000       0.7707
 364.000       0.8050
 365.000       0.8275
 366.000       0.8243
 367.000       0.7976
 368.000       0.8279
 369.000       0.7995
 370.000       0.8090
 371.000       0.7841
 372.000       0.6935
 373.000       0.7562
 374.000       0.7451
 375.000       0.7098
 376.000       0.7159
 377.000       0.7565
 378.000       0.6894
 379.000       0.7404
 380.000       0.6942
 381.000       0.6533
 382.000       0.7868
 383.000       0.8304
 384.000       0.7799
 385.000       0.8796
 386.000       1.0300
 387.000       1.1566
 388.000       1.1570
 389.000       1.3350
 390.000       1.5558
 391.000       1.7997
 392.000       1.6860
 393.000       1.6171
 394.000       1.3530
 395.000       1.3778
 396.000       1.5249
 397.000       1.3549
 398.000       1.1301
 399.000       1.1339
 400.000       1.1530
 401.000       1.0550
 402.000       0.9529
 403.000       0.9983
 404.000       1.0162
 405.000       0.8452
 406.000       0.8505
 407.000       0.9467
 408.000       0.9378
 409.000       0.8633
 410.000       0.8828
 411.000       0.9988
 412.000       0.9764
 413.000       0.9279
 414.000       1.0155
 415.000       1.0361
 416.000       0.9152
 417.000       0.9759
 418.000       0.8871
 419.000       0.9777
 420.000       0.8748
 421.000       0.9268
 422.000       0.9749
 423.000       0.8363
 424.000       0.7937
 425.000       0.8934
 426.000       0.8350
 427.000       0.7996
 428.000       0.8180
 429.000       0.8484
 430.000       0.8143
 431.000       0.7567
 432.000       0.7525
 433.000       0.7411
 434.000       0.7814
 435.000       0.8709
 436.000       0.6800
 437.000       0.5583
 438.000       0.5469
 439.000       0.5763
 440.000       0.5387
 441.000       0.5239
 442.000       0.5874
 443.000       0.6127
 444.000       0.6190
 445.000       0.6962
 446.000       0.7880
 447.000       0.8764
 448.000       0.9597
 449.000       0.8965
 450.000       1.0222
 451.000       1.1895
 452.000       1.3265
 453.000       1.2350
 454.000       1.2408
 455.000       1.4176
 456.000       1.4764
 457.000       1.4193
 458.000       1.4745
 459.000       1.5911
 460.000       1.6882
 461.000       1.6935
 462.000       1.5398
 463.000       1.6802
 464.000       1.9118
 465.000       1.9556
 466.000       1.8303
 467.000       1.7880
 468.000       1.6732
 469.000       1.3554
 470.000       1.2949
 471.000       1.4372
 472.000       1.1940
 473.000       1.0012
 474.000       1.1708
 475.000       1.1457
 476.000       0.9015
 477.000       0.9041
 478.000       1.0791
 479.000       0.9853
 480.000       0.8667
 481.000       0.8429
 482.000       0.8056
 483.000       0.7564
 484.000       0.6524
 485.000       0.6034
 486.000       0.6639
 487.000       0.6641
 488.000       0.6384
 489.000       0.6940
 490.000       0.7601
 491.000       0.7636
 492.000       0.8005
 493.000       0.9194
 494.000       1.0153
 495.000       1.0396
 496.000       0.9479
 497.000       1.1987
 498.000       1.1400
 499.000       1.0833
 500.000       1.1592
 501.000       1.1765
 502.000       1.6965
 503.000       1.6764
 504.000       1.4000
 505.000       1.2990
 506.000       1.1037
 507.000       1.3313
 508.000       1.4293
 509.000       1.3809
 510.000       1.0753
 511.000       1.0282
 512.000       1.1471
 513.000       1.0024
 514.000       0.8394
 515.000       0.8973
 516.000       0.9783
 517.000       0.8457
 518.000       0.7599
 519.000       0.9527
 520.000       1.1458
 521.000       1.0259
 522.000       0.7952
 523.000       1.0072
 524.000       1.2845
 525.000       1.1469
 526.000       1.0465
 527.000       1.3838
 528.000       1.4824
 529.000       1.5496
 530.000       1.7622
 531.000       1.9498
 532.000       2.0389
 533.000       2.2012
 534.000       2.5276
 535.000       2.6915
 536.000       2.7799
 537.000       3.5131
 538.000       3.2816
 539.000       3.1359
 540.000       2.9847
 541.000       2.7081
 542.000       2.6977
 543.000       2.5930
 544.000       2.4774
 545.000       2.3983
 546.000       2.5726
 547.000       2.6079
 548.000       2.6676
 549.000       2.8420
 550.000       3.3475
 551.000       4.5591
 555.000      51.2482
