#Res        AtomicFlx
   1.000       2.3900
   2.000       1.9161
   3.000       1.4358
   4.000       1.1615
   5.000       1.4971
   6.000       1.0980
   7.000       0.9408
   8.000       0.9332
   9.000       0.9078
  10.000       0.7662
  11.000       0.7032
  12.000       0.7706
  13.000       0.7353
  14.000       0.6118
  15.000       0.6379
  16.000       0.7681
  17.000       0.7028
  18.000       0.6423
  19.000       0.6501
  20.000       0.7006
  21.000       0.7538
  22.000       0.8492
  23.000       0.7900
  24.000       0.8896
  25.000       0.9839
  26.000       0.8483
  27.000       0.8001
  28.000       0.8544
  29.000       0.8888
  30.000       0.8097
  31.000       0.8311
  32.000       0.9909
  33.000       1.0448
  34.000       0.9689
  35.000       1.0482
  36.000       0.9372
  37.000       0.9055
  38.000       0.9259
  39.000       0.8615
  40.000       0.8545
  41.000       0.9027
  42.000       0.7874
  43.000       0.7091
  44.000       0.7443
  45.000       0.7540
  46.000       0.6933
  47.000       0.6723
  48.000       0.7511
  49.000       0.8215
  50.000       0.8112
  51.000       0.6761
  52.000       0.6517
  53.000       0.6567
  54.000       0.6652
  55.000       0.5807
  56.000       0.5707
  57.000       0.6235
  58.000       0.6097
  59.000       0.5634
  60.000       0.5909
  61.000       0.6423
  62.000       0.6309
  63.000       0.7398
  64.000       0.8714
  65.000       0.8424
  66.000       0.7565
  67.000       0.7288
  68.000       0.7815
  69.000       0.8093
  70.000       0.7386
  71.000       0.6847
  72.000       0.6664
  73.000       0.8542
  74.000       1.5588
  75.000       1.9836
  76.000       1.7543
  77.000       1.9667
  78.000       1.5333
  79.000       0.7883
  80.000       0.6616
  81.000       0.6699
  82.000       0.7026
  83.000       0.7417
  84.000       0.6707
  85.000       0.7010
  86.000       0.7842
  87.000       0.8111
  88.000       0.7520
  89.000       0.8166
  90.000       0.9174
  91.000       0.9124
  92.000       0.9083
  93.000       0.9382
  94.000       0.9160
  95.000       0.8888
  96.000       0.8741
  97.000       0.7838
  98.000       0.7819
  99.000       0.7905
 100.000       0.7091
 101.000       0.5797
 102.000       0.6069
 103.000       0.5947
 104.000       0.5253
 105.000       0.5319
 106.000       0.6068
 107.000       0.5670
 108.000       0.5562
 109.000       0.6952
 110.000       0.7379
 111.000       0.6960
 112.000       0.9033
 113.000       1.0445
 114.000       1.1023
 115.000       0.9776
 116.000       0.8259
 117.000       1.0327
 118.000       1.1619
 119.000       1.1975
 120.000       1.2822
 121.000       1.6464
 122.000       2.7681
 123.000       3.8973
 124.000       5.6059
 125.000       6.7978
 126.000       5.0363
 127.000       5.1215
 128.000       3.6475
 129.000       2.4241
 130.000       1.8401
 131.000       1.6809
 132.000       1.5074
 133.000       1.4784
 134.000       1.8863
 135.000       2.6003
 136.000       3.6457
 137.000       5.0645
 138.000       5.4723
 139.000       5.0632
 140.000       5.0658
 141.000       4.7859
 142.000       3.8382
 143.000       3.2153
 144.000       2.6672
 145.000       2.4369
 146.000       2.5440
 147.000       2.1142
 148.000       1.7507
 149.000       2.0513
 150.000       2.0952
 151.000       1.3968
 152.000       1.8936
 153.000       1.9434
 154.000       2.4876
 155.000       2.1517
 156.000       3.5029
 157.000       3.5310
 158.000       3.5779
 159.000       2.9913
 160.000       3.1468
 161.000       2.7663
 162.000       2.0791
 163.000       1.8563
 164.000       1.8050
 165.000       1.5986
 166.000       1.3297
 167.000       1.8043
 168.000       2.0309
 169.000       1.3883
 170.000       1.0448
 171.000       1.3069
 172.000       1.3241
 173.000       1.0492
 174.000       1.2732
 175.000       1.5676
 176.000       1.6058
 177.000       2.6403
 178.000       2.6116
 179.000       2.5000
 180.000       2.2643
 181.000       1.5776
 182.000       2.1373
 183.000       1.8590
 184.000       1.1469
 185.000       1.2759
 186.000       1.3566
 187.000       0.9778
 188.000       0.8750
 189.000       0.8733
 190.000       0.8158
 191.000       0.7360
 192.000       0.7075
 193.000       0.6699
 194.000       0.5913
 195.000       0.6069
 196.000       0.6419
 197.000       0.5875
 198.000       0.5758
 199.000       0.6202
 200.000       0.6289
 201.000       0.6230
 202.000       0.6610
 203.000       0.6934
 204.000       0.7486
 205.000       0.7797
 206.000       0.7818
 207.000       0.9309
 208.000       1.0852
 209.000       0.9382
 210.000       0.9881
 211.000       1.0193
 212.000       0.9195
 213.000       0.8580
 214.000       0.8040
 215.000       0.8494
 216.000       0.7798
 217.000       0.8568
 218.000       0.8545
 219.000       0.7639
 220.000       0.9534
 221.000       1.2701
 222.000       1.2007
 223.000       1.0232
 224.000       0.9542
 225.000       0.9079
 226.000       0.9384
 227.000       0.9544
 228.000       0.9133
 229.000       0.8775
 230.000       0.9479
 231.000       0.9491
 232.000       0.9483
 233.000       0.9781
 234.000       0.9147
 235.000       0.9648
 236.000       1.0919
 237.000       1.1471
 238.000       1.0974
 239.000       1.0536
 240.000       1.0415
 241.000       0.9455
 242.000       0.9772
 243.000       0.9805
 244.000       0.8851
 245.000       0.8412
 246.000       0.9146
 247.000       0.8852
 248.000       0.8379
 249.000       0.8903
 250.000       0.9155
 251.000       0.9441
 252.000       1.0693
 253.000       1.2971
 254.000       1.3117
 255.000       1.0705
 256.000       1.0631
 257.000       1.1681
 258.000       1.0481
 259.000       1.0434
 260.000       1.0263
 261.000       0.9192
 262.000       0.8671
 263.000       0.8745
 264.000       0.8291
 265.000       0.7713
 266.000       0.7547
 267.000       0.7432
 268.000       0.7047
 269.000       0.6750
 270.000       0.6575
 271.000       0.6974
 272.000       0.7184
 273.000       0.6701
 274.000       0.7699
 275.000       0.7492
 276.000       1.0994
 277.000       0.8792
 278.000       1.0710
 279.000       0.8806
 280.000       0.6973
 281.000       0.6310
 282.000       0.6855
 283.000       0.6786
 284.000       0.6505
 285.000       0.6969
 286.000       0.8100
 287.000       0.8093
 288.000       0.9546
 289.000       0.9216
 290.000       1.0641
 291.000       1.0767
 292.000       1.0668
 293.000       0.8771
 294.000       0.8491
 295.000       0.7353
 296.000       0.6780
 297.000       0.6442
 298.000       0.6583
 299.000       0.6600
 300.000       0.5808
 301.000       0.6276
 302.000       0.7020
 303.000       0.6892
 304.000       0.6785
 305.000       0.7362
 306.000       0.7586
 307.000       0.7410
 308.000       0.7492
 309.000       0.7810
 310.000       0.8187
 311.000       0.8458
 312.000       0.8141
 313.000       0.8128
 314.000       0.8701
 315.000       0.8466
 316.000       0.8063
 317.000       0.8581
 318.000       0.7930
 319.000       0.7977
 320.000       0.8640
 321.000       0.8801
 322.000       0.8647
 323.000       0.9148
 324.000       1.0581
 325.000       1.1561
 326.000       1.1552
 327.000       1.2808
 328.000       1.3591
 329.000       1.4226
 330.000       1.1750
 331.000       1.3226
 332.000       1.3626
 333.000       1.0450
 334.000       1.4832
 335.000       1.3398
 336.000       1.4268
 337.000       1.8392
 338.000       1.0792
 339.000       0.8954
 340.000       0.8174
 341.000       0.8318
 342.000       0.7038
 343.000       0.6919
 344.000       0.7750
 345.000       0.8785
 346.000       0.7798
 347.000       0.7594
 348.000       0.8133
 349.000       0.7431
 350.000       0.6870
 351.000       0.8223
 352.000       0.8636
 353.000       0.8852
 354.000       0.8283
 355.000       0.6796
 356.000       0.6964
 357.000       0.8464
 358.000       0.7552
 359.000       0.5866
 360.000       0.6471
 361.000       0.7564
 362.000       0.6539
 363.000       0.5243
 364.000       0.5778
 365.000       0.6844
 366.000       0.6497
 367.000       0.5256
 368.000       0.6557
 369.000       0.8518
 370.000       0.8030
 371.000       0.6789
 372.000       0.7631
 373.000       0.6369
 374.000       0.6201
 375.000       0.6568
 376.000       0.6612
 377.000       0.6605
 378.000       0.6031
 379.000       0.6151
 380.000       0.6554
 381.000       0.6561
 382.000       0.6369
 383.000       0.6614
 384.000       0.6629
 385.000       0.6653
 386.000       0.7260
 387.000       0.7546
 388.000       0.8399
 389.000       1.0588
 390.000       1.2167
 391.000       2.2684
 392.000       1.4478
 393.000       1.5366
 394.000       1.1328
 395.000       1.4526
 396.000       1.5492
 397.000       1.1585
 398.000       0.9264
 399.000       0.8782
 400.000       0.8804
 401.000       0.8093
 402.000       0.7213
 403.000       0.7518
 404.000       0.7859
 405.000       0.7028
 406.000       0.6838
 407.000       0.7386
 408.000       0.7793
 409.000       0.7223
 410.000       0.6819
 411.000       0.8049
 412.000       0.8463
 413.000       0.7404
 414.000       0.8220
 415.000       0.8846
 416.000       0.7482
 417.000       0.7873
 418.000       0.8002
 419.000       0.8864
 420.000       0.8581
 421.000       0.6907
 422.000       0.7987
 423.000       0.7893
 424.000       0.6615
 425.000       0.7576
 426.000       0.9370
 427.000       0.8095
 428.000       0.7523
 429.000       0.9009
 430.000       0.8455
 431.000       0.7044
 432.000       0.8617
 433.000       1.3002
 434.000       1.2654
 435.000       1.2695
 436.000       1.1312
 437.000       0.9958
 438.000       1.0806
 439.000       1.2074
 440.000       0.9555
 441.000       0.9523
 442.000       1.1425
 443.000       1.1635
 444.000       1.0516
 445.000       1.1621
 446.000       1.3466
 447.000       1.3386
 448.000       1.2692
 449.000       1.3809
 450.000       1.5760
 451.000       1.7322
 452.000       1.6564
 453.000       1.6621
 454.000       1.5113
 455.000       1.6997
 456.000       1.6364
 457.000       1.3786
 458.000       1.2754
 459.000       1.4458
 460.000       1.4239
 461.000       1.1383
 462.000       1.2414
 463.000       1.5902
 464.000       1.4797
 465.000       1.4562
 466.000       1.6305
 467.000       1.5261
 468.000       1.2889
 469.000       1.0996
 470.000       0.9752
 471.000       1.0768
 472.000       1.0364
 473.000       0.8050
 474.000       0.9845
 475.000       1.1003
 476.000       0.9072
 477.000       0.8875
 478.000       1.1974
 479.000       1.0397
 480.000       1.1092
 481.000       1.2848
 482.000       1.1703
 483.000       1.0888
 484.000       0.9368
 485.000       0.8175
 486.000       0.9015
 487.000       0.8976
 488.000       0.7965
 489.000       0.8258
 490.000       0.9380
 491.000       0.9151
 492.000       0.8847
 493.000       0.9549
 494.000       1.0897
 495.000       1.1677
 496.000       1.0971
 497.000       1.2793
 498.000       1.6199
 499.000       1.7872
 500.000       1.5851
 501.000       1.4697
 502.000       1.7220
 503.000       1.6967
 504.000       1.4231
 505.000       1.6746
 506.000       1.3919
 507.000       1.5324
 508.000       1.4930
 509.000       1.2917
 510.000       1.0557
 511.000       1.0901
 512.000       1.0150
 513.000       0.8435
 514.000       0.8211
 515.000       0.8655
 516.000       0.8259
 517.000       0.9059
 518.000       1.0800
 519.000       1.0878
 520.000       0.9867
 521.000       0.9852
 522.000       0.9185
 523.000       0.6509
 524.000       0.6112
 525.000       0.7295
 526.000       0.9948
 527.000       1.0062
 528.000       0.9596
 529.000       1.2566
 530.000       1.5855
 531.000       1.6593
 532.000       1.6733
 533.000       2.1130
 534.000       2.4241
 535.000       2.4701
 536.000       2.6446
 537.000       3.1962
 538.000       3.5840
 539.000       4.2278
 540.000       4.1474
 541.000       3.5356
 542.000       3.7882
 543.000       3.7392
 544.000       3.0837
 545.000       2.9439
 546.000       3.3888
 547.000       3.0961
 548.000       2.5765
 549.000       2.8758
 550.000       3.7556
 551.000       5.8662
 555.000      52.6431
