#Res        AtomicFlx
   1.000       1.9857
   2.000       1.7102
   3.000       1.0190
   4.000       0.8689
   5.000       1.3086
   6.000       1.0101
   7.000       0.8792
   8.000       0.8337
   9.000       0.7522
  10.000       0.5840
  11.000       0.5708
  12.000       0.6385
  13.000       0.5492
  14.000       0.4624
  15.000       0.4920
  16.000       0.5568
  17.000       0.5361
  18.000       0.5259
  19.000       0.4872
  20.000       0.6009
  21.000       0.6960
  22.000       0.7180
  23.000       0.5509
  24.000       0.6241
  25.000       0.7214
  26.000       0.6245
  27.000       0.5555
  28.000       0.6173
  29.000       0.6220
  30.000       0.5646
  31.000       0.6394
  32.000       0.7148
  33.000       0.6987
  34.000       0.7049
  35.000       0.9260
  36.000       0.9208
  37.000       0.8339
  38.000       0.8195
  39.000       0.6951
  40.000       0.7380
  41.000       0.7298
  42.000       0.6404
  43.000       0.5886
  44.000       0.6610
  45.000       0.6403
  46.000       0.6428
  47.000       0.6749
  48.000       0.7064
  49.000       0.7540
  50.000       0.7756
  51.000       0.6414
  52.000       0.6191
  53.000       0.6441
  54.000       0.6167
  55.000       0.5761
  56.000       0.6178
  57.000       0.6463
  58.000       0.6537
  59.000       0.5743
  60.000       0.5980
  61.000       0.7379
  62.000       0.7730
  63.000       0.7915
  64.000       1.0291
  65.000       1.3778
  66.000       0.9874
  67.000       0.8038
  68.000       0.7935
  69.000       0.8087
  70.000       0.7665
  71.000       0.7715
  72.000       0.6820
  73.000       0.8423
  74.000       1.4910
  75.000       1.4217
  76.000       1.0739
  77.000       1.2309
  78.000       0.8459
  79.000       0.7613
  80.000       0.6557
  81.000       0.5768
  82.000       0.5600
  83.000       0.5879
  84.000       0.5707
  85.000       0.5515
  86.000       0.5366
  87.000       0.6021
  88.000       0.5725
  89.000       0.5767
  90.000       0.6825
  91.000       0.6798
  92.000       0.6786
  93.000       0.7057
  94.000       0.6568
  95.000       0.6161
  96.000       0.6422
  97.000       0.5894
  98.000       0.5721
  99.000       0.5871
 100.000       0.5781
 101.000       0.5128
 102.000       0.5154
 103.000       0.5518
 104.000       0.5523
 105.000       0.5517
 106.000       0.5875
 107.000       0.6020
 108.000       0.6169
 109.000       0.6704
 110.000       0.7416
 111.000       0.7886
 112.000       0.8651
 113.000       0.9692
 114.000       1.1009
 115.000       1.1164
 116.000       0.8427
 117.000       0.8953
 118.000       1.0142
 119.000       1.1257
 120.000       1.2718
 121.000       1.1668
 122.000       1.2957
 123.000       1.1083
 124.000       1.2945
 125.000       1.1306
 126.000       1.0144
 127.000       1.4566
 128.000       2.5060
 129.000       2.2249
 130.000       1.9270
 131.000       2.6921
 132.000       3.8653
 133.000       4.6963
 134.000       4.3817
 135.000       3.3552
 136.000       3.3400
 137.000       3.9417
 138.000       3.7224
 139.000       3.6581
 140.000       4.3493
 141.000       4.1466
 142.000       4.0396
 143.000       3.8477
 144.000       3.3691
 145.000       3.5623
 146.000       3.3389
 147.000       2.7804
 148.000       3.1260
 149.000       3.8909
 150.000       3.8040
 151.000       3.8857
 152.000       4.7611
 153.000       5.3220
 154.000       6.3289
 155.000       7.6208
 156.000       7.3106
 157.000       6.6820
 158.000       7.0344
 159.000       6.2937
 160.000       5.4411
 161.000       4.2881
 162.000       2.4800
 163.000       1.5922
 164.000       0.9103
 165.000       0.8099
 166.000       0.6946
 167.000       0.7185
 168.000       0.7280
 169.000       0.6417
 170.000       0.6415
 171.000       0.8066
 172.000       0.8193
 173.000       0.7241
 174.000       0.6718
 175.000       0.8004
 176.000       0.8776
 177.000       1.0902
 178.000       1.2566
 179.000       1.2133
 180.000       1.4007
 181.000       1.0521
 182.000       1.3431
 183.000       1.1137
 184.000       0.8848
 185.000       0.8862
 186.000       0.8695
 187.000       0.8788
 188.000       0.9085
 189.000       0.8917
 190.000       0.8410
 191.000       0.7233
 192.000       0.7201
 193.000       0.7031
 194.000       0.5871
 195.000       0.5960
 196.000       0.6622
 197.000       0.6398
 198.000       0.6013
 199.000       0.6117
 200.000       0.6594
 201.000       0.6758
 202.000       0.6540
 203.000       0.6503
 204.000       0.7505
 205.000       0.7235
 206.000       0.6825
 207.000       0.8710
 208.000       1.0422
 209.000       0.9919
 210.000       1.1187
 211.000       1.1901
 212.000       0.9254
 213.000       0.7811
 214.000       0.8885
 215.000       0.8462
 216.000       0.7284
 217.000       0.7086
 218.000       0.7229
 219.000       0.6748
 220.000       0.6350
 221.000       0.7022
 222.000       0.7021
 223.000       0.7339
 224.000       0.6465
 225.000       0.5985
 226.000       0.7010
 227.000       0.6809
 228.000       0.6130
 229.000       0.6459
 230.000       0.7031
 231.000       0.6665
 232.000       0.7046
 233.000       0.8025
 234.000       0.7821
 235.000       0.7929
 236.000       0.9057
 237.000       0.9360
 238.000       0.8535
 239.000       0.9090
 240.000       0.8642
 241.000       0.7454
 242.000       0.8119
 243.000       0.8198
 244.000       0.7172
 245.000       0.7051
 246.000       0.7976
 247.000       0.7658
 248.000       0.6897
 249.000       0.7773
 250.000       0.8467
 251.000       0.9777
 252.000       1.3030
 253.000       1.6669
 254.000       1.5828
 255.000       1.0779
 256.000       1.3991
 257.000       1.6523
 258.000       1.1263
 259.000       1.0816
 260.000       0.8578
 261.000       0.6966
 262.000       0.6360
 263.000       0.6493
 264.000       0.6009
 265.000       0.5582
 266.000       0.5525
 267.000       0.5514
 268.000       0.5133
 269.000       0.5280
 270.000       0.5001
 271.000       0.5280
 272.000       0.4992
 273.000       0.5150
 274.000       0.6358
 275.000       0.8062
 276.000       0.6177
 277.000       0.5170
 278.000       0.5906
 279.000       0.5487
 280.000       0.5243
 281.000       0.5100
 282.000       0.5255
 283.000       0.5658
 284.000       0.6100
 285.000       0.6544
 286.000       0.6640
 287.000       0.7393
 288.000       0.9612
 289.000       0.9265
 290.000       0.9188
 291.000       0.9057
 292.000       0.8377
 293.000       0.7349
 294.000       0.7711
 295.000       0.7344
 296.000       0.6346
 297.000       0.6183
 298.000       0.6343
 299.000       0.6221
 300.000       0.5293
 301.000       0.5595
 302.000       0.6182
 303.000       0.5550
 304.000       0.5174
 305.000       0.6039
 306.000       0.6300
 307.000       0.5445
 308.000       0.5288
 309.000       0.5940
 310.000       0.6108
 311.000       0.5907
 312.000       0.5931
 313.000       0.5935
 314.000       0.5831
 315.000       0.5625
 316.000       0.5968
 317.000       0.6447
 318.000       0.8166
 319.000       0.8311
 320.000       0.7285
 321.000       0.7310
 322.000       0.8201
 323.000       0.8288
 324.000       0.8125
 325.000       0.8865
 326.000       0.9318
 327.000       0.9643
 328.000       0.9485
 329.000       0.9370
 330.000       0.8161
 331.000       0.8836
 332.000       0.9004
 333.000       0.8150
 334.000       0.7722
 335.000       0.7625
 336.000       0.7925
 337.000       0.8743
 338.000       0.7689
 339.000       0.7088
 340.000       0.7406
 341.000       0.7359
 342.000       0.6460
 343.000       0.6602
 344.000       0.7455
 345.000       0.8645
 346.000       0.9679
 347.000       0.8527
 348.000       0.7985
 349.000       1.1005
 350.000       1.2109
 351.000       1.0040
 352.000       0.9682
 353.000       0.9796
 354.000       0.8913
 355.000       0.8298
 356.000       0.7859
 357.000       0.8474
 358.000       0.7648
 359.000       0.6874
 360.000       0.6811
 361.000       0.6709
 362.000       0.6085
 363.000       0.5736
 364.000       0.6017
 365.000       0.6139
 366.000       0.5983
 367.000       0.5505
 368.000       0.5964
 369.000       0.6012
 370.000       0.6336
 371.000       0.6120
 372.000       0.6326
 373.000       0.6077
 374.000       0.6053
 375.000       0.5758
 376.000       0.5420
 377.000       0.6027
 378.000       0.6094
 379.000       0.5921
 380.000       0.5710
 381.000       0.6539
 382.000       0.6982
 383.000       0.7353
 384.000       0.7574
 385.000       0.7714
 386.000       0.8257
 387.000       0.8863
 388.000       0.9290
 389.000       1.0372
 390.000       1.1923
 391.000       2.2106
 392.000       1.4016
 393.000       1.6127
 394.000       0.9928
 395.000       1.3573
 396.000       1.2818
 397.000       0.9545
 398.000       0.8466
 399.000       0.8514
 400.000       0.8118
 401.000       0.7139
 402.000       0.6681
 403.000       0.6709
 404.000       0.6980
 405.000       0.6415
 406.000       0.6294
 407.000       0.6539
 408.000       0.6702
 409.000       0.6596
 410.000       0.6393
 411.000       0.6773
 412.000       0.6847
 413.000       0.6702
 414.000       0.7050
 415.000       0.7048
 416.000       0.6396
 417.000       0.7014
 418.000       0.6991
 419.000       0.7049
 420.000       0.7167
 421.000       0.6927
 422.000       0.6753
 423.000       0.6646
 424.000       0.6506
 425.000       0.6615
 426.000       0.7072
 427.000       0.7055
 428.000       0.7464
 429.000       0.8614
 430.000       0.8783
 431.000       0.7041
 432.000       0.7236
 433.000       1.0402
 434.000       1.2696
 435.000       1.2854
 436.000       0.7817
 437.000       0.6009
 438.000       0.6434
 439.000       0.6825
 440.000       0.6383
 441.000       0.6349
 442.000       0.7017
 443.000       0.7217
 444.000       0.7118
 445.000       0.7069
 446.000       0.7953
 447.000       0.8555
 448.000       0.8409
 449.000       0.8447
 450.000       0.9128
 451.000       0.9293
 452.000       0.9612
 453.000       0.9455
 454.000       1.1373
 455.000       1.2659
 456.000       1.4495
 457.000       1.1910
 458.000       0.9627
 459.000       1.1647
 460.000       1.3285
 461.000       1.0169
 462.000       1.1614
 463.000       1.5580
 464.000       1.4806
 465.000       1.4288
 466.000       1.5530
 467.000       1.3843
 468.000       1.2734
 469.000       1.4587
 470.000       1.4171
 471.000       1.2211
 472.000       1.4587
 473.000       1.2669
 474.000       0.8646
 475.000       0.8604
 476.000       0.9100
 477.000       1.0505
 478.000       1.0684
 479.000       0.8902
 480.000       0.7658
 481.000       0.8495
 482.000       0.8198
 483.000       0.7198
 484.000       0.6081
 485.000       0.6267
 486.000       0.6930
 487.000       0.6423
 488.000       0.6118
 489.000       0.6829
 490.000       0.7305
 491.000       0.7048
 492.000       0.7382
 493.000       0.8422
 494.000       0.9891
 495.000       0.9752
 496.000       0.8599
 497.000       1.0840
 498.000       0.9339
 499.000       0.8560
 500.000       0.9553
 501.000       1.0059
 502.000       1.4371
 503.000       2.1038
 504.000       1.7012
 505.000       1.4944
 506.000       0.9598
 507.000       0.9648
 508.000       0.9957
 509.000       0.9063
 510.000       0.7875
 511.000       0.8123
 512.000       0.8278
 513.000       0.7525
 514.000       0.7288
 515.000       0.7390
 516.000       0.7549
 517.000       0.7316
 518.000       0.7070
 519.000       0.7103
 520.000       0.7092
 521.000       0.6970
 522.000       0.6614
 523.000       0.6818
 524.000       0.6662
 525.000       0.6374
 526.000       0.7648
 527.000       0.8543
 528.000       0.7813
 529.000       0.8133
 530.000       0.9565
 531.000       1.0658
 532.000       1.0573
 533.000       1.1765
 534.000       1.4025
 535.000       1.6035
 536.000       1.6660
 537.000       2.1360
 538.000       2.2795
 539.000       2.6607
 540.000       2.4462
 541.000       2.0715
 542.000       2.2689
 543.000       2.2605
 544.000       1.8310
 545.000       1.7685
 546.000       2.1099
 547.000       1.9841
 548.000       1.6794
 549.000       1.9227
 550.000       2.2430
 551.000       2.6227
 555.000      36.2030
