#Res        AtomicFlx
   1.000       3.7481
   2.000       1.8062
   3.000       1.0589
   4.000       0.8601
   5.000       0.7128
   6.000       0.7166
   7.000       0.9490
   8.000       0.8447
   9.000       0.8033
  10.000       0.7507
  11.000       0.7033
  12.000       0.5852
  13.000       0.5948
  14.000       0.5863
  15.000       0.5248
  16.000       0.5260
  17.000       0.6878
  18.000       0.6544
  19.000       0.5376
  20.000       0.6749
  21.000       0.6822
  22.000       0.6900
  23.000       0.6576
  24.000       0.6788
  25.000       0.6575
  26.000       0.7010
  27.000       0.7253
  28.000       0.7045
  29.000       0.6479
  30.000       0.7373
  31.000       0.8793
  32.000       0.8036
  33.000       0.8199
  34.000       0.9836
  35.000       1.0644
  36.000       0.9897
  37.000       1.1663
  38.000       0.9687
  39.000       0.9349
  40.000       0.9529
  41.000       0.8152
  42.000       0.7286
  43.000       0.7984
  44.000       0.7561
  45.000       0.6357
  46.000       0.6617
  47.000       0.6833
  48.000       0.6513
  49.000       0.6199
  50.000       0.6933
  51.000       0.6995
  52.000       0.7334
  53.000       0.5909
  54.000       0.5958
  55.000       0.5816
  56.000       0.5606
  57.000       0.4663
  58.000       0.4568
  59.000       0.4581
  60.000       0.3944
  61.000       0.3995
  62.000       0.4568
  63.000       0.4498
  64.000       0.4403
  65.000       0.4474
  66.000       0.4761
  67.000       0.5219
  68.000       0.5717
  69.000       0.4780
  70.000       0.4486
  71.000       0.4714
  72.000       0.5202
  73.000       0.5093
  74.000       0.5252
  75.000       0.5746
  76.000       0.6997
  77.000       0.7135
  78.000       0.7018
  79.000       0.6355
  80.000       0.6531
  81.000       0.7107
  82.000       0.7439
  83.000       0.6605
  84.000       0.6580
  85.000       0.5719
  86.000       0.5846
  87.000       0.5956
  88.000       0.4951
  89.000       0.4934
  90.000       0.5625
  91.000       0.5822
  92.000       0.4900
  93.000       0.5561
  94.000       0.5994
  95.000       0.5270
  96.000       0.6971
  97.000       0.9530
  98.000       0.8140
  99.000       0.5876
 100.000       0.5741
 101.000       0.5507
 102.000       0.5406
 103.000       0.5519
 104.000       0.5713
 105.000       0.5867
 106.000       0.6162
 107.000       0.6235
 108.000       0.6469
 109.000       0.6694
 110.000       0.6953
 111.000       0.7483
 112.000       0.7939
 113.000       0.8294
 114.000       1.1084
 115.000       1.1514
 116.000       1.4884
 117.000       1.5007
 118.000       0.9995
 119.000       1.1004
 120.000       1.0795
 121.000       1.1709
 122.000       1.1137
 123.000       1.2364
 124.000       1.6465
 125.000       1.4079
 126.000       1.6397
 127.000       1.4907
 128.000       1.3153
 129.000       1.6458
 130.000       2.0778
 131.000       2.7093
 132.000       2.4149
 133.000       3.2596
 134.000       3.2358
 135.000       4.0418
 136.000       6.3201
 137.000       7.8964
 138.000       9.0425
 139.000      10.1889
 140.000      11.8915
 141.000      12.1653
 142.000      12.8858
 143.000      12.8650
 144.000      11.5007
 145.000      10.9187
 146.000      10.6074
 147.000       9.7569
 148.000       8.0625
 149.000       5.9486
 150.000       4.6852
 151.000       3.6944
 152.000       3.1251
 153.000       2.2343
 154.000       1.4841
 155.000       0.9936
 156.000       0.8384
 157.000       0.8527
 158.000       0.8777
 159.000       0.8010
 160.000       0.7683
 161.000       0.9266
 162.000       1.0644
 163.000       1.0636
 164.000       0.9279
 165.000       1.0041
 166.000       1.0547
 167.000       1.1775
 168.000       1.6047
 169.000       1.8198
 170.000       2.0059
 171.000       2.4442
 172.000       1.9624
 173.000       1.8243
 174.000       1.8441
 175.000       1.2344
 176.000       0.9576
 177.000       1.0811
 178.000       1.1649
 179.000       0.9286
 180.000       0.9417
 181.000       0.9017
 182.000       0.8596
 183.000       0.7365
 184.000       0.6934
 185.000       0.7178
 186.000       0.6435
 187.000       0.6296
 188.000       0.6803
 189.000       0.6921
 190.000       0.6851
 191.000       0.6947
 192.000       0.7620
 193.000       0.8053
 194.000       0.7659
 195.000       0.7921
 196.000       0.8423
 197.000       0.9562
 198.000       0.9743
 199.000       0.9133
 200.000       1.0267
 201.000       1.2644
 202.000       0.8792
 203.000       1.1230
 204.000       1.0857
 205.000       0.8977
 206.000       0.9302
 207.000       1.0736
 208.000       1.0250
 209.000       0.8340
 210.000       0.8717
 211.000       0.8691
 212.000       0.8316
 213.000       1.0140
 214.000       1.0184
 215.000       0.9400
 216.000       0.7769
 217.000       0.7410
 218.000       0.7836
 219.000       0.7646
 220.000       0.7311
 221.000       0.7953
 222.000       0.8341
 223.000       0.8223
 224.000       0.8711
 225.000       0.9620
 226.000       0.9760
 227.000       0.9866
 228.000       1.0411
 229.000       1.1446
 230.000       1.0970
 231.000       1.1465
 232.000       1.0953
 233.000       1.0105
 234.000       1.1015
 235.000       1.1132
 236.000       0.9839
 237.000       0.9465
 238.000       1.0868
 239.000       1.0451
 240.000       0.8846
 241.000       0.9702
 242.000       1.0865
 243.000       1.1701
 244.000       1.4586
 245.000       1.4624
 246.000       1.5570
 247.000       1.3156
 248.000       1.2219
 249.000       1.5282
 250.000       1.3682
 251.000       1.3684
 252.000       1.3058
 253.000       1.0442
 254.000       1.0030
 255.000       1.0214
 256.000       0.8985
 257.000       0.7652
 258.000       0.8039
 259.000       0.7754
 260.000       0.6633
 261.000       0.5795
 262.000       0.6351
 263.000       0.6308
 264.000       0.5580
 265.000       0.5380
 266.000       0.6129
 267.000       0.4772
 268.000       0.4876
 269.000       0.4060
 270.000       0.3763
 271.000       0.3685
 272.000       0.3752
 273.000       0.3612
 274.000       0.3952
 275.000       0.4123
 276.000       0.4417
 277.000       0.5001
 278.000       0.5550
 279.000       0.5694
 280.000       0.6927
 281.000       0.6571
 282.000       0.7290
 283.000       0.7220
 284.000       0.7069
 285.000       0.6483
 286.000       0.6869
 287.000       0.7545
 288.000       0.6938
 289.000       0.6249
 290.000       0.6308
 291.000       0.6450
 292.000       0.6060
 293.000       0.5536
 294.000       0.5987
 295.000       0.6048
 296.000       0.5678
 297.000       0.6066
 298.000       0.6021
 299.000       0.6212
 300.000       0.5837
 301.000       0.6283
 302.000       0.6796
 303.000       0.6857
 304.000       0.7477
 305.000       0.8050
 306.000       0.8019
 307.000       0.7687
 308.000       0.8342
 309.000       0.8927
 310.000       0.8813
 311.000       0.9130
 312.000       0.9429
 313.000       0.9699
 314.000       1.0016
 315.000       1.0429
 316.000       1.1362
 317.000       1.2215
 318.000       1.3048
 319.000       1.3028
 320.000       1.2990
 321.000       1.2686
 322.000       1.1511
 323.000       1.3012
 324.000       1.2414
 325.000       1.0941
 326.000       1.2145
 327.000       1.0717
 328.000       0.9918
 329.000       0.9389
 330.000       0.7531
 331.000       0.8099
 332.000       0.8019
 333.000       0.7429
 334.000       0.7045
 335.000       0.7383
 336.000       0.7987
 337.000       0.8823
 338.000       0.8796
 339.000       0.8309
 340.000       0.8619
 341.000       0.9606
 342.000       1.0129
 343.000       1.0496
 344.000       1.0856
 345.000       1.0835
 346.000       1.0179
 347.000       0.8906
 348.000       0.8688
 349.000       0.8953
 350.000       0.8278
 351.000       0.7583
 352.000       0.7551
 353.000       0.7640
 354.000       0.7103
 355.000       0.6556
 356.000       0.7206
 357.000       0.7193
 358.000       0.7123
 359.000       0.7101
 360.000       0.6847
 361.000       0.6962
 362.000       0.6873
 363.000       0.6471
 364.000       0.5349
 365.000       0.5024
 366.000       0.5690
 367.000       0.5914
 368.000       0.5049
 369.000       0.4946
 370.000       0.5227
 371.000       0.4896
 372.000       0.4192
 373.000       0.4547
 374.000       0.5058
 375.000       0.5189
 376.000       0.5305
 377.000       0.5541
 378.000       0.5814
 379.000       0.7061
 380.000       0.6382
 381.000       0.8093
 382.000       1.1438
 383.000       1.3843
 384.000       1.1056
 385.000       1.1148
 386.000       1.5185
 387.000       1.3906
 388.000       1.1697
 389.000       1.3104
 390.000       1.3268
 391.000       1.0488
 392.000       0.9500
 393.000       1.0763
 394.000       1.1113
 395.000       0.9362
 396.000       0.8497
 397.000       1.0048
 398.000       1.0603
 399.000       0.8900
 400.000       0.7870
 401.000       0.9362
 402.000       1.0401
 403.000       0.8486
 404.000       0.7652
 405.000       0.7401
 406.000       0.6919
 407.000       0.7493
 408.000       0.7751
 409.000       0.8930
 410.000       0.8455
 411.000       0.7601
 412.000       0.7209
 413.000       0.7483
 414.000       0.6938
 415.000       0.6323
 416.000       0.6581
 417.000       0.6855
 418.000       0.6522
 419.000       0.6587
 420.000       0.6571
 421.000       0.7009
 422.000       0.6804
 423.000       0.7095
 424.000       0.9353
 425.000       0.8042
 426.000       0.7437
 427.000       0.6169
 428.000       0.6265
 429.000       0.6684
 430.000       0.6812
 431.000       0.6264
 432.000       0.6041
 433.000       0.6500
 434.000       0.6550
 435.000       0.6259
 436.000       0.6478
 437.000       0.6620
 438.000       0.6756
 439.000       0.7448
 440.000       0.7636
 441.000       0.7608
 442.000       0.7190
 443.000       0.7560
 444.000       0.7213
 445.000       0.8237
 446.000       0.7574
 447.000       0.6013
 448.000       0.6580
 449.000       0.7459
 450.000       0.6900
 451.000       0.6412
 452.000       0.7388
 453.000       0.8728
 454.000       0.8923
 455.000       1.0118
 456.000       1.0639
 457.000       1.2776
 458.000       1.0216
 459.000       0.8545
 460.000       0.8138
 461.000       0.8020
 462.000       0.7757
 463.000       0.7126
 464.000       0.7090
 465.000       0.7414
 466.000       0.7544
 467.000       0.7602
 468.000       0.7531
 469.000       0.7656
 470.000       0.7584
 471.000       0.7136
 472.000       0.7390
 473.000       0.8469
 474.000       0.8513
 475.000       0.7258
 476.000       0.7495
 477.000       0.8805
 478.000       0.8061
 479.000       0.7603
 480.000       0.9368
 481.000       1.0383
 482.000       1.1920
 483.000       1.4941
 484.000       1.6606
 485.000       1.8247
 486.000       1.7157
 487.000       1.6861
 488.000       1.5387
 489.000       1.3610
 490.000       1.2847
 491.000       1.1970
 492.000       1.6805
 493.000       1.9604
 494.000       1.6161
 495.000       1.6199
 496.000       1.2915
 497.000       1.4760
 498.000       1.5337
 499.000       1.4861
 500.000       1.2482
 501.000       1.2530
 502.000       1.3511
 503.000       1.1990
 504.000       1.0234
 505.000       1.1062
 506.000       1.1040
 507.000       0.8941
 508.000       0.9473
 509.000       1.1525
 510.000       0.9447
 511.000       0.8334
 512.000       0.9648
 513.000       1.1391
 514.000       0.9336
 515.000       0.8679
 516.000       1.0099
 517.000       1.0782
 518.000       0.8720
 519.000       0.8349
 520.000       1.0618
 521.000       1.0974
 522.000       0.9645
 523.000       1.0768
 524.000       1.3645
 525.000       1.4111
 526.000       1.3813
 527.000       1.7843
 528.000       1.9240
 529.000       1.9370
 530.000       1.7848
 531.000       1.8094
 532.000       1.6372
 533.000       1.3952
 534.000       1.4175
 535.000       1.3974
 536.000       1.1716
 537.000       1.0673
 538.000       1.0969
 539.000       1.0140
 540.000       0.8829
 541.000       1.0485
 542.000       1.9183
 543.000       3.7977
 544.000       5.8330
