#Res        AtomicFlx
   1.000       1.5113
   2.000       1.4405
   3.000       1.6494
   4.000       1.8700
   5.000       2.5296
   6.000       2.5392
   7.000       3.0831
   8.000       3.1602
   9.000       2.7525
  10.000       1.6985
  11.000       1.7168
  12.000       1.9498
  13.000       2.2104
  14.000       1.7276
  15.000       3.2728
  16.000       2.2137
  17.000       2.3812
  18.000       3.1367
  19.000       2.9128
  20.000       2.2719
  21.000       2.6259
  22.000       2.8691
  23.000       2.4374
  24.000       2.3760
  25.000       2.8404
  26.000       2.6916
  27.000       1.9420
  28.000       1.5339
  29.000       1.2845
  30.000       1.1325
  31.000       1.0388
  32.000       1.2779
  33.000       0.9910
  34.000       0.8868
  35.000       0.8453
  36.000       0.7610
  37.000       0.6676
  38.000       0.6438
  39.000       0.6206
  40.000       0.6092
  41.000       0.5748
  42.000       0.5943
  43.000       0.6040
  44.000       0.5563
  45.000       0.5818
  46.000       0.5823
  47.000       1.0705
  48.000       0.7455
  49.000       1.3544
  50.000       1.6112
  51.000       1.4579
  52.000       1.3708
  53.000       0.9148
  54.000       0.8561
  55.000       0.8631
  56.000       0.9093
  57.000       0.8949
  58.000       0.9185
  59.000       1.0323
  60.000       1.0574
  61.000       1.0963
  62.000       1.2311
  63.000       1.2380
  64.000       1.3965
  65.000       1.0957
  66.000       0.9166
  67.000       0.9589
  68.000       0.9811
  69.000       0.8571
  70.000       0.7628
  71.000       0.8021
  72.000       0.8007
  73.000       0.7043
  74.000       0.6624
  75.000       0.6726
  76.000       0.6727
  77.000       0.6443
  78.000       0.6263
  79.000       0.6112
  80.000       0.6058
  81.000       0.5036
  82.000       0.4874
  83.000       0.5360
  84.000       0.5018
  85.000       0.4468
  86.000       0.4781
  87.000       0.5027
  88.000       0.5059
  89.000       0.5453
  90.000       0.5669
  91.000       0.5882
  92.000       0.6192
  93.000       0.6454
  94.000       0.6678
  95.000       0.6848
  96.000       0.6128
  97.000       0.6308
  98.000       0.6882
  99.000       0.5955
 100.000       0.5947
 101.000       0.7515
 102.000       0.8266
 103.000       0.8014
 104.000       0.7900
 105.000       0.8851
 106.000       0.8036
 107.000       0.7017
 108.000       0.7232
 109.000       0.7159
 110.000       0.6205
 111.000       0.6446
 112.000       0.6537
 113.000       0.6429
 114.000       0.6091
 115.000       0.6338
 116.000       0.6942
 117.000       0.6907
 118.000       0.6508
 119.000       0.7024
 120.000       0.8562
 121.000       0.8457
 122.000       0.8021
 123.000       0.8849
 124.000       1.2132
 125.000       1.0494
 126.000       0.7713
 127.000       0.7677
 128.000       0.6725
 129.000       0.6686
 130.000       0.7427
 131.000       0.7557
 132.000       0.7124
 133.000       0.7525
 134.000       0.7595
 135.000       0.7387
 136.000       0.7748
 137.000       0.8280
 138.000       0.8097
 139.000       0.8681
 140.000       1.0314
 141.000       1.0916
 142.000       1.1940
 143.000       1.1937
 144.000       0.9409
 145.000       0.9320
 146.000       0.9388
 147.000       1.1283
 148.000       1.4054
 149.000       1.5065
 150.000       1.7212
 151.000       2.1313
 152.000       2.4655
 153.000       3.1223
 154.000       4.0158
 155.000       4.7183
 156.000       3.7197
 157.000       2.7627
 158.000       2.0520
 159.000       1.8019
 160.000       2.0278
 161.000       1.6524
 162.000       1.3659
 163.000       1.8203
 164.000       1.9214
 165.000       1.4824
 166.000       1.2215
 167.000       1.1071
 168.000       0.9074
 169.000       1.0414
 170.000       1.0318
 171.000       0.9023
 172.000       0.8401
 173.000       0.9238
 174.000       0.9584
 175.000       0.9306
 176.000       0.8590
 177.000       0.8554
 178.000       0.9500
 179.000       0.9801
 180.000       1.1044
 181.000       1.3930
 182.000       1.3177
 183.000       1.0995
 184.000       1.3240
 185.000       1.3018
 186.000       1.1373
 187.000       1.2913
 188.000       1.3860
 189.000       1.2024
 190.000       1.0051
 191.000       1.0100
 192.000       0.8956
 193.000       0.8412
 194.000       0.8783
 195.000       0.8566
 196.000       0.7784
 197.000       0.7920
 198.000       0.8256
 199.000       0.8304
 200.000       0.7613
 201.000       0.7691
 202.000       0.8317
 203.000       0.7522
 204.000       0.6708
 205.000       0.6948
 206.000       0.7957
 207.000       0.7769
 208.000       0.7696
 209.000       0.9652
 210.000       1.1486
 211.000       1.0364
 212.000       1.0551
 213.000       1.0858
 214.000       0.9941
 215.000       0.9411
 216.000       1.0325
 217.000       1.1163
 218.000       0.9519
 219.000       0.8522
 220.000       0.9066
 221.000       0.8672
 222.000       0.7910
 223.000       0.8497
 224.000       0.9320
 225.000       0.8845
 226.000       0.7671
 227.000       0.7922
 228.000       0.8710
 229.000       0.7770
 230.000       0.7731
 231.000       0.9110
 232.000       0.9421
 233.000       0.8540
 234.000       0.9187
 235.000       0.9800
 236.000       0.9312
 237.000       0.9804
 238.000       1.0505
 239.000       1.0611
 240.000       1.0433
 241.000       1.0571
 242.000       1.1241
 243.000       1.3260
 244.000       1.0886
 245.000       1.0604
 246.000       0.9581
 247.000       0.9809
 248.000       1.0978
 249.000       1.0372
 250.000       0.9556
 251.000       1.0930
 252.000       1.2650
 253.000       1.3101
 254.000       1.2989
 255.000       1.3424
 256.000       1.3939
 257.000       1.1982
 258.000       1.1470
 259.000       1.4027
 260.000       1.2036
 261.000       1.1943
 262.000       1.1184
 263.000       0.9538
 264.000       0.9226
 265.000       0.9205
 266.000       0.8555
 267.000       0.7854
 268.000       0.8389
 269.000       0.8600
 270.000       0.7490
 271.000       0.7163
 272.000       0.8467
 273.000       0.8127
 274.000       0.6951
 275.000       0.5986
 276.000       0.5374
 277.000       0.6006
 278.000       0.9330
 279.000       1.3587
 280.000       0.8989
 281.000       1.4119
 282.000       0.5442
 283.000       0.5036
 284.000       0.6428
 285.000       0.5296
 286.000       0.5820
 287.000       0.7244
 288.000       0.8806
 289.000       0.9421
 290.000       0.9973
 291.000       1.0471
 292.000       0.9865
 293.000       0.8281
 294.000       0.7817
 295.000       0.6458
 296.000       0.7165
 297.000       0.7503
 298.000       0.6609
 299.000       0.6313
 300.000       0.6779
 301.000       0.6794
 302.000       0.6115
 303.000       0.6331
 304.000       0.6869
 305.000       0.6655
 306.000       0.6183
 307.000       0.7811
 308.000       0.8511
 309.000       0.7857
 310.000       0.8088
 311.000       0.8888
 312.000       0.8922
 313.000       0.8023
 314.000       0.8391
 315.000       0.8742
 316.000       0.8376
 317.000       0.8184
 318.000       0.8670
 319.000       0.8798
 320.000       0.8784
 321.000       0.9297
 322.000       0.9077
 323.000       0.8653
 324.000       0.8979
 325.000       0.8830
 326.000       0.8926
 327.000       0.9513
 328.000       0.9652
 329.000       0.9367
 330.000       1.0096
 331.000       1.1075
 332.000       1.0839
 333.000       1.0441
 334.000       1.2204
 335.000       1.4306
 336.000       1.4307
 337.000       1.5702
 338.000       1.8737
 339.000       2.0706
 340.000       2.1757
 341.000       2.4434
 342.000       2.8932
 343.000       3.1033
 344.000       3.1961
 345.000       4.0758
 346.000       3.8891
 347.000       5.0427
 348.000       5.2493
 349.000       4.8407
 350.000       4.0639
 351.000       3.1322
 352.000       3.2647
 353.000       3.0394
 354.000       3.6916
 355.000       3.3465
 356.000       2.5804
 357.000       2.8929
 358.000       3.3871
 359.000       2.9921
 360.000       2.7418
 361.000       3.3845
 362.000       3.5656
 363.000       3.2263
 364.000       3.5095
 365.000       4.0759
 366.000       4.0767
 367.000       4.0714
 368.000       3.9562
 369.000       4.0939
 370.000       3.6779
 371.000       3.1915
 372.000       3.4396
 373.000       3.3811
 374.000       2.7301
 375.000       2.5125
 376.000       1.9235
 377.000       1.7318
 378.000       1.7586
 379.000       1.3290
 380.000       1.6211
 381.000       1.6541
 382.000       1.3129
 383.000       1.2967
 384.000       1.0235
 385.000       1.0523
 386.000       1.2939
 387.000       1.3538
 388.000       1.9202
 389.000       1.8942
 390.000       1.9584
 391.000       2.1103
 392.000       1.7669
 393.000       1.7395
 394.000       1.0089
 395.000       0.8297
 396.000       0.7852
 397.000       0.8347
 398.000       0.8577
 399.000       0.7974
 400.000       0.7758
 401.000       0.8289
 402.000       0.8433
 403.000       0.8561
 404.000       0.9332
 405.000       0.9488
 406.000       0.9099
 407.000       0.9910
 408.000       0.9360
 409.000       0.8483
 410.000       0.8635
 411.000       0.8383
 412.000       0.7944
 413.000       0.8048
 414.000       0.7435
 415.000       0.6991
 416.000       0.6892
 417.000       0.6456
 418.000       0.6257
 419.000       0.6203
 420.000       0.6141
 421.000       0.5920
 422.000       0.5723
 423.000       0.5873
 424.000       0.6007
 425.000       0.5961
 426.000       0.5748
 427.000       0.5506
 428.000       0.5793
 429.000       0.7070
 430.000       0.7227
 431.000       0.5732
 432.000       0.6645
 433.000       0.8091
 434.000       0.7142
 435.000       0.6799
 436.000       0.7194
 437.000       0.7472
 438.000       0.7471
 439.000       0.7648
 440.000       0.7990
 441.000       0.8151
 442.000       0.8750
 443.000       1.1833
 444.000       1.3372
 445.000       1.1972
 446.000       1.4286
 447.000       1.6846
 448.000       1.9545
 449.000       1.4408
 450.000       1.2615
 451.000       1.1113
 452.000       1.0145
 453.000       1.0685
 454.000       1.0145
 455.000       0.8078
 456.000       0.8449
 457.000       0.9717
 458.000       0.8331
 459.000       0.7114
 460.000       0.8603
 461.000       0.9418
 462.000       0.7634
 463.000       0.7713
 464.000       0.9033
 465.000       0.8395
 466.000       0.8173
 467.000       0.8677
 468.000       0.8706
 469.000       0.8711
 470.000       0.9764
 471.000       0.9413
 472.000       0.9695
 473.000       0.9211
 474.000       0.8057
 475.000       0.7623
 476.000       0.7956
 477.000       0.7478
 478.000       0.7043
 479.000       0.7428
 480.000       0.7702
 481.000       0.8255
 482.000       0.8182
 483.000       0.8051
 484.000       0.8373
 485.000       1.2396
 486.000       1.6027
 487.000       1.2514
 488.000       0.8712
 489.000       0.6895
 490.000       0.6929
 491.000       0.7097
 492.000       0.6482
 493.000       0.5777
 494.000       0.6485
 495.000       0.6811
 496.000       0.6358
 497.000       0.5777
 498.000       0.6109
 499.000       0.7032
 500.000       0.6682
 501.000       0.6474
 502.000       0.7046
 503.000       0.8130
 504.000       0.7557
 505.000       0.7385
 506.000       0.7400
 507.000       0.7227
 508.000       0.8206
 509.000       0.8407
 510.000       0.7366
 511.000       0.8033
 512.000       0.8315
 513.000       0.7659
 514.000       0.7678
 515.000       0.8561
 516.000       0.9161
 517.000       0.9553
 518.000       1.0072
 519.000       1.0979
 520.000       1.2113
 521.000       1.1497
 522.000       0.9896
 523.000       0.8885
 524.000       0.9226
 525.000       0.8831
 526.000       0.7745
 527.000       0.7675
 528.000       0.7942
 529.000       0.7499
 530.000       0.7319
 531.000       0.7905
 532.000       0.8370
 533.000       0.7440
 534.000       0.6966
 535.000       0.7156
 536.000       0.8072
 537.000       0.7839
 538.000       0.7546
 539.000       0.7985
 540.000       0.8653
 541.000       0.8485
 542.000       0.8341
 543.000       0.8721
 544.000       0.8730
 545.000       0.8427
 546.000       0.8810
 547.000       0.9337
 548.000       0.9383
 549.000       0.9826
 550.000       1.1095
 551.000       1.1840
 552.000       1.2878
 553.000       1.3612
 554.000       1.3500
 555.000       1.2629
 556.000       1.2318
 557.000       1.4654
 558.000       1.3422
 559.000       1.4052
 560.000       2.3714
 561.000       3.0241
 562.000       3.7741
 563.000       4.6018
 564.000       4.0704
 565.000       4.2616
 566.000       4.0705
 567.000       4.1298
 568.000       2.9656
 569.000       2.1534
 570.000       1.7511
 571.000       1.4062
 572.000       1.2223
 573.000       1.2347
 574.000       1.1137
 575.000       1.1856
 576.000       1.2077
 577.000       1.0757
 578.000       0.9126
 579.000       0.9761
 580.000       1.0262
 581.000       0.9608
 582.000       0.9453
 583.000       0.8913
 584.000       0.9193
 585.000       0.9332
 586.000       0.8486
 587.000       0.8082
 588.000       0.7886
 589.000       0.7063
 590.000       0.7499
 591.000       0.7893
 592.000       0.7259
 593.000       0.7045
 594.000       0.8044
 595.000       0.8723
 596.000       0.8222
 597.000       0.8544
 598.000       1.0003
 599.000       1.0460
 600.000       1.0713
 601.000       1.1997
 602.000       1.3666
 603.000       1.4476
 604.000       2.3872
 605.000       4.2329
 608.000       1.4834
