#Res        AtomicFlx
   1.000      16.0451
   2.000      13.7209
   3.000      11.5704
   4.000       9.2777
   5.000       7.2976
   6.000       5.5836
   7.000       4.4386
   8.000       4.4895
   9.000       3.7321
  10.000       2.2340
  11.000       1.7653
  12.000       1.9633
  13.000       2.1068
  14.000       2.6242
  15.000       3.2639
  16.000       3.0683
  17.000       3.1538
  18.000       3.9200
  19.000       4.3041
  20.000       4.4146
  21.000       4.7603
  22.000       5.5968
  23.000       6.1216
  24.000       6.2630
  25.000       6.0173
  26.000       4.8909
  27.000       3.0022
  28.000       2.2052
  29.000       1.7495
  30.000       1.3539
  31.000       1.1856
  32.000       1.6917
  33.000       1.0978
  34.000       0.9541
  35.000       0.9444
  36.000       0.8501
  37.000       0.6863
  38.000       0.6813
  39.000       0.6764
  40.000       0.6152
  41.000       0.5742
  42.000       0.6502
  43.000       0.6332
  44.000       0.5369
  45.000       0.6164
  46.000       0.6880
  47.000       0.6675
  48.000       0.6679
  49.000       0.8352
  50.000       0.9174
  51.000       0.9142
  52.000       1.1960
  53.000       0.8660
  54.000       0.8126
  55.000       0.8296
  56.000       0.9372
  57.000       0.9331
  58.000       0.9031
  59.000       1.0301
  60.000       1.1483
  61.000       1.1439
  62.000       1.3065
  63.000       1.2706
  64.000       1.5760
  65.000       1.4604
  66.000       1.4540
  67.000       1.5763
  68.000       1.7688
  69.000       1.6618
  70.000       1.4292
  71.000       1.3403
  72.000       1.3358
  73.000       1.2900
  74.000       1.1706
  75.000       1.0580
  76.000       1.0470
  77.000       1.1327
  78.000       1.0226
  79.000       0.8499
  80.000       0.7370
  81.000       0.6668
  82.000       0.6230
  83.000       0.6378
  84.000       0.6324
  85.000       0.5735
  86.000       0.5624
  87.000       0.6318
  88.000       0.6584
  89.000       0.6347
  90.000       0.6932
  91.000       0.7796
  92.000       0.8665
  93.000       0.8282
  94.000       0.8020
  95.000       0.7209
  96.000       0.7060
  97.000       0.7090
  98.000       0.7676
  99.000       0.7323
 100.000       0.7846
 101.000       0.9029
 102.000       0.9345
 103.000       0.9062
 104.000       0.8993
 105.000       0.9746
 106.000       0.9331
 107.000       0.8137
 108.000       0.7812
 109.000       0.6942
 110.000       0.6145
 111.000       0.6310
 112.000       0.6464
 113.000       0.6358
 114.000       0.6042
 115.000       0.5949
 116.000       0.6468
 117.000       0.6259
 118.000       0.5670
 119.000       0.6115
 120.000       0.6745
 121.000       0.6137
 122.000       0.6356
 123.000       0.6465
 124.000       0.8683
 125.000       0.6845
 126.000       0.6934
 127.000       0.7012
 128.000       0.6657
 129.000       0.6773
 130.000       0.7443
 131.000       0.7563
 132.000       0.7227
 133.000       0.7865
 134.000       0.8055
 135.000       0.8276
 136.000       0.9272
 137.000       0.9927
 138.000       0.9595
 139.000       1.0809
 140.000       1.1690
 141.000       1.3143
 142.000       1.4402
 143.000       1.3928
 144.000       1.0782
 145.000       1.0769
 146.000       1.0309
 147.000       1.1655
 148.000       1.2958
 149.000       1.3523
 150.000       1.5410
 151.000       1.9025
 152.000       2.2361
 153.000       2.8427
 154.000       3.3697
 155.000       3.1405
 156.000       3.0924
 157.000       2.4385
 158.000       1.8344
 159.000       1.6748
 160.000       1.8246
 161.000       1.5544
 162.000       1.3235
 163.000       1.6216
 164.000       1.6896
 165.000       1.4358
 166.000       1.2430
 167.000       1.1405
 168.000       1.0159
 169.000       1.0899
 170.000       1.0845
 171.000       0.9555
 172.000       0.8977
 173.000       0.9716
 174.000       1.0425
 175.000       1.0487
 176.000       0.9389
 177.000       0.9392
 178.000       1.0494
 179.000       1.0896
 180.000       1.6239
 181.000       1.7273
 182.000       1.6922
 183.000       1.6288
 184.000       2.1267
 185.000       2.2457
 186.000       2.5463
 187.000       2.0510
 188.000       1.8019
 189.000       1.6468
 190.000       1.1631
 191.000       1.1329
 192.000       1.0125
 193.000       0.9036
 194.000       0.8950
 195.000       0.8676
 196.000       0.7870
 197.000       0.7400
 198.000       0.7651
 199.000       0.7563
 200.000       0.7122
 201.000       0.6866
 202.000       0.7277
 203.000       0.7264
 204.000       0.7554
 205.000       0.7709
 206.000       0.8690
 207.000       1.0137
 208.000       1.1319
 209.000       1.2957
 210.000       2.3555
 211.000       2.4836
 212.000       1.7942
 213.000       1.6695
 214.000       1.4090
 215.000       0.9820
 216.000       0.8507
 217.000       0.9405
 218.000       0.8357
 219.000       0.8277
 220.000       0.8701
 221.000       0.8467
 222.000       0.7392
 223.000       0.9201
 224.000       1.0792
 225.000       0.9233
 226.000       0.7876
 227.000       0.8795
 228.000       0.9575
 229.000       0.8654
 230.000       0.8399
 231.000       0.9737
 232.000       0.9966
 233.000       0.9195
 234.000       0.9950
 235.000       1.0919
 236.000       1.0313
 237.000       1.0327
 238.000       1.1563
 239.000       1.1949
 240.000       1.1509
 241.000       1.2469
 242.000       1.3001
 243.000       1.3835
 244.000       1.3947
 245.000       1.2591
 246.000       1.1421
 247.000       1.1769
 248.000       1.2570
 249.000       1.1670
 250.000       1.0859
 251.000       1.2042
 252.000       1.2664
 253.000       1.2334
 254.000       1.5506
 255.000       1.7611
 256.000       2.1867
 257.000       1.8607
 258.000       1.7080
 259.000       2.1290
 260.000       1.7688
 261.000       1.8444
 262.000       1.6161
 263.000       1.2686
 264.000       1.3473
 265.000       1.3685
 266.000       1.0783
 267.000       0.9210
 268.000       1.0318
 269.000       0.9315
 270.000       0.8130
 271.000       1.0493
 272.000       1.3631
 273.000       1.2676
 274.000       0.8438
 275.000       0.6435
 276.000       0.6855
 277.000       0.6832
 278.000       0.6471
 279.000       0.6555
 280.000       0.7044
 281.000       0.6632
 282.000       0.5754
 283.000       0.5871
 284.000       0.6262
 285.000       0.5649
 286.000       0.6125
 287.000       0.7319
 288.000       0.7894
 289.000       0.8580
 290.000       1.0242
 291.000       1.1579
 292.000       1.0222
 293.000       0.8492
 294.000       0.8793
 295.000       0.7551
 296.000       0.7550
 297.000       0.8426
 298.000       0.7829
 299.000       0.7029
 300.000       0.7981
 301.000       0.8257
 302.000       0.7317
 303.000       0.7451
 304.000       0.8485
 305.000       0.8252
 306.000       0.7646
 307.000       0.9223
 308.000       1.0039
 309.000       0.9134
 310.000       0.9267
 311.000       0.9821
 312.000       0.9639
 313.000       0.8841
 314.000       0.9026
 315.000       0.9275
 316.000       0.8976
 317.000       0.8636
 318.000       0.9271
 319.000       0.9472
 320.000       0.9754
 321.000       1.0753
 322.000       1.0318
 323.000       1.0047
 324.000       1.0784
 325.000       1.0050
 326.000       1.0374
 327.000       1.1501
 328.000       1.1211
 329.000       1.0985
 330.000       1.2668
 331.000       1.3663
 332.000       1.2949
 333.000       1.3588
 334.000       1.5885
 335.000       1.7272
 336.000       1.7199
 337.000       1.9484
 338.000       2.2253
 339.000       2.3296
 340.000       2.4796
 341.000       2.8217
 342.000       3.1485
 343.000       3.2952
 344.000       3.4813
 345.000       4.4819
 346.000       4.5150
 347.000       5.4534
 348.000       5.4949
 349.000       4.9914
 350.000       4.9317
 351.000       3.3687
 352.000       3.1761
 353.000       2.9302
 354.000       3.6857
 355.000       3.5965
 356.000       2.8738
 357.000       3.1088
 358.000       3.6776
 359.000       3.3426
 360.000       2.9959
 361.000       3.6277
 362.000       3.9104
 363.000       3.5475
 364.000       3.7152
 365.000       4.3493
 366.000       4.4208
 367.000       4.3053
 368.000       4.0804
 369.000       4.2223
 370.000       3.8596
 371.000       3.3180
 372.000       3.4752
 373.000       3.4562
 374.000       2.8303
 375.000       2.5707
 376.000       2.0368
 377.000       1.9029
 378.000       2.0943
 379.000       1.4287
 380.000       1.6042
 381.000       1.6110
 382.000       1.3977
 383.000       1.3594
 384.000       1.1523
 385.000       1.2410
 386.000       1.3888
 387.000       1.4510
 388.000       2.1319
 389.000       1.6900
 390.000       1.6376
 391.000       1.6186
 392.000       1.1968
 393.000       0.9653
 394.000       0.8362
 395.000       0.8004
 396.000       0.7978
 397.000       0.8292
 398.000       0.8512
 399.000       0.7763
 400.000       0.7951
 401.000       0.8737
 402.000       0.8733
 403.000       0.8561
 404.000       0.9247
 405.000       1.0112
 406.000       1.0389
 407.000       1.1674
 408.000       1.1052
 409.000       0.9982
 410.000       0.9807
 411.000       0.9487
 412.000       0.8683
 413.000       0.8279
 414.000       0.8283
 415.000       0.8103
 416.000       0.7329
 417.000       0.6984
 418.000       0.7028
 419.000       0.6866
 420.000       0.6376
 421.000       0.6327
 422.000       0.6355
 423.000       0.5999
 424.000       0.5900
 425.000       0.5607
 426.000       0.5462
 427.000       0.5320
 428.000       0.5646
 429.000       0.6448
 430.000       0.5984
 431.000       0.5136
 432.000       0.5883
 433.000       0.6718
 434.000       0.6320
 435.000       0.6110
 436.000       0.6648
 437.000       0.7131
 438.000       0.7552
 439.000       0.8142
 440.000       0.9162
 441.000       0.9395
 442.000       1.0083
 443.000       1.3415
 444.000       1.3516
 445.000       1.5254
 446.000       1.8618
 447.000       2.1628
 448.000       2.9226
 449.000       1.8872
 450.000       1.3775
 451.000       1.1295
 452.000       1.1648
 453.000       1.1668
 454.000       0.9787
 455.000       0.7824
 456.000       0.8242
 457.000       0.9126
 458.000       0.7782
 459.000       0.6993
 460.000       0.8429
 461.000       0.9129
 462.000       0.7460
 463.000       0.7828
 464.000       0.9689
 465.000       0.9183
 466.000       0.8934
 467.000       1.0432
 468.000       1.0478
 469.000       0.9813
 470.000       0.9630
 471.000       0.9886
 472.000       1.0576
 473.000       1.0525
 474.000       0.9028
 475.000       0.9038
 476.000       0.9814
 477.000       0.9178
 478.000       0.8065
 479.000       0.9779
 480.000       1.0614
 481.000       0.9642
 482.000       0.9754
 483.000       1.2106
 484.000       1.4518
 485.000       1.9477
 486.000       1.9982
 487.000       1.5875
 488.000       1.3482
 489.000       0.9528
 490.000       0.9072
 491.000       0.9239
 492.000       0.7415
 493.000       0.6166
 494.000       0.7377
 495.000       0.7546
 496.000       0.6889
 497.000       0.6530
 498.000       0.7333
 499.000       0.8145
 500.000       0.7437
 501.000       0.7847
 502.000       1.0401
 503.000       1.0356
 504.000       0.9119
 505.000       0.9337
 506.000       0.9667
 507.000       0.9937
 508.000       1.0966
 509.000       1.0205
 510.000       0.9058
 511.000       0.9809
 512.000       1.0816
 513.000       1.1388
 514.000       1.1600
 515.000       1.2508
 516.000       1.4643
 517.000       1.4984
 518.000       1.5742
 519.000       1.4677
 520.000       1.3780
 521.000       1.3008
 522.000       1.1550
 523.000       1.2539
 524.000       1.2791
 525.000       1.0802
 526.000       0.9624
 527.000       1.1071
 528.000       1.1205
 529.000       0.9274
 530.000       0.8313
 531.000       0.9716
 532.000       1.0836
 533.000       1.0121
 534.000       0.9302
 535.000       0.9608
 536.000       1.0222
 537.000       1.0033
 538.000       0.9866
 539.000       1.1005
 540.000       1.1142
 541.000       1.0024
 542.000       1.1652
 543.000       1.4464
 544.000       1.2640
 545.000       1.1129
 546.000       1.9012
 547.000       2.2523
 548.000       1.8265
 549.000       1.8556
 550.000       2.2797
 551.000       2.4940
 552.000       2.0598
 553.000       1.7668
 554.000       1.5232
 555.000       1.4567
 556.000       1.3961
 557.000       1.5154
 558.000       1.6700
 559.000       1.6491
 560.000       2.1442
 561.000       3.2427
 562.000       3.7900
 563.000       4.8874
 564.000       4.8158
 565.000       4.5161
 566.000       3.6073
 567.000       3.9413
 568.000       3.5007
 569.000       2.5442
 570.000       2.0655
 571.000       1.6310
 572.000       1.5152
 573.000       1.5410
 574.000       1.4190
 575.000       1.5687
 576.000       1.6089
 577.000       1.4774
 578.000       1.2857
 579.000       1.3435
 580.000       1.3940
 581.000       1.3537
 582.000       1.3096
 583.000       1.3335
 584.000       1.4025
 585.000       1.4606
 586.000       1.3910
 587.000       1.3151
 588.000       1.1843
 589.000       0.9535
 590.000       1.0548
 591.000       1.0455
 592.000       0.8936
 593.000       0.8048
 594.000       0.9529
 595.000       1.0401
 596.000       0.9441
 597.000       0.9428
 598.000       1.1059
 599.000       1.1900
 600.000       1.1735
 601.000       1.2650
 602.000       1.4494
 603.000       1.5595
 604.000       1.7181
 605.000       2.4476
 608.000       0.9885
