#Res        AtomicFlx
   1.000       1.4447
   2.000       1.3893
   3.000       1.9096
   4.000       1.9053
   5.000       2.0453
   6.000       2.2766
   7.000       2.1290
   8.000       2.3903
   9.000       2.0680
  10.000       1.5462
  11.000       1.0594
  12.000       0.9892
  13.000       1.0560
  14.000       1.0835
  15.000       1.2855
  16.000       1.1633
  17.000       1.0677
  18.000       1.3452
  19.000       1.4280
  20.000       1.3272
  21.000       1.8578
  22.000       2.1468
  23.000       2.0929
  24.000       2.1102
  25.000       2.5988
  26.000       2.7489
  27.000       2.5562
  28.000       1.5068
  29.000       1.2170
  30.000       1.0910
  31.000       1.0848
  32.000       1.4967
  33.000       1.0722
  34.000       0.8998
  35.000       0.8091
  36.000       0.7184
  37.000       0.5982
  38.000       0.6132
  39.000       0.6199
  40.000       0.5404
  41.000       0.4661
  42.000       0.5259
  43.000       0.5680
  44.000       0.4473
  45.000       0.4453
  46.000       0.5416
  47.000       0.5325
  48.000       0.5356
  49.000       0.5769
  50.000       0.6291
  51.000       0.6905
  52.000       0.7030
  53.000       0.6167
  54.000       0.6382
  55.000       0.6872
  56.000       0.6997
  57.000       0.6830
  58.000       0.7536
  59.000       0.8256
  60.000       0.8172
  61.000       0.8740
  62.000       1.0688
  63.000       1.1067
  64.000       0.8962
  65.000       0.9145
  66.000       0.8963
  67.000       0.9050
  68.000       0.8472
  69.000       0.8483
  70.000       0.9541
  71.000       0.8593
  72.000       0.7025
  73.000       0.8040
  74.000       0.8666
  75.000       0.7121
  76.000       0.6002
  77.000       0.5662
  78.000       0.6387
  79.000       0.5611
  80.000       0.4812
  81.000       0.4131
  82.000       0.3989
  83.000       0.4434
  84.000       0.4242
  85.000       0.3875
  86.000       0.4074
  87.000       0.4620
  88.000       0.4689
  89.000       0.5177
  90.000       0.5182
  91.000       0.5532
  92.000       0.6035
  93.000       0.6792
  94.000       0.6620
  95.000       0.6984
  96.000       0.6226
  97.000       0.6750
  98.000       0.6745
  99.000       0.5736
 100.000       0.6219
 101.000       0.7577
 102.000       0.7798
 103.000       0.7649
 104.000       0.8520
 105.000       0.9234
 106.000       0.9743
 107.000       0.8042
 108.000       0.7666
 109.000       0.6695
 110.000       0.5242
 111.000       0.5772
 112.000       0.5907
 113.000       0.5360
 114.000       0.5254
 115.000       0.5694
 116.000       0.5508
 117.000       0.5076
 118.000       0.5599
 119.000       0.5972
 120.000       0.5692
 121.000       0.4999
 122.000       0.5571
 123.000       0.5877
 124.000       0.5820
 125.000       0.5217
 126.000       0.5258
 127.000       0.5626
 128.000       0.5658
 129.000       0.5786
 130.000       0.6377
 131.000       0.6543
 132.000       0.6574
 133.000       0.6862
 134.000       0.6917
 135.000       0.7253
 136.000       0.7821
 137.000       0.8063
 138.000       0.8409
 139.000       0.9585
 140.000       1.1220
 141.000       1.2774
 142.000       1.3811
 143.000       1.3507
 144.000       1.0040
 145.000       1.0007
 146.000       1.0178
 147.000       1.1381
 148.000       1.2659
 149.000       1.2223
 150.000       1.3713
 151.000       1.6648
 152.000       1.9023
 153.000       2.4422
 154.000       2.9278
 155.000       2.6505
 156.000       2.6459
 157.000       2.0664
 158.000       1.6023
 159.000       1.4336
 160.000       1.5377
 161.000       1.3333
 162.000       1.1916
 163.000       1.4370
 164.000       1.5266
 165.000       1.3247
 166.000       1.1763
 167.000       1.0451
 168.000       1.0150
 169.000       0.9971
 170.000       0.9678
 171.000       0.8513
 172.000       0.8027
 173.000       0.8624
 174.000       0.8971
 175.000       0.8739
 176.000       0.7884
 177.000       0.7821
 178.000       0.8385
 179.000       0.8638
 180.000       0.9189
 181.000       1.3462
 182.000       1.5491
 183.000       1.6238
 184.000       1.9095
 185.000       1.7916
 186.000       2.3593
 187.000       1.3739
 188.000       1.1066
 189.000       0.8964
 190.000       0.8017
 191.000       0.8124
 192.000       0.8049
 193.000       0.7827
 194.000       0.7732
 195.000       0.7445
 196.000       0.6771
 197.000       0.6499
 198.000       0.7083
 199.000       0.7023
 200.000       0.6378
 201.000       0.6344
 202.000       0.7332
 203.000       0.7176
 204.000       0.6649
 205.000       0.7305
 206.000       0.8262
 207.000       0.8067
 208.000       0.8482
 209.000       1.1002
 210.000       1.2476
 211.000       1.0581
 212.000       1.0004
 213.000       1.1324
 214.000       1.0105
 215.000       0.8184
 216.000       0.9281
 217.000       0.9514
 218.000       0.7966
 219.000       0.9118
 220.000       1.0247
 221.000       0.8207
 222.000       0.6160
 223.000       0.7134
 224.000       0.8817
 225.000       0.8144
 226.000       0.7454
 227.000       0.8298
 228.000       0.9127
 229.000       0.8643
 230.000       0.8136
 231.000       0.8866
 232.000       0.9180
 233.000       0.8836
 234.000       0.9297
 235.000       0.9663
 236.000       0.9391
 237.000       1.0272
 238.000       1.1241
 239.000       1.1396
 240.000       1.1611
 241.000       1.2868
 242.000       1.2464
 243.000       1.7207
 244.000       1.0843
 245.000       1.1469
 246.000       1.0264
 247.000       0.9731
 248.000       1.0401
 249.000       1.0119
 250.000       0.8973
 251.000       0.9563
 252.000       1.1039
 253.000       1.4571
 254.000       1.7878
 255.000       2.1762
 256.000       2.4518
 257.000       2.6494
 258.000       2.6436
 259.000       3.3539
 260.000       2.7983
 261.000       2.2204
 262.000       1.4431
 263.000       1.0885
 264.000       0.9059
 265.000       0.8028
 266.000       0.7778
 267.000       0.7931
 268.000       0.6715
 269.000       0.6016
 270.000       0.5949
 271.000       0.5690
 272.000       0.5275
 273.000       0.5335
 274.000       0.5978
 275.000       0.5784
 276.000       0.4154
 277.000       0.4292
 278.000       0.4719
 279.000       0.4613
 280.000       0.6231
 281.000       0.5349
 282.000       0.4599
 283.000       0.4419
 284.000       0.5256
 285.000       0.5064
 286.000       0.4898
 287.000       0.5805
 288.000       0.6934
 289.000       0.6695
 290.000       0.7951
 291.000       0.7916
 292.000       0.8371
 293.000       0.7229
 294.000       0.7090
 295.000       0.6120
 296.000       0.6378
 297.000       0.6632
 298.000       0.5783
 299.000       0.5302
 300.000       0.6238
 301.000       0.6260
 302.000       0.5225
 303.000       0.5612
 304.000       0.6595
 305.000       0.6201
 306.000       0.5702
 307.000       0.6829
 308.000       0.7468
 309.000       0.6772
 310.000       0.6583
 311.000       0.7374
 312.000       0.7446
 313.000       0.7214
 314.000       0.7649
 315.000       0.7917
 316.000       0.7831
 317.000       0.7863
 318.000       0.8361
 319.000       0.8620
 320.000       0.9091
 321.000       1.0645
 322.000       1.0186
 323.000       0.9867
 324.000       1.0359
 325.000       0.9927
 326.000       1.0240
 327.000       1.0979
 328.000       1.0360
 329.000       0.9576
 330.000       1.1211
 331.000       1.2254
 332.000       1.1268
 333.000       1.2066
 334.000       1.4820
 335.000       1.6041
 336.000       1.6087
 337.000       1.8517
 338.000       2.1153
 339.000       2.2371
 340.000       2.4353
 341.000       2.7381
 342.000       2.9937
 343.000       3.0741
 344.000       3.3984
 345.000       3.8012
 346.000       3.7287
 347.000       4.1726
 348.000       4.0518
 349.000       4.1794
 350.000       4.2220
 351.000       4.1319
 352.000       4.9264
 353.000       5.1575
 354.000       5.7995
 355.000       4.7703
 356.000       3.8806
 357.000       4.5881
 358.000       4.6776
 359.000       3.6154
 360.000       3.7740
 361.000       4.6005
 362.000       4.1014
 363.000       3.6294
 364.000       4.5628
 365.000       4.8992
 366.000       4.3294
 367.000       4.7592
 368.000       4.9520
 369.000       5.0067
 370.000       4.1198
 371.000       3.5021
 372.000       3.9522
 373.000       3.8912
 374.000       2.9448
 375.000       2.7292
 376.000       2.1184
 377.000       1.8406
 378.000       2.0360
 379.000       1.3254
 380.000       1.6361
 381.000       1.7315
 382.000       1.4846
 383.000       1.3575
 384.000       1.1417
 385.000       1.2124
 386.000       1.2461
 387.000       1.5923
 388.000       1.1040
 389.000       1.0124
 390.000       1.0080
 391.000       1.0714
 392.000       0.9274
 393.000       0.9576
 394.000       0.8954
 395.000       0.8230
 396.000       0.8081
 397.000       0.8535
 398.000       0.9203
 399.000       0.8281
 400.000       0.8390
 401.000       0.9475
 402.000       0.9644
 403.000       0.9337
 404.000       1.0121
 405.000       1.1031
 406.000       1.1173
 407.000       1.2239
 408.000       1.1118
 409.000       1.0172
 410.000       0.9795
 411.000       0.9358
 412.000       0.8616
 413.000       0.8295
 414.000       0.8240
 415.000       0.7769
 416.000       0.7023
 417.000       0.6429
 418.000       0.6324
 419.000       0.6120
 420.000       0.5689
 421.000       0.5411
 422.000       0.5313
 423.000       0.5146
 424.000       0.5065
 425.000       0.4819
 426.000       0.4978
 427.000       0.4803
 428.000       0.5529
 429.000       0.6293
 430.000       0.7165
 431.000       0.6972
 432.000       0.7232
 433.000       0.8813
 434.000       1.8518
 435.000       1.2237
 436.000       1.6538
 437.000       1.9909
 438.000       2.1374
 439.000       1.9338
 440.000       2.3602
 441.000       2.6543
 442.000       2.5429
 443.000       2.7022
 444.000       2.3586
 445.000       1.9238
 446.000       2.2192
 447.000       2.2976
 448.000       2.3559
 449.000       1.6727
 450.000       1.2976
 451.000       1.2469
 452.000       1.1506
 453.000       1.1006
 454.000       1.1055
 455.000       0.9505
 456.000       0.8920
 457.000       0.9547
 458.000       0.8701
 459.000       0.7476
 460.000       0.8237
 461.000       0.8801
 462.000       0.7147
 463.000       0.6944
 464.000       0.8230
 465.000       0.8104
 466.000       0.7424
 467.000       0.7620
 468.000       0.7481
 469.000       0.6848
 470.000       0.7396
 471.000       0.7585
 472.000       0.7994
 473.000       0.8345
 474.000       0.7232
 475.000       0.7109
 476.000       0.7661
 477.000       0.6976
 478.000       0.6214
 479.000       0.7020
 480.000       0.7783
 481.000       0.7046
 482.000       0.6269
 483.000       0.7500
 484.000       0.6787
 485.000       0.6535
 486.000       0.6854
 487.000       0.6326
 488.000       0.6606
 489.000       0.5695
 490.000       0.5177
 491.000       0.5905
 492.000       0.5624
 493.000       0.4667
 494.000       0.4828
 495.000       0.5600
 496.000       0.5179
 497.000       0.4760
 498.000       0.5850
 499.000       0.6606
 500.000       0.6317
 501.000       0.6254
 502.000       0.7452
 503.000       0.8095
 504.000       0.7467
 505.000       0.7198
 506.000       0.7661
 507.000       0.8546
 508.000       0.8706
 509.000       0.7616
 510.000       0.6543
 511.000       0.7133
 512.000       0.7479
 513.000       0.6865
 514.000       0.7195
 515.000       0.8122
 516.000       0.8672
 517.000       0.9441
 518.000       1.1845
 519.000       1.2626
 520.000       1.1886
 521.000       1.1330
 522.000       0.8626
 523.000       0.9266
 524.000       0.9801
 525.000       0.8937
 526.000       0.7111
 527.000       0.7671
 528.000       0.8617
 529.000       0.6698
 530.000       0.5794
 531.000       0.7014
 532.000       0.7531
 533.000       0.6757
 534.000       0.5757
 535.000       0.6329
 536.000       0.7088
 537.000       0.6502
 538.000       0.6342
 539.000       0.7498
 540.000       0.7592
 541.000       0.6986
 542.000       0.7993
 543.000       0.8922
 544.000       0.8276
 545.000       0.8245
 546.000       1.0562
 547.000       1.1255
 548.000       0.9556
 549.000       1.0761
 550.000       1.4340
 551.000       1.4518
 552.000       1.4478
 553.000       1.4530
 554.000       1.3576
 555.000       1.2417
 556.000       1.2192
 557.000       1.2108
 558.000       1.2412
 559.000       1.2156
 560.000       1.4951
 561.000       1.5465
 562.000       1.9172
 563.000       1.9851
 564.000       2.7423
 565.000       2.7572
 566.000       2.5999
 567.000       2.7607
 568.000       2.3048
 569.000       1.5882
 570.000       1.6229
 571.000       1.3870
 572.000       1.2659
 573.000       1.2642
 574.000       1.1991
 575.000       1.2977
 576.000       1.3147
 577.000       1.1106
 578.000       0.9871
 579.000       1.0827
 580.000       1.0677
 581.000       1.0125
 582.000       1.0277
 583.000       1.0117
 584.000       0.9995
 585.000       1.0596
 586.000       1.0340
 587.000       0.9661
 588.000       0.8992
 589.000       0.7434
 590.000       0.8197
 591.000       0.8776
 592.000       0.7504
 593.000       0.6828
 594.000       0.8488
 595.000       1.0342
 596.000       1.0377
 597.000       0.9842
 598.000       1.1667
 599.000       1.3565
 600.000       1.3813
 601.000       1.4540
 602.000       1.7826
 603.000       1.9180
 604.000       1.9362
 605.000       2.2445
 608.000       0.4703
