#Res        AtomicFlx
   1.000       4.8933
   2.000       4.4290
   3.000       3.7307
   4.000       3.7940
   5.000       3.5967
   6.000       4.2951
   7.000       4.1104
   8.000       4.5546
   9.000       5.2317
  10.000       4.5489
  11.000       3.6717
  12.000       2.7470
  13.000       2.6122
  14.000       3.1174
  15.000       3.6420
  16.000       2.8820
  17.000       2.2614
  18.000       2.6339
  19.000       2.6931
  20.000       2.1926
  21.000       2.1888
  22.000       2.4325
  23.000       3.2536
  24.000       3.6710
  25.000       4.5883
  26.000       5.0320
  27.000       4.3821
  28.000       3.0305
  29.000       2.5094
  30.000       1.8086
  31.000       1.6040
  32.000       2.3396
  33.000       1.6390
  34.000       1.3654
  35.000       1.4262
  36.000       1.3712
  37.000       1.0780
  38.000       0.9521
  39.000       0.9814
  40.000       0.9037
  41.000       0.7792
  42.000       0.8796
  43.000       0.8367
  44.000       0.7434
  45.000       0.6245
  46.000       0.6909
  47.000       0.8038
  48.000       0.8485
  49.000       0.7803
  50.000       0.8142
  51.000       0.9971
  52.000       0.8865
  53.000       0.9420
  54.000       0.8889
  55.000       1.0518
  56.000       1.1568
  57.000       1.0632
  58.000       1.1552
  59.000       1.4113
  60.000       1.4286
  61.000       1.3867
  62.000       1.7032
  63.000       1.9279
  64.000       1.7986
  65.000       1.4262
  66.000       1.0973
  67.000       1.0860
  68.000       1.1839
  69.000       1.0478
  70.000       0.8811
  71.000       0.9029
  72.000       0.9221
  73.000       0.7551
  74.000       0.7023
  75.000       0.7634
  76.000       0.7858
  77.000       0.7208
  78.000       0.6702
  79.000       0.6677
  80.000       0.6568
  81.000       0.5847
  82.000       0.5979
  83.000       0.6622
  84.000       0.6311
  85.000       0.5959
  86.000       0.6117
  87.000       0.7528
  88.000       0.6942
  89.000       1.0252
  90.000       0.9982
  91.000       1.2935
  92.000       1.1194
  93.000       0.9957
  94.000       0.9487
  95.000       0.8395
  96.000       0.7289
  97.000       0.7192
  98.000       0.8342
  99.000       0.8012
 100.000       0.8454
 101.000       1.0366
 102.000       1.1599
 103.000       1.1592
 104.000       1.1927
 105.000       1.2329
 106.000       1.1485
 107.000       0.9067
 108.000       0.8822
 109.000       0.7996
 110.000       0.7001
 111.000       0.6748
 112.000       0.6800
 113.000       0.6199
 114.000       0.5954
 115.000       0.5926
 116.000       0.6046
 117.000       0.5797
 118.000       0.6429
 119.000       0.7014
 120.000       0.7473
 121.000       0.8375
 122.000       0.8758
 123.000       0.8394
 124.000       0.9640
 125.000       0.9438
 126.000       0.8934
 127.000       0.8268
 128.000       0.7892
 129.000       0.8146
 130.000       0.8212
 131.000       0.7609
 132.000       0.7694
 133.000       0.8061
 134.000       0.8173
 135.000       0.8159
 136.000       0.8471
 137.000       0.8994
 138.000       0.9223
 139.000       0.9318
 140.000       1.0745
 141.000       1.2385
 142.000       1.1959
 143.000       1.3788
 144.000       1.0601
 145.000       1.0308
 146.000       0.9866
 147.000       1.1438
 148.000       1.3941
 149.000       1.4121
 150.000       1.6275
 151.000       2.0134
 152.000       2.2688
 153.000       2.7724
 154.000       3.2527
 155.000       3.0202
 156.000       3.0325
 157.000       2.5099
 158.000       1.9208
 159.000       1.7048
 160.000       1.7945
 161.000       1.5796
 162.000       1.4032
 163.000       1.6343
 164.000       1.6550
 165.000       1.5152
 166.000       1.2578
 167.000       1.1808
 168.000       1.0168
 169.000       1.0429
 170.000       1.0525
 171.000       0.9469
 172.000       0.8598
 173.000       0.9759
 174.000       1.0661
 175.000       1.0153
 176.000       0.8811
 177.000       0.8881
 178.000       0.9937
 179.000       1.1258
 180.000       1.6045
 181.000       2.3071
 182.000       3.1644
 183.000       3.6436
 184.000       4.1314
 185.000       3.2498
 186.000       2.5823
 187.000       1.6378
 188.000       1.5843
 189.000       1.5022
 190.000       0.9930
 191.000       1.0329
 192.000       0.9821
 193.000       0.8976
 194.000       0.9154
 195.000       0.9341
 196.000       0.8406
 197.000       0.8116
 198.000       0.8979
 199.000       0.8977
 200.000       0.8478
 201.000       0.8706
 202.000       0.9479
 203.000       0.9377
 204.000       0.9253
 205.000       0.9770
 206.000       1.0677
 207.000       1.0133
 208.000       1.0752
 209.000       1.2063
 210.000       1.3638
 211.000       1.3367
 212.000       1.4710
 213.000       1.5592
 214.000       1.2735
 215.000       1.1388
 216.000       1.2389
 217.000       1.2280
 218.000       0.9858
 219.000       1.0237
 220.000       1.0460
 221.000       0.9924
 222.000       0.8636
 223.000       0.8900
 224.000       0.9781
 225.000       0.9361
 226.000       0.8731
 227.000       0.9611
 228.000       1.0330
 229.000       0.9489
 230.000       0.8975
 231.000       1.0409
 232.000       1.0992
 233.000       0.9727
 234.000       1.0482
 235.000       1.1557
 236.000       1.0735
 237.000       1.1139
 238.000       1.1595
 239.000       1.1486
 240.000       1.0855
 241.000       1.1825
 242.000       1.2652
 243.000       1.8024
 244.000       1.2027
 245.000       1.1797
 246.000       1.0590
 247.000       1.0402
 248.000       1.1870
 249.000       1.0914
 250.000       1.0176
 251.000       1.1206
 252.000       1.5369
 253.000       1.5634
 254.000       1.3582
 255.000       1.3507
 256.000       1.4531
 257.000       1.2924
 258.000       1.4030
 259.000       1.5024
 260.000       1.2329
 261.000       1.0558
 262.000       1.0024
 263.000       0.9664
 264.000       0.8986
 265.000       0.8169
 266.000       0.8096
 267.000       0.8146
 268.000       0.8042
 269.000       0.7466
 270.000       0.7640
 271.000       0.7694
 272.000       0.6729
 273.000       0.6954
 274.000       0.8503
 275.000       0.7696
 276.000       0.6878
 277.000       0.8162
 278.000       0.7069
 279.000       1.0550
 280.000       0.9317
 281.000       1.0494
 282.000       0.6184
 283.000       0.6557
 284.000       0.6659
 285.000       0.7117
 286.000       0.9467
 287.000       0.8377
 288.000       0.9728
 289.000       0.8310
 290.000       1.0566
 291.000       1.1081
 292.000       1.1157
 293.000       1.0834
 294.000       0.9959
 295.000       1.0188
 296.000       0.9233
 297.000       1.0536
 298.000       0.9816
 299.000       0.8432
 300.000       0.9520
 301.000       0.9367
 302.000       0.8503
 303.000       0.8594
 304.000       0.9318
 305.000       0.8266
 306.000       0.7803
 307.000       0.9300
 308.000       0.9534
 309.000       0.8440
 310.000       0.9419
 311.000       0.9979
 312.000       0.9659
 313.000       0.8822
 314.000       0.9012
 315.000       0.9677
 316.000       0.9686
 317.000       0.9366
 318.000       1.0161
 319.000       0.9796
 320.000       1.0470
 321.000       1.1945
 322.000       1.0315
 323.000       0.9503
 324.000       1.1148
 325.000       1.0091
 326.000       0.8810
 327.000       0.9811
 328.000       0.9729
 329.000       0.8471
 330.000       1.0763
 331.000       1.2559
 332.000       1.1047
 333.000       1.1939
 334.000       1.7332
 335.000       1.8340
 336.000       1.6393
 337.000       2.2085
 338.000       2.6441
 339.000       2.5183
 340.000       2.7556
 341.000       3.4354
 342.000       3.7264
 343.000       3.6400
 344.000       4.1231
 345.000       5.7435
 346.000       5.6988
 347.000       7.5987
 348.000       8.0840
 349.000       6.8873
 350.000       5.5884
 351.000       4.4651
 352.000       4.4005
 353.000       3.8869
 354.000       4.6968
 355.000       4.2745
 356.000       3.2730
 357.000       3.5147
 358.000       4.3271
 359.000       3.9017
 360.000       3.2797
 361.000       4.0564
 362.000       4.4945
 363.000       3.8999
 364.000       3.8461
 365.000       4.6980
 366.000       4.8034
 367.000       4.4109
 368.000       3.9862
 369.000       4.0118
 370.000       3.8148
 371.000       3.2257
 372.000       3.2314
 373.000       3.3336
 374.000       2.7396
 375.000       2.4122
 376.000       1.7532
 377.000       1.6339
 378.000       1.8071
 379.000       1.2454
 380.000       1.4803
 381.000       1.4193
 382.000       1.2422
 383.000       1.2185
 384.000       1.1160
 385.000       1.2162
 386.000       1.2701
 387.000       1.3384
 388.000       1.7118
 389.000       1.6913
 390.000       1.7287
 391.000       0.9481
 392.000       0.8133
 393.000       0.8781
 394.000       0.8013
 395.000       0.7757
 396.000       0.7686
 397.000       0.8244
 398.000       0.8528
 399.000       0.7941
 400.000       0.8395
 401.000       0.9337
 402.000       0.8979
 403.000       0.8348
 404.000       1.0330
 405.000       1.1125
 406.000       1.0407
 407.000       1.1749
 408.000       1.0827
 409.000       0.9951
 410.000       0.9557
 411.000       0.9199
 412.000       0.8875
 413.000       0.8724
 414.000       0.8468
 415.000       0.8612
 416.000       0.8234
 417.000       0.7874
 418.000       0.7614
 419.000       0.8025
 420.000       0.8025
 421.000       0.7822
 422.000       0.7945
 423.000       0.8875
 424.000       0.9318
 425.000       0.7928
 426.000       0.8215
 427.000       0.9350
 428.000       0.8740
 429.000       0.7536
 430.000       0.7725
 431.000       0.7333
 432.000       0.7120
 433.000       0.7223
 434.000       0.6933
 435.000       0.7120
 436.000       0.9307
 437.000       1.1143
 438.000       0.9593
 439.000       0.9293
 440.000       1.1670
 441.000       1.1064
 442.000       1.0580
 443.000       1.3505
 444.000       1.4975
 445.000       1.4272
 446.000       1.6019
 447.000       1.8230
 448.000       1.8374
 449.000       1.5291
 450.000       1.4251
 451.000       1.3027
 452.000       1.2694
 453.000       1.2411
 454.000       1.1200
 455.000       1.0445
 456.000       1.0659
 457.000       1.0638
 458.000       0.9568
 459.000       0.9133
 460.000       0.9849
 461.000       1.0063
 462.000       0.8820
 463.000       0.8705
 464.000       0.9471
 465.000       0.9088
 466.000       0.8700
 467.000       0.8820
 468.000       0.9134
 469.000       0.8508
 470.000       0.8511
 471.000       0.9120
 472.000       0.9530
 473.000       0.9603
 474.000       0.8787
 475.000       0.8730
 476.000       0.8935
 477.000       0.8359
 478.000       0.8048
 479.000       0.8404
 480.000       0.8146
 481.000       0.8008
 482.000       0.8459
 483.000       0.9073
 484.000       0.7773
 485.000       0.9545
 486.000       1.1350
 487.000       0.9520
 488.000       0.7216
 489.000       0.6211
 490.000       0.6108
 491.000       0.5976
 492.000       0.5728
 493.000       0.5474
 494.000       0.5461
 495.000       0.5767
 496.000       0.6154
 497.000       0.6602
 498.000       0.7108
 499.000       0.7687
 500.000       0.8305
 501.000       0.9625
 502.000       1.0455
 503.000       0.9351
 504.000       0.8879
 505.000       1.1430
 506.000       1.1637
 507.000       1.1080
 508.000       1.3732
 509.000       1.2948
 510.000       0.9658
 511.000       1.0442
 512.000       1.1906
 513.000       1.0497
 514.000       0.9204
 515.000       1.0984
 516.000       1.2127
 517.000       1.0955
 518.000       1.2014
 519.000       1.2726
 520.000       1.3802
 521.000       1.3988
 522.000       1.0791
 523.000       1.1182
 524.000       1.0250
 525.000       0.9419
 526.000       0.8379
 527.000       0.8726
 528.000       0.8716
 529.000       0.7797
 530.000       0.7372
 531.000       0.8574
 532.000       0.9220
 533.000       0.8184
 534.000       0.6927
 535.000       0.7458
 536.000       0.8428
 537.000       0.7656
 538.000       0.6805
 539.000       0.8018
 540.000       0.8383
 541.000       0.7477
 542.000       0.8026
 543.000       0.8976
 544.000       0.8666
 545.000       0.8284
 546.000       0.9552
 547.000       1.0071
 548.000       1.0008
 549.000       1.0151
 550.000       1.2572
 551.000       1.4181
 552.000       1.4519
 553.000       1.5379
 554.000       1.7143
 555.000       1.5331
 556.000       1.5214
 557.000       1.8184
 558.000       1.8261
 559.000       1.7795
 560.000       1.8815
 561.000       3.3855
 562.000       3.5837
 563.000       4.3192
 564.000       4.3804
 565.000       4.9910
 566.000       5.1540
 567.000       5.4802
 568.000       4.2296
 569.000       2.8113
 570.000       2.5172
 571.000       2.0491
 572.000       1.7627
 573.000       1.5780
 574.000       1.3243
 575.000       1.4835
 576.000       1.3775
 577.000       1.4709
 578.000       1.2666
 579.000       1.0558
 580.000       1.0695
 581.000       1.0974
 582.000       0.9321
 583.000       0.8746
 584.000       0.9307
 585.000       0.9069
 586.000       0.8193
 587.000       0.8514
 588.000       0.8904
 589.000       0.7587
 590.000       0.7844
 591.000       0.8560
 592.000       0.8137
 593.000       0.8021
 594.000       0.9895
 595.000       1.0542
 596.000       0.9935
 597.000       1.0914
 598.000       1.2526
 599.000       1.2616
 600.000       1.2908
 601.000       1.4900
 602.000       1.6556
 603.000       1.6382
 604.000       1.8523
 605.000       2.1825
 608.000       1.0855
