#Res        AtomicFlx
   1.000       6.7290
   2.000       4.4685
   3.000       3.0524
   4.000       2.3415
   5.000       1.3514
   6.000       0.8878
   7.000       1.2079
   8.000       1.5102
   9.000       1.8070
  10.000       1.4096
  11.000       0.9895
  12.000       0.7647
  13.000       1.1946
  14.000       1.2647
  15.000       0.7625
  16.000       0.9783
  17.000       0.8042
  18.000       0.6926
  19.000       0.7374
  20.000       0.7294
  21.000       0.8213
  22.000       0.9679
  23.000       1.0639
  24.000       0.8458
  25.000       0.6970
  26.000       1.1703
  27.000       1.1643
  28.000       1.5344
  29.000       0.7700
  30.000       0.9997
  31.000       2.3598
  32.000       1.3576
  33.000       1.3318
  34.000       2.7915
  35.000       2.1855
  36.000       1.3444
  37.000       1.8795
  38.000       1.3998
  39.000       1.2472
  40.000       1.3313
  41.000       1.0950
  42.000       1.2828
  43.000       1.1232
  44.000       0.9428
  45.000       0.7784
  46.000       1.2435
  47.000       1.0964
  48.000       0.7429
  49.000       0.8608
  50.000       0.9735
  51.000       1.1779
  52.000       0.6640
  53.000       0.5337
  54.000       0.7908
  55.000       0.5358
  56.000       0.7169
  57.000       0.5038
  58.000       0.6076
  59.000       0.7478
  60.000       0.5721
  61.000       0.6816
  62.000       0.6184
  63.000       0.9693
  64.000       0.5726
  65.000       0.8067
  66.000       0.7257
  67.000       0.7827
  68.000       1.2543
  69.000       0.8596
  70.000       0.5873
  71.000       0.6929
  72.000       0.6977
  73.000       0.6140
  74.000       0.7857
  75.000       0.9027
  76.000       1.2677
  77.000       1.1019
  78.000       0.9532
  79.000       0.7739
  80.000       0.9504
  81.000       0.8923
  82.000       0.8352
  83.000       0.5688
  84.000       0.8358
  85.000       0.5433
  86.000       0.9475
  87.000       0.6379
  88.000       0.6387
  89.000       0.7097
  90.000       0.9728
  91.000       0.7837
  92.000       0.6407
  93.000       0.9236
  94.000       0.9792
  95.000       0.8626
  96.000       0.9608
  97.000       1.4633
  98.000       1.2875
  99.000       1.1192
 100.000       0.9445
 101.000       0.9029
 102.000       0.8476
 103.000       0.7816
 104.000       0.5973
 105.000       0.5617
 106.000       0.5995
 107.000       0.9727
 108.000       0.7261
 109.000       0.6086
 110.000       0.6984
 111.000       1.1298
 112.000       0.7913
 113.000       0.6878
 114.000       1.3650
 115.000       1.5481
 116.000       1.9528
 117.000       1.7749
 118.000       0.9340
 119.000       0.8364
 120.000       0.7871
 121.000       1.0413
 122.000       1.2249
 123.000       1.0364
 124.000       1.4408
 125.000       1.2308
 126.000       1.4398
 127.000       1.0785
 128.000       1.1767
 129.000       1.1886
 130.000       1.5027
 131.000       1.3694
 132.000       1.0598
 133.000       1.1884
 134.000       1.5719
 135.000       1.8999
 136.000       2.0558
 137.000       1.8353
 138.000       1.8681
 139.000       2.0424
 140.000       1.5824
 141.000       2.4982
 142.000       2.8366
 143.000       4.4287
 144.000       4.6593
 145.000       5.5168
 146.000       5.2813
 147.000       5.7515
 148.000       3.9872
 149.000       3.3872
 150.000       2.1864
 151.000       2.0501
 152.000       1.3099
 153.000       1.1345
 154.000       1.1106
 155.000       0.7778
 156.000       0.6887
 157.000       0.7103
 158.000       0.9027
 159.000       0.6532
 160.000       0.6369
 161.000       1.0172
 162.000       1.4989
 163.000       0.8104
 164.000       0.7967
 165.000       0.7996
 166.000       1.3378
 167.000       1.1789
 168.000       1.7916
 169.000       2.3245
 170.000       1.7046
 171.000       2.1713
 172.000       1.0027
 173.000       1.0432
 174.000       1.4090
 175.000       1.2647
 176.000       0.9441
 177.000       0.8191
 178.000       0.9550
 179.000       0.7602
 180.000       1.0703
 181.000       2.0160
 182.000       1.4602
 183.000       1.0419
 184.000       0.6533
 185.000       0.6605
 186.000       0.5810
 187.000       0.7119
 188.000       0.7952
 189.000       1.1315
 190.000       0.9222
 191.000       0.9423
 192.000       0.8267
 193.000       1.1062
 194.000       1.1084
 195.000       1.0405
 196.000       1.3256
 197.000       1.0259
 198.000       1.1389
 199.000       1.1907
 200.000       1.6153
 201.000       1.5326
 202.000       2.7009
 203.000       1.6590
 204.000       1.7242
 205.000       2.0485
 206.000       1.4642
 207.000       2.0108
 208.000       1.6437
 209.000       1.4330
 210.000       1.8887
 211.000       1.4131
 212.000       1.1920
 213.000       1.2320
 214.000       1.3408
 215.000       1.2799
 216.000       0.8519
 217.000       1.0327
 218.000       1.0461
 219.000       0.7736
 220.000       0.9493
 221.000       0.8821
 222.000       0.8119
 223.000       0.9636
 224.000       1.1151
 225.000       1.3526
 226.000       0.9181
 227.000       0.9492
 228.000       1.4146
 229.000       1.1906
 230.000       1.1777
 231.000       1.3127
 232.000       1.0096
 233.000       0.8561
 234.000       1.1625
 235.000       1.0839
 236.000       0.7739
 237.000       1.1968
 238.000       1.9040
 239.000       1.0230
 240.000       0.8899
 241.000       1.1551
 242.000       1.1009
 243.000       1.3540
 244.000       1.6091
 245.000       2.4103
 246.000       2.9629
 247.000       2.0515
 248.000       1.7843
 249.000       1.8854
 250.000       1.9819
 251.000       1.4623
 252.000       1.5210
 253.000       1.3831
 254.000       1.5371
 255.000       1.4284
 256.000       1.1708
 257.000       0.9058
 258.000       0.8400
 259.000       1.0763
 260.000       0.8354
 261.000       0.8520
 262.000       0.8619
 263.000       1.8039
 264.000       0.7475
 265.000       0.7945
 266.000       0.6324
 267.000       0.6736
 268.000       0.5359
 269.000       0.6369
 270.000       0.5243
 271.000       0.6653
 272.000       0.6107
 273.000       0.6221
 274.000       0.6607
 275.000       0.6867
 276.000       0.5542
 277.000       0.7505
 278.000       1.4541
 279.000       0.8590
 280.000       1.4289
 281.000       1.0675
 282.000       1.0058
 283.000       1.2082
 284.000       1.2207
 285.000       1.0754
 286.000       1.0825
 287.000       1.8008
 288.000       0.8774
 289.000       0.6414
 290.000       0.8207
 291.000       0.8103
 292.000       0.6520
 293.000       0.7514
 294.000       0.6511
 295.000       0.8823
 296.000       0.8278
 297.000       0.8265
 298.000       0.9432
 299.000       0.6711
 300.000       0.6111
 301.000       1.0696
 302.000       0.7498
 303.000       0.7642
 304.000       0.6635
 305.000       1.3527
 306.000       0.8740
 307.000       0.7437
 308.000       0.9369
 309.000       0.8019
 310.000       1.2131
 311.000       1.1275
 312.000       0.9550
 313.000       1.3128
 314.000       1.5235
 315.000       1.3542
 316.000       1.8987
 317.000       2.0982
 318.000       2.1212
 319.000       1.9027
 320.000       1.9034
 321.000       1.7105
 322.000       1.5267
 323.000       1.2672
 324.000       1.4177
 325.000       1.2187
 326.000       1.5126
 327.000       1.9625
 328.000       2.3947
 329.000       1.7520
 330.000       0.9753
 331.000       0.6858
 332.000       0.8844
 333.000       1.0459
 334.000       0.5935
 335.000       0.7054
 336.000       1.0346
 337.000       1.2821
 338.000       0.6764
 339.000       1.0448
 340.000       0.7416
 341.000       0.8246
 342.000       0.7914
 343.000       1.2264
 344.000       1.1508
 345.000       0.9969
 346.000       1.0367
 347.000       0.7361
 348.000       0.8005
 349.000       0.7168
 350.000       0.6703
 351.000       0.6178
 352.000       0.6803
 353.000       0.8853
 354.000       0.9139
 355.000       0.5919
 356.000       0.8258
 357.000       0.8391
 358.000       0.9369
 359.000       0.9300
 360.000       0.7753
 361.000       1.1216
 362.000       0.6395
 363.000       0.8407
 364.000       0.6572
 365.000       0.7530
 366.000       0.6516
 367.000       1.0371
 368.000       0.6995
 369.000       0.7015
 370.000       1.0852
 371.000       1.0864
 372.000       0.9888
 373.000       0.7546
 374.000       1.1293
 375.000       1.2642
 376.000       0.8510
 377.000       0.8657
 378.000       1.1763
 379.000       1.1848
 380.000       0.9688
 381.000       1.1533
 382.000       1.7570
 383.000       1.4280
 384.000       1.0626
 385.000       1.5027
 386.000       2.5911
 387.000       1.4707
 388.000       1.9706
 389.000       1.5141
 390.000       1.4158
 391.000       0.9779
 392.000       0.8963
 393.000       1.2301
 394.000       1.5711
 395.000       0.9054
 396.000       1.0021
 397.000       1.2125
 398.000       0.7671
 399.000       0.8126
 400.000       0.7006
 401.000       1.1165
 402.000       0.9724
 403.000       0.6724
 404.000       1.0401
 405.000       1.0514
 406.000       0.7047
 407.000       0.8210
 408.000       0.6405
 409.000       0.8365
 410.000       0.6391
 411.000       0.5811
 412.000       0.7455
 413.000       0.7453
 414.000       0.7232
 415.000       0.9263
 416.000       0.7588
 417.000       0.9781
 418.000       0.8939
 419.000       0.9622
 420.000       1.1510
 421.000       0.8825
 422.000       1.0001
 423.000       1.4896
 424.000       0.9798
 425.000       1.1980
 426.000       1.0070
 427.000       1.1116
 428.000       0.8922
 429.000       1.7567
 430.000       0.7517
 431.000       0.8902
 432.000       0.7767
 433.000       1.1079
 434.000       0.8265
 435.000       0.7264
 436.000       0.9437
 437.000       0.7237
 438.000       0.9580
 439.000       0.8307
 440.000       0.8690
 441.000       1.2178
 442.000       0.8427
 443.000       0.7253
 444.000       1.0544
 445.000       0.7531
 446.000       1.2280
 447.000       0.6492
 448.000       0.6902
 449.000       0.9753
 450.000       0.6948
 451.000       0.7779
 452.000       1.1599
 453.000       1.4453
 454.000       0.9816
 455.000       1.3427
 456.000       1.3616
 457.000       1.9816
 458.000       1.9927
 459.000       0.8953
 460.000       1.0591
 461.000       1.1103
 462.000       1.0169
 463.000       0.8266
 464.000       1.0522
 465.000       1.1252
 466.000       0.6120
 467.000       0.5710
 468.000       0.7408
 469.000       1.2165
 470.000       0.7807
 471.000       0.7790
 472.000       0.7376
 473.000       1.0018
 474.000       0.7225
 475.000       0.8295
 476.000       1.0029
 477.000       1.4541
 478.000       1.0734
 479.000       0.9952
 480.000       0.9901
 481.000       1.0715
 482.000       1.0725
 483.000       1.3337
 484.000       1.3506
 485.000       1.4110
 486.000       1.7287
 487.000       2.6684
 488.000       1.3935
 489.000       1.2911
 490.000       1.9395
 491.000       1.3915
 492.000       1.8777
 493.000       1.8882
 494.000       1.3791
 495.000       1.7884
 496.000       1.2977
 497.000       1.2048
 498.000       1.5355
 499.000       1.2980
 500.000       0.9738
 501.000       1.3620
 502.000       0.9994
 503.000       1.0708
 504.000       0.7850
 505.000       2.2734
 506.000       0.9459
 507.000       0.9478
 508.000       0.8787
 509.000       1.0099
 510.000       0.7461
 511.000       0.8810
 512.000       1.3622
 513.000       1.0149
 514.000       1.1054
 515.000       0.9017
 516.000       0.9936
 517.000       1.3959
 518.000       1.6097
 519.000       0.9628
 520.000       1.1636
 521.000       1.5101
 522.000       1.1886
 523.000       1.5001
 524.000       1.5326
 525.000       1.4960
 526.000       1.4104
 527.000       1.8799
 528.000       1.9818
 529.000       2.0449
 530.000       2.4883
 531.000       2.5053
 532.000       1.8425
 533.000       1.4395
 534.000       1.8177
 535.000       1.3360
 536.000       1.6330
 537.000       1.0048
 538.000       1.4909
 539.000       1.1348
 540.000       1.2206
 541.000       1.7565
 542.000       3.8557
 543.000       5.4072
 544.000       7.8793
 545.000       3.2753
 546.000       4.6571
 547.000       1.9875
 548.000       2.8209
 549.000       6.8452
 550.000      10.1358
 551.000       1.0724
 552.000       0.7424
 553.000       0.7542
 554.000      50.5274
 555.000      51.3685
 556.000      52.9312
 557.000      52.3393
 558.000      50.6005
 559.000      51.9947
 560.000      52.2069
 561.000      51.8667
 562.000      48.7694
 563.000      49.9495
 564.000      50.9877
 565.000      32.3115
 566.000      50.2535
 567.000      51.4141
 568.000      51.3812
 569.000      51.7952
 570.000      51.3286
 571.000      50.4661
 572.000      51.6035
 573.000      50.9638
 574.000      51.9072
 575.000      52.1734
 576.000      49.8989
 577.000      53.1312
 578.000      52.0505
 579.000      52.0560
 580.000      50.5713
 581.000      51.7068
 582.000      52.0607
 583.000      52.4836
 584.000      50.6915
 585.000      51.6167
 586.000      51.9590
 587.000      50.6488
 588.000      51.6637
 589.000      49.5430
 590.000      50.7688
 591.000      51.9013
 592.000      51.7066
 593.000      50.9443
 594.000      51.5517
 595.000      51.8897
 596.000      50.9191
 597.000      51.7343
 598.000      51.9017
 599.000      53.7234
 600.000      50.4328
 601.000       0.7963
 602.000      53.8884
 603.000      53.6256
 604.000      53.5970
 605.000      53.4673
 606.000      53.2198
 607.000      53.6096
 608.000      52.7505
 609.000      53.4241
 610.000      53.3871
 611.000      53.5453
 612.000      53.8157
 613.000      54.1488
 614.000      53.8460
 615.000      52.9718
 616.000      53.5825
 617.000      52.8497
 618.000      53.2433
 619.000      53.3280
 620.000      53.7930
 621.000      53.1026
 622.000      52.9079
 623.000      52.8611
 624.000      52.7838
 625.000      52.8765
 626.000      53.6523
 627.000      53.7380
 628.000      53.4639
 629.000      53.2629
 630.000      54.0306
 631.000      53.4654
 632.000      53.2282
 633.000      53.6193
 634.000      53.4365
 635.000      54.1142
 636.000      53.0552
 637.000      53.1331
 638.000      54.0733
 639.000      53.5368
 640.000      52.9023
 641.000      53.0163
 642.000      53.5354
 643.000      54.1903
 644.000      53.9699
 645.000      52.7209
 646.000      53.6862
