#Res        AtomicFlx
   1.000       4.8111
   2.000       3.0465
   3.000       1.5037
   4.000       1.6769
   5.000       1.1489
   6.000       0.8044
   7.000       1.1253
   8.000       1.2895
   9.000       1.5307
  10.000       1.1263
  11.000       0.8972
  12.000       0.6646
  13.000       1.0909
  14.000       0.7393
  15.000       0.5981
  16.000       0.8929
  17.000       1.0051
  18.000       0.5879
  19.000       0.7195
  20.000       0.7574
  21.000       0.7801
  22.000       0.8903
  23.000       0.7973
  24.000       0.9978
  25.000       1.3020
  26.000       1.0344
  27.000       0.7927
  28.000       1.7331
  29.000       1.0229
  30.000       1.0098
  31.000       1.6574
  32.000       1.2314
  33.000       1.1979
  34.000       1.9934
  35.000       1.9020
  36.000       1.1038
  37.000       1.2452
  38.000       1.1114
  39.000       1.1196
  40.000       1.2101
  41.000       0.9923
  42.000       1.1792
  43.000       1.0930
  44.000       0.8981
  45.000       0.8708
  46.000       1.3464
  47.000       1.2305
  48.000       0.9640
  49.000       0.9716
  50.000       1.3164
  51.000       1.4842
  52.000       0.8094
  53.000       0.6246
  54.000       0.7035
  55.000       0.6630
  56.000       1.0058
  57.000       0.7863
  58.000       0.6724
  59.000       0.7404
  60.000       0.4724
  61.000       0.6863
  62.000       0.5944
  63.000       0.9194
  64.000       0.5232
  65.000       0.7664
  66.000       0.8150
  67.000       0.6204
  68.000       1.1431
  69.000       0.7507
  70.000       0.4814
  71.000       0.6095
  72.000       0.6723
  73.000       0.5696
  74.000       0.6941
  75.000       0.8739
  76.000       1.2319
  77.000       0.9695
  78.000       0.9124
  79.000       0.7993
  80.000       1.0971
  81.000       0.9559
  82.000       0.9212
  83.000       0.6102
  84.000       0.8354
  85.000       0.5469
  86.000       0.9949
  87.000       0.7169
  88.000       0.6366
  89.000       0.7233
  90.000       1.0432
  91.000       0.7245
  92.000       0.5916
  93.000       0.9198
  94.000       0.8278
  95.000       0.6775
  96.000       0.5936
  97.000       0.9809
  98.000       0.9579
  99.000       0.5486
 100.000       0.5969
 101.000       0.6752
 102.000       0.6585
 103.000       0.6629
 104.000       0.5905
 105.000       0.6029
 106.000       0.6495
 107.000       1.0137
 108.000       0.8471
 109.000       0.9251
 110.000       0.7882
 111.000       1.1263
 112.000       0.8277
 113.000       0.9387
 114.000       1.3823
 115.000       1.7016
 116.000       2.5697
 117.000       2.3407
 118.000       1.3475
 119.000       1.0203
 120.000       1.0367
 121.000       1.4111
 122.000       1.4488
 123.000       1.2951
 124.000       1.9733
 125.000       1.9412
 126.000       2.4016
 127.000       2.0854
 128.000       1.4104
 129.000       2.1910
 130.000       2.7314
 131.000       3.0932
 132.000       1.9128
 133.000       2.6715
 134.000       3.2785
 135.000       4.3572
 136.000       5.6054
 137.000       6.1481
 138.000       7.3185
 139.000       9.2841
 140.000       9.1817
 141.000       9.2753
 142.000       9.7791
 143.000      11.0251
 144.000       9.5942
 145.000       8.1816
 146.000       7.2457
 147.000       6.3884
 148.000       5.3537
 149.000       5.7679
 150.000       4.0445
 151.000       2.1598
 152.000       1.8128
 153.000       2.0321
 154.000       1.1972
 155.000       1.0518
 156.000       0.9424
 157.000       0.8830
 158.000       1.1161
 159.000       0.9529
 160.000       0.7660
 161.000       1.2799
 162.000       1.6169
 163.000       0.9966
 164.000       0.8963
 165.000       0.8646
 166.000       1.3987
 167.000       1.1903
 168.000       2.3739
 169.000       2.1011
 170.000       1.3529
 171.000       2.1472
 172.000       0.9353
 173.000       0.9506
 174.000       1.3621
 175.000       1.2997
 176.000       0.9710
 177.000       0.8413
 178.000       1.0295
 179.000       0.8201
 180.000       1.0186
 181.000       2.0530
 182.000       1.5032
 183.000       1.0702
 184.000       0.6625
 185.000       0.6652
 186.000       0.5920
 187.000       0.6749
 188.000       0.8117
 189.000       1.1085
 190.000       0.8155
 191.000       0.8220
 192.000       0.7966
 193.000       1.0529
 194.000       1.1279
 195.000       1.0521
 196.000       1.3852
 197.000       0.8165
 198.000       1.0539
 199.000       1.2508
 200.000       1.4815
 201.000       0.8963
 202.000       1.1768
 203.000       1.5132
 204.000       0.9738
 205.000       0.9650
 206.000       0.8502
 207.000       1.4256
 208.000       0.9393
 209.000       0.7870
 210.000       1.9312
 211.000       1.3374
 212.000       1.0600
 213.000       1.0592
 214.000       0.9878
 215.000       1.5069
 216.000       0.7723
 217.000       1.1342
 218.000       0.9308
 219.000       0.8042
 220.000       0.9066
 221.000       0.8411
 222.000       0.8317
 223.000       1.0380
 224.000       1.0626
 225.000       1.2769
 226.000       0.9101
 227.000       0.8724
 228.000       1.3155
 229.000       1.0791
 230.000       1.0444
 231.000       1.1062
 232.000       0.9850
 233.000       0.9846
 234.000       1.3538
 235.000       1.3016
 236.000       0.8962
 237.000       1.1310
 238.000       1.8130
 239.000       1.0684
 240.000       0.8378
 241.000       1.1101
 242.000       1.2395
 243.000       1.4778
 244.000       1.8133
 245.000       2.4615
 246.000       2.5622
 247.000       1.8798
 248.000       1.6384
 249.000       1.6343
 250.000       1.6973
 251.000       1.3619
 252.000       1.3822
 253.000       1.1349
 254.000       1.1100
 255.000       1.3104
 256.000       1.1010
 257.000       0.8623
 258.000       0.8455
 259.000       0.9552
 260.000       1.0458
 261.000       0.7882
 262.000       0.9623
 263.000       1.2658
 264.000       0.7762
 265.000       0.7105
 266.000       0.6287
 267.000       0.6490
 268.000       0.4888
 269.000       0.5752
 270.000       0.4509
 271.000       0.5790
 272.000       0.5774
 273.000       0.5441
 274.000       0.5661
 275.000       0.8812
 276.000       0.4846
 277.000       0.6235
 278.000       1.0571
 279.000       0.8304
 280.000       1.4769
 281.000       1.1222
 282.000       1.1278
 283.000       1.2467
 284.000       1.2944
 285.000       1.1238
 286.000       1.1349
 287.000       1.7371
 288.000       1.0798
 289.000       0.6985
 290.000       0.7845
 291.000       0.8741
 292.000       0.9019
 293.000       0.6318
 294.000       0.6101
 295.000       0.8391
 296.000       0.6696
 297.000       0.8142
 298.000       0.8227
 299.000       0.8645
 300.000       0.8122
 301.000       1.0302
 302.000       0.7135
 303.000       0.8158
 304.000       0.8027
 305.000       1.2543
 306.000       0.9295
 307.000       0.8335
 308.000       0.8994
 309.000       0.8887
 310.000       1.0731
 311.000       0.9532
 312.000       0.8296
 313.000       0.9258
 314.000       0.9757
 315.000       0.9438
 316.000       1.6582
 317.000       1.4153
 318.000       1.1274
 319.000       1.1672
 320.000       1.2011
 321.000       1.0914
 322.000       1.3299
 323.000       1.1077
 324.000       1.2991
 325.000       1.2423
 326.000       1.1966
 327.000       1.6498
 328.000       1.8018
 329.000       1.0241
 330.000       0.9248
 331.000       0.8518
 332.000       1.2107
 333.000       1.2146
 334.000       0.7573
 335.000       0.8214
 336.000       1.0496
 337.000       1.2061
 338.000       0.9472
 339.000       1.1231
 340.000       0.8783
 341.000       1.2010
 342.000       1.1359
 343.000       1.3403
 344.000       1.0942
 345.000       1.1392
 346.000       1.2623
 347.000       0.9199
 348.000       0.9657
 349.000       0.8723
 350.000       0.8120
 351.000       0.7614
 352.000       0.8130
 353.000       0.8144
 354.000       0.7209
 355.000       0.7480
 356.000       0.8795
 357.000       0.8693
 358.000       0.7648
 359.000       1.0398
 360.000       0.7967
 361.000       0.9696
 362.000       0.5460
 363.000       1.0403
 364.000       0.5282
 365.000       0.5506
 366.000       0.5907
 367.000       0.9982
 368.000       0.4919
 369.000       0.5503
 370.000       1.1595
 371.000       0.8509
 372.000       0.6071
 373.000       0.7180
 374.000       0.8591
 375.000       0.7910
 376.000       0.6097
 377.000       0.7985
 378.000       0.9583
 379.000       1.1150
 380.000       0.9316
 381.000       1.1500
 382.000       1.7612
 383.000       1.4169
 384.000       1.1116
 385.000       1.5584
 386.000       2.6705
 387.000       1.3351
 388.000       1.9651
 389.000       1.4131
 390.000       1.2660
 391.000       0.8894
 392.000       0.7979
 393.000       1.0562
 394.000       1.6544
 395.000       0.8795
 396.000       0.8117
 397.000       1.1210
 398.000       0.7344
 399.000       0.7849
 400.000       0.6863
 401.000       0.9409
 402.000       0.7917
 403.000       0.5837
 404.000       0.8921
 405.000       1.0271
 406.000       0.6613
 407.000       0.7901
 408.000       0.6916
 409.000       0.8497
 410.000       0.7150
 411.000       0.6423
 412.000       0.8005
 413.000       0.8163
 414.000       0.7640
 415.000       1.0181
 416.000       0.8000
 417.000       0.9412
 418.000       0.8379
 419.000       0.9508
 420.000       1.1854
 421.000       0.8680
 422.000       0.9809
 423.000       1.5471
 424.000       0.9921
 425.000       1.2818
 426.000       1.0402
 427.000       1.0064
 428.000       1.0064
 429.000       1.7771
 430.000       0.8358
 431.000       1.0037
 432.000       0.9233
 433.000       1.1723
 434.000       0.8579
 435.000       0.8134
 436.000       1.0413
 437.000       0.8289
 438.000       0.9262
 439.000       0.9514
 440.000       1.4840
 441.000       1.3204
 442.000       0.9237
 443.000       0.8767
 444.000       1.0971
 445.000       0.9907
 446.000       1.3570
 447.000       1.1001
 448.000       0.9515
 449.000       1.1360
 450.000       0.9676
 451.000       1.0355
 452.000       1.4230
 453.000       1.6318
 454.000       1.2203
 455.000       1.5752
 456.000       1.3572
 457.000       2.2003
 458.000       1.9954
 459.000       1.1569
 460.000       1.0676
 461.000       1.2807
 462.000       1.0492
 463.000       0.8186
 464.000       1.0186
 465.000       1.3929
 466.000       0.8776
 467.000       0.9335
 468.000       1.2189
 469.000       1.3467
 470.000       0.9848
 471.000       0.9315
 472.000       0.9190
 473.000       1.1767
 474.000       0.9508
 475.000       0.8728
 476.000       1.1046
 477.000       1.5626
 478.000       1.0662
 479.000       1.1242
 480.000       1.4259
 481.000       1.4004
 482.000       1.4945
 483.000       2.1776
 484.000       2.1826
 485.000       3.7750
 486.000       2.5847
 487.000       3.0488
 488.000       1.4272
 489.000       1.1795
 490.000       1.8632
 491.000       1.5482
 492.000       1.5124
 493.000       1.6367
 494.000       1.1539
 495.000       1.7421
 496.000       1.2439
 497.000       1.0682
 498.000       1.5064
 499.000       1.1369
 500.000       0.8846
 501.000       1.1810
 502.000       0.9097
 503.000       1.0411
 504.000       0.7504
 505.000       1.0459
 506.000       0.9355
 507.000       0.9449
 508.000       0.8626
 509.000       0.9227
 510.000       0.7962
 511.000       0.9493
 512.000       1.3468
 513.000       1.0056
 514.000       1.0532
 515.000       0.8871
 516.000       0.9765
 517.000       1.3736
 518.000       1.4914
 519.000       0.9541
 520.000       1.1580
 521.000       1.4408
 522.000       1.1150
 523.000       1.5855
 524.000       1.4834
 525.000       1.4420
 526.000       1.4421
 527.000       1.9543
 528.000       1.8384
 529.000       1.8519
 530.000       2.4513
 531.000       2.4198
 532.000       1.8152
 533.000       1.4758
 534.000       1.7486
 535.000       1.4088
 536.000       1.7083
 537.000       1.1525
 538.000       1.5992
 539.000       1.1239
 540.000       1.0679
 541.000       1.5832
 542.000       4.0592
 543.000       4.8056
 544.000       7.7973
 545.000       4.2868
 546.000       6.8902
 547.000       5.7047
 548.000       9.0853
 549.000       7.8052
 550.000      11.3847
 551.000       0.7047
 552.000       0.6074
 553.000       1.2020
 554.000      51.2887
 555.000      49.7637
 556.000      52.6867
 557.000      52.6301
 558.000      50.3853
 559.000      50.6644
 560.000      52.1488
 561.000      51.3574
 562.000      51.0814
 563.000      51.9418
 564.000      53.1533
 565.000      51.7159
 566.000      51.7456
 567.000      50.6606
 568.000      51.2227
 569.000      51.3097
 570.000      52.0456
 571.000      53.1663
 572.000      49.9410
 573.000      49.2551
 574.000      50.4574
 575.000      51.7634
 576.000      49.1645
 577.000      52.3951
 578.000      52.7697
 579.000      49.7300
 580.000      52.5786
 581.000      51.8536
 582.000      49.6720
 583.000      50.7477
 584.000      51.9142
 585.000      50.8034
 586.000      51.9152
 587.000      51.3786
 588.000      48.4556
 589.000      52.5709
 590.000      52.5764
 591.000      53.8114
 592.000      50.7168
 593.000      52.1381
 594.000      50.7131
 595.000      51.7124
 596.000      50.7196
 597.000      50.2239
 598.000      50.3845
 599.000      50.4457
 600.000      51.4608
 601.000       1.8239
 602.000      53.4756
 603.000      52.9940
 604.000      52.4424
 605.000      53.4811
 606.000      53.0516
 607.000      53.4192
 608.000      52.9102
 609.000      51.7448
 610.000      53.3488
 611.000      54.0584
 612.000      53.1653
 613.000      52.9997
 614.000      52.4540
 615.000      53.3523
 616.000      53.9830
 617.000      53.5008
 618.000      53.6320
 619.000      52.1874
 620.000      53.0850
 621.000      53.7191
 622.000      53.1156
 623.000      53.1530
 624.000      52.6270
 625.000      53.4386
 626.000      53.8902
 627.000      53.4648
 628.000      52.8910
 629.000      53.4307
 630.000      53.5452
 631.000      52.5467
 632.000      52.8591
 633.000      53.3081
 634.000      53.9872
 635.000      53.1775
 636.000      53.1628
 637.000      53.8976
 638.000      53.0345
 639.000      53.4253
 640.000      53.3473
 641.000      53.1883
 642.000      53.3658
 643.000      53.2462
 644.000      52.7796
 645.000      52.9878
 646.000      52.4950
