#Res        AtomicFlx
   1.000       7.2109
   2.000       5.4760
   3.000       3.8487
   4.000       2.9324
   5.000       2.1451
   6.000       1.8631
   7.000       1.7720
   8.000       1.7949
   9.000       1.4260
  10.000       1.4185
  11.000       1.3599
  12.000       1.2078
  13.000       1.1731
  14.000       1.1237
  15.000       0.8553
  16.000       0.9277
  17.000       0.7454
  18.000       0.6326
  19.000       0.6294
  20.000       0.6392
  21.000       0.7221
  22.000       0.6046
  23.000       0.7292
  24.000       0.6517
  25.000       0.6017
  26.000       1.0221
  27.000       0.7746
  28.000       1.2649
  29.000       0.6712
  30.000       0.6902
  31.000       0.9333
  32.000       0.8625
  33.000       0.8942
  34.000       0.9142
  35.000       1.5094
  36.000       0.9020
  37.000       1.0284
  38.000       0.8605
  39.000       0.8470
  40.000       0.9088
  41.000       0.7548
  42.000       0.9126
  43.000       0.8672
  44.000       0.7693
  45.000       0.6998
  46.000       1.2664
  47.000       1.0500
  48.000       0.7581
  49.000       0.9794
  50.000       1.0637
  51.000       1.3209
  52.000       0.7646
  53.000       0.6216
  54.000       1.1157
  55.000       0.6244
  56.000       0.6929
  57.000       0.7841
  58.000       0.9462
  59.000       0.8323
  60.000       0.5232
  61.000       0.8307
  62.000       0.6796
  63.000       0.9913
  64.000       0.6136
  65.000       0.8549
  66.000       0.8157
  67.000       0.8403
  68.000       0.9330
  69.000       1.0117
  70.000       0.7147
  71.000       0.9429
  72.000       0.9092
  73.000       0.8274
  74.000       0.8319
  75.000       0.8933
  76.000       1.8198
  77.000       1.7287
  78.000       1.0866
  79.000       1.1030
  80.000       1.1865
  81.000       0.8343
  82.000       1.5132
  83.000       0.7132
  84.000       0.7846
  85.000       0.7446
  86.000       1.3206
  87.000       0.7124
  88.000       0.9296
  89.000       0.8611
  90.000       1.0611
  91.000       0.7986
  92.000       0.5068
  93.000       0.9502
  94.000       0.7378
  95.000       0.6867
  96.000       0.5508
  97.000       1.4634
  98.000       0.7039
  99.000       0.5773
 100.000       0.8363
 101.000       0.7712
 102.000       0.7332
 103.000       0.8232
 104.000       0.7065
 105.000       1.0531
 106.000       0.7659
 107.000       0.8961
 108.000       0.9495
 109.000       0.9277
 110.000       0.8812
 111.000       1.3130
 112.000       0.9571
 113.000       0.9450
 114.000       1.4922
 115.000       1.7266
 116.000       2.1734
 117.000       1.8942
 118.000       1.1525
 119.000       1.0437
 120.000       1.2089
 121.000       1.4823
 122.000       1.6092
 123.000       1.4879
 124.000       1.7855
 125.000       1.5732
 126.000       1.7823
 127.000       1.5195
 128.000       1.3301
 129.000       1.7642
 130.000       2.1427
 131.000       2.6169
 132.000       2.0566
 133.000       3.3972
 134.000       4.1412
 135.000       5.5114
 136.000       7.7698
 137.000       9.3710
 138.000      10.9965
 139.000      12.6798
 140.000      12.6945
 141.000      13.7085
 142.000      13.9354
 143.000      14.6361
 144.000      13.5322
 145.000      12.4072
 146.000      11.7438
 147.000      11.7737
 148.000      11.0116
 149.000       8.7047
 150.000       6.4398
 151.000       5.6560
 152.000       2.9318
 153.000       2.2952
 154.000       1.3399
 155.000       1.1319
 156.000       1.0014
 157.000       1.0014
 158.000       1.2406
 159.000       0.9804
 160.000       1.1280
 161.000       1.3230
 162.000       1.7705
 163.000       1.1358
 164.000       1.0260
 165.000       1.0457
 166.000       1.5636
 167.000       1.3587
 168.000       3.0185
 169.000       3.3127
 170.000       2.4815
 171.000       4.1505
 172.000       1.8416
 173.000       1.8278
 174.000       2.2049
 175.000       1.6197
 176.000       1.1997
 177.000       0.8892
 178.000       1.0039
 179.000       0.8569
 180.000       1.0952
 181.000       2.4823
 182.000       1.6575
 183.000       1.1207
 184.000       0.8174
 185.000       0.8518
 186.000       0.8032
 187.000       1.0152
 188.000       0.8841
 189.000       1.1190
 190.000       0.9549
 191.000       0.8593
 192.000       0.9369
 193.000       1.2295
 194.000       0.8626
 195.000       1.1006
 196.000       1.8442
 197.000       0.9993
 198.000       0.9955
 199.000       1.4829
 200.000       1.8937
 201.000       1.6337
 202.000       2.1849
 203.000       2.3559
 204.000       1.6516
 205.000       1.6210
 206.000       1.3886
 207.000       1.8818
 208.000       1.1452
 209.000       1.2240
 210.000       1.8892
 211.000       1.6709
 212.000       1.1511
 213.000       1.2688
 214.000       1.4650
 215.000       1.6458
 216.000       0.9230
 217.000       1.2708
 218.000       1.1521
 219.000       0.9421
 220.000       1.2085
 221.000       1.1437
 222.000       1.0727
 223.000       1.1956
 224.000       1.4377
 225.000       1.6226
 226.000       1.2125
 227.000       1.2144
 228.000       1.5820
 229.000       1.3336
 230.000       1.3672
 231.000       1.4017
 232.000       1.1731
 233.000       1.1499
 234.000       1.5051
 235.000       1.2851
 236.000       0.9522
 237.000       1.1698
 238.000       1.7685
 239.000       1.0136
 240.000       0.8448
 241.000       1.1104
 242.000       1.1546
 243.000       1.2177
 244.000       1.5142
 245.000       2.2024
 246.000       2.8011
 247.000       1.7146
 248.000       1.4455
 249.000       1.5327
 250.000       1.7347
 251.000       1.0784
 252.000       1.1733
 253.000       1.1885
 254.000       1.3019
 255.000       1.0830
 256.000       0.8768
 257.000       0.7117
 258.000       0.6728
 259.000       0.8736
 260.000       0.6935
 261.000       0.7384
 262.000       0.7102
 263.000       1.0587
 264.000       0.5506
 265.000       0.9786
 266.000       0.5014
 267.000       0.6326
 268.000       0.5192
 269.000       0.5472
 270.000       0.5475
 271.000       0.6538
 272.000       0.6170
 273.000       0.6866
 274.000       0.6400
 275.000       0.8722
 276.000       0.5617
 277.000       0.7496
 278.000       1.7844
 279.000       1.0291
 280.000       1.8240
 281.000       1.3851
 282.000       1.4827
 283.000       1.8188
 284.000       1.5367
 285.000       1.1616
 286.000       1.4734
 287.000       1.7512
 288.000       0.8964
 289.000       0.7227
 290.000       1.1667
 291.000       0.9004
 292.000       0.6394
 293.000       0.6886
 294.000       0.6891
 295.000       0.9410
 296.000       0.7016
 297.000       0.8271
 298.000       0.9332
 299.000       0.7273
 300.000       0.6306
 301.000       1.0756
 302.000       0.7525
 303.000       0.8157
 304.000       0.7544
 305.000       1.2949
 306.000       1.0159
 307.000       0.9098
 308.000       0.8904
 309.000       1.0154
 310.000       1.2550
 311.000       1.0640
 312.000       1.0217
 313.000       1.2524
 314.000       1.2907
 315.000       1.1897
 316.000       1.9454
 317.000       1.8215
 318.000       1.6839
 319.000       1.5444
 320.000       1.5177
 321.000       1.2230
 322.000       1.3363
 323.000       1.0821
 324.000       1.3637
 325.000       1.2224
 326.000       1.1954
 327.000       1.9518
 328.000       1.4535
 329.000       0.9045
 330.000       0.8999
 331.000       0.8967
 332.000       1.2300
 333.000       0.9509
 334.000       1.0637
 335.000       0.9659
 336.000       1.0360
 337.000       1.5729
 338.000       1.0036
 339.000       1.3116
 340.000       1.1050
 341.000       1.4213
 342.000       1.3364
 343.000       1.7255
 344.000       1.4528
 345.000       1.3158
 346.000       1.3001
 347.000       1.0862
 348.000       1.1089
 349.000       1.0249
 350.000       1.0825
 351.000       0.9350
 352.000       0.9516
 353.000       1.1453
 354.000       1.0550
 355.000       0.8113
 356.000       1.1132
 357.000       1.0081
 358.000       1.0949
 359.000       1.0923
 360.000       0.9344
 361.000       0.9790
 362.000       0.6822
 363.000       0.8775
 364.000       0.6309
 365.000       0.6689
 366.000       0.6782
 367.000       1.1657
 368.000       0.6609
 369.000       0.5867
 370.000       0.7763
 371.000       0.9210
 372.000       0.9156
 373.000       0.7925
 374.000       0.8671
 375.000       0.8528
 376.000       0.8738
 377.000       0.9652
 378.000       0.9544
 379.000       1.2332
 380.000       1.3239
 381.000       1.1094
 382.000       1.6725
 383.000       1.4044
 384.000       1.0197
 385.000       1.3204
 386.000       2.1245
 387.000       1.2657
 388.000       1.7797
 389.000       1.3623
 390.000       1.3488
 391.000       0.8174
 392.000       0.8083
 393.000       1.0738
 394.000       1.5407
 395.000       0.8142
 396.000       0.9291
 397.000       1.2787
 398.000       0.8083
 399.000       0.8013
 400.000       1.0485
 401.000       1.2751
 402.000       1.3505
 403.000       0.8076
 404.000       1.1018
 405.000       1.2788
 406.000       0.7784
 407.000       0.8312
 408.000       0.8079
 409.000       0.9002
 410.000       0.8387
 411.000       0.7953
 412.000       0.9795
 413.000       1.2135
 414.000       0.8940
 415.000       0.7736
 416.000       0.9264
 417.000       1.3196
 418.000       1.1082
 419.000       0.8910
 420.000       1.2728
 421.000       0.7655
 422.000       0.7423
 423.000       0.7845
 424.000       0.6543
 425.000       0.9493
 426.000       0.8010
 427.000       0.7767
 428.000       0.9530
 429.000       1.0354
 430.000       0.6167
 431.000       0.9426
 432.000       0.7048
 433.000       1.0033
 434.000       0.5566
 435.000       0.6581
 436.000       0.8696
 437.000       0.6367
 438.000       0.9593
 439.000       0.8514
 440.000       1.2427
 441.000       1.1834
 442.000       1.3665
 443.000       0.7325
 444.000       0.8622
 445.000       0.7699
 446.000       1.2601
 447.000       0.7909
 448.000       0.8781
 449.000       1.1126
 450.000       0.8192
 451.000       0.8788
 452.000       1.2015
 453.000       1.4787
 454.000       1.1281
 455.000       1.3940
 456.000       1.3462
 457.000       1.9642
 458.000       1.6992
 459.000       0.9202
 460.000       1.0483
 461.000       1.0889
 462.000       1.1311
 463.000       0.8149
 464.000       0.8732
 465.000       1.0623
 466.000       0.7259
 467.000       0.6461
 468.000       0.8990
 469.000       1.2691
 470.000       0.9106
 471.000       0.8817
 472.000       0.7686
 473.000       1.0570
 474.000       1.0645
 475.000       0.8477
 476.000       1.0999
 477.000       1.6721
 478.000       1.1760
 479.000       0.8900
 480.000       1.0759
 481.000       1.0995
 482.000       1.1229
 483.000       1.2387
 484.000       1.4242
 485.000       1.3412
 486.000       1.1712
 487.000       2.5741
 488.000       1.2065
 489.000       1.1074
 490.000       1.9134
 491.000       1.6028
 492.000       1.6445
 493.000       1.9221
 494.000       1.4437
 495.000       1.6147
 496.000       1.5687
 497.000       1.4253
 498.000       1.6564
 499.000       2.9033
 500.000       1.2193
 501.000       1.1892
 502.000       1.1627
 503.000       1.3315
 504.000       0.8853
 505.000       1.0200
 506.000       1.0362
 507.000       1.1459
 508.000       0.8594
 509.000       1.1148
 510.000       0.9406
 511.000       1.1615
 512.000       1.5621
 513.000       1.2430
 514.000       1.3805
 515.000       0.9846
 516.000       1.1556
 517.000       1.6372
 518.000       1.5193
 519.000       1.1338
 520.000       1.4040
 521.000       1.9096
 522.000       1.7563
 523.000       1.7833
 524.000       1.8806
 525.000       1.9989
 526.000       2.3882
 527.000       3.0946
 528.000       2.4161
 529.000       2.5227
 530.000       2.5616
 531.000       3.1513
 532.000       2.4961
 533.000       1.8411
 534.000       2.1899
 535.000       1.8869
 536.000       2.7424
 537.000       1.3007
 538.000       1.4830
 539.000       1.3024
 540.000       1.2949
 541.000       1.8209
 542.000       3.5933
 543.000       3.4775
 544.000       5.3051
 545.000       3.2818
 546.000       4.7529
 547.000       4.0254
 548.000       6.3512
 549.000      14.4742
 550.000      18.2496
 551.000       0.6832
 552.000       0.7060
 553.000       0.6278
 554.000      50.9937
 555.000      50.7559
 556.000      52.7330
 557.000      52.1692
 558.000      51.5558
 559.000      51.5272
 560.000      51.1967
 561.000      50.5919
 562.000      51.8485
 563.000      50.7514
 564.000      51.6373
 565.000      51.6899
 566.000      52.5638
 567.000      50.9423
 568.000      51.9028
 569.000      53.0678
 570.000      51.2877
 571.000      49.0984
 572.000      50.1326
 573.000      51.7691
 574.000      52.0501
 575.000      49.8211
 576.000      52.1629
 577.000      49.4805
 578.000      50.9521
 579.000      50.7626
 580.000      50.8527
 581.000      51.9167
 582.000      52.9588
 583.000      51.2206
 584.000      52.3759
 585.000      52.4864
 586.000      51.7570
 587.000      50.7291
 588.000      51.3262
 589.000      51.5712
 590.000      50.9198
 591.000      51.4127
 592.000      51.8819
 593.000      52.8858
 594.000      52.0913
 595.000      51.3085
 596.000      52.2477
 597.000      50.9805
 598.000      53.3182
 599.000      52.2869
 600.000      49.7725
 601.000       0.7806
 602.000      52.8814
 603.000      53.5110
 604.000      52.7603
 605.000      53.6263
 606.000      52.8709
 607.000      53.1008
 608.000      52.5799
 609.000      52.8963
 610.000      53.4749
 611.000      53.0765
 612.000      53.5882
 613.000      52.6260
 614.000      52.8238
 615.000      53.2814
 616.000      52.7894
 617.000      53.7207
 618.000      52.3053
 619.000      53.2829
 620.000      53.5794
 621.000      53.4176
 622.000      53.2772
 623.000      52.9450
 624.000      53.6120
 625.000      53.6885
 626.000      52.3671
 627.000      53.1327
 628.000      53.3735
 629.000      53.0298
 630.000      53.7890
 631.000      53.0511
 632.000      53.4596
 633.000      53.8206
 634.000      52.8625
 635.000      53.8693
 636.000      52.9430
 637.000      53.4488
 638.000      53.9479
 639.000      53.5292
 640.000      53.4287
 641.000      53.1935
 642.000      53.1739
 643.000      53.2793
 644.000      54.1858
 645.000      53.5978
 646.000      54.0127
