#Res        AtomicFlx
   1.000       5.3781
   2.000       2.8880
   3.000       1.6047
   4.000       1.8580
   5.000       1.3508
   6.000       0.9865
   7.000       1.3871
   8.000       1.5200
   9.000       1.6636
  10.000       1.3342
  11.000       1.1549
  12.000       1.0101
  13.000       0.9376
  14.000       0.9972
  15.000       0.7144
  16.000       0.8971
  17.000       0.7079
  18.000       0.5449
  19.000       0.5530
  20.000       0.5937
  21.000       0.6470
  22.000       0.6943
  23.000       0.8305
  24.000       0.6546
  25.000       0.5580
  26.000       1.0648
  27.000       0.9432
  28.000       1.2931
  29.000       0.6357
  30.000       0.7427
  31.000       0.9163
  32.000       0.8784
  33.000       0.9634
  34.000       1.5333
  35.000       1.6152
  36.000       1.0120
  37.000       1.3596
  38.000       1.0046
  39.000       0.8892
  40.000       0.9635
  41.000       0.7715
  42.000       1.0521
  43.000       0.9395
  44.000       0.8338
  45.000       0.6593
  46.000       1.2606
  47.000       1.1824
  48.000       1.5965
  49.000       0.9017
  50.000       1.1074
  51.000       1.2645
  52.000       0.6947
  53.000       0.5785
  54.000       0.8100
  55.000       0.5611
  56.000       0.6742
  57.000       0.8059
  58.000       0.6530
  59.000       0.7459
  60.000       0.4989
  61.000       0.7090
  62.000       0.6570
  63.000       1.0044
  64.000       0.6081
  65.000       0.8232
  66.000       1.4615
  67.000       0.7908
  68.000       1.5474
  69.000       0.8381
  70.000       0.5403
  71.000       0.6163
  72.000       0.6582
  73.000       0.6069
  74.000       0.7350
  75.000       0.7859
  76.000       1.2856
  77.000       1.1524
  78.000       1.1875
  79.000       0.9717
  80.000       1.3125
  81.000       0.8915
  82.000       0.8924
  83.000       0.6599
  84.000       0.7638
  85.000       0.5423
  86.000       1.1741
  87.000       0.7392
  88.000       0.6379
  89.000       0.7346
  90.000       1.0375
  91.000       1.0792
  92.000       0.5906
  93.000       0.8494
  94.000       0.9678
  95.000       0.7644
  96.000       0.6312
  97.000       0.9864
  98.000       1.0659
  99.000       1.0740
 100.000       0.8890
 101.000       0.7400
 102.000       1.0164
 103.000       0.9273
 104.000       0.6344
 105.000       1.2478
 106.000       0.6647
 107.000       0.8807
 108.000       0.7164
 109.000       0.7954
 110.000       0.7801
 111.000       1.4957
 112.000       0.8651
 113.000       0.9050
 114.000       1.3931
 115.000       1.3239
 116.000       1.9220
 117.000       1.7850
 118.000       1.0838
 119.000       0.9083
 120.000       1.0652
 121.000       1.3578
 122.000       1.4965
 123.000       1.3302
 124.000       1.6399
 125.000       1.3737
 126.000       1.6176
 127.000       1.2805
 128.000       1.2864
 129.000       1.5247
 130.000       1.8914
 131.000       1.9245
 132.000       1.3902
 133.000       1.7516
 134.000       2.5115
 135.000       2.5552
 136.000       3.5970
 137.000       4.2667
 138.000       5.3037
 139.000       7.2794
 140.000       8.1471
 141.000       8.4582
 142.000       8.3926
 143.000       8.8822
 144.000       8.6744
 145.000       7.6226
 146.000       6.6448
 147.000       6.5296
 148.000       6.3105
 149.000       4.5457
 150.000       4.3607
 151.000       3.6560
 152.000       1.7145
 153.000       1.6537
 154.000       1.3001
 155.000       1.0547
 156.000       0.8636
 157.000       0.8896
 158.000       1.1325
 159.000       0.8977
 160.000       1.0470
 161.000       1.1099
 162.000       1.7913
 163.000       0.9253
 164.000       0.9235
 165.000       1.0949
 166.000       1.3431
 167.000       1.2107
 168.000       2.7049
 169.000       3.6443
 170.000       3.1188
 171.000       3.8284
 172.000       1.5519
 173.000       1.3920
 174.000       1.7296
 175.000       1.5706
 176.000       1.0598
 177.000       0.8210
 178.000       0.8884
 179.000       0.7470
 180.000       1.1451
 181.000       2.4837
 182.000       1.3054
 183.000       1.0519
 184.000       0.7038
 185.000       0.7077
 186.000       0.6232
 187.000       0.7394
 188.000       0.7924
 189.000       1.1070
 190.000       0.8628
 191.000       0.8121
 192.000       0.9373
 193.000       1.0278
 194.000       0.8533
 195.000       1.1518
 196.000       1.2874
 197.000       0.9141
 198.000       1.1428
 199.000       1.2465
 200.000       1.3033
 201.000       1.0343
 202.000       1.6599
 203.000       2.2261
 204.000       2.1078
 205.000       2.0484
 206.000       1.5145
 207.000       2.4133
 208.000       1.5858
 209.000       1.2684
 210.000       1.8873
 211.000       1.4538
 212.000       1.5075
 213.000       1.5621
 214.000       1.3161
 215.000       1.9969
 216.000       0.9733
 217.000       1.1577
 218.000       1.0165
 219.000       0.9460
 220.000       1.0219
 221.000       0.9151
 222.000       0.8082
 223.000       1.0413
 224.000       1.0585
 225.000       1.2808
 226.000       0.8458
 227.000       0.8164
 228.000       1.2324
 229.000       0.9957
 230.000       1.0010
 231.000       0.9872
 232.000       0.8390
 233.000       0.8700
 234.000       1.1134
 235.000       1.1073
 236.000       0.8100
 237.000       1.2831
 238.000       1.8433
 239.000       0.9538
 240.000       0.8063
 241.000       1.0801
 242.000       1.1455
 243.000       1.2618
 244.000       1.7144
 245.000       2.4349
 246.000       2.7205
 247.000       2.0074
 248.000       1.6517
 249.000       1.8003
 250.000       1.8245
 251.000       1.2822
 252.000       1.2448
 253.000       1.2110
 254.000       1.1231
 255.000       1.1668
 256.000       0.9613
 257.000       0.7594
 258.000       0.7846
 259.000       0.9297
 260.000       0.6378
 261.000       0.7367
 262.000       0.7227
 263.000       1.3057
 264.000       0.5408
 265.000       0.6722
 266.000       0.5096
 267.000       0.8092
 268.000       0.5470
 269.000       0.6944
 270.000       0.4475
 271.000       0.5877
 272.000       0.6269
 273.000       0.5776
 274.000       0.5869
 275.000       0.9316
 276.000       0.5518
 277.000       0.6766
 278.000       1.0323
 279.000       0.9781
 280.000       1.5505
 281.000       1.4675
 282.000       1.0472
 283.000       1.2604
 284.000       1.0120
 285.000       1.1201
 286.000       0.8612
 287.000       1.9721
 288.000       0.9307
 289.000       0.6739
 290.000       0.7909
 291.000       0.7604
 292.000       0.5854
 293.000       0.6948
 294.000       0.6124
 295.000       0.8938
 296.000       0.5434
 297.000       0.7612
 298.000       1.0084
 299.000       0.6630
 300.000       0.5704
 301.000       1.1388
 302.000       0.7687
 303.000       0.8075
 304.000       0.7463
 305.000       1.3706
 306.000       0.9571
 307.000       0.8386
 308.000       0.8840
 309.000       0.7597
 310.000       1.1098
 311.000       0.9780
 312.000       0.7701
 313.000       0.8934
 314.000       1.1061
 315.000       0.9563
 316.000       1.7906
 317.000       1.8504
 318.000       1.5227
 319.000       1.4605
 320.000       1.4345
 321.000       1.3176
 322.000       1.5067
 323.000       1.3001
 324.000       1.3986
 325.000       1.2780
 326.000       1.4129
 327.000       1.4163
 328.000       1.7917
 329.000       1.2851
 330.000       0.8815
 331.000       0.7054
 332.000       0.9858
 333.000       1.0628
 334.000       0.9393
 335.000       0.7904
 336.000       1.1112
 337.000       1.3911
 338.000       0.8684
 339.000       1.2103
 340.000       0.8668
 341.000       1.2983
 342.000       1.1772
 343.000       1.4494
 344.000       1.0822
 345.000       0.9426
 346.000       1.0395
 347.000       0.8664
 348.000       0.8845
 349.000       0.8173
 350.000       0.8706
 351.000       0.7422
 352.000       0.7597
 353.000       0.9300
 354.000       0.7774
 355.000       0.7239
 356.000       1.0518
 357.000       0.8953
 358.000       1.0600
 359.000       1.1355
 360.000       0.9805
 361.000       1.0886
 362.000       0.7883
 363.000       1.0123
 364.000       0.7423
 365.000       0.7405
 366.000       0.6785
 367.000       1.1405
 368.000       0.5313
 369.000       0.5197
 370.000       0.8317
 371.000       0.9844
 372.000       0.6053
 373.000       0.6397
 374.000       0.8515
 375.000       0.8490
 376.000       0.6361
 377.000       0.8416
 378.000       1.0962
 379.000       1.3993
 380.000       1.0539
 381.000       1.9324
 382.000       2.1589
 383.000       1.8652
 384.000       1.6456
 385.000       1.8928
 386.000       2.7459
 387.000       1.4262
 388.000       1.6945
 389.000       1.4538
 390.000       1.3289
 391.000       1.0370
 392.000       0.8557
 393.000       1.0535
 394.000       1.7865
 395.000       0.8867
 396.000       1.0568
 397.000       1.2719
 398.000       0.8259
 399.000       0.7947
 400.000       1.0079
 401.000       1.1737
 402.000       0.8962
 403.000       0.6525
 404.000       1.0660
 405.000       1.5731
 406.000       0.9386
 407.000       0.7800
 408.000       0.7502
 409.000       0.9360
 410.000       0.8531
 411.000       0.7580
 412.000       0.8235
 413.000       1.0313
 414.000       0.9985
 415.000       1.0637
 416.000       0.7400
 417.000       1.1838
 418.000       1.1116
 419.000       0.9456
 420.000       1.2079
 421.000       1.4570
 422.000       2.0591
 423.000       2.8128
 424.000       1.9319
 425.000       1.5234
 426.000       1.4874
 427.000       1.6477
 428.000       1.0355
 429.000       2.0181
 430.000       0.9263
 431.000       1.0611
 432.000       0.8818
 433.000       1.0284
 434.000       0.7845
 435.000       0.6867
 436.000       0.9052
 437.000       0.7167
 438.000       0.9796
 439.000       0.9337
 440.000       1.0976
 441.000       1.2589
 442.000       1.2028
 443.000       0.7156
 444.000       0.9028
 445.000       0.7122
 446.000       1.2270
 447.000       0.7491
 448.000       0.7210
 449.000       0.9776
 450.000       0.9614
 451.000       0.8880
 452.000       1.2566
 453.000       1.5708
 454.000       1.2385
 455.000       1.3628
 456.000       1.3050
 457.000       2.2525
 458.000       1.9118
 459.000       0.8565
 460.000       1.0568
 461.000       1.0162
 462.000       1.1244
 463.000       0.8104
 464.000       0.7649
 465.000       1.1623
 466.000       0.6462
 467.000       0.6236
 468.000       0.9216
 469.000       1.2411
 470.000       0.9789
 471.000       0.9801
 472.000       0.8500
 473.000       1.1821
 474.000       1.7798
 475.000       1.1864
 476.000       1.0456
 477.000       1.5844
 478.000       1.0344
 479.000       1.0554
 480.000       1.0993
 481.000       1.1320
 482.000       1.1818
 483.000       1.4529
 484.000       1.6236
 485.000       1.5944
 486.000       1.7416
 487.000       2.9892
 488.000       1.5630
 489.000       1.2584
 490.000       1.5818
 491.000       1.4174
 492.000       1.5336
 493.000       1.6732
 494.000       1.2865
 495.000       1.4789
 496.000       1.2924
 497.000       1.1516
 498.000       1.6385
 499.000       1.4126
 500.000       1.0422
 501.000       1.3936
 502.000       1.2738
 503.000       1.3887
 504.000       0.9753
 505.000       2.0620
 506.000       1.2115
 507.000       1.2109
 508.000       1.1746
 509.000       1.4241
 510.000       1.2410
 511.000       1.5104
 512.000       1.6264
 513.000       1.6016
 514.000       2.4459
 515.000       1.0861
 516.000       1.1290
 517.000       1.7666
 518.000       1.5654
 519.000       0.9920
 520.000       1.2243
 521.000       1.8044
 522.000       1.4605
 523.000       1.4371
 524.000       1.5645
 525.000       1.6882
 526.000       1.5174
 527.000       1.8862
 528.000       1.9309
 529.000       1.9638
 530.000       2.1747
 531.000       2.7629
 532.000       1.8997
 533.000       1.5161
 534.000       1.6885
 535.000       1.6256
 536.000       1.8061
 537.000       1.3006
 538.000       1.8339
 539.000       1.2836
 540.000       1.3011
 541.000       1.6716
 542.000       3.5989
 543.000       4.9299
 544.000       6.5919
 545.000       2.5867
 546.000       3.3859
 547.000       2.9226
 548.000       5.0495
 549.000       9.3849
 550.000      12.9909
 551.000       1.0040
 552.000       0.6247
 553.000       0.5201
 554.000      51.9352
 555.000      53.0179
 556.000      52.3083
 557.000      52.6296
 558.000      52.4728
 559.000      50.1947
 560.000      52.4016
 561.000      52.4492
 562.000      51.8797
 563.000      52.5235
 564.000      52.2748
 565.000      51.4234
 566.000      52.7331
 567.000      52.4384
 568.000      51.8264
 569.000      51.2922
 570.000      50.5253
 571.000      52.0187
 572.000      50.8249
 573.000      50.6130
 574.000      52.6863
 575.000      51.7660
 576.000      52.0364
 577.000      51.3633
 578.000      51.1060
 579.000      51.5680
 580.000      52.0394
 581.000      51.5820
 582.000      52.1463
 583.000      50.7109
 584.000      51.3502
 585.000      51.9104
 586.000      50.2865
 587.000      51.9016
 588.000      51.9617
 589.000      50.1749
 590.000      52.3850
 591.000      51.8318
 592.000      52.2756
 593.000      51.8512
 594.000      50.8737
 595.000      52.1866
 596.000      52.7958
 597.000      50.7323
 598.000      51.4724
 599.000      51.5318
 600.000      50.6719
 601.000       0.6242
 602.000      53.2388
 603.000      54.2129
 604.000      54.0510
 605.000      53.9348
 606.000      53.3247
 607.000      52.6463
 608.000      52.9524
 609.000      53.5241
 610.000      54.0175
 611.000      53.0530
 612.000      53.9139
 613.000      53.2963
 614.000      53.6559
 615.000      53.2985
 616.000      53.7870
 617.000      54.0349
 618.000      53.5097
 619.000      52.8993
 620.000      53.9953
 621.000      53.4003
 622.000      54.3344
 623.000      54.1006
 624.000      53.6306
 625.000      53.4630
 626.000      53.6738
 627.000      53.1326
 628.000      53.9685
 629.000      54.0875
 630.000      53.1067
 631.000      53.5748
 632.000      54.0348
 633.000      53.8597
 634.000      53.5639
 635.000      53.4077
 636.000      53.8054
 637.000      53.8370
 638.000      54.2608
 639.000      53.9726
 640.000      53.1282
 641.000      53.8149
 642.000      53.4808
 643.000      54.1925
 644.000      53.9417
 645.000      53.0469
 646.000      53.7830
