#Res        AtomicFlx
   1.000       5.3987
   2.000       3.3532
   3.000       2.4481
   4.000       1.9762
   5.000       1.2123
   6.000       0.7733
   7.000       0.9937
   8.000       1.4054
   9.000       1.5212
  10.000       1.2333
  11.000       0.8287
  12.000       0.7363
  13.000       1.1177
  14.000       0.8085
  15.000       0.6157
  16.000       0.7236
  17.000       0.9808
  18.000       0.6186
  19.000       0.6672
  20.000       0.7151
  21.000       0.8169
  22.000       1.0915
  23.000       1.2935
  24.000       1.2652
  25.000       1.8577
  26.000       1.6162
  27.000       1.0348
  28.000       1.7710
  29.000       1.0597
  30.000       0.9313
  31.000       1.7613
  32.000       1.1861
  33.000       1.0733
  34.000       2.1091
  35.000       1.7997
  36.000       1.0088
  37.000       1.2407
  38.000       0.9781
  39.000       0.9178
  40.000       1.0173
  41.000       0.8544
  42.000       1.0763
  43.000       0.9652
  44.000       0.8292
  45.000       1.0229
  46.000       1.2851
  47.000       1.1237
  48.000       0.7898
  49.000       0.8319
  50.000       1.1112
  51.000       1.4502
  52.000       0.8016
  53.000       0.6798
  54.000       0.7756
  55.000       0.7743
  56.000       1.0229
  57.000       0.6579
  58.000       0.7981
  59.000       0.9997
  60.000       0.6516
  61.000       0.8089
  62.000       0.8126
  63.000       1.1373
  64.000       0.6761
  65.000       0.8310
  66.000       0.8848
  67.000       0.8762
  68.000       1.1692
  69.000       0.9107
  70.000       0.6443
  71.000       0.7993
  72.000       0.8175
  73.000       0.6492
  74.000       0.9694
  75.000       1.3229
  76.000       2.5456
  77.000       2.2242
  78.000       1.1751
  79.000       1.5126
  80.000       1.5600
  81.000       0.8195
  82.000       1.7662
  83.000       0.6835
  84.000       0.7869
  85.000       0.6435
  86.000       1.0461
  87.000       0.7930
  88.000       0.7575
  89.000       0.7919
  90.000       1.0362
  91.000       0.9725
  92.000       0.6624
  93.000       1.0058
  94.000       1.0386
  95.000       0.7315
  96.000       0.7253
  97.000       1.3229
  98.000       1.2841
  99.000       0.6892
 100.000       0.8897
 101.000       0.9214
 102.000       0.6829
 103.000       0.8148
 104.000       0.6785
 105.000       0.6631
 106.000       0.7113
 107.000       1.0248
 108.000       0.8469
 109.000       0.8834
 110.000       0.8471
 111.000       1.1841
 112.000       0.8752
 113.000       0.8266
 114.000       1.4391
 115.000       1.2569
 116.000       1.8872
 117.000       2.0679
 118.000       1.1253
 119.000       0.9828
 120.000       0.9678
 121.000       1.4620
 122.000       1.3657
 123.000       1.2092
 124.000       1.6876
 125.000       1.6090
 126.000       1.9861
 127.000       1.6815
 128.000       1.5083
 129.000       1.7540
 130.000       2.0481
 131.000       2.4366
 132.000       1.4631
 133.000       1.8736
 134.000       3.3123
 135.000       3.4324
 136.000       4.7152
 137.000       5.3822
 138.000       6.4990
 139.000       8.3647
 140.000       9.5284
 141.000       9.6515
 142.000       9.9661
 143.000      10.8970
 144.000       9.6530
 145.000       8.7474
 146.000       8.1342
 147.000       8.1596
 148.000       5.9431
 149.000       5.9896
 150.000       4.2158
 151.000       4.4566
 152.000       2.1384
 153.000       1.8532
 154.000       1.2987
 155.000       0.9853
 156.000       0.8696
 157.000       0.8559
 158.000       1.1505
 159.000       0.8888
 160.000       0.7593
 161.000       1.1765
 162.000       1.5229
 163.000       0.8609
 164.000       0.8654
 165.000       0.8651
 166.000       1.3378
 167.000       1.1889
 168.000       2.0911
 169.000       1.8755
 170.000       1.4820
 171.000       2.4511
 172.000       1.0732
 173.000       1.1812
 174.000       1.5091
 175.000       1.3766
 176.000       1.0834
 177.000       0.8842
 178.000       1.0534
 179.000       0.8586
 180.000       1.2809
 181.000       1.9607
 182.000       1.4002
 183.000       1.1299
 184.000       0.7792
 185.000       0.7988
 186.000       0.7343
 187.000       0.8217
 188.000       0.8650
 189.000       1.2000
 190.000       0.8602
 191.000       0.8411
 192.000       0.8003
 193.000       0.9394
 194.000       1.0237
 195.000       1.0422
 196.000       1.0031
 197.000       0.7267
 198.000       0.9459
 199.000       0.9620
 200.000       1.1465
 201.000       0.9259
 202.000       1.5269
 203.000       1.7448
 204.000       1.5529
 205.000       2.0579
 206.000       1.4683
 207.000       2.2180
 208.000       1.2436
 209.000       1.1940
 210.000       1.3640
 211.000       1.2623
 212.000       0.9282
 213.000       0.9134
 214.000       1.0453
 215.000       1.2648
 216.000       0.7886
 217.000       0.8557
 218.000       0.9157
 219.000       0.8056
 220.000       1.0175
 221.000       0.8053
 222.000       0.7996
 223.000       0.9489
 224.000       1.0856
 225.000       1.2725
 226.000       0.9074
 227.000       0.8370
 228.000       1.2864
 229.000       1.0891
 230.000       1.0406
 231.000       1.0752
 232.000       0.9256
 233.000       0.9438
 234.000       1.2995
 235.000       1.2457
 236.000       0.8608
 237.000       1.0814
 238.000       1.8205
 239.000       1.0079
 240.000       0.8031
 241.000       1.0168
 242.000       1.1057
 243.000       1.2855
 244.000       1.6554
 245.000       2.3816
 246.000       2.6320
 247.000       1.7533
 248.000       1.4423
 249.000       1.5101
 250.000       1.6596
 251.000       1.1835
 252.000       1.2269
 253.000       1.0815
 254.000       1.1189
 255.000       1.3464
 256.000       1.0298
 257.000       0.8267
 258.000       0.8226
 259.000       1.0570
 260.000       1.2104
 261.000       0.8063
 262.000       0.8525
 263.000       1.2594
 264.000       0.9744
 265.000       0.9730
 266.000       0.6053
 267.000       0.9459
 268.000       0.6465
 269.000       0.6498
 270.000       0.5163
 271.000       0.6289
 272.000       0.6919
 273.000       0.7324
 274.000       0.6400
 275.000       0.9241
 276.000       0.6498
 277.000       0.7915
 278.000       1.1321
 279.000       0.9913
 280.000       1.5513
 281.000       1.1756
 282.000       1.1138
 283.000       1.3139
 284.000       1.2716
 285.000       1.0808
 286.000       1.5044
 287.000       2.3738
 288.000       1.1379
 289.000       0.7405
 290.000       0.8923
 291.000       0.9620
 292.000       0.9249
 293.000       0.6555
 294.000       0.6256
 295.000       0.8681
 296.000       0.6359
 297.000       0.8025
 298.000       0.8338
 299.000       0.6525
 300.000       0.6973
 301.000       1.0180
 302.000       0.7330
 303.000       0.8698
 304.000       0.7197
 305.000       1.1674
 306.000       0.9256
 307.000       0.8723
 308.000       1.1219
 309.000       0.8505
 310.000       1.1169
 311.000       1.0333
 312.000       0.8434
 313.000       0.9536
 314.000       1.2031
 315.000       0.9975
 316.000       1.7515
 317.000       1.6462
 318.000       1.4277
 319.000       1.3524
 320.000       1.3513
 321.000       1.2284
 322.000       1.3790
 323.000       1.1928
 324.000       1.4269
 325.000       1.2780
 326.000       1.1965
 327.000       1.5337
 328.000       2.1858
 329.000       1.5454
 330.000       0.9348
 331.000       0.7852
 332.000       1.2500
 333.000       1.2470
 334.000       0.7393
 335.000       0.7943
 336.000       1.3087
 337.000       1.2942
 338.000       0.8976
 339.000       1.1300
 340.000       0.8958
 341.000       1.0487
 342.000       0.9404
 343.000       1.1549
 344.000       1.0606
 345.000       1.0522
 346.000       1.2081
 347.000       0.8737
 348.000       0.9994
 349.000       0.8936
 350.000       0.8384
 351.000       0.7956
 352.000       0.8496
 353.000       1.0831
 354.000       0.7824
 355.000       0.7214
 356.000       1.1210
 357.000       1.0721
 358.000       0.9359
 359.000       1.1611
 360.000       1.0909
 361.000       1.2769
 362.000       0.6832
 363.000       1.0179
 364.000       0.7930
 365.000       0.5646
 366.000       0.5982
 367.000       0.7884
 368.000       0.5115
 369.000       0.5509
 370.000       0.8858
 371.000       0.8465
 372.000       0.6549
 373.000       0.6948
 374.000       0.9671
 375.000       1.2792
 376.000       0.8661
 377.000       0.8594
 378.000       1.1023
 379.000       1.3576
 380.000       1.0587
 381.000       1.1970
 382.000       1.7751
 383.000       1.3654
 384.000       1.0039
 385.000       1.3725
 386.000       2.0279
 387.000       1.2907
 388.000       1.6396
 389.000       1.4634
 390.000       1.3605
 391.000       0.9200
 392.000       0.8778
 393.000       1.1254
 394.000       1.7274
 395.000       0.9498
 396.000       1.0887
 397.000       1.2507
 398.000       0.8727
 399.000       0.8658
 400.000       0.9081
 401.000       1.1515
 402.000       1.1737
 403.000       0.8036
 404.000       1.0868
 405.000       1.2304
 406.000       0.7977
 407.000       0.7653
 408.000       0.7527
 409.000       0.9282
 410.000       0.7122
 411.000       0.6644
 412.000       0.8174
 413.000       0.9216
 414.000       0.7841
 415.000       0.9279
 416.000       0.7698
 417.000       1.0831
 418.000       0.8580
 419.000       1.0117
 420.000       1.4556
 421.000       1.0084
 422.000       1.1007
 423.000       1.6533
 424.000       1.1900
 425.000       1.5128
 426.000       1.1776
 427.000       1.3060
 428.000       1.0586
 429.000       2.2045
 430.000       0.9345
 431.000       1.0651
 432.000       1.0211
 433.000       1.4728
 434.000       0.9133
 435.000       0.8829
 436.000       1.2404
 437.000       1.0035
 438.000       1.1193
 439.000       0.9719
 440.000       2.4426
 441.000       1.4184
 442.000       1.7354
 443.000       1.0162
 444.000       1.0729
 445.000       1.0614
 446.000       1.4378
 447.000       0.9357
 448.000       0.9602
 449.000       1.2693
 450.000       1.0382
 451.000       1.0273
 452.000       1.4672
 453.000       1.6982
 454.000       1.1784
 455.000       1.3031
 456.000       1.3104
 457.000       2.0050
 458.000       1.7061
 459.000       1.1031
 460.000       1.1455
 461.000       1.3071
 462.000       1.2661
 463.000       1.2065
 464.000       1.0574
 465.000       1.3577
 466.000       0.8915
 467.000       0.8205
 468.000       1.3607
 469.000       1.3736
 470.000       0.9951
 471.000       0.9604
 472.000       0.9420
 473.000       1.1473
 474.000       0.8776
 475.000       1.0063
 476.000       1.1886
 477.000       1.6630
 478.000       1.2362
 479.000       1.1344
 480.000       1.2062
 481.000       1.2628
 482.000       1.3541
 483.000       1.7529
 484.000       1.7093
 485.000       2.3416
 486.000       2.5250
 487.000       2.9147
 488.000       1.6434
 489.000       1.4464
 490.000       1.8447
 491.000       1.4726
 492.000       1.6572
 493.000       1.7844
 494.000       1.3972
 495.000       1.6207
 496.000       1.3359
 497.000       1.2511
 498.000       1.6229
 499.000       1.3345
 500.000       1.0772
 501.000       1.5257
 502.000       1.1527
 503.000       1.3124
 504.000       0.9491
 505.000       2.3018
 506.000       1.1745
 507.000       1.3278
 508.000       1.0150
 509.000       1.3238
 510.000       1.3336
 511.000       1.3297
 512.000       1.8168
 513.000       1.6781
 514.000       1.5041
 515.000       0.9812
 516.000       1.3150
 517.000       1.8743
 518.000       1.5547
 519.000       1.0451
 520.000       1.4624
 521.000       2.0070
 522.000       1.8028
 523.000       1.8624
 524.000       2.0520
 525.000       2.0679
 526.000       1.8319
 527.000       2.1476
 528.000       2.2119
 529.000       2.2552
 530.000       2.7035
 531.000       2.8358
 532.000       2.2234
 533.000       1.8547
 534.000       2.0844
 535.000       1.8801
 536.000       2.0100
 537.000       1.5416
 538.000       1.9764
 539.000       1.6458
 540.000       1.7359
 541.000       1.9582
 542.000       3.8177
 543.000       4.5011
 544.000       7.6248
 545.000       3.3957
 546.000       4.9861
 547.000       4.4109
 548.000       7.3702
 549.000       7.1806
 550.000       9.3340
 551.000       0.7315
 552.000       0.5945
 553.000      51.3196
 554.000      50.2176
 555.000      52.6886
 556.000      51.3243
 557.000      52.6559
 558.000      51.1188
 559.000      51.9626
 560.000      51.4787
 561.000      50.7783
 562.000      51.5483
 563.000      51.4038
 564.000      50.3514
 565.000      52.3935
 566.000      51.7947
 567.000      51.5765
 568.000      51.1887
 569.000      52.1842
 570.000      52.6247
 571.000      51.1022
 572.000      53.1625
 573.000      50.3895
 574.000      51.7979
 575.000      51.8766
 576.000      50.7785
 577.000      50.2374
 578.000      50.7598
 579.000      52.4453
 580.000      51.2056
 581.000      51.9094
 582.000      51.2574
 583.000      51.8898
 584.000      51.7144
 585.000      51.5687
 586.000      52.9460
 587.000      52.1503
 588.000      51.3407
 589.000      50.0996
 590.000      52.1710
 591.000      52.5795
 592.000      51.9121
 593.000      50.6574
 594.000      51.1064
 595.000      52.2094
 596.000      51.6222
 597.000      50.7898
 598.000      51.9282
 599.000      52.5507
 600.000      51.1325
 601.000      53.1395
 602.000      53.0804
 603.000      53.2979
 604.000      53.4478
 605.000      53.6141
 606.000      53.5219
 607.000      53.1526
 608.000      53.5761
 609.000      53.4963
 610.000      53.9367
 611.000      52.9010
 612.000      53.6241
 613.000      53.2195
 614.000      53.1314
 615.000      53.6821
 616.000      53.5594
 617.000      53.5126
 618.000      53.3169
 619.000      53.0105
 620.000      52.3462
 621.000      53.9303
 622.000      53.0787
 623.000      53.4044
 624.000      53.5025
 625.000      53.5618
 626.000      52.6899
 627.000      53.6559
 628.000      53.2188
 629.000      53.4829
 630.000      52.6933
 631.000      52.7743
 632.000      53.6622
 633.000      52.9093
 634.000      53.1866
 635.000      53.9582
 636.000      53.9170
 637.000      52.6644
 638.000      52.9575
 639.000      53.7788
 640.000      53.5992
 641.000      53.5163
 642.000      53.6845
 643.000      52.7138
 644.000      53.3791
 645.000      52.9661
 646.000      53.6105
