#Res        AtomicFlx
   1.000       9.2411
   2.000       7.6154
   3.000       5.7910
   4.000       3.7274
   5.000       1.5882
   6.000       1.2511
   7.000       1.6240
   8.000       2.2833
   9.000       1.3329
  10.000       1.1990
  11.000       0.9076
  12.000       0.8266
  13.000       0.6462
  14.000       0.6366
  15.000       0.6874
  16.000       0.6307
  17.000       0.5096
  18.000       0.5116
  19.000       0.5786
  20.000       0.4990
  21.000       0.4989
  22.000       0.5019
  23.000       0.7172
  24.000       0.8696
  25.000       0.8288
  26.000       0.6156
  27.000       0.6524
  28.000       0.9847
  29.000       0.8405
  30.000       0.7405
  31.000       0.7899
  32.000       1.0636
  33.000       1.1673
  34.000       0.9608
  35.000       1.0201
  36.000       1.3817
  37.000       1.3883
  38.000       1.6442
  39.000       1.7664
  40.000       1.4564
  41.000       1.2162
  42.000       1.0874
  43.000       1.1845
  44.000       1.2174
  45.000       0.9923
  46.000       0.8262
  47.000       0.9617
  48.000       0.9705
  49.000       0.7962
  50.000       0.7532
  51.000       0.8654
  52.000       0.8628
  53.000       0.7351
  54.000       0.6805
  55.000       0.6471
  56.000       0.6476
  57.000       0.6002
  58.000       0.5137
  59.000       0.5185
  60.000       0.5555
  61.000       0.5010
  62.000       0.4788
  63.000       0.5097
  64.000       0.5209
  65.000       0.5395
  66.000       0.4925
  67.000       0.5718
  68.000       0.5904
  69.000       0.5774
  70.000       0.6572
  71.000       0.7068
  72.000       0.6628
  73.000       0.6655
  74.000       0.6791
  75.000       0.6764
  76.000       0.7054
  77.000       0.7742
  78.000       0.9330
  79.000       0.9560
  80.000       0.8695
  81.000       0.8709
  82.000       0.9420
  83.000       0.8008
  84.000       0.7885
  85.000       0.7205
  86.000       0.7364
  87.000       0.6687
  88.000       0.5880
  89.000       0.6397
  90.000       0.6630
  91.000       0.6283
  92.000       0.6390
  93.000       0.5979
  94.000       0.6317
  95.000       0.6269
  96.000       0.5838
  97.000       0.5667
  98.000       0.6117
  99.000       0.6428
 100.000       0.6302
 101.000       0.6858
 102.000       0.6337
 103.000       0.6241
 104.000       0.6157
 105.000       0.5541
 106.000       0.5468
 107.000       0.5518
 108.000       0.5195
 109.000       0.5097
 110.000       0.5712
 111.000       0.5180
 112.000       0.5179
 113.000       0.6565
 114.000       0.6938
 115.000       0.6295
 116.000       0.9047
 117.000       1.0404
 118.000       1.2261
 119.000       1.1958
 120.000       0.7560
 121.000       0.8189
 122.000       0.9965
 123.000       1.3970
 124.000       1.2260
 125.000       1.0786
 126.000       1.2949
 127.000       1.3204
 128.000       1.5410
 129.000       1.3941
 130.000       1.2156
 131.000       1.3632
 132.000       2.9842
 133.000       1.9798
 134.000       1.3226
 135.000       1.6054
 136.000       1.8539
 137.000       2.4775
 138.000       3.4618
 139.000       3.9408
 140.000       5.6856
 141.000       6.7104
 142.000       7.5471
 143.000       6.6557
 144.000       7.4336
 145.000       6.5670
 146.000       5.6601
 147.000       4.3282
 148.000       3.5932
 149.000       2.2693
 150.000       1.6497
 151.000       1.0460
 152.000       0.9886
 153.000       0.7585
 154.000       0.8737
 155.000       0.9838
 156.000       0.8960
 157.000       0.8387
 158.000       1.0201
 159.000       1.0878
 160.000       1.0404
 161.000       0.9882
 162.000       1.0981
 163.000       1.2236
 164.000       1.2627
 165.000       1.5294
 166.000       1.8045
 167.000       2.3239
 168.000       2.1240
 169.000       2.1780
 170.000       1.7879
 171.000       1.7779
 172.000       1.5672
 173.000       1.6191
 174.000       1.2989
 175.000       1.0725
 176.000       0.9629
 177.000       1.1609
 178.000       1.0966
 179.000       0.9122
 180.000       0.7454
 181.000       0.7553
 182.000       0.7342
 183.000       0.6254
 184.000       0.5941
 185.000       0.6554
 186.000       0.6775
 187.000       0.6223
 188.000       0.6317
 189.000       0.7068
 190.000       0.6639
 191.000       0.6128
 192.000       0.6518
 193.000       0.7458
 194.000       0.7060
 195.000       0.7044
 196.000       0.9760
 197.000       1.5922
 198.000       1.9561
 199.000       1.4477
 200.000       1.7845
 201.000       1.6555
 202.000       1.1306
 203.000       1.1057
 204.000       1.0697
 205.000       0.8676
 206.000       0.7142
 207.000       0.7694
 208.000       0.7606
 209.000       0.6259
 210.000       0.6592
 211.000       0.7214
 212.000       0.6369
 213.000       0.6010
 214.000       0.6763
 215.000       0.6713
 216.000       0.5787
 217.000       0.5946
 218.000       0.6767
 219.000       0.6307
 220.000       0.5868
 221.000       0.6539
 222.000       0.6679
 223.000       0.6264
 224.000       0.6925
 225.000       0.7388
 226.000       0.7024
 227.000       0.7271
 228.000       0.7787
 229.000       0.7530
 230.000       0.6927
 231.000       0.7401
 232.000       0.7375
 233.000       0.6661
 234.000       0.6619
 235.000       0.7341
 236.000       0.7732
 237.000       0.7363
 238.000       0.8243
 239.000       1.0588
 240.000       1.2351
 241.000       1.3012
 242.000       1.5182
 243.000       1.7059
 244.000       1.5169
 245.000       1.4552
 246.000       1.5724
 247.000       1.4886
 248.000       1.2125
 249.000       1.1718
 250.000       1.0606
 251.000       0.9594
 252.000       0.8824
 253.000       0.8570
 254.000       0.7988
 255.000       0.6950
 256.000       0.6588
 257.000       0.6488
 258.000       0.5864
 259.000       0.5513
 260.000       0.6007
 261.000       0.5706
 262.000       0.5352
 263.000       0.5722
 264.000       0.5143
 265.000       0.7937
 266.000       0.6869
 267.000       0.6103
 268.000       0.5169
 269.000       0.4860
 270.000       0.6088
 271.000       0.6113
 272.000       0.5204
 273.000       0.5015
 274.000       0.5884
 275.000       0.6117
 276.000       0.5541
 277.000       0.6411
 278.000       0.6631
 279.000       0.8049
 280.000       0.6590
 281.000       0.6375
 282.000       0.5862
 283.000       0.5964
 284.000       0.6321
 285.000       0.5799
 286.000       0.5528
 287.000       0.5783
 288.000       0.5645
 289.000       0.4958
 290.000       0.5506
 291.000       0.5810
 292.000       0.5157
 293.000       0.4726
 294.000       0.5130
 295.000       0.5356
 296.000       0.5089
 297.000       0.5092
 298.000       0.5493
 299.000       0.5541
 300.000       0.5727
 301.000       0.6062
 302.000       0.5606
 303.000       0.5496
 304.000       0.5166
 305.000       0.5362
 306.000       0.5335
 307.000       0.5808
 308.000       0.6310
 309.000       0.6238
 310.000       0.6499
 311.000       0.7045
 312.000       0.7534
 313.000       0.9043
 314.000       1.0321
 315.000       1.0536
 316.000       1.1334
 317.000       1.0618
 318.000       1.0143
 319.000       0.9327
 320.000       1.1285
 321.000       1.0013
 322.000       0.9719
 323.000       1.6219
 324.000       2.2509
 325.000       1.7683
 326.000       2.2489
 327.000       1.7880
 328.000       1.1554
 329.000       0.8420
 330.000       0.7304
 331.000       0.6550
 332.000       0.6008
 333.000       0.6210
 334.000       0.6872
 335.000       0.5852
 336.000       0.5454
 337.000       0.5700
 338.000       0.6044
 339.000       0.6387
 340.000       0.7257
 341.000       0.8026
 342.000       0.8236
 343.000       0.8649
 344.000       0.7841
 345.000       0.6336
 346.000       0.6371
 347.000       0.6275
 348.000       0.5414
 349.000       0.5170
 350.000       0.5271
 351.000       0.5258
 352.000       0.4874
 353.000       0.4635
 354.000       0.5056
 355.000       0.5426
 356.000       0.5673
 357.000       0.5175
 358.000       0.5258
 359.000       0.6059
 360.000       0.6618
 361.000       0.5054
 362.000       0.4795
 363.000       0.4825
 364.000       0.4988
 365.000       0.5118
 366.000       0.5405
 367.000       0.6100
 368.000       0.5303
 369.000       0.6179
 370.000       0.6914
 371.000       0.6649
 372.000       0.6033
 373.000       0.7422
 374.000       0.7434
 375.000       0.7112
 376.000       0.8245
 377.000       0.9795
 378.000       1.0902
 379.000       1.2102
 380.000       1.5707
 381.000       1.8013
 382.000       1.6533
 383.000       1.5746
 384.000       1.9216
 385.000       1.9557
 386.000       1.6726
 387.000       1.1607
 388.000       1.2921
 389.000       1.1462
 390.000       0.9035
 391.000       0.7926
 392.000       0.7423
 393.000       0.7377
 394.000       0.6820
 395.000       0.6669
 396.000       0.6698
 397.000       0.6669
 398.000       0.6313
 399.000       0.7402
 400.000       0.8223
 401.000       0.7470
 402.000       0.7604
 403.000       0.9305
 404.000       0.8754
 405.000       0.7449
 406.000       0.8121
 407.000       0.7771
 408.000       0.8101
 409.000       0.9728
 410.000       0.8003
 411.000       0.9110
 412.000       1.0755
 413.000       0.8973
 414.000       0.7377
 415.000       1.1298
 416.000       1.1909
 417.000       0.8849
 418.000       1.1235
 419.000       1.6521
 420.000       1.7379
 421.000       1.8213
 422.000       1.2465
 423.000       1.2819
 424.000       1.0386
 425.000       0.9961
 426.000       0.7347
 427.000       0.7168
 428.000       0.8422
 429.000       0.7901
 430.000       0.7185
 431.000       0.7581
 432.000       0.7959
 433.000       0.7827
 434.000       0.8046
 435.000       0.8500
 436.000       0.8444
 437.000       0.8583
 438.000       0.9366
 439.000       0.9405
 440.000       0.9683
 441.000       0.8626
 442.000       0.9364
 443.000       0.8759
 444.000       0.9118
 445.000       0.8522
 446.000       0.7402
 447.000       0.7943
 448.000       0.8446
 449.000       0.7528
 450.000       0.7168
 451.000       0.8353
 452.000       0.8650
 453.000       0.8986
 454.000       0.7987
 455.000       0.9797
 456.000       0.9662
 457.000       1.0090
 458.000       0.9100
 459.000       1.1322
 460.000       1.1245
 461.000       0.9811
 462.000       0.8223
 463.000       0.9098
 464.000       0.9522
 465.000       0.7867
 466.000       0.7276
 467.000       0.8785
 468.000       0.9086
 469.000       0.8172
 470.000       0.7345
 471.000       0.7949
 472.000       0.8378
 473.000       0.7280
 474.000       0.6767
 475.000       0.7614
 476.000       0.7722
 477.000       0.7123
 478.000       0.7697
 479.000       0.8239
 480.000       0.8245
 481.000       1.0205
 482.000       1.1802
 483.000       1.0745
 484.000       1.3413
 485.000       1.9095
 486.000       2.5429
 487.000       2.6215
 488.000       2.1929
 489.000       2.1483
 490.000       2.4890
 491.000       3.3986
 492.000       3.3114
 493.000       2.7667
 494.000       3.0523
 495.000       2.5716
 496.000       2.5021
 497.000       2.4751
 498.000       2.1148
 499.000       1.8631
 500.000       1.8594
 501.000       1.6026
 502.000       1.4118
 503.000       1.3580
 504.000       1.2302
 505.000       1.1340
 506.000       1.0992
 507.000       1.1916
 508.000       1.0878
 509.000       1.0495
 510.000       1.0744
 511.000       1.2531
 512.000       1.2981
 513.000       1.0444
 514.000       0.9739
 515.000       1.1819
 516.000       1.1848
 517.000       1.0298
 518.000       1.1028
 519.000       1.3157
 520.000       1.3352
 521.000       1.2477
 522.000       1.4511
 523.000       1.7174
 524.000       1.7279
 525.000       1.7034
 526.000       2.1977
 527.000       2.2895
 528.000       2.3437
 529.000       2.2020
 530.000       2.2061
 531.000       2.0037
 532.000       1.6704
 533.000       1.5219
 534.000       1.5877
 535.000       1.4788
 536.000       1.1762
 537.000       1.1562
 538.000       1.2437
 539.000       1.1091
 540.000       1.4424
 541.000       2.2578
 542.000       3.7235
