#Res        AtomicFlx
   1.000       7.3400
   2.000       4.2378
   3.000       3.6206
   4.000       2.4991
   5.000       2.0664
   6.000       2.0408
   7.000       1.6097
   8.000       1.4853
   9.000       1.4899
  10.000       1.3164
  11.000       1.2598
  12.000       1.0773
  13.000       1.2518
  14.000       1.0314
  15.000       1.0223
  16.000       0.6207
  17.000       0.7503
  18.000       0.6584
  19.000       0.5121
  20.000       0.5536
  21.000       0.6178
  22.000       0.6369
  23.000       0.7227
  24.000       0.9126
  25.000       0.6187
  26.000       0.5904
  27.000       0.9144
  28.000       0.8940
  29.000       1.2449
  30.000       0.8716
  31.000       0.9259
  32.000       1.5273
  33.000       1.2737
  34.000       1.1522
  35.000       1.4524
  36.000       1.4639
  37.000       1.3520
  38.000       1.1744
  39.000       1.1723
  40.000       1.4370
  41.000       1.4735
  42.000       0.9875
  43.000       1.5245
  44.000       1.3347
  45.000       0.8027
  46.000       0.6510
  47.000       0.8467
  48.000       1.0322
  49.000       0.7713
  50.000       0.7215
  51.000       1.1632
  52.000       1.2459
  53.000       0.7259
  54.000       0.6966
  55.000       0.8308
  56.000       0.6789
  57.000       1.0067
  58.000       0.9211
  59.000       0.6827
  60.000       0.9202
  61.000       0.7170
  62.000       0.8559
  63.000       0.6352
  64.000       0.6737
  65.000       0.5206
  66.000       0.6811
  67.000       0.7527
  68.000       0.7702
  69.000       1.4410
  70.000       0.7197
  71.000       0.5882
  72.000       0.7226
  73.000       0.8367
  74.000       0.9318
  75.000       0.8251
  76.000       0.8959
  77.000       2.0770
  78.000       2.2852
  79.000       1.2409
  80.000       1.1525
  81.000       0.8787
  82.000       1.2827
  83.000       1.1670
  84.000       1.0300
  85.000       0.6733
  86.000       0.8737
  87.000       0.5887
  88.000       1.0382
  89.000       0.6729
  90.000       0.6468
  91.000       0.6111
  92.000       0.8242
  93.000       0.9137
  94.000       0.6212
  95.000       0.9257
  96.000       0.7205
  97.000       0.9194
  98.000       0.5945
  99.000       0.5814
 100.000       1.1995
 101.000       0.8281
 102.000       0.5905
 103.000       0.6338
 104.000       0.8627
 105.000       0.6430
 106.000       0.6261
 107.000       0.6840
 108.000       0.6164
 109.000       0.7051
 110.000       1.0101
 111.000       0.6060
 112.000       0.7586
 113.000       0.9284
 114.000       0.7047
 115.000       0.7657
 116.000       1.3148
 117.000       1.2023
 118.000       1.6689
 119.000       1.8946
 120.000       1.0047
 121.000       0.9463
 122.000       0.9102
 123.000       1.4171
 124.000       1.6433
 125.000       1.8060
 126.000       2.8298
 127.000       2.9152
 128.000       3.7199
 129.000       4.6208
 130.000       2.8953
 131.000       3.4092
 132.000       2.9691
 133.000       2.8668
 134.000       1.8348
 135.000       1.7757
 136.000       2.4533
 137.000       2.3080
 138.000       3.1036
 139.000       4.4297
 140.000       6.0269
 141.000       5.6879
 142.000       6.3416
 143.000       5.1045
 144.000       5.1957
 145.000       5.0170
 146.000       3.6123
 147.000       4.3965
 148.000       3.8203
 149.000       2.2671
 150.000       1.8763
 151.000       1.1370
 152.000       0.9072
 153.000       0.8539
 154.000       1.2830
 155.000       1.2654
 156.000       0.7520
 157.000       1.0263
 158.000       1.1236
 159.000       1.8160
 160.000       1.5254
 161.000       1.5785
 162.000       1.7343
 163.000       1.5559
 164.000       1.9087
 165.000       2.4300
 166.000       3.9200
 167.000       3.3263
 168.000       3.1355
 169.000       1.6861
 170.000       1.7184
 171.000       2.4376
 172.000       2.0916
 173.000       2.3720
 174.000       1.5520
 175.000       1.1003
 176.000       1.4768
 177.000       1.2070
 178.000       2.2815
 179.000       1.4984
 180.000       1.0442
 181.000       0.9582
 182.000       1.1655
 183.000       0.7413
 184.000       0.8842
 185.000       1.3567
 186.000       1.2498
 187.000       0.8571
 188.000       1.0198
 189.000       0.9198
 190.000       1.0037
 191.000       0.8351
 192.000       0.8762
 193.000       1.3385
 194.000       1.0875
 195.000       1.3823
 196.000       1.6076
 197.000       1.6486
 198.000       1.2998
 199.000       1.5575
 200.000       2.0460
 201.000       1.1836
 202.000       1.0396
 203.000       0.8674
 204.000       1.4251
 205.000       0.9239
 206.000       0.8662
 207.000       1.1716
 208.000       1.0427
 209.000       0.8204
 210.000       0.8103
 211.000       0.9924
 212.000       1.3906
 213.000       0.7946
 214.000       0.9589
 215.000       1.0579
 216.000       0.8956
 217.000       1.0952
 218.000       0.8731
 219.000       0.8653
 220.000       0.9147
 221.000       1.0496
 222.000       1.0570
 223.000       0.9331
 224.000       0.9180
 225.000       1.0359
 226.000       1.0284
 227.000       1.1230
 228.000       1.0691
 229.000       0.8966
 230.000       0.8971
 231.000       1.1830
 232.000       1.5782
 233.000       0.7321
 234.000       0.9480
 235.000       1.2282
 236.000       0.9949
 237.000       0.7170
 238.000       1.0297
 239.000       1.5662
 240.000       1.3170
 241.000       1.5340
 242.000       2.4912
 243.000       2.0266
 244.000       1.5272
 245.000       1.4524
 246.000       1.5648
 247.000       1.5670
 248.000       1.4022
 249.000       1.0441
 250.000       1.2381
 251.000       0.9099
 252.000       1.0220
 253.000       0.9809
 254.000       0.7555
 255.000       0.6815
 256.000       0.6509
 257.000       0.7588
 258.000       0.7495
 259.000       0.5539
 260.000       0.9392
 261.000       0.5378
 262.000       0.7072
 263.000       0.5621
 264.000       0.7082
 265.000       0.9646
 266.000       1.2230
 267.000       0.5881
 268.000       0.6717
 269.000       0.6664
 270.000       0.6542
 271.000       0.6274
 272.000       0.9844
 273.000       0.6169
 274.000       0.7477
 275.000       0.8837
 276.000       0.8033
 277.000       1.6430
 278.000       1.4777
 279.000       1.1480
 280.000       1.5326
 281.000       1.3329
 282.000       1.0112
 283.000       1.2240
 284.000       1.3105
 285.000       0.8650
 286.000       0.7199
 287.000       1.0983
 288.000       0.7717
 289.000       0.6089
 290.000       0.7386
 291.000       0.8623
 292.000       0.6728
 293.000       0.5408
 294.000       0.5724
 295.000       1.2510
 296.000       0.5986
 297.000       0.5368
 298.000       1.0952
 299.000       0.7590
 300.000       0.6224
 301.000       0.6557
 302.000       1.3810
 303.000       0.7352
 304.000       0.7383
 305.000       1.0628
 306.000       0.7513
 307.000       0.8387
 308.000       0.9064
 309.000       0.7448
 310.000       0.8678
 311.000       1.1161
 312.000       0.9071
 313.000       1.2764
 314.000       1.3926
 315.000       1.9952
 316.000       1.5475
 317.000       1.3961
 318.000       1.2548
 319.000       1.0337
 320.000       1.2489
 321.000       1.6845
 322.000       1.2752
 323.000       1.5315
 324.000       2.0493
 325.000       1.8866
 326.000       1.2772
 327.000       0.9936
 328.000       1.0589
 329.000       0.9511
 330.000       0.9127
 331.000       0.8543
 332.000       0.7454
 333.000       0.7213
 334.000       0.9700
 335.000       0.6989
 336.000       0.7199
 337.000       1.0059
 338.000       0.7932
 339.000       1.0799
 340.000       0.8664
 341.000       1.0100
 342.000       1.1532
 343.000       1.0264
 344.000       0.8995
 345.000       0.7794
 346.000       0.9567
 347.000       1.1336
 348.000       1.0064
 349.000       0.6949
 350.000       0.7751
 351.000       0.7274
 352.000       0.6727
 353.000       0.6346
 354.000       0.8308
 355.000       0.7436
 356.000       0.8077
 357.000       0.6937
 358.000       0.7739
 359.000       0.8619
 360.000       0.5520
 361.000       0.6407
 362.000       0.5170
 363.000       0.7015
 364.000       0.5652
 365.000       0.5647
 366.000       0.6168
 367.000       0.5551
 368.000       1.0875
 369.000       0.9079
 370.000       0.6415
 371.000       0.9559
 372.000       0.8426
 373.000       0.7984
 374.000       0.7174
 375.000       0.8108
 376.000       1.1500
 377.000       1.0262
 378.000       1.2150
 379.000       1.5074
 380.000       2.0793
 381.000       1.9963
 382.000       1.5341
 383.000       1.2729
 384.000       1.4942
 385.000       2.0528
 386.000       2.1642
 387.000       1.4440
 388.000       1.3336
 389.000       1.6117
 390.000       1.2566
 391.000       0.8932
 392.000       0.8605
 393.000       0.8095
 394.000       0.8857
 395.000       0.7917
 396.000       0.9886
 397.000       0.8549
 398.000       0.9550
 399.000       1.1296
 400.000       1.6557
 401.000       0.8177
 402.000       0.7731
 403.000       1.2266
 404.000       1.0261
 405.000       0.7656
 406.000       1.2252
 407.000       0.8304
 408.000       1.1237
 409.000       0.8656
 410.000       0.8330
 411.000       0.9621
 412.000       0.9191
 413.000       0.8628
 414.000       1.0693
 415.000       1.1106
 416.000       1.0814
 417.000       1.1558
 418.000       1.0806
 419.000       1.2402
 420.000       1.3513
 421.000       0.9562
 422.000       0.9128
 423.000       0.6716
 424.000       0.7556
 425.000       0.6568
 426.000       0.9033
 427.000       0.9858
 428.000       0.7081
 429.000       0.6801
 430.000       0.5985
 431.000       0.7828
 432.000       0.8977
 433.000       0.8218
 434.000       0.6591
 435.000       0.7843
 436.000       0.7080
 437.000       0.8289
 438.000       0.8279
 439.000       1.4743
 440.000       1.3344
 441.000       1.2460
 442.000       0.7785
 443.000       1.0520
 444.000       1.0251
 445.000       1.1674
 446.000       0.7493
 447.000       0.8285
 448.000       2.1036
 449.000       0.8549
 450.000       1.1004
 451.000       1.3804
 452.000       1.6790
 453.000       1.0840
 454.000       1.3971
 455.000       1.2338
 456.000       1.8272
 457.000       1.2682
 458.000       1.0788
 459.000       1.0974
 460.000       1.2755
 461.000       1.2315
 462.000       0.9669
 463.000       1.5252
 464.000       1.2378
 465.000       0.7655
 466.000       0.7037
 467.000       0.8927
 468.000       0.7783
 469.000       0.9248
 470.000       0.8651
 471.000       0.7321
 472.000       1.1341
 473.000       0.7365
 474.000       0.7361
 475.000       1.0513
 476.000       1.2094
 477.000       0.7894
 478.000       1.0927
 479.000       1.0950
 480.000       1.0448
 481.000       1.8428
 482.000       1.4185
 483.000       1.6354
 484.000       1.4829
 485.000       1.5438
 486.000       1.8564
 487.000       2.0650
 488.000       1.7705
 489.000       2.9340
 490.000       1.8456
 491.000       2.1721
 492.000       2.6551
 493.000       2.3350
 494.000       2.4610
 495.000       1.6199
 496.000       1.6616
 497.000       2.3529
 498.000       2.1743
 499.000       1.5699
 500.000       1.6074
 501.000       1.4957
 502.000       1.2481
 503.000       0.9121
 504.000       1.6849
 505.000       1.1363
 506.000       0.9841
 507.000       0.8502
 508.000       1.0171
 509.000       1.1486
 510.000       1.1951
 511.000       2.1532
 512.000       1.6416
 513.000       1.2844
 514.000       1.3616
 515.000       1.4285
 516.000       1.5340
 517.000       1.1856
 518.000       1.5485
 519.000       1.7277
 520.000       1.9065
 521.000       1.9290
 522.000       2.1067
 523.000       2.3729
 524.000       2.3902
 525.000       2.2236
 526.000       2.6552
 527.000       2.8470
 528.000       3.0218
 529.000       2.9430
 530.000       3.1777
 531.000       2.7997
 532.000       2.3259
 533.000       2.2335
 534.000       2.4129
 535.000       2.4792
 536.000       1.6415
 537.000       2.0310
 538.000       2.0663
 539.000       1.6585
 540.000       2.0782
 541.000       3.1532
 542.000       4.2827
 543.000       6.2462
 544.000       8.8761
 545.000       0.8537
 546.000       0.5414
 547.000       0.8439
 548.000      54.0171
 549.000      54.7607
 550.000      55.1682
 551.000      55.6359
 552.000      55.2901
 553.000      44.2885
 554.000      56.2600
 555.000      54.3347
 556.000      55.0253
 557.000      55.2942
 558.000      54.7398
 559.000      54.9122
 560.000      54.8532
 561.000      54.2705
 562.000      53.7088
 563.000      56.8012
 564.000      54.7794
 565.000      55.4666
 566.000      55.7360
 567.000      55.2274
 568.000      55.7287
 569.000      55.6015
 570.000      54.7435
 571.000      55.4219
 572.000      55.0711
 573.000      55.7208
 574.000      54.6683
 575.000      55.2450
 576.000      55.1596
 577.000      53.8086
 578.000      56.0730
 579.000      56.0475
 580.000      54.3040
 581.000      55.9733
 582.000      54.9414
 583.000      55.0400
 584.000      55.9112
 585.000      50.6798
 586.000      54.7064
 587.000      54.8054
 588.000      54.5437
 589.000      54.5988
 590.000      55.1061
 591.000      55.0346
 592.000      55.1860
 593.000      54.6997
 594.000      54.8384
 595.000      55.0875
 596.000      54.6766
 597.000      54.5667
 598.000       0.6132
 599.000      55.0333
 600.000      54.4491
 601.000      54.4621
 602.000      54.5867
 603.000      53.9468
 604.000      54.7025
 605.000      54.5694
 606.000      55.3104
 607.000      54.5366
 608.000      54.9207
 609.000      54.8916
 610.000      54.2710
 611.000      54.9636
 612.000      55.2511
 613.000      55.0420
 614.000      54.6153
 615.000      54.3437
 616.000      55.7197
 617.000      54.7278
 618.000      54.9663
 619.000      55.4296
 620.000      54.3496
 621.000      54.4607
 622.000      54.6772
 623.000      54.4856
 624.000      54.6812
 625.000      54.6936
 626.000      55.8082
 627.000      54.8103
 628.000      54.6935
 629.000      54.7877
 630.000      53.9918
 631.000      54.4866
 632.000      55.3086
 633.000      55.2278
 634.000      54.6271
 635.000      54.8389
 636.000      55.1166
 637.000      54.8025
 638.000      54.3938
 639.000      54.7192
 640.000      54.6159
 641.000      55.5758
 642.000      54.9763
 643.000      55.2851
 644.000      55.1109
 645.000      55.2670
 646.000      55.1886
 647.000      54.2744
 648.000      55.0732
 649.000      54.7540
 650.000      55.1304
 651.000      55.1810
 652.000      55.2697
 653.000      54.7127
 654.000      55.1437
