#Res        AtomicFlx
   1.000       2.7009
   2.000       1.6467
   3.000       1.9333
   4.000       2.1311
   5.000       1.9026
   6.000       1.3371
   7.000       0.9876
   8.000       1.3018
   9.000       1.6796
  10.000       1.1946
  11.000       1.3353
  12.000       1.1654
  13.000       0.8150
  14.000       1.1831
  15.000       1.4329
  16.000       0.9862
  17.000       0.8537
  18.000       0.7840
  19.000       0.6509
  20.000       0.6603
  21.000       0.6885
  22.000       0.7649
  23.000       0.9063
  24.000       0.8488
  25.000       0.6203
  26.000       0.5618
  27.000       0.7962
  28.000       0.7541
  29.000       0.6341
  30.000       0.5834
  31.000       0.6185
  32.000       0.8586
  33.000       0.8723
  34.000       0.7532
  35.000       1.1880
  36.000       1.1297
  37.000       0.8494
  38.000       1.1239
  39.000       1.0211
  40.000       0.8759
  41.000       0.8625
  42.000       0.7199
  43.000       1.0269
  44.000       1.3678
  45.000       0.6988
  46.000       0.5919
  47.000       0.8160
  48.000       0.9197
  49.000       0.7412
  50.000       0.7265
  51.000       1.0006
  52.000       1.2300
  53.000       0.7808
  54.000       0.6540
  55.000       0.7707
  56.000       0.6782
  57.000       1.0206
  58.000       0.9557
  59.000       0.9397
  60.000       0.9513
  61.000       0.9377
  62.000       1.0332
  63.000       0.7038
  64.000       0.8684
  65.000       0.6841
  66.000       0.8278
  67.000       0.8847
  68.000       1.3092
  69.000       0.9646
  70.000       1.6771
  71.000       1.4509
  72.000       1.1989
  73.000       0.9529
  74.000       0.9727
  75.000       1.0958
  76.000       1.0030
  77.000       1.7219
  78.000       1.6222
  79.000       1.4496
  80.000       1.2248
  81.000       1.1478
  82.000       1.3812
  83.000       1.2139
  84.000       1.1550
  85.000       0.8011
  86.000       1.0708
  87.000       1.0391
  88.000       1.3271
  89.000       1.0736
  90.000       1.5773
  91.000       1.2527
  92.000       1.2554
  93.000       1.0582
  94.000       0.8207
  95.000       1.1027
  96.000       0.9168
  97.000       1.0139
  98.000       0.7301
  99.000       0.6668
 100.000       1.1742
 101.000       1.1049
 102.000       0.7255
 103.000       0.6930
 104.000       0.8005
 105.000       0.6823
 106.000       0.6019
 107.000       0.6570
 108.000       0.6088
 109.000       0.6866
 110.000       0.9853
 111.000       0.5630
 112.000       0.7185
 113.000       0.9454
 114.000       0.6664
 115.000       0.7558
 116.000       1.4155
 117.000       1.6285
 118.000       2.1059
 119.000       1.8968
 120.000       0.8995
 121.000       0.8057
 122.000       0.8856
 123.000       1.4068
 124.000       1.1782
 125.000       1.2203
 126.000       1.9691
 127.000       1.6573
 128.000       2.1786
 129.000       1.8484
 130.000       1.3856
 131.000       1.7000
 132.000       1.7617
 133.000       1.9613
 134.000       1.3589
 135.000       1.6779
 136.000       1.7571
 137.000       2.9688
 138.000       3.2704
 139.000       2.2618
 140.000       3.7527
 141.000       4.5026
 142.000       4.0072
 143.000       3.8150
 144.000       3.5187
 145.000       3.2666
 146.000       2.7312
 147.000       3.2146
 148.000       2.6780
 149.000       1.7025
 150.000       1.3178
 151.000       0.9326
 152.000       0.7753
 153.000       0.6500
 154.000       1.0275
 155.000       0.9495
 156.000       0.6388
 157.000       0.6864
 158.000       0.9660
 159.000       1.8964
 160.000       1.3312
 161.000       1.0125
 162.000       1.1419
 163.000       1.1465
 164.000       1.6831
 165.000       2.1169
 166.000       1.8046
 167.000       1.1536
 168.000       2.0418
 169.000       1.2808
 170.000       1.4678
 171.000       1.8867
 172.000       1.8091
 173.000       1.9125
 174.000       1.4307
 175.000       0.9907
 176.000       1.1728
 177.000       0.9336
 178.000       1.3692
 179.000       1.3714
 180.000       0.9358
 181.000       0.8276
 182.000       0.9805
 183.000       0.6637
 184.000       0.8350
 185.000       1.4509
 186.000       1.1436
 187.000       0.9080
 188.000       0.9693
 189.000       0.9925
 190.000       0.9126
 191.000       0.9110
 192.000       1.5453
 193.000       1.3091
 194.000       0.9830
 195.000       1.2849
 196.000       1.4258
 197.000       1.2853
 198.000       1.2411
 199.000       2.4310
 200.000       2.9104
 201.000       2.4684
 202.000       2.9741
 203.000       2.4799
 204.000       2.3252
 205.000       1.7687
 206.000       1.7717
 207.000       1.6364
 208.000       1.2987
 209.000       1.3161
 210.000       1.1747
 211.000       1.2087
 212.000       0.8111
 213.000       0.7470
 214.000       1.1310
 215.000       1.0029
 216.000       0.7368
 217.000       0.9812
 218.000       0.7477
 219.000       0.7885
 220.000       0.8008
 221.000       0.9283
 222.000       0.9389
 223.000       0.8164
 224.000       0.7402
 225.000       0.8912
 226.000       0.9498
 227.000       1.0863
 228.000       1.1005
 229.000       0.9054
 230.000       0.8394
 231.000       2.4059
 232.000       1.8323
 233.000       0.7270
 234.000       0.8254
 235.000       1.3162
 236.000       1.1527
 237.000       0.6855
 238.000       1.1364
 239.000       1.7275
 240.000       1.3672
 241.000       1.3639
 242.000       2.1604
 243.000       1.9284
 244.000       1.4667
 245.000       1.4032
 246.000       1.4773
 247.000       1.5552
 248.000       1.1862
 249.000       0.8528
 250.000       1.0735
 251.000       0.8192
 252.000       0.9570
 253.000       0.8407
 254.000       0.6657
 255.000       0.6477
 256.000       0.6399
 257.000       0.5674
 258.000       0.8650
 259.000       0.6223
 260.000       0.9803
 261.000       0.5951
 262.000       0.9695
 263.000       0.6465
 264.000       0.8984
 265.000       1.2687
 266.000       1.4105
 267.000       0.8243
 268.000       0.8950
 269.000       0.8722
 270.000       0.9755
 271.000       0.6929
 272.000       1.0599
 273.000       0.7867
 274.000       0.9977
 275.000       1.3308
 276.000       0.7980
 277.000       1.7377
 278.000       1.1248
 279.000       1.2541
 280.000       0.8109
 281.000       1.1533
 282.000       0.7368
 283.000       0.7903
 284.000       1.1475
 285.000       0.6673
 286.000       0.6640
 287.000       0.8139
 288.000       0.7518
 289.000       0.6041
 290.000       0.6571
 291.000       0.8965
 292.000       0.6616
 293.000       0.5346
 294.000       0.5465
 295.000       1.0777
 296.000       0.5891
 297.000       0.5095
 298.000       1.1507
 299.000       0.7050
 300.000       0.5568
 301.000       0.5801
 302.000       1.3187
 303.000       0.8356
 304.000       0.7305
 305.000       1.0165
 306.000       0.6838
 307.000       1.0216
 308.000       1.1456
 309.000       0.8373
 310.000       1.0234
 311.000       1.1448
 312.000       1.1194
 313.000       1.5609
 314.000       1.7871
 315.000       1.9352
 316.000       2.0167
 317.000       1.5279
 318.000       1.4946
 319.000       1.3319
 320.000       1.6051
 321.000       2.3546
 322.000       1.6307
 323.000       1.5864
 324.000       2.3819
 325.000       1.5397
 326.000       1.2198
 327.000       0.9880
 328.000       0.8451
 329.000       0.8750
 330.000       0.9591
 331.000       0.8076
 332.000       0.6135
 333.000       0.6728
 334.000       0.8209
 335.000       0.9328
 336.000       0.6291
 337.000       0.9092
 338.000       0.6831
 339.000       0.9766
 340.000       0.7784
 341.000       0.9871
 342.000       1.0214
 343.000       0.9443
 344.000       0.8697
 345.000       0.7358
 346.000       0.9620
 347.000       1.1491
 348.000       0.9970
 349.000       0.6449
 350.000       0.7548
 351.000       0.7946
 352.000       0.6787
 353.000       0.6182
 354.000       0.7843
 355.000       0.8777
 356.000       0.7973
 357.000       0.8049
 358.000       0.8627
 359.000       0.9813
 360.000       0.5457
 361.000       0.8411
 362.000       0.8972
 363.000       0.6724
 364.000       0.6588
 365.000       1.0342
 366.000       0.6786
 367.000       0.6261
 368.000       1.0740
 369.000       1.0892
 370.000       0.6529
 371.000       1.0333
 372.000       0.9129
 373.000       0.7872
 374.000       0.9817
 375.000       1.2249
 376.000       1.2889
 377.000       1.7910
 378.000       1.7034
 379.000       2.0830
 380.000       1.7707
 381.000       2.3801
 382.000       2.3318
 383.000       2.0776
 384.000       2.7778
 385.000       3.0167
 386.000       2.7185
 387.000       0.9079
 388.000       1.4739
 389.000       1.7002
 390.000       1.2424
 391.000       1.1892
 392.000       1.4854
 393.000       1.0183
 394.000       0.9846
 395.000       0.9632
 396.000       1.2922
 397.000       1.0254
 398.000       0.9828
 399.000       1.1550
 400.000       1.6708
 401.000       0.8297
 402.000       0.7893
 403.000       1.0544
 404.000       1.0624
 405.000       0.9507
 406.000       1.1126
 407.000       0.8194
 408.000       1.0357
 409.000       0.8795
 410.000       0.8951
 411.000       1.0096
 412.000       1.0726
 413.000       0.8488
 414.000       1.2185
 415.000       1.0307
 416.000       1.1257
 417.000       1.3071
 418.000       0.9486
 419.000       1.0723
 420.000       1.3493
 421.000       1.1156
 422.000       1.0386
 423.000       0.8057
 424.000       0.8617
 425.000       0.8303
 426.000       1.0624
 427.000       0.8938
 428.000       0.8285
 429.000       0.9400
 430.000       0.6731
 431.000       0.8075
 432.000       0.9060
 433.000       0.8900
 434.000       0.7309
 435.000       0.8514
 436.000       0.7808
 437.000       0.9888
 438.000       0.9957
 439.000       1.1087
 440.000       1.4456
 441.000       1.0979
 442.000       0.8084
 443.000       0.8956
 444.000       1.0469
 445.000       1.2029
 446.000       0.7064
 447.000       0.8090
 448.000       1.7727
 449.000       0.8015
 450.000       0.8350
 451.000       1.3234
 452.000       1.3967
 453.000       1.0882
 454.000       1.0856
 455.000       1.0050
 456.000       1.6428
 457.000       1.1144
 458.000       0.9105
 459.000       0.8690
 460.000       1.1815
 461.000       0.9271
 462.000       0.7914
 463.000       1.3240
 464.000       1.2358
 465.000       0.7678
 466.000       0.6903
 467.000       0.9092
 468.000       0.7582
 469.000       0.9662
 470.000       0.8952
 471.000       0.7668
 472.000       1.2014
 473.000       0.8116
 474.000       0.8854
 475.000       0.9872
 476.000       1.3352
 477.000       0.8143
 478.000       1.0680
 479.000       0.9589
 480.000       1.0107
 481.000       2.1539
 482.000       1.3441
 483.000       1.6876
 484.000       1.5540
 485.000       1.3881
 486.000       1.6827
 487.000       1.9304
 488.000       1.5526
 489.000       2.7098
 490.000       2.0015
 491.000       2.3071
 492.000       2.4273
 493.000       1.2304
 494.000       1.8440
 495.000       1.4508
 496.000       1.5707
 497.000       2.0430
 498.000       1.6080
 499.000       1.6175
 500.000       1.6981
 501.000       1.4662
 502.000       1.3712
 503.000       1.2180
 504.000       2.0067
 505.000       1.0585
 506.000       1.3007
 507.000       1.0883
 508.000       1.2573
 509.000       1.2208
 510.000       1.4175
 511.000       1.2692
 512.000       2.1032
 513.000       1.8295
 514.000       1.2628
 515.000       1.5671
 516.000       1.9080
 517.000       1.4995
 518.000       1.7598
 519.000       2.0349
 520.000       2.2678
 521.000       2.0382
 522.000       2.4416
 523.000       2.7829
 524.000       2.6885
 525.000       2.4656
 526.000       2.8602
 527.000       2.9709
 528.000       3.2686
 529.000       3.4262
 530.000       3.6541
 531.000       3.0800
 532.000       2.6206
 533.000       2.7669
 534.000       2.8109
 535.000       2.6590
 536.000       2.0573
 537.000       2.5115
 538.000       2.5798
 539.000       2.5428
 540.000       3.0117
 541.000       4.4397
 542.000       5.7289
 543.000       3.9362
 544.000       6.2933
 545.000       1.0092
 546.000       0.5795
 547.000      45.7711
 548.000      55.0917
 549.000      54.3151
 550.000      54.6818
 551.000      55.0126
 552.000      55.7570
 553.000      54.9507
 554.000      55.3527
 555.000      54.9180
 556.000      55.9608
 557.000      54.0943
 558.000      54.7957
 559.000      55.4009
 560.000      51.6124
 561.000      53.5385
 562.000      53.1846
 563.000      55.3129
 564.000      54.6255
 565.000      55.1333
 566.000      53.2332
 567.000      54.5398
 568.000      54.2122
 569.000      55.4631
 570.000      54.8712
 571.000      52.9525
 572.000      32.0433
 573.000      53.5183
 574.000      54.1081
 575.000      55.0714
 576.000      54.1293
 577.000      56.0335
 578.000      54.8718
 579.000      54.3638
 580.000      54.2163
 581.000      54.6567
 582.000      54.6604
 583.000      54.6897
 584.000      55.3345
 585.000      55.6788
 586.000      53.7584
 587.000      54.0450
 588.000      55.5089
 589.000      54.4690
 590.000      53.3698
 591.000      54.5918
 592.000      54.1121
 593.000      54.6592
 594.000      53.9029
 595.000      54.4362
 596.000      55.1094
 597.000      55.2913
 598.000       0.5301
 599.000      55.0721
 600.000      53.8814
 601.000      54.3911
 602.000      54.9617
 603.000      54.8468
 604.000      54.7773
 605.000      55.3854
 606.000      54.0951
 607.000      55.4993
 608.000      54.8843
 609.000      54.3444
 610.000      54.7515
 611.000      54.2381
 612.000      53.9202
 613.000      54.8475
 614.000      54.5370
 615.000      55.0120
 616.000      54.8809
 617.000      54.9129
 618.000      54.6111
 619.000      55.0240
 620.000      54.9480
 621.000      54.2705
 622.000      54.7747
 623.000      55.1451
 624.000      53.9496
 625.000      55.5981
 626.000      54.2099
 627.000      54.6040
 628.000      55.0899
 629.000      53.7280
 630.000      54.2480
 631.000      55.0815
 632.000      54.9260
 633.000      54.6836
 634.000      54.8293
 635.000      54.8265
 636.000      54.6491
 637.000      54.5165
 638.000      55.2579
 639.000      54.2229
 640.000      54.4743
 641.000      54.4086
 642.000      54.5620
 643.000      54.4842
 644.000      55.1809
 645.000      54.5389
 646.000      54.5982
 647.000      54.4420
 648.000      54.2849
 649.000      54.8979
 650.000      54.0932
 651.000      54.9240
 652.000      53.7002
 653.000      54.6141
 654.000      54.3423
