#Res        AtomicFlx
   1.000       6.8438
   2.000       3.8035
   3.000       3.2663
   4.000       1.4354
   5.000       1.8075
   6.000       1.6233
   7.000       1.5132
   8.000       1.9969
   9.000       2.1418
  10.000       1.3474
  11.000       1.2827
  12.000       1.1401
  13.000       0.7780
  14.000       1.1113
  15.000       1.1854
  16.000       0.7321
  17.000       0.9469
  18.000       0.7822
  19.000       0.6446
  20.000       0.5715
  21.000       0.6660
  22.000       0.7199
  23.000       0.8347
  24.000       0.9915
  25.000       0.6972
  26.000       0.6236
  27.000       1.0601
  28.000       0.9168
  29.000       0.8440
  30.000       0.6861
  31.000       0.7924
  32.000       1.0039
  33.000       0.9647
  34.000       0.8656
  35.000       1.4412
  36.000       1.3508
  37.000       1.0177
  38.000       1.2006
  39.000       0.9416
  40.000       0.9230
  41.000       1.0418
  42.000       0.8108
  43.000       0.9290
  44.000       1.3023
  45.000       0.8506
  46.000       0.6878
  47.000       0.8879
  48.000       1.0192
  49.000       0.8446
  50.000       0.7685
  51.000       1.1956
  52.000       1.1954
  53.000       0.7218
  54.000       0.7711
  55.000       0.9273
  56.000       0.6673
  57.000       0.9180
  58.000       0.9085
  59.000       0.9880
  60.000       1.0927
  61.000       0.8411
  62.000       0.7460
  63.000       0.6841
  64.000       0.9725
  65.000       0.5078
  66.000       0.7824
  67.000       1.0220
  68.000       0.9242
  69.000       0.7301
  70.000       0.7925
  71.000       0.5865
  72.000       0.6762
  73.000       0.7070
  74.000       0.5894
  75.000       0.9148
  76.000       0.6498
  77.000       0.8061
  78.000       1.3597
  79.000       0.9166
  80.000       0.8464
  81.000       0.8784
  82.000       0.9267
  83.000       1.0349
  84.000       0.8772
  85.000       0.5568
  86.000       0.8148
  87.000       0.6753
  88.000       0.9348
  89.000       0.6396
  90.000       0.7303
  91.000       0.6626
  92.000       0.7608
  93.000       0.6929
  94.000       0.6482
  95.000       1.0339
  96.000       0.6225
  97.000       0.9641
  98.000       0.6071
  99.000       0.7412
 100.000       0.8468
 101.000       0.9990
 102.000       0.6920
 103.000       0.5803
 104.000       0.7746
 105.000       0.6461
 106.000       0.5810
 107.000       0.5873
 108.000       0.5835
 109.000       0.6847
 110.000       0.9459
 111.000       0.5687
 112.000       0.7437
 113.000       0.9090
 114.000       0.6643
 115.000       0.8098
 116.000       1.6637
 117.000       1.1938
 118.000       1.6772
 119.000       1.8265
 120.000       0.9930
 121.000       0.9558
 122.000       0.9789
 123.000       1.4985
 124.000       1.4559
 125.000       1.5254
 126.000       2.6817
 127.000       2.0874
 128.000       2.6696
 129.000       2.1768
 130.000       1.8119
 131.000       2.3661
 132.000       1.7935
 133.000       2.2034
 134.000       1.5043
 135.000       1.7918
 136.000       2.3707
 137.000       2.9029
 138.000       4.2288
 139.000       3.9828
 140.000       4.9864
 141.000       5.9200
 142.000       5.2294
 143.000       4.7700
 144.000       4.8952
 145.000       5.2788
 146.000       3.8324
 147.000       4.7378
 148.000       3.5217
 149.000       1.9700
 150.000       1.4533
 151.000       1.0615
 152.000       0.8162
 153.000       0.6965
 154.000       1.1003
 155.000       1.0075
 156.000       0.6768
 157.000       0.7428
 158.000       0.9770
 159.000       1.9242
 160.000       1.2114
 161.000       1.0292
 162.000       1.1318
 163.000       1.3902
 164.000       1.5825
 165.000       3.1022
 166.000       4.4488
 167.000       3.3333
 168.000       2.2799
 169.000       1.2587
 170.000       1.4079
 171.000       2.1779
 172.000       1.8060
 173.000       1.3881
 174.000       1.3536
 175.000       1.0997
 176.000       1.3936
 177.000       1.1020
 178.000       1.9173
 179.000       1.3671
 180.000       0.9877
 181.000       0.8300
 182.000       0.9689
 183.000       0.6504
 184.000       0.8626
 185.000       1.2735
 186.000       1.0340
 187.000       0.8526
 188.000       0.9757
 189.000       0.7648
 190.000       0.9396
 191.000       0.8631
 192.000       0.8650
 193.000       1.9781
 194.000       0.7958
 195.000       0.9685
 196.000       1.7327
 197.000       2.0067
 198.000       1.2706
 199.000       1.8967
 200.000       1.9287
 201.000       1.4588
 202.000       1.5283
 203.000       1.6673
 204.000       1.9532
 205.000       1.7268
 206.000       2.1736
 207.000       1.6541
 208.000       1.5944
 209.000       1.6848
 210.000       1.6734
 211.000       1.7457
 212.000       1.7150
 213.000       0.9278
 214.000       1.2605
 215.000       1.1984
 216.000       0.9182
 217.000       1.1003
 218.000       0.9045
 219.000       0.9262
 220.000       0.8629
 221.000       0.9993
 222.000       1.0777
 223.000       0.9553
 224.000       0.8333
 225.000       0.9932
 226.000       1.0920
 227.000       1.1683
 228.000       1.2297
 229.000       0.9884
 230.000       0.8887
 231.000       2.4185
 232.000       1.7041
 233.000       0.8034
 234.000       0.8903
 235.000       1.3196
 236.000       1.3310
 237.000       0.7373
 238.000       1.0358
 239.000       1.7557
 240.000       1.4241
 241.000       1.5106
 242.000       1.7494
 243.000       1.8862
 244.000       1.4846
 245.000       1.6609
 246.000       1.7603
 247.000       1.5686
 248.000       1.3771
 249.000       1.0118
 250.000       1.2100
 251.000       0.9642
 252.000       1.0641
 253.000       0.9896
 254.000       0.8012
 255.000       0.7526
 256.000       0.7580
 257.000       0.6772
 258.000       0.7815
 259.000       0.6801
 260.000       0.8187
 261.000       0.5950
 262.000       0.7443
 263.000       0.5888
 264.000       0.6229
 265.000       0.6200
 266.000       0.9519
 267.000       0.6119
 268.000       0.6596
 269.000       0.8909
 270.000       0.7907
 271.000       0.6103
 272.000       0.9164
 273.000       0.6061
 274.000       0.7360
 275.000       1.0705
 276.000       0.9089
 277.000       1.7405
 278.000       2.1383
 279.000       1.7480
 280.000       1.4723
 281.000       1.3973
 282.000       1.1945
 283.000       1.5316
 284.000       1.5503
 285.000       0.9797
 286.000       0.8348
 287.000       1.2188
 288.000       0.9009
 289.000       0.8662
 290.000       0.7938
 291.000       0.8691
 292.000       0.7283
 293.000       0.5818
 294.000       0.6349
 295.000       1.2355
 296.000       0.6252
 297.000       0.5588
 298.000       1.3402
 299.000       0.7032
 300.000       0.6125
 301.000       0.5597
 302.000       1.2492
 303.000       0.7105
 304.000       0.7033
 305.000       1.0175
 306.000       0.7000
 307.000       1.0448
 308.000       1.1737
 309.000       0.9118
 310.000       1.1724
 311.000       1.3044
 312.000       1.2213
 313.000       1.5745
 314.000       1.8900
 315.000       2.3487
 316.000       2.0337
 317.000       1.7276
 318.000       1.6770
 319.000       1.2732
 320.000       1.5511
 321.000       2.2827
 322.000       1.4971
 323.000       1.5902
 324.000       2.6364
 325.000       1.8511
 326.000       1.4054
 327.000       1.1623
 328.000       0.9062
 329.000       0.9755
 330.000       1.0908
 331.000       0.9138
 332.000       0.8823
 333.000       0.7774
 334.000       0.8812
 335.000       0.9028
 336.000       0.7131
 337.000       1.0428
 338.000       0.8059
 339.000       1.1041
 340.000       0.9748
 341.000       1.4348
 342.000       1.2273
 343.000       1.0701
 344.000       0.9329
 345.000       0.8201
 346.000       1.0109
 347.000       1.1414
 348.000       1.0317
 349.000       0.6964
 350.000       0.7869
 351.000       0.7356
 352.000       0.6931
 353.000       0.6235
 354.000       0.8186
 355.000       0.8360
 356.000       0.9433
 357.000       0.8348
 358.000       0.8718
 359.000       1.0750
 360.000       0.6212
 361.000       1.0351
 362.000       0.7241
 363.000       0.6477
 364.000       0.6703
 365.000       0.7210
 366.000       0.6697
 367.000       0.6171
 368.000       1.0074
 369.000       1.0568
 370.000       0.6231
 371.000       0.8951
 372.000       0.8454
 373.000       0.7181
 374.000       0.6512
 375.000       0.7580
 376.000       0.9085
 377.000       0.6167
 378.000       1.0259
 379.000       1.1811
 380.000       1.2882
 381.000       2.2656
 382.000       1.7312
 383.000       1.9508
 384.000       1.7968
 385.000       2.4051
 386.000       2.4249
 387.000       0.9471
 388.000       1.1940
 389.000       1.6281
 390.000       0.8642
 391.000       0.9408
 392.000       0.9245
 393.000       0.8839
 394.000       0.8644
 395.000       0.7870
 396.000       1.1538
 397.000       1.0704
 398.000       1.0418
 399.000       1.0849
 400.000       1.8149
 401.000       1.0043
 402.000       0.8358
 403.000       1.0249
 404.000       1.0520
 405.000       0.8196
 406.000       0.9569
 407.000       0.7848
 408.000       1.6017
 409.000       0.7330
 410.000       0.7061
 411.000       0.7912
 412.000       0.8660
 413.000       0.8161
 414.000       0.7913
 415.000       1.2025
 416.000       1.1149
 417.000       1.1142
 418.000       1.1034
 419.000       1.0609
 420.000       1.2829
 421.000       1.1482
 422.000       1.0750
 423.000       0.7872
 424.000       0.8478
 425.000       0.7769
 426.000       0.7515
 427.000       0.8718
 428.000       0.9065
 429.000       0.7775
 430.000       0.6774
 431.000       0.7946
 432.000       1.0560
 433.000       0.6413
 434.000       0.7037
 435.000       0.8318
 436.000       0.7615
 437.000       1.0479
 438.000       1.1724
 439.000       2.0010
 440.000       1.6633
 441.000       1.2117
 442.000       0.7786
 443.000       1.0680
 444.000       1.0526
 445.000       1.3082
 446.000       1.0458
 447.000       0.8502
 448.000       2.3444
 449.000       1.2677
 450.000       1.2533
 451.000       1.5253
 452.000       2.0099
 453.000       2.9032
 454.000       2.5321
 455.000       1.4665
 456.000       2.5385
 457.000       1.5141
 458.000       1.2437
 459.000       1.2912
 460.000       2.5661
 461.000       1.3352
 462.000       1.1279
 463.000       1.5195
 464.000       1.3389
 465.000       0.8256
 466.000       0.7406
 467.000       0.9798
 468.000       0.8502
 469.000       0.9557
 470.000       0.6657
 471.000       0.7508
 472.000       1.2577
 473.000       0.7371
 474.000       0.7833
 475.000       0.9491
 476.000       1.5335
 477.000       0.8730
 478.000       1.1133
 479.000       0.9474
 480.000       0.9001
 481.000       1.9645
 482.000       1.2380
 483.000       1.6116
 484.000       1.7246
 485.000       2.1247
 486.000       2.7505
 487.000       3.0168
 488.000       1.5960
 489.000       2.7552
 490.000       2.0167
 491.000       1.6107
 492.000       2.0108
 493.000       1.2253
 494.000       1.9160
 495.000       1.0746
 496.000       1.2715
 497.000       2.3555
 498.000       1.2300
 499.000       1.1217
 500.000       1.3727
 501.000       1.1551
 502.000       1.0574
 503.000       0.8275
 504.000       1.5078
 505.000       0.9368
 506.000       1.1757
 507.000       0.8992
 508.000       1.1741
 509.000       0.8217
 510.000       0.7787
 511.000       1.2373
 512.000       1.2524
 513.000       0.9497
 514.000       0.9141
 515.000       0.9067
 516.000       1.0302
 517.000       1.1011
 518.000       1.1845
 519.000       1.2852
 520.000       1.6755
 521.000       1.5531
 522.000       1.9324
 523.000       1.9974
 524.000       2.4090
 525.000       2.3809
 526.000       2.9091
 527.000       3.0377
 528.000       3.2489
 529.000       3.0838
 530.000       3.4735
 531.000       3.2165
 532.000       2.5267
 533.000       2.3538
 534.000       2.8062
 535.000       2.7221
 536.000       1.6641
 537.000       2.3403
 538.000       2.3649
 539.000       2.7724
 540.000       3.2450
 541.000       5.1910
 542.000       6.6587
 543.000       4.4405
 544.000       7.6876
 545.000       0.7648
 546.000       0.5769
 547.000       0.6454
 548.000      53.3991
 549.000      54.7916
 550.000      55.5979
 551.000      55.0265
 552.000      55.5097
 553.000      54.3454
 554.000      53.2272
 555.000      53.6358
 556.000      54.9731
 557.000      55.1137
 558.000      54.0681
 559.000      55.5238
 560.000      54.7672
 561.000      53.7748
 562.000      53.6874
 563.000      54.3019
 564.000      55.3664
 565.000      55.0366
 566.000      54.0432
 567.000      55.4362
 568.000      54.0771
 569.000      55.0970
 570.000      55.2423
 571.000      54.6907
 572.000      53.9894
 573.000      53.8723
 574.000      54.0598
 575.000      54.0427
 576.000      54.5266
 577.000      54.9141
 578.000      54.5738
 579.000      54.9752
 580.000      55.1614
 581.000      55.5206
 582.000      54.8137
 583.000      54.1409
 584.000      53.8973
 585.000      55.0385
 586.000      55.3244
 587.000      54.9093
 588.000      55.2761
 589.000      54.0744
 590.000      55.5728
 591.000      52.1121
 592.000      54.3894
 593.000      56.1268
 594.000      54.2172
 595.000      55.4750
 596.000      54.8992
 597.000      56.3746
 598.000       0.6168
 599.000      55.1114
 600.000      53.9499
 601.000      55.3335
 602.000      54.1715
 603.000      54.4832
 604.000      54.6486
 605.000      54.0599
 606.000      54.2924
 607.000      54.5136
 608.000      54.3019
 609.000      55.1701
 610.000      54.7440
 611.000      54.9602
 612.000      54.2291
 613.000      55.4480
 614.000      54.9870
 615.000      55.1460
 616.000      53.8767
 617.000      54.9587
 618.000      54.8380
 619.000      54.9463
 620.000      55.0003
 621.000      54.6846
 622.000      54.5982
 623.000      55.1522
 624.000      54.2294
 625.000      54.5804
 626.000      54.6516
 627.000      54.8593
 628.000      55.0632
 629.000      55.0663
 630.000      54.4852
 631.000      54.3472
 632.000      55.1048
 633.000      54.5035
 634.000      54.3775
 635.000      54.1382
 636.000      54.7048
 637.000      54.7585
 638.000      54.9837
 639.000      54.9263
 640.000      54.3259
 641.000      54.8246
 642.000      54.7457
 643.000      54.1230
 644.000      54.3018
 645.000      54.7052
 646.000      55.2279
 647.000      54.7152
 648.000      54.4564
 649.000      55.1320
 650.000      54.6805
 651.000      54.3891
 652.000      54.5141
 653.000      55.0410
 654.000      54.2100
