#Res        AtomicFlx
   1.000       4.9479
   2.000       4.0159
   3.000       4.0077
   4.000       4.0051
   5.000       3.1699
   6.000       3.4643
   7.000       4.6978
   8.000       4.3923
   9.000       3.3599
  10.000       2.7231
  11.000       1.4379
  12.000       1.2300
  13.000       1.3300
  14.000       1.4410
  15.000       1.5303
  16.000       1.6464
  17.000       1.4602
  18.000       1.7304
  19.000       1.8466
  20.000       1.9770
  21.000       2.5688
  22.000       2.8862
  23.000       3.5305
  24.000       5.1012
  25.000       4.0080
  26.000       3.8059
  27.000       2.9228
  28.000       2.3547
  29.000       1.2165
  30.000       1.9107
  31.000       0.7923
  32.000       1.3938
  33.000       0.9730
  34.000       0.8498
  35.000       0.8444
  36.000       1.1539
  37.000       0.5792
  38.000       0.9421
  39.000       0.8123
  40.000       0.7256
  41.000       0.6165
  42.000       1.0268
  43.000       0.5679
  44.000       0.5282
  45.000       0.5708
  46.000       0.8772
  47.000       0.6723
  48.000       0.8564
  49.000       0.9496
  50.000       0.9652
  51.000       1.2566
  52.000       1.6877
  53.000       1.9384
  54.000       1.3252
  55.000       1.0767
  56.000       1.5101
  57.000       1.2867
  58.000       1.3131
  59.000       1.3366
  60.000       1.2861
  61.000       1.3858
  62.000       1.1220
  63.000       1.0146
  64.000       1.2221
  65.000       1.2314
  66.000       1.0763
  67.000       1.3841
  68.000       1.6154
  69.000       1.2747
  70.000       1.1896
  71.000       1.3522
  72.000       1.2554
  73.000       1.0998
  74.000       1.1549
  75.000       0.9489
  76.000       0.9771
  77.000       1.1600
  78.000       0.6802
  79.000       0.8210
  80.000       0.6646
  81.000       0.8812
  82.000       0.6543
  83.000       0.8546
  84.000       0.7341
  85.000       0.6517
  86.000       0.5149
  87.000       0.5980
  88.000       0.6972
  89.000       0.5224
  90.000       0.5931
  91.000       0.6990
  92.000       0.8384
  93.000       1.2120
  94.000       1.4431
  95.000       0.6538
  96.000       0.7638
  97.000       0.9295
  98.000       0.7025
  99.000       0.7485
 100.000       0.6758
 101.000       0.9509
 102.000       0.8811
 103.000       1.0119
 104.000       1.1133
 105.000       1.0398
 106.000       0.9515
 107.000       1.0309
 108.000       1.1384
 109.000       0.6500
 110.000       0.7029
 111.000       0.5855
 112.000       0.9884
 113.000       0.6489
 114.000       0.7389
 115.000       0.9937
 116.000       1.0178
 117.000       0.8382
 118.000       0.6399
 119.000       1.0696
 120.000       1.0626
 121.000       0.7558
 122.000       0.6011
 123.000       1.0741
 124.000       1.2962
 125.000       0.7741
 126.000       0.7210
 127.000       0.7889
 128.000       0.8876
 129.000       0.8040
 130.000       0.8464
 131.000       0.8071
 132.000       0.8097
 133.000       1.0406
 134.000       0.8426
 135.000       1.1174
 136.000       1.1548
 137.000       1.2116
 138.000       0.8869
 139.000       0.9104
 140.000       1.3298
 141.000       1.6634
 142.000       2.0582
 143.000       1.7772
 144.000       1.5532
 145.000       1.6042
 146.000       1.4051
 147.000       1.8984
 148.000       2.0498
 149.000       1.9326
 150.000       2.0543
 151.000       2.5535
 152.000       2.9966
 153.000       4.1246
 154.000       4.3854
 155.000       3.8829
 156.000       3.7096
 157.000       2.6407
 158.000       2.4633
 159.000       2.1571
 160.000       2.6382
 161.000       2.4159
 162.000       1.6293
 163.000       2.0806
 164.000       3.4246
 165.000       1.7926
 166.000       1.4787
 167.000       1.3204
 168.000       1.2768
 169.000       1.2960
 170.000       1.2604
 171.000       1.0264
 172.000       0.8905
 173.000       1.1121
 174.000       1.8440
 175.000       1.2620
 176.000       0.9311
 177.000       0.9590
 178.000       1.1957
 179.000       1.0948
 180.000       1.0619
 181.000       1.3727
 182.000       1.2350
 183.000       1.2350
 184.000       1.4487
 185.000       1.5263
 186.000       1.6231
 187.000       1.4460
 188.000       1.4840
 189.000       1.5041
 190.000       1.1754
 191.000       1.3788
 192.000       1.1813
 193.000       1.2256
 194.000       1.1992
 195.000       1.3148
 196.000       0.7889
 197.000       0.8860
 198.000       0.7726
 199.000       0.9633
 200.000       0.7139
 201.000       0.6919
 202.000       0.8127
 203.000       0.9913
 204.000       0.8214
 205.000       0.8610
 206.000       1.5695
 207.000       0.8550
 208.000       0.9664
 209.000       1.2783
 210.000       1.3776
 211.000       0.9286
 212.000       1.3848
 213.000       1.4481
 214.000       0.9697
 215.000       0.8343
 216.000       0.7974
 217.000       1.3709
 218.000       0.7619
 219.000       0.9799
 220.000       1.6769
 221.000       1.2419
 222.000       0.7396
 223.000       1.1805
 224.000       1.2888
 225.000       1.3234
 226.000       1.0029
 227.000       1.3488
 228.000       1.1958
 229.000       1.0341
 230.000       1.1179
 231.000       1.1488
 232.000       1.3988
 233.000       1.3198
 234.000       1.2039
 235.000       1.2669
 236.000       1.0038
 237.000       1.0315
 238.000       1.3633
 239.000       1.1399
 240.000       1.2435
 241.000       2.1605
 242.000       1.2408
 243.000       1.7904
 244.000       1.3552
 245.000       1.5234
 246.000       0.9833
 247.000       1.2670
 248.000       1.3472
 249.000       1.1453
 250.000       1.1136
 251.000       1.4644
 252.000       1.3192
 253.000       1.2824
 254.000       1.6001
 255.000       1.5294
 256.000       1.7005
 257.000       1.5845
 258.000       1.4587
 259.000       1.4441
 260.000       1.4027
 261.000       1.0960
 262.000       1.1947
 263.000       0.9714
 264.000       1.4098
 265.000       0.9282
 266.000       0.9845
 267.000       0.8184
 268.000       0.7206
 269.000       0.7958
 270.000       0.9342
 271.000       0.7603
 272.000       0.9643
 273.000       1.1483
 274.000       0.8610
 275.000       0.9231
 276.000       0.5314
 277.000       0.6924
 278.000       0.5986
 279.000       0.7514
 280.000       0.5746
 281.000       0.4955
 282.000       0.6184
 283.000       0.6029
 284.000       0.6028
 285.000       0.6125
 286.000       0.5140
 287.000       0.6085
 288.000       0.7364
 289.000       0.6334
 290.000       0.9160
 291.000       1.0513
 292.000       1.1589
 293.000       0.6770
 294.000       0.8639
 295.000       0.7029
 296.000       0.9093
 297.000       1.4746
 298.000       0.6323
 299.000       0.7753
 300.000       0.9460
 301.000       1.0093
 302.000       0.9458
 303.000       0.7067
 304.000       1.1376
 305.000       1.3191
 306.000       1.1112
 307.000       1.1358
 308.000       2.0269
 309.000       1.1707
 310.000       1.2917
 311.000       1.4594
 312.000       1.4164
 313.000       1.2034
 314.000       1.1001
 315.000       1.3214
 316.000       1.0324
 317.000       1.0192
 318.000       1.1620
 319.000       1.0011
 320.000       1.0556
 321.000       1.2584
 322.000       0.9802
 323.000       0.9915
 324.000       1.5984
 325.000       1.0560
 326.000       1.1698
 327.000       1.4741
 328.000       1.6700
 329.000       1.4510
 330.000       1.5140
 331.000       1.6420
 332.000       1.2335
 333.000       1.7630
 334.000       1.7284
 335.000       1.8134
 336.000       1.6014
 337.000       2.0999
 338.000       2.5850
 339.000       2.3558
 340.000       2.6049
 341.000       2.9974
 342.000       3.2983
 343.000       3.2204
 344.000       3.6084
 345.000       4.1565
 346.000       3.6688
 347.000       4.5874
 348.000       5.7673
 349.000       4.3785
 350.000       4.9999
 351.000       3.8796
 352.000       4.1523
 353.000       4.5795
 354.000       5.5341
 355.000       4.2571
 356.000       3.3282
 357.000       4.1729
 358.000       4.4606
 359.000       3.4918
 360.000       3.5910
 361.000       4.6051
 362.000       4.7744
 363.000       3.9608
 364.000       4.6809
 365.000       4.7786
 366.000       4.8203
 367.000       4.8492
 368.000       4.8740
 369.000       4.6935
 370.000       3.8291
 371.000       3.5006
 372.000       3.7152
 373.000       3.9489
 374.000       2.9156
 375.000       2.7402
 376.000       2.2223
 377.000       2.0157
 378.000       2.0040
 379.000       1.3823
 380.000       1.8975
 381.000       1.9422
 382.000       1.4115
 383.000       1.2849
 384.000       1.1965
 385.000       1.4125
 386.000       1.3472
 387.000       1.5871
 388.000       1.4625
 389.000       2.0405
 390.000       2.3921
 391.000       1.1606
 392.000       1.1263
 393.000       1.0066
 394.000       1.2627
 395.000       1.0360
 396.000       1.1767
 397.000       1.1334
 398.000       1.0876
 399.000       1.4358
 400.000       1.2108
 401.000       1.4442
 402.000       1.0652
 403.000       1.2495
 404.000       1.4210
 405.000       1.6392
 406.000       1.1290
 407.000       1.2273
 408.000       1.3183
 409.000       1.0667
 410.000       1.0728
 411.000       1.1879
 412.000       1.0862
 413.000       0.9048
 414.000       1.0398
 415.000       1.0775
 416.000       1.0695
 417.000       0.8116
 418.000       1.0206
 419.000       0.9335
 420.000       0.8143
 421.000       0.9934
 422.000       0.6161
 423.000       0.9623
 424.000       0.5889
 425.000       0.7116
 426.000       0.5585
 427.000       0.5618
 428.000       0.6343
 429.000       0.6450
 430.000       0.5483
 431.000       0.5773
 432.000       0.8899
 433.000       0.8349
 434.000       0.5801
 435.000       0.8917
 436.000       0.9750
 437.000       0.9883
 438.000       0.8808
 439.000       1.4011
 440.000       1.8008
 441.000       1.3531
 442.000       1.5052
 443.000       2.5783
 444.000       2.2954
 445.000       2.4841
 446.000       2.6581
 447.000       2.8414
 448.000       4.4317
 449.000       2.6292
 450.000       2.1696
 451.000       2.6079
 452.000       1.8622
 453.000       1.6369
 454.000       1.8215
 455.000       1.1743
 456.000       0.9432
 457.000       1.3113
 458.000       1.1420
 459.000       0.7942
 460.000       1.1311
 461.000       0.8474
 462.000       0.8057
 463.000       0.8054
 464.000       1.2759
 465.000       1.1377
 466.000       0.7705
 467.000       1.3959
 468.000       1.2909
 469.000       1.1815
 470.000       1.0760
 471.000       1.0042
 472.000       1.0580
 473.000       0.9127
 474.000       0.8301
 475.000       1.0678
 476.000       0.9554
 477.000       1.0034
 478.000       1.1799
 479.000       1.0311
 480.000       1.2969
 481.000       1.2374
 482.000       1.1364
 483.000       1.1233
 484.000       1.2334
 485.000       1.0097
 486.000       0.8505
 487.000       0.8809
 488.000       0.9739
 489.000       0.7667
 490.000       0.7250
 491.000       0.8144
 492.000       0.8608
 493.000       0.6420
 494.000       0.5903
 495.000       1.0049
 496.000       0.6312
 497.000       0.5813
 498.000       0.7982
 499.000       1.1005
 500.000       0.6801
 501.000       0.7933
 502.000       0.9807
 503.000       2.1337
 504.000       0.9715
 505.000       0.9546
 506.000       0.8547
 507.000       1.1895
 508.000       1.4004
 509.000       1.8172
 510.000       0.7868
 511.000       1.0057
 512.000       1.4801
 513.000       0.8641
 514.000       0.9903
 515.000       1.1075
 516.000       1.2916
 517.000       1.0775
 518.000       1.5456
 519.000       1.2813
 520.000       2.0595
 521.000       1.6478
 522.000       1.0882
 523.000       1.4729
 524.000       1.5129
 525.000       1.2362
 526.000       0.8008
 527.000       1.1502
 528.000       1.1134
 529.000       0.9039
 530.000       0.7151
 531.000       1.1482
 532.000       1.1282
 533.000       0.9436
 534.000       0.8789
 535.000       0.8355
 536.000       1.1609
 537.000       1.0720
 538.000       0.8434
 539.000       1.2110
 540.000       1.1177
 541.000       0.9692
 542.000       1.5106
 543.000       1.3709
 544.000       1.2134
 545.000       0.9817
 546.000       1.7995
 547.000       1.2677
 548.000       1.1060
 549.000       1.3036
 550.000       1.3890
 551.000       1.7592
 552.000       1.8928
 553.000       2.0013
 554.000       2.1545
 555.000       1.9349
 556.000       1.6083
 557.000       1.8521
 558.000       2.0993
 559.000       1.8687
 560.000       2.4770
 561.000       2.9468
 562.000       4.5311
 563.000       6.8338
 564.000       6.0247
 565.000       6.9610
 566.000       5.7704
 567.000       6.4062
 568.000       5.8262
 569.000       3.5691
 570.000       3.3193
 571.000       2.4913
 572.000       2.1393
 573.000       1.9478
 574.000       1.7453
 575.000       1.6422
 576.000       2.1641
 577.000       1.7743
 578.000       1.4809
 579.000       2.2226
 580.000       1.5997
 581.000       1.2633
 582.000       1.1568
 583.000       1.3687
 584.000       1.2895
 585.000       0.9574
 586.000       0.9670
 587.000       0.8639
 588.000       1.0010
 589.000       0.7606
 590.000       0.7748
 591.000       1.1384
 592.000       0.7972
 593.000       0.8454
 594.000       0.8752
 595.000       0.9224
 596.000       1.0239
 597.000       1.0434
 598.000       1.3696
 599.000       1.3996
 600.000       1.5323
 601.000       1.7910
 602.000       1.9340
 603.000       2.2049
 604.000       2.1761
 605.000       2.8489
 606.000       1.0399
 607.000       0.6412
 608.000       0.5857
 609.000      57.5294
 610.000      53.0795
 611.000      53.8048
 612.000      54.7518
 613.000      56.9844
 614.000      55.2879
 615.000      54.3691
 616.000      54.0777
 617.000      53.8507
 618.000      54.1731
 619.000      50.9729
 620.000      53.1827
 621.000      54.2320
 622.000      56.1092
 623.000      55.4085
 624.000      52.7545
 625.000      55.9863
 626.000      56.4061
 627.000      54.7544
 628.000      55.0420
 629.000      55.6576
 630.000      55.2684
 631.000      57.2142
 632.000      56.0146
 633.000      54.9853
 634.000      55.9432
 635.000      55.8840
 636.000      53.8681
 637.000      55.9823
 638.000      53.5737
 639.000      54.9912
 640.000      56.3262
 641.000      56.5690
 642.000      56.6329
 643.000      53.7268
 644.000      55.9760
 645.000      57.4343
 646.000      56.9355
 647.000      55.5020
 648.000      55.1501
 649.000      54.1339
 650.000      53.1013
 651.000      54.8654
 652.000      57.8606
 653.000      55.1847
 654.000      55.0629
 655.000      54.7975
 656.000      54.1043
 657.000      55.8298
 658.000      55.4550
 659.000      54.5658
 660.000      55.0628
 661.000      56.0861
 662.000      57.1631
 663.000      56.0916
 664.000      52.5957
 665.000      56.4156
 666.000      55.0338
 667.000      56.4937
 668.000      55.7725
 669.000      53.5209
 670.000      54.8694
 671.000      55.3713
 672.000      54.0197
 673.000      55.7641
 674.000      55.5468
 675.000      55.5311
 676.000      53.3025
 677.000      54.9610
 678.000      55.1162
 679.000      55.0423
 680.000      54.6346
 681.000      53.1899
 682.000      54.0965
 683.000      55.7838
 684.000      57.2924
 685.000      54.2727
 686.000      56.3630
 687.000      54.7606
 688.000      53.8691
 689.000      54.4684
 690.000      56.1501
 691.000      55.6160
 692.000      54.5506
 693.000      54.4381
 694.000      53.4760
 695.000      52.6448
 696.000      54.5000
 697.000      55.7095
 698.000      54.6910
 699.000      52.7567
 700.000      55.6853
 701.000      55.4244
 702.000      54.8213
 703.000      54.7261
 704.000      53.8446
 705.000      56.9349
 706.000      53.5908
 707.000      55.4503
 708.000      53.0201
 709.000      55.2213
 710.000      53.5628
 711.000      53.6336
 712.000      55.8337
 713.000      55.0389
 714.000      56.2336
 715.000      43.6578
 716.000      56.2123
 717.000      55.7972
 718.000      60.4831
 719.000      60.7450
 720.000      59.3768
 721.000      60.2912
 722.000      60.5330
 723.000      60.0332
 724.000      61.4004
 725.000      60.0303
 726.000      60.2064
 727.000      60.4183
 728.000      59.1417
 729.000      60.8337
 730.000      58.6861
 731.000      59.9734
 732.000      60.2931
 733.000      60.8541
 734.000      60.1833
 735.000      60.6389
 736.000      60.2187
 737.000      60.5562
 738.000      59.9113
 739.000      60.9937
 740.000      60.4795
 741.000      60.6389
 742.000      60.7930
 743.000      59.3032
 744.000      60.0640
 745.000      59.8105
 746.000      60.2897
 747.000      61.5391
 748.000      60.9024
 749.000      59.4780
 750.000      60.1232
 751.000      60.2764
 752.000      60.1518
 753.000      60.9382
 754.000      60.7090
 755.000      60.6248
 756.000      59.3436
 757.000      60.9685
 758.000      60.0683
 759.000      60.0171
 760.000      60.6282
 761.000      59.7587
 762.000      60.0927
 763.000      60.4718
 764.000      59.9018
 765.000      59.9779
 766.000      59.4971
 767.000      59.7762
 768.000      61.0860
 769.000      60.3931
 770.000      60.9711
 771.000      58.9206
 772.000      60.5487
 773.000      60.1253
 774.000      60.2408
 775.000      59.9666
 776.000      59.7138
 777.000      61.8003
 778.000      59.9937
 779.000      59.7030
 780.000      59.5101
 781.000      59.6007
