#Res        AtomicFlx
   1.000       6.7317
   2.000       5.0809
   3.000       3.8206
   4.000       2.8555
   5.000       2.4981
   6.000       2.3069
   7.000       1.7492
   8.000       2.3572
   9.000       1.4075
  10.000       1.1855
  11.000       1.1033
  12.000       1.0538
  13.000       0.7992
  14.000       0.6820
  15.000       0.8100
  16.000       0.7179
  17.000       0.5456
  18.000       0.5877
  19.000       0.7404
  20.000       0.5407
  21.000       0.5596
  22.000       0.5374
  23.000       0.7203
  24.000       0.8418
  25.000       0.7200
  26.000       0.6004
  27.000       0.9215
  28.000       0.9033
  29.000       0.7679
  30.000       0.7228
  31.000       0.9072
  32.000       0.9014
  33.000       0.8666
  34.000       0.8492
  35.000       1.0033
  36.000       1.0935
  37.000       1.0217
  38.000       1.2046
  39.000       1.3096
  40.000       1.3054
  41.000       1.2205
  42.000       0.9338
  43.000       0.9227
  44.000       0.9875
  45.000       0.8155
  46.000       0.6932
  47.000       0.7750
  48.000       0.8010
  49.000       0.6968
  50.000       0.6720
  51.000       0.8020
  52.000       0.8351
  53.000       0.7390
  54.000       0.6492
  55.000       0.6301
  56.000       0.6679
  57.000       0.6058
  58.000       0.4979
  59.000       0.5131
  60.000       0.5854
  61.000       0.5418
  62.000       0.5443
  63.000       0.6345
  64.000       0.6374
  65.000       0.6728
  66.000       0.8060
  67.000       1.3786
  68.000       1.0195
  69.000       1.0302
  70.000       0.8825
  71.000       0.7593
  72.000       0.7392
  73.000       0.6442
  74.000       0.6513
  75.000       0.6872
  76.000       1.0385
  77.000       1.4112
  78.000       1.4037
  79.000       1.1474
  80.000       1.0117
  81.000       1.0090
  82.000       0.9110
  83.000       0.7107
  84.000       0.6053
  85.000       0.5992
  86.000       0.5365
  87.000       0.5468
  88.000       0.5484
  89.000       0.5289
  90.000       0.5871
  91.000       0.6595
  92.000       0.6176
  93.000       0.5920
  94.000       0.6700
  95.000       0.7327
  96.000       0.6799
  97.000       0.6713
  98.000       0.7267
  99.000       0.7365
 100.000       0.8669
 101.000       0.7083
 102.000       0.5184
 103.000       0.6134
 104.000       0.5765
 105.000       0.5288
 106.000       0.5286
 107.000       0.5304
 108.000       0.5502
 109.000       0.5713
 110.000       0.5834
 111.000       0.5710
 112.000       0.5998
 113.000       0.6772
 114.000       0.6876
 115.000       0.7325
 116.000       0.9473
 117.000       1.0945
 118.000       1.3169
 119.000       1.2344
 120.000       0.8445
 121.000       0.8427
 122.000       1.0761
 123.000       1.3731
 124.000       1.2547
 125.000       1.0435
 126.000       1.3255
 127.000       1.2929
 128.000       1.6538
 129.000       1.5287
 130.000       1.1300
 131.000       1.5733
 132.000       2.4447
 133.000       2.1991
 134.000       1.9984
 135.000       1.7809
 136.000       2.9413
 137.000       2.4123
 138.000       3.1282
 139.000       3.6893
 140.000       4.8038
 141.000       5.3111
 142.000       5.1934
 143.000       4.4366
 144.000       4.9901
 145.000       4.5654
 146.000       3.9394
 147.000       3.9639
 148.000       3.2489
 149.000       2.1783
 150.000       1.3705
 151.000       0.9249
 152.000       0.8196
 153.000       0.6897
 154.000       0.7054
 155.000       0.7392
 156.000       0.6690
 157.000       0.6353
 158.000       0.7350
 159.000       0.7565
 160.000       0.7448
 161.000       0.7666
 162.000       0.8365
 163.000       0.7729
 164.000       1.0405
 165.000       1.2455
 166.000       1.0728
 167.000       1.0821
 168.000       1.7218
 169.000       1.2123
 170.000       1.0333
 171.000       1.5210
 172.000       1.4889
 173.000       1.0243
 174.000       1.2574
 175.000       1.1837
 176.000       0.9641
 177.000       1.1305
 178.000       1.0569
 179.000       0.8773
 180.000       0.7432
 181.000       0.8367
 182.000       0.7891
 183.000       0.6201
 184.000       0.7154
 185.000       0.8848
 186.000       0.8366
 187.000       0.7545
 188.000       0.9088
 189.000       1.0344
 190.000       0.8202
 191.000       0.9209
 192.000       1.1734
 193.000       1.0445
 194.000       0.9281
 195.000       1.3891
 196.000       1.6060
 197.000       1.5743
 198.000       1.6719
 199.000       1.6786
 200.000       1.3850
 201.000       1.0524
 202.000       1.2670
 203.000       1.4943
 204.000       1.3455
 205.000       1.1110
 206.000       0.9812
 207.000       1.2264
 208.000       1.0883
 209.000       0.8410
 210.000       1.3163
 211.000       1.0701
 212.000       0.8928
 213.000       0.7289
 214.000       0.6319
 215.000       0.6519
 216.000       0.6261
 217.000       0.6287
 218.000       0.6860
 219.000       0.6478
 220.000       0.6225
 221.000       0.6996
 222.000       0.7560
 223.000       0.6962
 224.000       0.7588
 225.000       0.8448
 226.000       0.8412
 227.000       0.8508
 228.000       0.8547
 229.000       0.7661
 230.000       0.6967
 231.000       0.7052
 232.000       0.6993
 233.000       0.7090
 234.000       0.6992
 235.000       0.8372
 236.000       0.9391
 237.000       0.9074
 238.000       1.0690
 239.000       1.1784
 240.000       1.1248
 241.000       1.1145
 242.000       1.1628
 243.000       1.2972
 244.000       1.1061
 245.000       1.0355
 246.000       1.2571
 247.000       1.2623
 248.000       1.0943
 249.000       1.0553
 250.000       0.8686
 251.000       0.7798
 252.000       0.7599
 253.000       0.7336
 254.000       0.6566
 255.000       0.6257
 256.000       0.5816
 257.000       0.5683
 258.000       0.5569
 259.000       0.5295
 260.000       0.5287
 261.000       0.5539
 262.000       0.5304
 263.000       0.5510
 264.000       0.4919
 265.000       0.5195
 266.000       0.6097
 267.000       0.6634
 268.000       0.5228
 269.000       0.4716
 270.000       0.5558
 271.000       0.6622
 272.000       0.5961
 273.000       0.6436
 274.000       0.8315
 275.000       0.8180
 276.000       0.7313
 277.000       0.8468
 278.000       0.9380
 279.000       1.0155
 280.000       0.8381
 281.000       0.8192
 282.000       0.5968
 283.000       0.5938
 284.000       0.6213
 285.000       0.5665
 286.000       0.5374
 287.000       0.6085
 288.000       0.5964
 289.000       0.5148
 290.000       0.5774
 291.000       0.6781
 292.000       0.6216
 293.000       0.5198
 294.000       0.5605
 295.000       0.6259
 296.000       0.5819
 297.000       0.5300
 298.000       0.5856
 299.000       0.6063
 300.000       0.5950
 301.000       0.6306
 302.000       0.5611
 303.000       0.5618
 304.000       0.5298
 305.000       0.5620
 306.000       0.5340
 307.000       0.7595
 308.000       0.8196
 309.000       0.6954
 310.000       0.7595
 311.000       0.8955
 312.000       0.8807
 313.000       0.9203
 314.000       1.1760
 315.000       1.2178
 316.000       1.7937
 317.000       1.8147
 318.000       1.2063
 319.000       0.9774
 320.000       1.2512
 321.000       1.4664
 322.000       1.1938
 323.000       1.5675
 324.000       1.5182
 325.000       1.5701
 326.000       1.6060
 327.000       1.2734
 328.000       1.0405
 329.000       1.0657
 330.000       0.9915
 331.000       0.9130
 332.000       0.7146
 333.000       0.6744
 334.000       0.7794
 335.000       0.8468
 336.000       0.8013
 337.000       0.7563
 338.000       0.8321
 339.000       0.9453
 340.000       0.9661
 341.000       0.9961
 342.000       1.0253
 343.000       1.0627
 344.000       0.9205
 345.000       0.7530
 346.000       0.7758
 347.000       0.7553
 348.000       0.6607
 349.000       0.6664
 350.000       0.6591
 351.000       0.5963
 352.000       0.5891
 353.000       0.5713
 354.000       0.5765
 355.000       0.5920
 356.000       0.6074
 357.000       0.6130
 358.000       0.5988
 359.000       0.6809
 360.000       0.6476
 361.000       0.6085
 362.000       0.5098
 363.000       0.4514
 364.000       0.4529
 365.000       0.4740
 366.000       0.5616
 367.000       0.6489
 368.000       0.7111
 369.000       0.7694
 370.000       0.7644
 371.000       0.8183
 372.000       0.8278
 373.000       0.7768
 374.000       0.7195
 375.000       0.7077
 376.000       0.8749
 377.000       1.0731
 378.000       1.1690
 379.000       1.3785
 380.000       2.5045
 381.000       2.2735
 382.000       3.0278
 383.000       2.4834
 384.000       3.1555
 385.000       2.6775
 386.000       2.1857
 387.000       1.4661
 388.000       1.8398
 389.000       1.5409
 390.000       1.2059
 391.000       1.2678
 392.000       1.2713
 393.000       1.1470
 394.000       1.1128
 395.000       1.1759
 396.000       1.1835
 397.000       1.1279
 398.000       1.1246
 399.000       1.2785
 400.000       1.2883
 401.000       1.2011
 402.000       1.2088
 403.000       1.5183
 404.000       1.5383
 405.000       0.9719
 406.000       0.7661
 407.000       0.8610
 408.000       0.9029
 409.000       1.0426
 410.000       0.8179
 411.000       0.8302
 412.000       0.8521
 413.000       0.8250
 414.000       0.7887
 415.000       0.8296
 416.000       0.8577
 417.000       0.6758
 418.000       0.6574
 419.000       0.8297
 420.000       0.8949
 421.000       0.8738
 422.000       0.6904
 423.000       0.7030
 424.000       0.6479
 425.000       0.6058
 426.000       0.5856
 427.000       0.5732
 428.000       0.5943
 429.000       0.5548
 430.000       0.5250
 431.000       0.5884
 432.000       0.6353
 433.000       0.6099
 434.000       0.6732
 435.000       0.7992
 436.000       0.8890
 437.000       0.9146
 438.000       1.1084
 439.000       1.5256
 440.000       1.5693
 441.000       1.4138
 442.000       1.2652
 443.000       1.0034
 444.000       1.2254
 445.000       1.2846
 446.000       0.9566
 447.000       0.8661
 448.000       1.1898
 449.000       1.2766
 450.000       0.9867
 451.000       1.0263
 452.000       1.3633
 453.000       1.4823
 454.000       1.4008
 455.000       1.2389
 456.000       1.1704
 457.000       0.9686
 458.000       0.8637
 459.000       1.0924
 460.000       1.1143
 461.000       1.0175
 462.000       0.8924
 463.000       0.9369
 464.000       1.0097
 465.000       0.8958
 466.000       0.8497
 467.000       0.9744
 468.000       0.9999
 469.000       0.8254
 470.000       0.7401
 471.000       0.7154
 472.000       0.7344
 473.000       0.6483
 474.000       0.5796
 475.000       0.6596
 476.000       0.6664
 477.000       0.6416
 478.000       0.6909
 479.000       0.7792
 480.000       0.8993
 481.000       0.9653
 482.000       1.0240
 483.000       1.0945
 484.000       1.5215
 485.000       2.1694
 486.000       2.4992
 487.000       1.6825
 488.000       1.7926
 489.000       1.2776
 490.000       1.1073
 491.000       1.1677
 492.000       1.4866
 493.000       1.2365
 494.000       1.2906
 495.000       1.1557
 496.000       1.3840
 497.000       1.4637
 498.000       1.4286
 499.000       1.1127
 500.000       1.2233
 501.000       1.5434
 502.000       1.2523
 503.000       0.8737
 504.000       1.2969
 505.000       1.3761
 506.000       0.9208
 507.000       0.8538
 508.000       1.2712
 509.000       1.2289
 510.000       0.8780
 511.000       1.0793
 512.000       1.0256
 513.000       1.0008
 514.000       0.9751
 515.000       1.1122
 516.000       1.1343
 517.000       1.0236
 518.000       1.1687
 519.000       1.3560
 520.000       1.3047
 521.000       1.2836
 522.000       1.5756
 523.000       1.7587
 524.000       1.7014
 525.000       1.7573
 526.000       2.2528
 527.000       2.2926
 528.000       2.3036
 529.000       2.2287
 530.000       2.2155
 531.000       1.8922
 532.000       1.6528
 533.000       1.6916
 534.000       1.7075
 535.000       1.5225
 536.000       1.2922
 537.000       1.4437
 538.000       1.6899
 539.000       2.2697
 540.000       2.9444
 541.000       4.8874
 542.000       6.4872
