#Res        AtomicFlx
   1.000       7.7748
   2.000       5.5099
   3.000       3.8659
   4.000       2.6428
   5.000       2.0959
   6.000       2.2882
   7.000       1.6418
   8.000       2.0550
   9.000       1.5689
  10.000       1.4901
  11.000       1.3623
  12.000       0.9714
  13.000       0.7598
  14.000       0.7453
  15.000       0.8212
  16.000       0.6986
  17.000       0.5504
  18.000       0.5330
  19.000       0.6390
  20.000       0.4963
  21.000       0.4937
  22.000       0.5125
  23.000       0.6223
  24.000       0.8221
  25.000       0.8681
  26.000       0.6915
  27.000       0.8138
  28.000       1.1091
  29.000       0.7537
  30.000       0.7276
  31.000       0.7525
  32.000       0.8104
  33.000       0.8579
  34.000       0.8486
  35.000       0.8633
  36.000       0.9455
  37.000       1.0071
  38.000       1.1487
  39.000       1.0343
  40.000       1.0853
  41.000       1.0571
  42.000       0.8775
  43.000       0.8314
  44.000       0.7929
  45.000       0.7016
  46.000       0.6353
  47.000       0.6509
  48.000       0.6342
  49.000       0.5959
  50.000       0.5568
  51.000       0.6006
  52.000       0.6754
  53.000       0.6577
  54.000       0.6571
  55.000       0.5606
  56.000       0.5803
  57.000       0.6047
  58.000       0.5417
  59.000       0.5480
  60.000       0.5924
  61.000       0.5449
  62.000       0.5848
  63.000       0.6513
  64.000       0.5921
  65.000       0.5683
  66.000       0.6921
  67.000       0.7263
  68.000       0.6784
  69.000       0.6674
  70.000       0.7401
  71.000       0.6256
  72.000       0.5637
  73.000       0.5682
  74.000       0.5953
  75.000       0.6028
  76.000       0.7986
  77.000       1.0662
  78.000       1.1461
  79.000       0.9539
  80.000       1.0751
  81.000       0.9356
  82.000       0.8206
  83.000       0.6645
  84.000       0.6580
  85.000       0.7264
  86.000       0.7437
  87.000       0.6840
  88.000       0.7574
  89.000       0.8114
  90.000       0.6716
  91.000       0.5969
  92.000       0.7112
  93.000       0.6699
  94.000       0.6030
  95.000       0.6330
  96.000       0.6666
  97.000       0.6612
  98.000       0.6107
  99.000       0.6692
 100.000       0.7392
 101.000       0.7361
 102.000       0.6587
 103.000       0.6363
 104.000       0.7028
 105.000       0.6755
 106.000       0.6273
 107.000       0.6437
 108.000       0.6525
 109.000       0.6251
 110.000       0.5806
 111.000       0.5786
 112.000       0.6221
 113.000       0.6379
 114.000       0.6498
 115.000       0.7253
 116.000       0.9475
 117.000       1.0948
 118.000       1.3964
 119.000       1.2382
 120.000       0.7921
 121.000       0.8158
 122.000       1.1788
 123.000       1.2388
 124.000       1.9235
 125.000       2.4579
 126.000       2.0154
 127.000       1.1818
 128.000       1.7040
 129.000       2.6294
 130.000       2.6959
 131.000       3.9543
 132.000       3.8785
 133.000       4.6195
 134.000       3.7578
 135.000       2.6840
 136.000       2.9507
 137.000       4.0654
 138.000       4.8659
 139.000       5.8348
 140.000       7.0721
 141.000       8.0096
 142.000       8.2304
 143.000       7.0120
 144.000       6.2269
 145.000       5.3540
 146.000       5.6361
 147.000       5.6582
 148.000       5.0385
 149.000       2.5354
 150.000       1.4390
 151.000       0.8817
 152.000       0.7868
 153.000       0.7073
 154.000       0.7412
 155.000       0.7594
 156.000       0.6783
 157.000       0.5980
 158.000       0.7337
 159.000       0.9037
 160.000       0.9695
 161.000       0.8555
 162.000       0.8577
 163.000       1.0551
 164.000       0.9509
 165.000       1.0359
 166.000       0.9234
 167.000       1.0426
 168.000       1.1844
 169.000       1.1732
 170.000       1.2082
 171.000       1.6044
 172.000       1.4534
 173.000       0.9876
 174.000       1.1094
 175.000       0.9943
 176.000       0.8852
 177.000       0.9481
 178.000       0.8922
 179.000       0.8401
 180.000       0.7071
 181.000       0.7032
 182.000       0.7010
 183.000       0.6516
 184.000       0.6229
 185.000       0.6653
 186.000       0.7107
 187.000       0.6699
 188.000       0.6587
 189.000       0.7623
 190.000       0.7457
 191.000       0.7173
 192.000       0.8122
 193.000       0.8595
 194.000       0.7820
 195.000       1.0467
 196.000       1.3195
 197.000       1.5183
 198.000       1.4210
 199.000       1.4551
 200.000       1.3753
 201.000       1.0098
 202.000       0.8773
 203.000       1.1252
 204.000       1.3034
 205.000       0.9541
 206.000       0.8895
 207.000       1.0799
 208.000       0.8934
 209.000       0.7267
 210.000       0.9339
 211.000       0.8905
 212.000       0.7829
 213.000       0.7057
 214.000       0.7552
 215.000       0.7497
 216.000       0.6632
 217.000       0.7115
 218.000       0.8174
 219.000       0.7949
 220.000       0.7734
 221.000       0.8517
 222.000       0.9231
 223.000       0.9325
 224.000       0.9550
 225.000       0.9982
 226.000       1.0602
 227.000       1.0964
 228.000       1.1797
 229.000       1.1540
 230.000       1.0490
 231.000       1.0878
 232.000       1.0812
 233.000       1.0291
 234.000       0.9877
 235.000       1.0297
 236.000       1.0100
 237.000       0.9117
 238.000       1.0944
 239.000       1.2587
 240.000       1.2861
 241.000       1.4952
 242.000       1.6704
 243.000       1.7606
 244.000       1.3696
 245.000       1.1904
 246.000       1.4399
 247.000       1.2336
 248.000       1.1669
 249.000       1.1588
 250.000       0.9784
 251.000       0.8189
 252.000       0.8447
 253.000       0.7905
 254.000       0.6604
 255.000       0.6117
 256.000       0.6401
 257.000       0.6135
 258.000       0.5227
 259.000       0.5274
 260.000       0.5706
 261.000       0.5482
 262.000       0.5269
 263.000       0.5560
 264.000       0.4741
 265.000       0.5612
 266.000       0.5713
 267.000       0.5626
 268.000       0.4770
 269.000       0.4649
 270.000       0.4928
 271.000       0.5744
 272.000       0.5839
 273.000       0.6208
 274.000       0.7276
 275.000       0.7943
 276.000       0.7209
 277.000       0.8745
 278.000       0.8715
 279.000       0.9217
 280.000       0.9022
 281.000       0.9204
 282.000       0.7510
 283.000       0.6657
 284.000       0.6648
 285.000       0.6166
 286.000       0.5674
 287.000       0.5701
 288.000       0.5808
 289.000       0.5144
 290.000       0.5552
 291.000       0.6214
 292.000       0.5805
 293.000       0.5225
 294.000       0.5646
 295.000       0.6450
 296.000       0.6189
 297.000       0.6202
 298.000       0.7112
 299.000       0.7587
 300.000       0.7413
 301.000       0.8559
 302.000       0.8955
 303.000       0.8314
 304.000       0.7910
 305.000       0.8736
 306.000       0.9215
 307.000       1.0024
 308.000       1.0395
 309.000       1.0336
 310.000       1.0278
 311.000       1.0720
 312.000       1.1648
 313.000       1.1867
 314.000       1.1892
 315.000       1.3412
 316.000       1.3563
 317.000       2.6428
 318.000       1.4718
 319.000       1.1164
 320.000       1.1839
 321.000       1.3805
 322.000       1.3187
 323.000       1.5434
 324.000       2.1270
 325.000       1.8707
 326.000       2.2507
 327.000       1.5432
 328.000       1.1390
 329.000       0.8206
 330.000       0.8980
 331.000       0.7785
 332.000       0.6485
 333.000       0.6912
 334.000       0.8700
 335.000       0.7868
 336.000       0.7917
 337.000       0.8263
 338.000       0.8714
 339.000       0.9293
 340.000       1.0168
 341.000       1.0425
 342.000       1.0439
 343.000       1.0516
 344.000       0.9753
 345.000       0.8674
 346.000       0.9141
 347.000       0.8459
 348.000       0.7464
 349.000       0.7129
 350.000       0.6890
 351.000       0.6641
 352.000       0.6370
 353.000       0.6448
 354.000       0.6851
 355.000       0.6584
 356.000       0.6521
 357.000       0.6563
 358.000       0.5923
 359.000       0.6056
 360.000       0.6584
 361.000       0.5495
 362.000       0.5145
 363.000       0.5207
 364.000       0.5523
 365.000       0.5489
 366.000       0.5497
 367.000       0.5848
 368.000       0.5154
 369.000       0.5978
 370.000       0.6093
 371.000       0.5667
 372.000       0.5689
 373.000       0.6466
 374.000       0.5987
 375.000       0.6542
 376.000       0.8429
 377.000       0.8563
 378.000       0.9284
 379.000       0.9836
 380.000       1.5051
 381.000       2.1125
 382.000       1.7221
 383.000       2.8313
 384.000       3.1592
 385.000       2.1753
 386.000       1.3557
 387.000       1.0103
 388.000       0.9568
 389.000       1.0352
 390.000       0.8499
 391.000       0.7318
 392.000       0.7572
 393.000       0.7738
 394.000       0.6700
 395.000       0.6434
 396.000       0.7092
 397.000       0.7085
 398.000       0.6422
 399.000       0.6432
 400.000       0.7275
 401.000       0.7313
 402.000       0.6729
 403.000       0.7188
 404.000       0.7620
 405.000       0.6913
 406.000       0.7511
 407.000       0.8315
 408.000       0.8387
 409.000       0.8248
 410.000       0.7459
 411.000       0.8182
 412.000       0.7460
 413.000       0.6858
 414.000       0.7445
 415.000       0.7644
 416.000       0.7433
 417.000       0.7696
 418.000       0.8078
 419.000       0.7656
 420.000       1.2855
 421.000       1.4900
 422.000       1.4515
 423.000       1.0075
 424.000       0.8284
 425.000       0.7340
 426.000       0.7252
 427.000       0.7106
 428.000       0.7347
 429.000       0.7002
 430.000       0.6506
 431.000       0.7062
 432.000       0.7417
 433.000       0.7146
 434.000       0.7054
 435.000       0.7956
 436.000       0.8231
 437.000       0.8008
 438.000       0.8496
 439.000       1.0556
 440.000       1.0532
 441.000       0.9925
 442.000       0.9318
 443.000       0.8432
 444.000       0.9650
 445.000       0.9490
 446.000       0.8138
 447.000       0.8459
 448.000       0.9760
 449.000       0.9036
 450.000       0.8908
 451.000       1.0508
 452.000       1.1671
 453.000       1.0956
 454.000       1.1988
 455.000       1.1927
 456.000       1.1507
 457.000       1.0216
 458.000       0.8150
 459.000       0.8886
 460.000       0.8642
 461.000       0.7730
 462.000       0.7064
 463.000       0.7370
 464.000       0.7456
 465.000       0.6849
 466.000       0.6983
 467.000       0.7909
 468.000       0.7637
 469.000       0.6850
 470.000       0.6839
 471.000       0.6896
 472.000       0.6919
 473.000       0.6475
 474.000       0.6426
 475.000       0.7360
 476.000       0.7513
 477.000       0.7996
 478.000       0.9338
 479.000       1.0312
 480.000       1.1732
 481.000       1.3563
 482.000       1.5833
 483.000       1.6733
 484.000       2.1597
 485.000       3.3110
 486.000       2.6250
 487.000       1.8672
 488.000       2.2967
 489.000       1.2118
 490.000       1.1019
 491.000       1.1844
 492.000       1.3354
 493.000       1.0608
 494.000       1.1514
 495.000       0.9801
 496.000       1.0584
 497.000       1.0433
 498.000       1.0014
 499.000       0.9203
 500.000       0.8814
 501.000       0.8702
 502.000       0.8877
 503.000       0.8811
 504.000       0.8358
 505.000       0.8223
 506.000       0.7861
 507.000       0.7745
 508.000       0.8246
 509.000       0.8055
 510.000       0.8219
 511.000       0.9525
 512.000       1.0136
 513.000       0.9371
 514.000       0.9810
 515.000       1.1462
 516.000       1.2057
 517.000       1.0604
 518.000       1.1592
 519.000       1.3574
 520.000       1.3643
 521.000       1.3034
 522.000       1.5251
 523.000       1.7268
 524.000       1.7350
 525.000       1.7901
 526.000       2.2846
 527.000       2.3528
 528.000       2.3395
 529.000       2.2022
 530.000       2.2048
 531.000       1.9786
 532.000       1.7077
 533.000       1.6788
 534.000       1.7163
 535.000       1.5557
 536.000       1.3074
 537.000       1.4204
 538.000       1.6996
 539.000       1.9154
 540.000       2.3697
 541.000       3.2578
 542.000       4.5298
