#Res        AtomicFlx
   1.000       4.6229
   2.000       2.6676
   3.000       1.5736
   4.000       1.8444
   5.000       1.2317
   6.000       0.8671
   7.000       1.2189
   8.000       1.4202
   9.000       1.7896
  10.000       1.3002
  11.000       0.9269
  12.000       0.9965
  13.000       1.0869
  14.000       1.1191
  15.000       0.7663
  16.000       0.9652
  17.000       0.8669
  18.000       0.6757
  19.000       0.7063
  20.000       0.6886
  21.000       0.7115
  22.000       0.8602
  23.000       1.1757
  24.000       1.0151
  25.000       1.2484
  26.000       1.4391
  27.000       0.8321
  28.000       1.4709
  29.000       1.0216
  30.000       0.8549
  31.000       1.3168
  32.000       1.1024
  33.000       0.9079
  34.000       1.4927
  35.000       1.6198
  36.000       0.8245
  37.000       0.8178
  38.000       0.7606
  39.000       0.7550
  40.000       0.8032
  41.000       0.7061
  42.000       0.8511
  43.000       0.8414
  44.000       0.6798
  45.000       0.8377
  46.000       1.2485
  47.000       0.9493
  48.000       0.9602
  49.000       0.7000
  50.000       0.8910
  51.000       0.9081
  52.000       0.7097
  53.000       0.5455
  54.000       0.6706
  55.000       0.6290
  56.000       0.8069
  57.000       0.5705
  58.000       0.5995
  59.000       0.8037
  60.000       0.7131
  61.000       0.7301
  62.000       0.6822
  63.000       0.9342
  64.000       0.6387
  65.000       0.7194
  66.000       0.8809
  67.000       0.8941
  68.000       1.6616
  69.000       0.9495
  70.000       0.6908
  71.000       0.9129
  72.000       0.9871
  73.000       0.8123
  74.000       0.8585
  75.000       1.1799
  76.000       2.3101
  77.000       2.6499
  78.000       1.6372
  79.000       1.0631
  80.000       1.2626
  81.000       0.9439
  82.000       1.5814
  83.000       0.6417
  84.000       0.8277
  85.000       0.6679
  86.000       1.0147
  87.000       0.7765
  88.000       0.7131
  89.000       0.7585
  90.000       1.0472
  91.000       0.8115
  92.000       0.6606
  93.000       0.9723
  94.000       1.1308
  95.000       0.9000
  96.000       0.8001
  97.000       1.2618
  98.000       1.3011
  99.000       1.1781
 100.000       0.9234
 101.000       0.8575
 102.000       0.7201
 103.000       0.8616
 104.000       0.6103
 105.000       0.5796
 106.000       0.6270
 107.000       1.0018
 108.000       0.7170
 109.000       0.8411
 110.000       0.7243
 111.000       1.0597
 112.000       0.8398
 113.000       0.7598
 114.000       1.2743
 115.000       1.1172
 116.000       1.6824
 117.000       1.9579
 118.000       0.9991
 119.000       1.1028
 120.000       0.9229
 121.000       1.3121
 122.000       1.1233
 123.000       0.9348
 124.000       1.5209
 125.000       1.0893
 126.000       1.2395
 127.000       0.9725
 128.000       0.8833
 129.000       1.2102
 130.000       1.3572
 131.000       1.8901
 132.000       1.2158
 133.000       1.7309
 134.000       2.4646
 135.000       2.8745
 136.000       4.1331
 137.000       4.5969
 138.000       4.9822
 139.000       4.9881
 140.000       5.0953
 141.000       3.8088
 142.000       3.1027
 143.000       2.9459
 144.000       2.1777
 145.000       1.9833
 146.000       1.5703
 147.000       1.5186
 148.000       1.6108
 149.000       1.7531
 150.000       2.2464
 151.000       2.8797
 152.000       1.3302
 153.000       1.1613
 154.000       0.8256
 155.000       0.7654
 156.000       0.6821
 157.000       0.6666
 158.000       0.8561
 159.000       0.6969
 160.000       0.6932
 161.000       1.0264
 162.000       1.5629
 163.000       0.9160
 164.000       0.8497
 165.000       0.9288
 166.000       1.6392
 167.000       1.2834
 168.000       2.4439
 169.000       3.4607
 170.000       2.5572
 171.000       2.3668
 172.000       1.5770
 173.000       1.5843
 174.000       1.7385
 175.000       1.6056
 176.000       1.0486
 177.000       0.9180
 178.000       1.0765
 179.000       0.8740
 180.000       1.4878
 181.000       1.8566
 182.000       1.3983
 183.000       1.0744
 184.000       0.7435
 185.000       0.7357
 186.000       0.6414
 187.000       0.8000
 188.000       0.8464
 189.000       1.1787
 190.000       0.9032
 191.000       0.8754
 192.000       0.8331
 193.000       1.0776
 194.000       1.0927
 195.000       1.0947
 196.000       1.4696
 197.000       0.8164
 198.000       1.0016
 199.000       1.2842
 200.000       2.4716
 201.000       1.2409
 202.000       1.4696
 203.000       1.8571
 204.000       2.0508
 205.000       1.7530
 206.000       2.0073
 207.000       2.6880
 208.000       2.6767
 209.000       1.8537
 210.000       1.8061
 211.000       2.0111
 212.000       2.3491
 213.000       1.6067
 214.000       1.1057
 215.000       1.5257
 216.000       0.8653
 217.000       1.1929
 218.000       0.9944
 219.000       1.1095
 220.000       0.9928
 221.000       0.9170
 222.000       0.8780
 223.000       1.0901
 224.000       1.0804
 225.000       1.2976
 226.000       0.8551
 227.000       0.7831
 228.000       1.2003
 229.000       0.9831
 230.000       0.9631
 231.000       1.0281
 232.000       0.8666
 233.000       0.8774
 234.000       1.2276
 235.000       1.1562
 236.000       0.7875
 237.000       1.0547
 238.000       1.8713
 239.000       0.9131
 240.000       0.7839
 241.000       1.0313
 242.000       1.0361
 243.000       1.1739
 244.000       1.4477
 245.000       1.9934
 246.000       2.5230
 247.000       1.7622
 248.000       1.2960
 249.000       1.3901
 250.000       1.3602
 251.000       1.0940
 252.000       1.1225
 253.000       0.8551
 254.000       0.8883
 255.000       1.0884
 256.000       0.8789
 257.000       0.6565
 258.000       0.6906
 259.000       0.7431
 260.000       1.0159
 261.000       0.7003
 262.000       0.6758
 263.000       1.3034
 264.000       0.8013
 265.000       0.8767
 266.000       0.6469
 267.000       0.8909
 268.000       0.5558
 269.000       0.6584
 270.000       0.5160
 271.000       0.6017
 272.000       0.7164
 273.000       0.6957
 274.000       0.7068
 275.000       0.9622
 276.000       0.6178
 277.000       0.7526
 278.000       0.8879
 279.000       1.0212
 280.000       1.5401
 281.000       1.1100
 282.000       1.0341
 283.000       1.1910
 284.000       0.9983
 285.000       0.8098
 286.000       1.2986
 287.000       2.0874
 288.000       0.9715
 289.000       0.6780
 290.000       0.7736
 291.000       0.8584
 292.000       0.6857
 293.000       0.6521
 294.000       0.6742
 295.000       0.8683
 296.000       0.6445
 297.000       0.7594
 298.000       0.9678
 299.000       0.6966
 300.000       0.5796
 301.000       0.8795
 302.000       0.6174
 303.000       0.7483
 304.000       0.6088
 305.000       1.1287
 306.000       0.9073
 307.000       0.7402
 308.000       1.1161
 309.000       0.7972
 310.000       1.0514
 311.000       0.9293
 312.000       0.7694
 313.000       0.9308
 314.000       1.3581
 315.000       0.9139
 316.000       1.6772
 317.000       1.5385
 318.000       1.4478
 319.000       1.2431
 320.000       1.3336
 321.000       1.0563
 322.000       1.2594
 323.000       0.9104
 324.000       1.1342
 325.000       1.0420
 326.000       0.8408
 327.000       0.8704
 328.000       1.0221
 329.000       0.6891
 330.000       0.7527
 331.000       0.6791
 332.000       0.8097
 333.000       0.8054
 334.000       0.6646
 335.000       0.7092
 336.000       1.0828
 337.000       1.0799
 338.000       0.8019
 339.000       0.9695
 340.000       0.8006
 341.000       1.1156
 342.000       0.9620
 343.000       1.1531
 344.000       0.9880
 345.000       0.9969
 346.000       1.1559
 347.000       0.7465
 348.000       0.8723
 349.000       0.8185
 350.000       0.7558
 351.000       0.6760
 352.000       0.7332
 353.000       1.0854
 354.000       0.8783
 355.000       0.7036
 356.000       0.9544
 357.000       1.0160
 358.000       0.8964
 359.000       1.1208
 360.000       1.0327
 361.000       1.2683
 362.000       0.7894
 363.000       1.0904
 364.000       0.9001
 365.000       0.7456
 366.000       0.7257
 367.000       0.8661
 368.000       0.5292
 369.000       0.6222
 370.000       1.0323
 371.000       0.9306
 372.000       0.7032
 373.000       0.6724
 374.000       0.9927
 375.000       1.3032
 376.000       0.9200
 377.000       0.8728
 378.000       1.1822
 379.000       1.5677
 380.000       1.2423
 381.000       1.1085
 382.000       2.0190
 383.000       1.7475
 384.000       1.3669
 385.000       1.7693
 386.000       3.0848
 387.000       1.8009
 388.000       2.2617
 389.000       1.6635
 390.000       1.5923
 391.000       0.9571
 392.000       0.9306
 393.000       1.1747
 394.000       1.8164
 395.000       0.9089
 396.000       1.0671
 397.000       1.2243
 398.000       0.8577
 399.000       0.9281
 400.000       0.7396
 401.000       1.1035
 402.000       1.1811
 403.000       0.8096
 404.000       1.1253
 405.000       1.2890
 406.000       0.7480
 407.000       0.7268
 408.000       0.7132
 409.000       1.0069
 410.000       0.7250
 411.000       0.6262
 412.000       0.7751
 413.000       0.8172
 414.000       0.7764
 415.000       0.6619
 416.000       0.7669
 417.000       1.1379
 418.000       0.8895
 419.000       0.9566
 420.000       1.1874
 421.000       0.9698
 422.000       1.0562
 423.000       1.8154
 424.000       1.0328
 425.000       1.2428
 426.000       1.1852
 427.000       1.4970
 428.000       1.0088
 429.000       2.0107
 430.000       1.1794
 431.000       1.1948
 432.000       1.0318
 433.000       1.5818
 434.000       0.9642
 435.000       0.8388
 436.000       1.2334
 437.000       0.9200
 438.000       1.1095
 439.000       1.0317
 440.000       2.5131
 441.000       1.5752
 442.000       1.7564
 443.000       1.1247
 444.000       1.1551
 445.000       0.9380
 446.000       1.4952
 447.000       0.8249
 448.000       0.7527
 449.000       1.1306
 450.000       0.9273
 451.000       0.8218
 452.000       1.2954
 453.000       1.5970
 454.000       1.1481
 455.000       1.1892
 456.000       1.2725
 457.000       1.9582
 458.000       1.9124
 459.000       0.9317
 460.000       1.1256
 461.000       1.2425
 462.000       1.5174
 463.000       0.8178
 464.000       1.0607
 465.000       1.2680
 466.000       1.1684
 467.000       0.7226
 468.000       1.4612
 469.000       1.5577
 470.000       1.1283
 471.000       0.8894
 472.000       0.9804
 473.000       1.3631
 474.000       1.2709
 475.000       0.8503
 476.000       1.2668
 477.000       1.6381
 478.000       0.8689
 479.000       1.0596
 480.000       1.1747
 481.000       1.0484
 482.000       1.0268
 483.000       1.3487
 484.000       1.3810
 485.000       1.1572
 486.000       1.6095
 487.000       2.6337
 488.000       1.4336
 489.000       1.2604
 490.000       1.8579
 491.000       1.4367
 492.000       1.7180
 493.000       2.0323
 494.000       1.5433
 495.000       2.0225
 496.000       1.3352
 497.000       1.1592
 498.000       1.5415
 499.000       1.2888
 500.000       0.9846
 501.000       1.5040
 502.000       1.2194
 503.000       1.3948
 504.000       0.8560
 505.000       1.4351
 506.000       1.7656
 507.000       1.7550
 508.000       1.0144
 509.000       1.8173
 510.000       2.2084
 511.000       1.6329
 512.000       2.0039
 513.000       2.3021
 514.000       2.0661
 515.000       1.0787
 516.000       1.8699
 517.000       2.6322
 518.000       2.0330
 519.000       1.4244
 520.000       2.1169
 521.000       2.5965
 522.000       1.8879
 523.000       2.1034
 524.000       2.5556
 525.000       2.3341
 526.000       1.8399
 527.000       2.0959
 528.000       2.2843
 529.000       2.3893
 530.000       2.7676
 531.000       2.9786
 532.000       2.0437
 533.000       1.9559
 534.000       2.0094
 535.000       1.5795
 536.000       1.7967
 537.000       1.3850
 538.000       1.8777
 539.000       1.4398
 540.000       1.7378
 541.000       2.1727
 542.000       4.3448
 543.000       5.1226
 544.000       7.1886
 545.000       4.4828
 546.000       4.3635
 547.000       0.8034
 548.000       0.7898
 549.000      47.4677
 550.000      50.5146
 551.000      51.9722
 552.000      51.1927
 553.000      50.2118
 554.000      52.7390
 555.000      51.3132
 556.000      52.0072
 557.000      48.7606
 558.000      49.8255
 559.000      52.2914
 560.000      50.5960
 561.000      52.3109
 562.000      50.1413
 563.000      50.7305
 564.000      53.0038
 565.000      53.0922
 566.000      50.3880
 567.000      49.9173
 568.000      50.1643
 569.000      52.1500
 570.000      52.1266
 571.000      50.8875
 572.000      51.7991
 573.000      52.8920
 574.000      51.8135
 575.000      51.0627
 576.000      51.7810
 577.000      50.2252
 578.000      50.6709
 579.000      49.8823
 580.000      50.2940
 581.000      52.5018
 582.000      50.7747
 583.000      51.7154
 584.000      52.1271
 585.000      51.4904
 586.000      51.0548
 587.000      51.4189
 588.000      50.7031
 589.000      50.0601
 590.000      51.3014
 591.000      51.5261
 592.000      50.0912
 593.000      51.6358
 594.000      51.5333
 595.000      51.6339
 596.000      50.9489
 597.000      50.4739
 598.000      53.1833
 599.000      52.7476
 600.000      52.9598
 601.000      52.7896
 602.000      52.5649
 603.000      53.0273
 604.000      53.2582
 605.000      53.0450
 606.000      53.9928
 607.000      53.2375
 608.000      52.8676
 609.000      53.4953
 610.000      53.6863
 611.000      53.4912
 612.000      53.2450
 613.000      53.7022
 614.000      53.4468
 615.000      52.9709
 616.000      52.6908
 617.000      53.1022
 618.000      53.0225
 619.000      53.8041
 620.000      53.0258
 621.000      53.3508
 622.000      53.8634
 623.000      53.5671
 624.000      53.0690
 625.000      53.9909
 626.000      52.9805
 627.000      53.3837
 628.000      53.3220
 629.000      53.4227
 630.000      52.8995
 631.000      53.4301
 632.000      53.3007
 633.000      53.4267
 634.000      52.8259
 635.000      53.0854
 636.000      52.8919
 637.000      53.4745
 638.000      53.2508
 639.000      53.4839
 640.000      52.6092
 641.000      52.9989
 642.000      52.5259
