#Res        AtomicFlx
   1.000       5.2057
   2.000       3.1805
   3.000       2.4212
   4.000       2.1304
   5.000       1.5603
   6.000       1.2847
   7.000       1.6637
   8.000       1.9107
   9.000       1.2641
  10.000       1.7700
  11.000       1.6494
  12.000       1.1047
  13.000       1.2853
  14.000       1.4134
  15.000       1.0661
  16.000       0.8661
  17.000       1.0021
  18.000       0.7813
  19.000       0.7402
  20.000       0.7394
  21.000       0.8994
  22.000       0.7068
  23.000       0.8893
  24.000       0.7349
  25.000       0.6556
  26.000       1.0970
  27.000       0.9258
  28.000       0.8644
  29.000       0.6729
  30.000       0.7313
  31.000       0.9441
  32.000       0.8165
  33.000       0.8935
  34.000       1.4357
  35.000       1.4142
  36.000       0.8897
  37.000       1.0450
  38.000       0.8456
  39.000       0.8741
  40.000       0.9239
  41.000       0.7447
  42.000       1.0027
  43.000       1.0028
  44.000       0.8484
  45.000       0.7344
  46.000       1.2842
  47.000       1.2793
  48.000       1.1460
  49.000       1.1183
  50.000       1.1349
  51.000       1.2478
  52.000       0.7577
  53.000       0.5961
  54.000       1.0535
  55.000       0.5883
  56.000       0.7598
  57.000       0.8319
  58.000       0.9298
  59.000       0.8343
  60.000       0.7787
  61.000       1.0201
  62.000       0.7219
  63.000       0.9707
  64.000       0.6716
  65.000       0.8185
  66.000       0.9753
  67.000       0.8939
  68.000       1.2646
  69.000       0.9919
  70.000       0.7726
  71.000       0.9826
  72.000       0.9399
  73.000       0.7689
  74.000       0.8229
  75.000       1.1771
  76.000       2.0027
  77.000       2.0800
  78.000       1.3018
  79.000       1.3905
  80.000       1.3855
  81.000       0.9511
  82.000       1.5878
  83.000       0.6888
  84.000       0.7855
  85.000       0.6314
  86.000       1.0065
  87.000       0.7303
  88.000       0.8297
  89.000       0.7231
  90.000       1.0557
  91.000       0.9829
  92.000       0.6227
  93.000       0.9803
  94.000       1.2298
  95.000       0.8582
  96.000       0.7690
  97.000       1.3053
  98.000       0.8489
  99.000       1.0775
 100.000       0.6942
 101.000       1.0077
 102.000       0.9508
 103.000       0.8755
 104.000       0.7023
 105.000       0.7083
 106.000       0.7483
 107.000       1.0429
 108.000       0.9141
 109.000       0.9612
 110.000       0.9040
 111.000       1.3427
 112.000       1.0833
 113.000       0.9690
 114.000       1.5513
 115.000       1.5841
 116.000       2.2136
 117.000       2.4429
 118.000       1.3212
 119.000       1.1079
 120.000       1.3041
 121.000       1.6109
 122.000       2.1663
 123.000       1.5253
 124.000       1.7578
 125.000       1.5408
 126.000       1.7937
 127.000       1.6024
 128.000       1.3433
 129.000       2.2428
 130.000       2.6964
 131.000       3.4499
 132.000       2.3186
 133.000       3.2014
 134.000       4.6499
 135.000       4.6833
 136.000       5.4993
 137.000       6.7155
 138.000       7.4754
 139.000       9.4048
 140.000       8.9670
 141.000      10.5814
 142.000      11.8306
 143.000      13.9119
 144.000      12.5419
 145.000      11.4825
 146.000      10.1536
 147.000       9.7283
 148.000       7.5763
 149.000       7.2181
 150.000       5.5009
 151.000       5.4418
 152.000       2.9564
 153.000       2.2765
 154.000       1.4439
 155.000       1.1353
 156.000       0.9554
 157.000       0.9616
 158.000       1.2718
 159.000       0.9640
 160.000       0.8142
 161.000       1.2572
 162.000       1.7421
 163.000       1.0060
 164.000       0.9067
 165.000       0.9731
 166.000       1.5927
 167.000       1.2283
 168.000       2.2106
 169.000       1.8961
 170.000       1.4530
 171.000       2.4522
 172.000       1.2553
 173.000       1.3685
 174.000       1.5736
 175.000       1.5142
 176.000       1.1390
 177.000       0.9751
 178.000       1.1479
 179.000       0.8804
 180.000       1.0825
 181.000       1.5061
 182.000       1.5605
 183.000       1.1789
 184.000       0.8034
 185.000       0.7751
 186.000       0.7069
 187.000       0.7763
 188.000       0.8308
 189.000       1.1842
 190.000       0.8280
 191.000       0.8493
 192.000       0.9588
 193.000       1.1712
 194.000       0.9624
 195.000       1.3280
 196.000       1.9714
 197.000       1.0237
 198.000       1.3538
 199.000       1.6366
 200.000       1.8901
 201.000       1.6699
 202.000       2.5896
 203.000       3.2964
 204.000       3.0280
 205.000       2.9750
 206.000       1.8959
 207.000       2.4949
 208.000       1.7533
 209.000       1.5849
 210.000       1.8337
 211.000       1.5097
 212.000       1.2921
 213.000       1.0381
 214.000       1.1284
 215.000       1.5027
 216.000       0.8092
 217.000       1.0503
 218.000       1.0059
 219.000       0.8564
 220.000       1.1068
 221.000       0.9408
 222.000       0.9158
 223.000       0.9642
 224.000       1.1979
 225.000       1.4357
 226.000       1.0576
 227.000       1.0045
 228.000       1.4228
 229.000       1.2096
 230.000       1.2301
 231.000       1.3500
 232.000       1.1196
 233.000       1.0434
 234.000       1.2713
 235.000       1.2392
 236.000       0.8943
 237.000       1.1588
 238.000       1.6058
 239.000       1.0180
 240.000       0.8745
 241.000       1.1423
 242.000       1.1135
 243.000       1.3307
 244.000       1.6550
 245.000       2.2746
 246.000       2.8365
 247.000       1.6656
 248.000       1.5639
 249.000       1.8496
 250.000       1.6699
 251.000       1.2602
 252.000       1.1883
 253.000       1.0472
 254.000       1.0837
 255.000       1.0358
 256.000       0.8252
 257.000       0.7487
 258.000       0.7558
 259.000       0.8324
 260.000       0.6415
 261.000       0.7698
 262.000       0.8492
 263.000       1.0688
 264.000       0.6509
 265.000       0.9850
 266.000       0.7309
 267.000       0.9295
 268.000       0.5507
 269.000       0.8570
 270.000       0.5697
 271.000       0.6976
 272.000       0.8230
 273.000       0.7061
 274.000       0.6818
 275.000       0.9603
 276.000       0.6409
 277.000       0.7630
 278.000       1.0673
 279.000       0.9776
 280.000       1.6527
 281.000       1.2389
 282.000       1.1688
 283.000       1.4664
 284.000       1.3783
 285.000       1.0085
 286.000       1.0471
 287.000       1.3890
 288.000       0.9029
 289.000       0.6817
 290.000       1.0792
 291.000       0.8679
 292.000       0.8034
 293.000       0.8226
 294.000       0.7241
 295.000       0.8928
 296.000       0.6867
 297.000       0.8871
 298.000       1.0696
 299.000       0.6638
 300.000       0.6310
 301.000       1.1767
 302.000       0.8014
 303.000       0.6762
 304.000       0.7234
 305.000       1.4361
 306.000       0.9380
 307.000       0.8440
 308.000       1.1448
 309.000       0.9185
 310.000       1.2483
 311.000       1.3049
 312.000       1.0284
 313.000       1.2688
 314.000       1.5780
 315.000       1.3746
 316.000       2.0576
 317.000       2.3738
 318.000       2.6739
 319.000       2.6605
 320.000       2.8506
 321.000       2.8760
 322.000       2.7624
 323.000       2.2794
 324.000       2.1435
 325.000       2.0010
 326.000       1.3937
 327.000       1.8310
 328.000       1.5644
 329.000       0.9016
 330.000       0.8732
 331.000       0.7811
 332.000       0.9731
 333.000       1.1474
 334.000       0.7747
 335.000       0.8595
 336.000       0.9905
 337.000       1.4411
 338.000       1.0153
 339.000       1.3155
 340.000       0.9748
 341.000       1.3661
 342.000       1.4454
 343.000       1.6456
 344.000       1.3247
 345.000       1.1246
 346.000       1.1929
 347.000       1.0570
 348.000       0.9929
 349.000       0.9304
 350.000       0.9341
 351.000       0.8307
 352.000       0.8930
 353.000       1.0428
 354.000       0.8437
 355.000       0.7147
 356.000       0.9669
 357.000       0.8410
 358.000       0.8494
 359.000       1.0087
 360.000       0.9881
 361.000       0.8170
 362.000       0.6571
 363.000       1.0960
 364.000       0.9918
 365.000       0.8033
 366.000       0.7648
 367.000       1.3066
 368.000       0.8308
 369.000       0.8572
 370.000       1.1412
 371.000       1.0182
 372.000       0.7350
 373.000       0.8435
 374.000       0.8937
 375.000       1.2150
 376.000       0.9347
 377.000       0.9245
 378.000       1.0028
 379.000       1.2423
 380.000       1.2000
 381.000       1.2113
 382.000       1.8194
 383.000       1.5245
 384.000       1.1091
 385.000       1.5929
 386.000       2.7728
 387.000       1.7049
 388.000       2.0957
 389.000       1.5773
 390.000       1.5241
 391.000       0.8855
 392.000       0.8851
 393.000       1.2159
 394.000       1.2998
 395.000       0.8089
 396.000       1.0333
 397.000       1.2645
 398.000       0.8018
 399.000       0.9916
 400.000       0.9695
 401.000       1.1626
 402.000       0.9747
 403.000       0.7006
 404.000       1.1293
 405.000       1.2234
 406.000       0.9057
 407.000       0.9988
 408.000       0.8235
 409.000       1.0086
 410.000       0.8023
 411.000       0.7315
 412.000       0.8339
 413.000       0.8584
 414.000       0.8244
 415.000       0.7293
 416.000       0.7465
 417.000       1.1319
 418.000       0.9574
 419.000       0.8692
 420.000       1.4745
 421.000       0.8423
 422.000       0.8403
 423.000       0.8493
 424.000       0.7295
 425.000       1.0058
 426.000       0.7658
 427.000       1.1439
 428.000       0.9365
 429.000       1.0951
 430.000       0.6756
 431.000       0.9650
 432.000       0.7413
 433.000       1.0778
 434.000       0.7537
 435.000       0.6554
 436.000       0.9157
 437.000       0.6241
 438.000       0.9617
 439.000       0.9008
 440.000       1.6709
 441.000       1.2614
 442.000       1.3314
 443.000       0.7872
 444.000       0.9393
 445.000       0.7803
 446.000       1.2648
 447.000       0.7264
 448.000       0.7476
 449.000       1.0179
 450.000       0.7846
 451.000       0.8760
 452.000       1.2428
 453.000       1.3863
 454.000       1.1527
 455.000       1.6511
 456.000       1.5663
 457.000       2.2324
 458.000       1.8334
 459.000       0.9720
 460.000       1.2010
 461.000       1.2765
 462.000       1.2336
 463.000       0.9278
 464.000       1.1395
 465.000       1.1853
 466.000       0.7139
 467.000       0.6796
 468.000       1.2484
 469.000       1.3569
 470.000       0.9407
 471.000       0.8869
 472.000       0.7518
 473.000       1.1325
 474.000       1.2909
 475.000       1.0322
 476.000       1.0105
 477.000       1.5786
 478.000       0.8985
 479.000       1.0368
 480.000       0.9388
 481.000       0.9822
 482.000       0.9381
 483.000       1.1091
 484.000       1.2586
 485.000       1.0912
 486.000       1.2890
 487.000       2.6560
 488.000       1.2971
 489.000       1.2059
 490.000       1.8201
 491.000       1.3034
 492.000       1.6992
 493.000       1.6602
 494.000       1.2123
 495.000       1.5748
 496.000       1.4366
 497.000       1.3268
 498.000       1.5759
 499.000       1.3181
 500.000       1.1324
 501.000       1.2484
 502.000       1.0444
 503.000       1.2780
 504.000       0.9863
 505.000       1.2480
 506.000       1.2174
 507.000       1.4687
 508.000       1.1021
 509.000       1.3115
 510.000       1.4654
 511.000       1.3419
 512.000       1.3227
 513.000       1.3044
 514.000       1.3469
 515.000       0.8875
 516.000       1.0393
 517.000       1.4649
 518.000       1.5364
 519.000       1.0868
 520.000       1.3093
 521.000       1.8035
 522.000       1.8018
 523.000       1.7205
 524.000       1.9323
 525.000       2.0398
 526.000       1.7904
 527.000       2.1776
 528.000       2.1993
 529.000       2.2016
 530.000       2.2726
 531.000       2.9750
 532.000       2.1785
 533.000       1.8084
 534.000       1.9257
 535.000       1.7683
 536.000       1.9800
 537.000       1.4752
 538.000       1.8511
 539.000       1.5480
 540.000       1.6128
 541.000       2.0015
 542.000       4.3652
 543.000       4.6293
 544.000       6.2266
 545.000       4.8685
 546.000       5.8735
 547.000       0.8948
 548.000       1.8789
 549.000       0.6098
 550.000      51.6236
 551.000      53.3249
 552.000      49.3372
 553.000      51.1818
 554.000      51.1402
 555.000      51.0015
 556.000      51.5610
 557.000      50.7833
 558.000      52.9899
 559.000      51.9033
 560.000      51.3662
 561.000      50.8427
 562.000      51.3638
 563.000      51.2522
 564.000      53.2841
 565.000      51.9033
 566.000      53.1125
 567.000      52.0957
 568.000      51.1632
 569.000      50.7366
 570.000      51.6395
 571.000      51.6983
 572.000      52.1278
 573.000      51.4255
 574.000      50.8796
 575.000      51.7016
 576.000      50.7191
 577.000      50.1055
 578.000      51.4853
 579.000      46.8070
 580.000      51.5991
 581.000      51.0909
 582.000      51.3615
 583.000      52.6762
 584.000      50.5167
 585.000      51.3406
 586.000      46.6116
 587.000      51.6465
 588.000      52.4362
 589.000      51.0106
 590.000      52.7676
 591.000      51.0081
 592.000      52.4442
 593.000      52.1520
 594.000      52.1258
 595.000      52.6784
 596.000      52.0922
 597.000       0.6522
 598.000      53.7415
 599.000      53.2348
 600.000      52.6191
 601.000      52.9027
 602.000      54.0161
 603.000      52.9038
 604.000      53.6283
 605.000      53.1134
 606.000      52.3129
 607.000      53.6340
 608.000      53.4589
 609.000      53.2256
 610.000      53.3327
 611.000      53.6875
 612.000      52.8178
 613.000      53.2127
 614.000      53.3191
 615.000      53.3595
 616.000      52.1470
 617.000      53.9124
 618.000      53.8166
 619.000      53.4556
 620.000      53.8760
 621.000      53.0253
 622.000      53.7438
 623.000      53.0953
 624.000      53.3621
 625.000      52.8803
 626.000      53.5449
 627.000      53.6377
 628.000      53.4039
 629.000      53.2963
 630.000      53.3284
 631.000      53.7512
 632.000      53.6463
 633.000      53.7379
 634.000      53.0671
 635.000      53.4236
 636.000      53.3762
 637.000      54.2898
 638.000      52.6216
 639.000      52.9918
 640.000      53.7087
 641.000      52.8379
 642.000      53.2429
