#Res        AtomicFlx
   1.000       6.0857
   2.000       3.9309
   3.000       3.2813
   4.000       2.3719
   5.000       1.5502
   6.000       1.2694
   7.000       1.6208
   8.000       1.7475
   9.000       1.5360
  10.000       1.3499
  11.000       1.2017
  12.000       0.7910
  13.000       1.1516
  14.000       1.0352
  15.000       0.7544
  16.000       0.8652
  17.000       1.0175
  18.000       0.7101
  19.000       0.7260
  20.000       0.8255
  21.000       0.8911
  22.000       1.0621
  23.000       1.1295
  24.000       0.9317
  25.000       1.3200
  26.000       1.3794
  27.000       1.0920
  28.000       1.1765
  29.000       1.0088
  30.000       1.1189
  31.000       1.9501
  32.000       1.2733
  33.000       1.3619
  34.000       2.5004
  35.000       1.8702
  36.000       1.3656
  37.000       1.7030
  38.000       1.3772
  39.000       1.3736
  40.000       1.3996
  41.000       1.1173
  42.000       1.2838
  43.000       1.2157
  44.000       1.0092
  45.000       0.9717
  46.000       1.3361
  47.000       1.3206
  48.000       1.0356
  49.000       0.9834
  50.000       1.1978
  51.000       1.4250
  52.000       0.9060
  53.000       0.7426
  54.000       1.4254
  55.000       0.7492
  56.000       1.0086
  57.000       0.9473
  58.000       1.0081
  59.000       0.9487
  60.000       0.8117
  61.000       1.0569
  62.000       0.7900
  63.000       0.9907
  64.000       0.6084
  65.000       0.7966
  66.000       1.0510
  67.000       1.0866
  68.000       1.6543
  69.000       0.9551
  70.000       0.6600
  71.000       0.7221
  72.000       0.7921
  73.000       0.6793
  74.000       0.7813
  75.000       0.7895
  76.000       1.4277
  77.000       1.5617
  78.000       1.2451
  79.000       1.0350
  80.000       1.2405
  81.000       1.0736
  82.000       0.9319
  83.000       0.6445
  84.000       0.7638
  85.000       0.6280
  86.000       1.0060
  87.000       0.7400
  88.000       0.7198
  89.000       1.0518
  90.000       0.9448
  91.000       0.7591
  92.000       0.6304
  93.000       1.1076
  94.000       1.2159
  95.000       0.8787
  96.000       0.7660
  97.000       1.2154
  98.000       0.8063
  99.000       1.2285
 100.000       0.9087
 101.000       1.0221
 102.000       0.8763
 103.000       0.9850
 104.000       0.8465
 105.000       0.8124
 106.000       0.8550
 107.000       1.1567
 108.000       1.1218
 109.000       1.0886
 110.000       1.0077
 111.000       1.6665
 112.000       1.1208
 113.000       1.0569
 114.000       1.6086
 115.000       1.4684
 116.000       2.0473
 117.000       2.0807
 118.000       1.3855
 119.000       1.4093
 120.000       1.2610
 121.000       2.1041
 122.000       2.0250
 123.000       1.7749
 124.000       2.1168
 125.000       2.1591
 126.000       2.5801
 127.000       2.5706
 128.000       1.9371
 129.000       2.3124
 130.000       2.8053
 131.000       4.0651
 132.000       2.8292
 133.000       3.5018
 134.000       4.6764
 135.000       4.8040
 136.000       7.1449
 137.000       8.2039
 138.000       9.4932
 139.000      11.9148
 140.000      13.5942
 141.000      15.0052
 142.000      16.1903
 143.000      17.7726
 144.000      15.9632
 145.000      16.4320
 146.000      14.1333
 147.000      11.8760
 148.000      10.2933
 149.000       8.9571
 150.000       6.4366
 151.000       4.5653
 152.000       2.8661
 153.000       2.2523
 154.000       1.5415
 155.000       1.4392
 156.000       1.2225
 157.000       1.2150
 158.000       1.4315
 159.000       1.1790
 160.000       1.0139
 161.000       1.4537
 162.000       2.0446
 163.000       1.3462
 164.000       1.1113
 165.000       1.0836
 166.000       1.7731
 167.000       1.6150
 168.000       2.6958
 169.000       4.1879
 170.000       3.5287
 171.000       2.6001
 172.000       1.4628
 173.000       1.3542
 174.000       1.6343
 175.000       1.6930
 176.000       1.1893
 177.000       1.0787
 178.000       1.2542
 179.000       1.0350
 180.000       1.4087
 181.000       2.2980
 182.000       1.7613
 183.000       1.1939
 184.000       0.8775
 185.000       0.9107
 186.000       0.8778
 187.000       0.8969
 188.000       0.9132
 189.000       1.2394
 190.000       0.9566
 191.000       0.8738
 192.000       1.0537
 193.000       1.0656
 194.000       0.9948
 195.000       1.1651
 196.000       1.4547
 197.000       0.9182
 198.000       1.2010
 199.000       1.4373
 200.000       2.1704
 201.000       1.2392
 202.000       1.5739
 203.000       2.4694
 204.000       2.0342
 205.000       2.1273
 206.000       2.3058
 207.000       2.6857
 208.000       2.1467
 209.000       2.0000
 210.000       2.2206
 211.000       2.0387
 212.000       2.0147
 213.000       1.6643
 214.000       1.3530
 215.000       1.5657
 216.000       0.9478
 217.000       1.2816
 218.000       1.1169
 219.000       1.0740
 220.000       1.1198
 221.000       1.0221
 222.000       1.0141
 223.000       1.1413
 224.000       1.2402
 225.000       1.4126
 226.000       1.1476
 227.000       1.0949
 228.000       1.4940
 229.000       1.3131
 230.000       1.2661
 231.000       1.2957
 232.000       1.1521
 233.000       1.1528
 234.000       1.5511
 235.000       1.4276
 236.000       1.0494
 237.000       1.2623
 238.000       1.9185
 239.000       1.2011
 240.000       0.9827
 241.000       1.3074
 242.000       1.3876
 243.000       1.5255
 244.000       1.9103
 245.000       2.4538
 246.000       2.8882
 247.000       2.0479
 248.000       1.8659
 249.000       1.9125
 250.000       2.0797
 251.000       1.5437
 252.000       1.5708
 253.000       1.3700
 254.000       1.1858
 255.000       1.4211
 256.000       1.1838
 257.000       0.9358
 258.000       0.9133
 259.000       1.0856
 260.000       1.1727
 261.000       0.8640
 262.000       0.9849
 263.000       1.1159
 264.000       1.0091
 265.000       0.9656
 266.000       0.6613
 267.000       0.9173
 268.000       0.5398
 269.000       0.6127
 270.000       0.5023
 271.000       0.6068
 272.000       0.7203
 273.000       0.6533
 274.000       0.6401
 275.000       0.9492
 276.000       0.6067
 277.000       0.7589
 278.000       0.9871
 279.000       0.9795
 280.000       1.6050
 281.000       1.2170
 282.000       1.3035
 283.000       1.4986
 284.000       1.4292
 285.000       1.2003
 286.000       1.2066
 287.000       1.7099
 288.000       1.0465
 289.000       0.8549
 290.000       1.1630
 291.000       0.9406
 292.000       0.9013
 293.000       0.9093
 294.000       0.7594
 295.000       0.9675
 296.000       0.8487
 297.000       0.9424
 298.000       1.0706
 299.000       0.8301
 300.000       0.8691
 301.000       1.1410
 302.000       0.8722
 303.000       0.9665
 304.000       1.0002
 305.000       1.4767
 306.000       1.0914
 307.000       0.9830
 308.000       1.0657
 309.000       1.0682
 310.000       1.2661
 311.000       1.1126
 312.000       1.0309
 313.000       1.1619
 314.000       1.2334
 315.000       1.1924
 316.000       1.8805
 317.000       1.7462
 318.000       1.6548
 319.000       1.6248
 320.000       1.6713
 321.000       1.4075
 322.000       1.5719
 323.000       1.4479
 324.000       1.6272
 325.000       1.4392
 326.000       1.3939
 327.000       1.6629
 328.000       1.7758
 329.000       1.3473
 330.000       1.0643
 331.000       0.9647
 332.000       1.2059
 333.000       1.1892
 334.000       0.8919
 335.000       1.0330
 336.000       1.3458
 337.000       1.4309
 338.000       1.1867
 339.000       1.3357
 340.000       1.1403
 341.000       1.3666
 342.000       1.2615
 343.000       1.4726
 344.000       1.3123
 345.000       1.3662
 346.000       1.4451
 347.000       1.1120
 348.000       1.2329
 349.000       1.0963
 350.000       1.0303
 351.000       0.9790
 352.000       1.0042
 353.000       1.2383
 354.000       0.9214
 355.000       0.8946
 356.000       1.1809
 357.000       1.0441
 358.000       1.1054
 359.000       1.2517
 360.000       1.1258
 361.000       0.9437
 362.000       0.8269
 363.000       1.0926
 364.000       1.0677
 365.000       0.7047
 366.000       0.7219
 367.000       1.1274
 368.000       0.5953
 369.000       0.5894
 370.000       0.8739
 371.000       1.0141
 372.000       0.6798
 373.000       0.6852
 374.000       0.9437
 375.000       1.1319
 376.000       0.8710
 377.000       0.9953
 378.000       1.1767
 379.000       1.5656
 380.000       1.4135
 381.000       1.5291
 382.000       2.0835
 383.000       2.1691
 384.000       1.4165
 385.000       1.8693
 386.000       2.7496
 387.000       1.4879
 388.000       1.4654
 389.000       1.4178
 390.000       1.4209
 391.000       0.8824
 392.000       0.8390
 393.000       1.0673
 394.000       1.9177
 395.000       1.1534
 396.000       1.0533
 397.000       1.2059
 398.000       0.8075
 399.000       0.9281
 400.000       0.8701
 401.000       1.1459
 402.000       0.9436
 403.000       0.7761
 404.000       1.1642
 405.000       1.2753
 406.000       0.8746
 407.000       0.9105
 408.000       0.9132
 409.000       1.1612
 410.000       0.9223
 411.000       0.8145
 412.000       0.9929
 413.000       1.2432
 414.000       0.8815
 415.000       0.8174
 416.000       0.9179
 417.000       1.0491
 418.000       0.8229
 419.000       0.9129
 420.000       1.4206
 421.000       1.0178
 422.000       0.7728
 423.000       0.8248
 424.000       0.6904
 425.000       0.9030
 426.000       0.7576
 427.000       0.8362
 428.000       0.8098
 429.000       1.0288
 430.000       0.6219
 431.000       0.8990
 432.000       0.7216
 433.000       0.9590
 434.000       0.8128
 435.000       0.6666
 436.000       1.0010
 437.000       0.6851
 438.000       0.8713
 439.000       0.9131
 440.000       1.3343
 441.000       1.4241
 442.000       1.3645
 443.000       0.8508
 444.000       0.9480
 445.000       0.8383
 446.000       1.2492
 447.000       1.0384
 448.000       0.9578
 449.000       1.0787
 450.000       0.8357
 451.000       0.8617
 452.000       1.1838
 453.000       1.5087
 454.000       0.9782
 455.000       1.0829
 456.000       1.1784
 457.000       1.8583
 458.000       1.8186
 459.000       1.0087
 460.000       1.1193
 461.000       1.1592
 462.000       1.6275
 463.000       1.2056
 464.000       0.9306
 465.000       1.2455
 466.000       0.9194
 467.000       0.7617
 468.000       1.3564
 469.000       1.3866
 470.000       0.9468
 471.000       0.9109
 472.000       0.8299
 473.000       1.1204
 474.000       0.8849
 475.000       0.7743
 476.000       1.0773
 477.000       1.5387
 478.000       1.0361
 479.000       0.9049
 480.000       1.0665
 481.000       1.1321
 482.000       1.1435
 483.000       1.3200
 484.000       1.4648
 485.000       1.2998
 486.000       1.3263
 487.000       2.6702
 488.000       1.4434
 489.000       1.4139
 490.000       1.8997
 491.000       1.5021
 492.000       1.8655
 493.000       1.9788
 494.000       1.5547
 495.000       1.6704
 496.000       1.5357
 497.000       1.4485
 498.000       1.7425
 499.000       1.5650
 500.000       1.1680
 501.000       1.4154
 502.000       1.2317
 503.000       1.2671
 504.000       0.8300
 505.000       1.1382
 506.000       1.1966
 507.000       1.0823
 508.000       0.9399
 509.000       1.3636
 510.000       1.2372
 511.000       1.2615
 512.000       1.3744
 513.000       1.1634
 514.000       1.2356
 515.000       0.9042
 516.000       0.9809
 517.000       1.4202
 518.000       1.2110
 519.000       0.9825
 520.000       1.1809
 521.000       1.5054
 522.000       1.3537
 523.000       1.7555
 524.000       1.7106
 525.000       1.8656
 526.000       2.0460
 527.000       2.3829
 528.000       2.3275
 529.000       2.3919
 530.000       2.7151
 531.000       3.1255
 532.000       2.1950
 533.000       1.7843
 534.000       1.9305
 535.000       1.6281
 536.000       1.5399
 537.000       1.2499
 538.000       1.7429
 539.000       1.3229
 540.000       1.3365
 541.000       1.5385
 542.000       4.1272
 543.000       5.2994
 544.000       8.6526
 545.000       4.4811
 546.000       6.8588
 547.000       1.0371
 548.000       0.8734
 549.000      20.8782
 550.000      51.7193
 551.000      52.5234
 552.000      50.5439
 553.000      51.9480
 554.000      52.1098
 555.000      47.3261
 556.000      51.8490
 557.000      51.0997
 558.000      51.7713
 559.000      50.3105
 560.000      52.3246
 561.000      52.9276
 562.000      50.7208
 563.000      51.6992
 564.000      50.6442
 565.000      50.3569
 566.000      50.3525
 567.000      51.4217
 568.000      51.7094
 569.000      50.3083
 570.000      51.9575
 571.000      51.8000
 572.000      50.9917
 573.000      52.2698
 574.000      50.7472
 575.000      53.2872
 576.000      51.0098
 577.000      51.4282
 578.000      51.6049
 579.000      50.5697
 580.000      51.9139
 581.000      51.8592
 582.000      51.8413
 583.000      51.9161
 584.000      51.7504
 585.000      51.9405
 586.000      51.8102
 587.000      51.9214
 588.000      52.4887
 589.000      48.9391
 590.000      51.7805
 591.000      52.2194
 592.000      51.8632
 593.000      51.9676
 594.000      52.8494
 595.000      51.6754
 596.000      51.6486
 597.000      20.2779
 598.000      53.1558
 599.000      53.1898
 600.000      53.5047
 601.000      53.6581
 602.000      53.3780
 603.000      53.2472
 604.000      53.0591
 605.000      53.3240
 606.000      53.9645
 607.000      53.1849
 608.000      53.3925
 609.000      52.7568
 610.000      53.3303
 611.000      53.7271
 612.000      53.4055
 613.000      52.6658
 614.000      53.9053
 615.000      53.5826
 616.000      53.5856
 617.000      53.3420
 618.000      53.2558
 619.000      53.3825
 620.000      53.0477
 621.000      52.8506
 622.000      53.3526
 623.000      53.4806
 624.000      53.6928
 625.000      53.1234
 626.000      53.6695
 627.000      53.3624
 628.000      53.3482
 629.000      53.6105
 630.000      53.6041
 631.000      52.3959
 632.000      53.5190
 633.000      53.5157
 634.000      53.6664
 635.000      54.2337
 636.000      53.1739
 637.000      52.5386
 638.000      53.7765
 639.000      53.4895
 640.000      53.8083
 641.000      53.2247
 642.000      53.7853
