#Res        AtomicFlx
   1.000       6.0598
   2.000       4.2047
   3.000       4.6795
   4.000       3.6299
   5.000       2.6298
   6.000       2.6035
   7.000       2.5189
   8.000       2.3328
   9.000       2.3028
  10.000       2.1205
  11.000       1.5493
  12.000       1.6770
  13.000       1.6166
  14.000       1.3823
  15.000       1.1211
  16.000       1.0673
  17.000       2.7076
  18.000       1.2688
  19.000       1.0417
  20.000       1.0198
  21.000       1.3390
  22.000       1.0790
  23.000       0.8150
  24.000       1.1726
  25.000       1.6167
  26.000       1.6804
  27.000       0.7627
  28.000       0.9717
  29.000       2.0475
  30.000       1.2335
  31.000       1.2309
  32.000       2.6860
  33.000       2.4162
  34.000       1.0247
  35.000       1.2572
  36.000       1.1305
  37.000       1.1759
  38.000       1.2831
  39.000       0.9829
  40.000       1.2228
  41.000       1.4089
  42.000       0.8213
  43.000       0.7249
  44.000       1.8625
  45.000       1.0188
  46.000       0.7814
  47.000       0.8772
  48.000       1.5039
  49.000       2.0916
  50.000       1.4960
  51.000       0.7572
  52.000       0.8476
  53.000       0.9890
  54.000       1.2987
  55.000       1.0628
  56.000       0.9199
  57.000       1.3010
  58.000       1.3256
  59.000       1.1685
  60.000       0.7712
  61.000       1.2039
  62.000       0.9477
  63.000       0.9228
  64.000       1.8809
  65.000       1.3492
  66.000       1.3288
  67.000       1.4072
  68.000       0.9207
  69.000       1.0285
  70.000       1.2646
  71.000       1.2570
  72.000       1.2482
  73.000       1.5702
  74.000       2.9324
  75.000       3.2376
  76.000       1.4833
  77.000       1.3226
  78.000       1.4230
  79.000       1.3883
  80.000       1.1677
  81.000       0.7239
  82.000       0.8059
  83.000       0.6610
  84.000       1.0836
  85.000       0.6367
  86.000       1.0862
  87.000       0.9523
  88.000       0.8420
  89.000       1.0078
  90.000       0.6036
  91.000       0.7950
  92.000       1.1101
  93.000       1.2217
  94.000       0.7240
  95.000       1.0612
  96.000       1.1916
  97.000       1.2530
  98.000       1.1368
  99.000       0.9990
 100.000       0.8524
 101.000       0.8006
 102.000       0.9125
 103.000       0.8682
 104.000       0.6454
 105.000       0.9573
 106.000       1.0509
 107.000       0.8958
 108.000       0.7095
 109.000       1.0301
 110.000       0.7306
 111.000       0.7093
 112.000       1.0026
 113.000       0.9749
 114.000       1.7362
 115.000       1.1820
 116.000       0.8521
 117.000       0.8608
 118.000       0.8559
 119.000       0.9978
 120.000       2.1250
 121.000       1.6462
 122.000       2.9022
 123.000       2.7002
 124.000       2.4747
 125.000       4.1372
 126.000       2.1984
 127.000       2.7524
 128.000       3.2424
 129.000       3.6369
 130.000       2.5003
 131.000       3.0725
 132.000       3.1522
 133.000       3.5948
 134.000       4.1929
 135.000       4.4676
 136.000       5.2269
 137.000       5.5815
 138.000       4.3707
 139.000       5.5857
 140.000       5.9071
 141.000       5.2948
 142.000       4.7698
 143.000       4.8912
 144.000       6.1653
 145.000       4.0505
 146.000       2.8676
 147.000       2.3445
 148.000       3.2190
 149.000       2.1269
 150.000       2.4441
 151.000       2.5012
 152.000       2.4345
 153.000       2.1967
 154.000       2.9647
 155.000       3.3743
 156.000       4.1519
 157.000       3.8914
 158.000       5.0726
 159.000       4.1872
 160.000       3.6407
 161.000       3.0742
 162.000       2.8083
 163.000       2.0365
 164.000       0.9287
 165.000       0.9014
 166.000       0.8202
 167.000       1.1569
 168.000       1.2134
 169.000       0.8700
 170.000       0.9288
 171.000       1.7452
 172.000       1.2711
 173.000       1.1662
 174.000       1.1036
 175.000       1.2394
 176.000       1.5318
 177.000       0.9876
 178.000       0.9768
 179.000       1.4532
 180.000       1.4199
 181.000       1.0780
 182.000       1.2452
 183.000       2.0966
 184.000       2.6506
 185.000       1.1756
 186.000       1.4667
 187.000       1.1815
 188.000       0.9376
 189.000       1.2619
 190.000       0.8416
 191.000       0.8686
 192.000       0.8692
 193.000       0.6746
 194.000       0.6303
 195.000       0.7647
 196.000       0.6622
 197.000       0.8500
 198.000       0.7357
 199.000       0.6693
 200.000       1.0693
 201.000       0.9162
 202.000       0.7687
 203.000       0.9779
 204.000       1.1671
 205.000       1.2072
 206.000       1.0892
 207.000       1.1551
 208.000       1.6616
 209.000       1.0205
 210.000       1.5819
 211.000       1.9630
 212.000       0.9666
 213.000       0.9716
 214.000       1.0524
 215.000       1.8122
 216.000       0.9217
 217.000       0.8994
 218.000       1.5080
 219.000       1.0062
 220.000       0.9934
 221.000       1.0852
 222.000       0.9494
 223.000       1.2361
 224.000       0.7952
 225.000       0.6776
 226.000       0.8370
 227.000       0.8173
 228.000       0.8440
 229.000       0.7340
 230.000       1.0572
 231.000       0.8498
 232.000       1.1034
 233.000       0.9171
 234.000       0.8466
 235.000       0.7719
 236.000       1.2234
 237.000       1.1233
 238.000       1.0572
 239.000       1.3406
 240.000       0.8648
 241.000       0.8445
 242.000       1.7810
 243.000       1.2236
 244.000       0.7413
 245.000       0.9867
 246.000       1.3481
 247.000       2.3686
 248.000       0.8207
 249.000       1.0789
 250.000       1.0379
 251.000       1.1750
 252.000       1.6051
 253.000       2.0631
 254.000       1.9411
 255.000       1.4045
 256.000       1.6570
 257.000       1.9169
 258.000       1.4762
 259.000       1.0435
 260.000       1.6075
 261.000       0.9091
 262.000       0.8822
 263.000       0.7582
 264.000       1.0102
 265.000       0.7313
 266.000       0.7321
 267.000       0.8090
 268.000       0.7979
 269.000       0.8417
 270.000       0.7300
 271.000       1.0000
 272.000       0.7844
 273.000       1.0114
 274.000       0.8606
 275.000       1.4699
 276.000       1.0409
 277.000       1.9094
 278.000       0.6284
 279.000       0.6345
 280.000       1.1182
 281.000       0.8493
 282.000       0.7497
 283.000       1.2818
 284.000       0.8905
 285.000       0.9855
 286.000       1.2124
 287.000       1.1379
 288.000       1.6715
 289.000       1.6371
 290.000       1.7812
 291.000       1.6269
 292.000       1.2585
 293.000       1.3661
 294.000       1.3436
 295.000       2.0166
 296.000       1.0637
 297.000       0.7377
 298.000       0.7913
 299.000       1.0972
 300.000       0.9004
 301.000       0.6210
 302.000       1.1706
 303.000       0.6846
 304.000       0.7333
 305.000       0.9489
 306.000       0.7532
 307.000       0.7053
 308.000       0.6504
 309.000       0.8197
 310.000       0.9886
 311.000       0.7496
 312.000       0.6654
 313.000       1.0315
 314.000       0.7596
 315.000       0.7590
 316.000       0.9699
 317.000       0.6556
 318.000       0.9279
 319.000       1.1071
 320.000       0.7402
 321.000       0.8453
 322.000       1.1480
 323.000       0.9044
 324.000       1.1681
 325.000       1.5733
 326.000       1.4589
 327.000       1.1136
 328.000       1.2910
 329.000       1.3290
 330.000       1.0682
 331.000       1.0714
 332.000       2.1063
 333.000       1.1253
 334.000       1.0062
 335.000       1.4169
 336.000       2.4986
 337.000       1.4248
 338.000       1.2566
 339.000       0.8500
 340.000       1.1112
 341.000       0.9311
 342.000       0.9673
 343.000       0.8097
 344.000       0.7516
 345.000       0.6770
 346.000       0.7586
 347.000       0.9809
 348.000       0.7848
 349.000       0.9602
 350.000       0.9931
 351.000       1.2403
 352.000       1.1201
 353.000       1.0486
 354.000       1.3516
 355.000       0.8382
 356.000       0.8025
 357.000       1.3566
 358.000       0.8777
 359.000       0.8221
 360.000       1.0922
 361.000       1.0515
 362.000       0.6702
 363.000       0.6601
 364.000       0.9722
 365.000       0.8725
 366.000       1.0236
 367.000       0.7026
 368.000       0.8432
 369.000       1.1566
 370.000       0.7059
 371.000       1.0653
 372.000       0.6715
 373.000       0.9120
 374.000       0.7070
 375.000       0.9885
 376.000       0.7408
 377.000       0.8903
 378.000       0.8116
 379.000       0.9092
 380.000       0.7294
 381.000       0.9062
 382.000       0.8153
 383.000       0.9747
 384.000       0.8523
 385.000       0.9310
 386.000       0.9944
 387.000       1.2865
 388.000       1.2016
 389.000       1.2622
 390.000       1.3782
 391.000       2.2662
 392.000       2.2551
 393.000       1.9329
 394.000       1.2015
 395.000       1.5384
 396.000       1.6166
 397.000       1.2857
 398.000       1.3387
 399.000       1.0705
 400.000       1.7001
 401.000       0.8994
 402.000       0.7422
 403.000       0.9294
 404.000       0.7440
 405.000       0.8091
 406.000       0.7256
 407.000       0.8717
 408.000       0.8002
 409.000       0.6870
 410.000       1.0495
 411.000       1.1878
 412.000       1.1530
 413.000       0.7257
 414.000       1.0083
 415.000       0.8969
 416.000       0.9768
 417.000       0.9870
 418.000       0.9604
 419.000       1.3998
 420.000       0.9267
 421.000       0.8137
 422.000       1.2457
 423.000       1.1988
 424.000       0.8975
 425.000       1.0702
 426.000       1.1972
 427.000       1.0769
 428.000       1.1720
 429.000       1.1380
 430.000       1.4624
 431.000       1.0620
 432.000       0.9365
 433.000       1.2482
 434.000       0.9820
 435.000       1.6764
 436.000       0.7818
 437.000       0.9634
 438.000       0.8632
 439.000       1.0581
 440.000       1.0182
 441.000       0.8201
 442.000       0.8817
 443.000       1.0568
 444.000       1.2642
 445.000       1.0171
 446.000       1.2200
 447.000       1.0428
 448.000       1.1889
 449.000       1.1953
 450.000       2.0949
 451.000       1.5045
 452.000       2.4470
 453.000       1.5316
 454.000       2.0944
 455.000       2.6288
 456.000       2.0996
 457.000       1.3524
 458.000       1.5695
 459.000       1.7779
 460.000       1.7639
 461.000       1.5130
 462.000       1.8975
 463.000       2.5370
 464.000       2.0611
 465.000       2.1202
 466.000       2.3623
 467.000       2.8003
 468.000       2.0801
 469.000       1.9313
 470.000       1.6722
 471.000       1.8778
 472.000       1.8234
 473.000       1.5660
 474.000       1.9687
 475.000       1.3152
 476.000       1.1184
 477.000       1.5794
 478.000       1.6330
 479.000       1.6724
 480.000       1.0621
 481.000       1.2232
 482.000       1.2222
 483.000       1.2159
 484.000       1.3187
 485.000       1.1177
 486.000       2.0743
 487.000       1.9881
 488.000       0.8484
 489.000       0.9758
 490.000       1.0686
 491.000       1.0921
 492.000       0.9461
 493.000       1.0835
 494.000       1.3144
 495.000       1.3307
 496.000       1.1842
 497.000       1.9723
 498.000       1.3859
 499.000       1.3428
 500.000       1.4071
 501.000       1.7281
 502.000       2.1807
 503.000       2.4374
 504.000       1.2673
 505.000       1.7849
 506.000       1.3475
 507.000       1.1728
 508.000       1.1802
 509.000       1.1424
 510.000       1.0456
 511.000       1.1968
 512.000       1.0814
 513.000       1.1966
 514.000       0.9873
 515.000       1.6904
 516.000       1.2618
 517.000       1.3884
 518.000       1.1565
 519.000       1.5111
 520.000       1.0067
 521.000       0.9951
 522.000       1.2680
 523.000       1.3695
 524.000       0.9904
 525.000       1.1397
 526.000       1.0758
 527.000       1.5098
 528.000       1.2935
 529.000       1.2413
 530.000       1.9215
 531.000       2.0200
 532.000       1.6743
 533.000       1.9762
 534.000       2.0649
 535.000       2.3415
 536.000       2.2414
 537.000       3.0477
 538.000       2.9843
 539.000       3.7973
 540.000       3.3150
 541.000       2.9080
 542.000       3.2653
 543.000       3.3127
 544.000       2.5910
 545.000       2.6600
 546.000       3.0338
 547.000       2.5987
 548.000       2.2202
 549.000       2.6349
 550.000       3.5244
 551.000       4.2498
 552.000       4.5527
 553.000       6.3943
 554.000       5.6357
 555.000      51.9716
 556.000       1.9652
 557.000       0.8915
 558.000      51.3362
 559.000      51.9326
 560.000      52.0197
 561.000      51.5105
 562.000      50.7147
 563.000      49.4677
 564.000      52.8778
 565.000      51.2963
 566.000      51.3546
 567.000      51.3286
 568.000      51.2113
 569.000      50.5329
 570.000      51.4867
 571.000      51.1915
 572.000      51.7251
 573.000      50.2387
 574.000      51.2325
 575.000      51.0410
 576.000      51.7881
 577.000      50.6272
 578.000      53.0198
 579.000      52.8864
 580.000      52.2078
 581.000      52.0043
 582.000      51.6143
 583.000      50.3343
 584.000      51.1080
 585.000      53.1821
 586.000      52.4643
 587.000      50.4948
 588.000      52.7496
 589.000      49.7913
 590.000      51.3245
 591.000      51.2327
 592.000      52.2183
 593.000      49.1861
 594.000      50.9242
 595.000      51.9286
 596.000      49.9457
 597.000      50.9909
 598.000      50.0307
 599.000      51.5901
 600.000       0.7544
 601.000      52.2969
 602.000      52.4696
 603.000      53.4663
 604.000      52.7937
 605.000      52.8054
 606.000      53.1680
 607.000      53.0020
 608.000      51.7963
 609.000      52.1560
 610.000      52.1195
 611.000      52.6182
 612.000      52.4473
 613.000      52.0997
 614.000      52.9116
 615.000      52.2421
 616.000      53.0795
 617.000      52.8464
 618.000      52.8671
 619.000      52.3053
 620.000      52.3927
 621.000      52.3835
 622.000      53.2786
 623.000      51.6984
 624.000      52.8522
 625.000      52.7869
 626.000      53.0967
 627.000      52.7874
 628.000      53.4612
 629.000      52.8159
 630.000      52.0946
 631.000      52.5614
 632.000      52.5920
 633.000      52.4563
 634.000      52.3646
 635.000      52.9592
 636.000      52.7504
 637.000      52.4978
 638.000      52.5676
 639.000      52.7152
 640.000      52.5075
 641.000      52.5896
 642.000      52.4986
 643.000      52.2251
 644.000      53.1145
 645.000      51.9055
 646.000      52.7608
