#Res        AtomicFlx
   1.000       3.7122
   2.000       1.8975
   3.000       1.8835
   4.000       0.9974
   5.000       1.3588
   6.000       1.5868
   7.000       1.3477
   8.000       1.5277
   9.000       1.2979
  10.000       0.8622
  11.000       0.9247
  12.000       1.2447
  13.000       0.8101
  14.000       0.6137
  15.000       0.8029
  16.000       0.7193
  17.000       0.6800
  18.000       0.6480
  19.000       0.6854
  20.000       0.6102
  21.000       0.9196
  22.000       0.6618
  23.000       0.5787
  24.000       0.9480
  25.000       1.4463
  26.000       1.6575
  27.000       0.6569
  28.000       0.7274
  29.000       1.2640
  30.000       0.9913
  31.000       0.9513
  32.000       1.7591
  33.000       2.0098
  34.000       0.8655
  35.000       0.9958
  36.000       0.9543
  37.000       1.1198
  38.000       1.2263
  39.000       0.8685
  40.000       1.0994
  41.000       1.2962
  42.000       0.7718
  43.000       0.6615
  44.000       1.8158
  45.000       0.8937
  46.000       0.7406
  47.000       0.7709
  48.000       1.1783
  49.000       1.1567
  50.000       0.8002
  51.000       0.5840
  52.000       0.7023
  53.000       0.6340
  54.000       0.9249
  55.000       0.9236
  56.000       0.7017
  57.000       0.9361
  58.000       0.6296
  59.000       0.9312
  60.000       0.6545
  61.000       1.0724
  62.000       0.6908
  63.000       0.8383
  64.000       1.4349
  65.000       1.1759
  66.000       1.0571
  67.000       1.2138
  68.000       0.8472
  69.000       0.9595
  70.000       1.2024
  71.000       0.8579
  72.000       1.0383
  73.000       1.1216
  74.000       2.2032
  75.000       2.0541
  76.000       1.6023
  77.000       1.8974
  78.000       1.8183
  79.000       1.3254
  80.000       1.0629
  81.000       0.6268
  82.000       0.7415
  83.000       0.6043
  84.000       1.0589
  85.000       0.6340
  86.000       0.9117
  87.000       0.9445
  88.000       0.8868
  89.000       1.0591
  90.000       0.6465
  91.000       0.8431
  92.000       0.9458
  93.000       1.2400
  94.000       0.8797
  95.000       1.2081
  96.000       1.2921
  97.000       1.1276
  98.000       0.9822
  99.000       0.7948
 100.000       0.8271
 101.000       0.8127
 102.000       0.6474
 103.000       0.7517
 104.000       0.5726
 105.000       0.8907
 106.000       0.9021
 107.000       0.8280
 108.000       0.8929
 109.000       0.9599
 110.000       0.7669
 111.000       0.6767
 112.000       0.9447
 113.000       0.9163
 114.000       1.6177
 115.000       1.1164
 116.000       0.7825
 117.000       0.7795
 118.000       0.8220
 119.000       0.8864
 120.000       1.2555
 121.000       1.5733
 122.000       2.5041
 123.000       2.9886
 124.000       3.4309
 125.000       4.4600
 126.000       4.6772
 127.000       3.3214
 128.000       4.3335
 129.000       3.4058
 130.000       2.6123
 131.000       3.3009
 132.000       3.3699
 133.000       5.3222
 134.000       5.3703
 135.000       4.8484
 136.000       5.4146
 137.000       6.2406
 138.000       6.2859
 139.000       5.1298
 140.000       5.6948
 141.000       6.1325
 142.000       3.4368
 143.000       2.0843
 144.000       2.9704
 145.000       2.0159
 146.000       1.7585
 147.000       1.6557
 148.000       1.7270
 149.000       1.6674
 150.000       1.8883
 151.000       1.7486
 152.000       1.4455
 153.000       2.2710
 154.000       3.2540
 155.000       3.8432
 156.000       3.7707
 157.000       4.5566
 158.000       5.6489
 159.000       5.6138
 160.000       4.1719
 161.000       3.4217
 162.000       3.8352
 163.000       1.9599
 164.000       0.9509
 165.000       0.9424
 166.000       0.8630
 167.000       1.0969
 168.000       1.2952
 169.000       0.8149
 170.000       0.9999
 171.000       2.0561
 172.000       1.3870
 173.000       1.2297
 174.000       0.9243
 175.000       1.1921
 176.000       1.4505
 177.000       1.6355
 178.000       1.3149
 179.000       1.6734
 180.000       1.8133
 181.000       1.3307
 182.000       1.3258
 183.000       1.9762
 184.000       1.8717
 185.000       1.2464
 186.000       1.5160
 187.000       1.1399
 188.000       1.3505
 189.000       1.3009
 190.000       0.8464
 191.000       0.8905
 192.000       0.9410
 193.000       0.6895
 194.000       0.6168
 195.000       0.7790
 196.000       0.6721
 197.000       0.8190
 198.000       0.7996
 199.000       0.7832
 200.000       0.9560
 201.000       0.9773
 202.000       0.8816
 203.000       0.9793
 204.000       1.0485
 205.000       1.1986
 206.000       1.0937
 207.000       1.1924
 208.000       1.8448
 209.000       0.9478
 210.000       1.4560
 211.000       1.8547
 212.000       0.9011
 213.000       0.9231
 214.000       0.8374
 215.000       1.5720
 216.000       0.9099
 217.000       0.8967
 218.000       1.5267
 219.000       1.0908
 220.000       0.8443
 221.000       0.7430
 222.000       0.7781
 223.000       1.1891
 224.000       0.6411
 225.000       0.6212
 226.000       0.7983
 227.000       0.7779
 228.000       0.7314
 229.000       0.6988
 230.000       0.9266
 231.000       0.8051
 232.000       1.0682
 233.000       0.8941
 234.000       0.9245
 235.000       0.7574
 236.000       1.2911
 237.000       1.3560
 238.000       1.0120
 239.000       1.4562
 240.000       0.9052
 241.000       0.8735
 242.000       1.5623
 243.000       1.0931
 244.000       0.7754
 245.000       1.0438
 246.000       1.2609
 247.000       1.7811
 248.000       0.8650
 249.000       1.1473
 250.000       1.0837
 251.000       1.0814
 252.000       1.4599
 253.000       2.2533
 254.000       1.6373
 255.000       1.3228
 256.000       1.6006
 257.000       1.8295
 258.000       1.4100
 259.000       1.0849
 260.000       1.7309
 261.000       0.8447
 262.000       0.9032
 263.000       0.6904
 264.000       0.7328
 265.000       0.6928
 266.000       0.6987
 267.000       0.7243
 268.000       0.6267
 269.000       1.1857
 270.000       0.6168
 271.000       0.8096
 272.000       0.7519
 273.000       0.7940
 274.000       0.5770
 275.000       0.6599
 276.000       0.6917
 277.000       0.9031
 278.000       0.6070
 279.000       0.6216
 280.000       0.8672
 281.000       0.8217
 282.000       0.7591
 283.000       0.8986
 284.000       0.7989
 285.000       0.7668
 286.000       1.1313
 287.000       1.0439
 288.000       1.6436
 289.000       1.1867
 290.000       1.5260
 291.000       1.4200
 292.000       1.6687
 293.000       1.1991
 294.000       1.9683
 295.000       1.7460
 296.000       1.0024
 297.000       0.7779
 298.000       0.8269
 299.000       0.9094
 300.000       0.7308
 301.000       0.6426
 302.000       1.2192
 303.000       0.6694
 304.000       0.6085
 305.000       0.6845
 306.000       0.6978
 307.000       0.6280
 308.000       0.5614
 309.000       0.7791
 310.000       0.9400
 311.000       0.6674
 312.000       0.6093
 313.000       1.0277
 314.000       0.7282
 315.000       0.7091
 316.000       0.8197
 317.000       0.6717
 318.000       0.9016
 319.000       0.9632
 320.000       0.7363
 321.000       0.8498
 322.000       0.9406
 323.000       0.8660
 324.000       1.1444
 325.000       1.4205
 326.000       1.3230
 327.000       1.0945
 328.000       1.3485
 329.000       1.4330
 330.000       1.1442
 331.000       1.1665
 332.000       2.1514
 333.000       1.1348
 334.000       0.8953
 335.000       1.0795
 336.000       2.0172
 337.000       0.8963
 338.000       0.9833
 339.000       0.7109
 340.000       0.8845
 341.000       0.6898
 342.000       0.6847
 343.000       0.7291
 344.000       0.6727
 345.000       0.5965
 346.000       0.6541
 347.000       0.8302
 348.000       0.6984
 349.000       0.7533
 350.000       0.9112
 351.000       0.9237
 352.000       1.1172
 353.000       0.8418
 354.000       1.1470
 355.000       0.7342
 356.000       0.6933
 357.000       0.8982
 358.000       0.7131
 359.000       0.7455
 360.000       1.0319
 361.000       0.8362
 362.000       0.5864
 363.000       0.6041
 364.000       0.9803
 365.000       0.7646
 366.000       0.9038
 367.000       0.6401
 368.000       0.8013
 369.000       0.8962
 370.000       0.6657
 371.000       0.9435
 372.000       0.6539
 373.000       0.7385
 374.000       0.9191
 375.000       0.9010
 376.000       0.9044
 377.000       1.0218
 378.000       0.9084
 379.000       1.0655
 380.000       0.7844
 381.000       0.9894
 382.000       0.9081
 383.000       1.1163
 384.000       0.9191
 385.000       1.0361
 386.000       1.0676
 387.000       1.3316
 388.000       1.2451
 389.000       1.2357
 390.000       1.5566
 391.000       1.7521
 392.000       2.2524
 393.000       1.8400
 394.000       1.5310
 395.000       1.9069
 396.000       1.7436
 397.000       1.4018
 398.000       1.4957
 399.000       1.0985
 400.000       1.5001
 401.000       0.9808
 402.000       0.8116
 403.000       0.9887
 404.000       0.8179
 405.000       0.9332
 406.000       0.7843
 407.000       0.9323
 408.000       0.8848
 409.000       0.7397
 410.000       1.0625
 411.000       1.1580
 412.000       1.2550
 413.000       0.7770
 414.000       1.0259
 415.000       0.9467
 416.000       0.9402
 417.000       0.8495
 418.000       0.9910
 419.000       1.3605
 420.000       0.9456
 421.000       0.8046
 422.000       1.2224
 423.000       1.3657
 424.000       0.8978
 425.000       0.9342
 426.000       1.2296
 427.000       1.1177
 428.000       1.2948
 429.000       1.1023
 430.000       1.2433
 431.000       1.0534
 432.000       1.0070
 433.000       1.3041
 434.000       1.1067
 435.000       1.8234
 436.000       0.8578
 437.000       1.0777
 438.000       0.9762
 439.000       1.0075
 440.000       1.0334
 441.000       0.6872
 442.000       1.0274
 443.000       1.0380
 444.000       0.9942
 445.000       0.8628
 446.000       1.0182
 447.000       0.9173
 448.000       1.1041
 449.000       1.0786
 450.000       1.3275
 451.000       1.1713
 452.000       1.2984
 453.000       1.0353
 454.000       1.8076
 455.000       2.7352
 456.000       1.4113
 457.000       1.0966
 458.000       1.4763
 459.000       1.7692
 460.000       1.4232
 461.000       1.1606
 462.000       1.4375
 463.000       2.2066
 464.000       1.4748
 465.000       1.6392
 466.000       1.6128
 467.000       1.9205
 468.000       1.2169
 469.000       1.2013
 470.000       1.1854
 471.000       1.3836
 472.000       1.3621
 473.000       1.2091
 474.000       1.4805
 475.000       1.2499
 476.000       0.7609
 477.000       0.7784
 478.000       1.3850
 479.000       1.6449
 480.000       0.9049
 481.000       0.9409
 482.000       0.8146
 483.000       0.7940
 484.000       0.8907
 485.000       0.8029
 486.000       1.7646
 487.000       1.4843
 488.000       1.0214
 489.000       0.9159
 490.000       1.0506
 491.000       1.4227
 492.000       1.0049
 493.000       1.1234
 494.000       1.4774
 495.000       1.6535
 496.000       1.1078
 497.000       1.8462
 498.000       1.2557
 499.000       1.2463
 500.000       1.3169
 501.000       1.7494
 502.000       2.0815
 503.000       2.3572
 504.000       1.7421
 505.000       1.8976
 506.000       1.3073
 507.000       1.2458
 508.000       1.2011
 509.000       1.2438
 510.000       1.0353
 511.000       1.1134
 512.000       1.0972
 513.000       1.2666
 514.000       0.9931
 515.000       1.6694
 516.000       1.5196
 517.000       1.5571
 518.000       1.3544
 519.000       1.7644
 520.000       1.3466
 521.000       1.3770
 522.000       1.3183
 523.000       1.3038
 524.000       0.9336
 525.000       1.1402
 526.000       1.2087
 527.000       1.6433
 528.000       1.2305
 529.000       1.6509
 530.000       2.6786
 531.000       2.7798
 532.000       2.1702
 533.000       2.6381
 534.000       2.8106
 535.000       2.7759
 536.000       2.5566
 537.000       3.2075
 538.000       3.4555
 539.000       4.2446
 540.000       4.1254
 541.000       3.7875
 542.000       4.0519
 543.000       3.8517
 544.000       3.3109
 545.000       3.3676
 546.000       3.6847
 547.000       2.9189
 548.000       2.6588
 549.000       3.3047
 550.000       3.7414
 551.000       4.2166
 552.000       8.9479
 553.000      10.1812
 554.000       7.1306
 555.000      48.7678
 556.000       0.5234
 557.000       0.8760
 558.000      50.4914
 559.000      52.7372
 560.000      50.8621
 561.000      52.0901
 562.000      52.4698
 563.000      51.8858
 564.000      50.3590
 565.000      51.6401
 566.000      50.5905
 567.000      52.9427
 568.000      50.6331
 569.000      50.6072
 570.000      51.8439
 571.000      48.9506
 572.000      52.2357
 573.000      52.8590
 574.000      47.4826
 575.000      49.6172
 576.000      50.1293
 577.000      51.6694
 578.000      50.8329
 579.000      52.1317
 580.000      52.5162
 581.000      48.6623
 582.000      51.4092
 583.000      50.6948
 584.000      52.1087
 585.000      50.1578
 586.000      51.9491
 587.000      51.1704
 588.000      51.7240
 589.000      52.4355
 590.000      51.0822
 591.000      51.6960
 592.000      50.8699
 593.000      52.0125
 594.000      51.1327
 595.000      50.9580
 596.000      52.1644
 597.000      51.4473
 598.000      52.2464
 599.000      48.9222
 600.000       0.6217
 601.000      52.5931
 602.000      51.8099
 603.000      52.5278
 604.000      52.5055
 605.000      52.9348
 606.000      52.2783
 607.000      52.4303
 608.000      52.6535
 609.000      52.6503
 610.000      52.5376
 611.000      52.5048
 612.000      52.9396
 613.000      51.4363
 614.000      53.3463
 615.000      52.7099
 616.000      52.1705
 617.000      52.4721
 618.000      52.3024
 619.000      53.1260
 620.000      51.9617
 621.000      52.4967
 622.000      52.9150
 623.000      51.8424
 624.000      53.2600
 625.000      53.0948
 626.000      52.7084
 627.000      52.1199
 628.000      52.9760
 629.000      52.0362
 630.000      52.9226
 631.000      52.6112
 632.000      51.8697
 633.000      52.4506
 634.000      52.1394
 635.000      52.3468
 636.000      52.2692
 637.000      52.2292
 638.000      52.7413
 639.000      52.2912
 640.000      53.3461
 641.000      53.1809
 642.000      51.8075
 643.000      53.2268
 644.000      51.9541
 645.000      52.3547
 646.000      52.0211
