#Res        AtomicFlx
   1.000       4.7783
   2.000       2.3480
   3.000       2.0046
   4.000       1.6061
   5.000       1.9951
   6.000       1.9765
   7.000       1.8855
   8.000       1.6744
   9.000       1.5381
  10.000       1.1066
  11.000       0.9781
  12.000       1.2823
  13.000       1.0000
  14.000       0.7364
  15.000       0.8218
  16.000       0.8788
  17.000       0.8715
  18.000       0.7900
  19.000       0.7969
  20.000       0.6874
  21.000       0.8745
  22.000       0.7103
  23.000       0.6843
  24.000       1.1780
  25.000       1.3342
  26.000       1.1088
  27.000       0.7403
  28.000       0.7975
  29.000       1.1197
  30.000       1.0140
  31.000       0.9772
  32.000       1.5252
  33.000       1.6643
  34.000       1.0228
  35.000       1.1338
  36.000       0.9904
  37.000       0.9812
  38.000       1.0870
  39.000       0.9029
  40.000       1.1229
  41.000       1.5426
  42.000       0.9575
  43.000       0.7492
  44.000       1.8977
  45.000       1.0551
  46.000       0.9532
  47.000       0.8568
  48.000       1.1744
  49.000       1.1572
  50.000       0.9290
  51.000       0.7053
  52.000       0.8289
  53.000       0.7526
  54.000       1.0889
  55.000       0.9279
  56.000       0.7823
  57.000       1.0172
  58.000       1.1317
  59.000       1.0721
  60.000       0.8585
  61.000       0.8553
  62.000       0.8723
  63.000       1.1009
  64.000       1.4252
  65.000       1.1451
  66.000       1.1677
  67.000       1.4136
  68.000       0.8311
  69.000       0.9908
  70.000       0.9453
  71.000       0.7605
  72.000       1.0275
  73.000       1.0161
  74.000       2.1228
  75.000       2.2875
  76.000       1.3125
  77.000       1.8173
  78.000       1.8944
  79.000       1.3853
  80.000       1.0528
  81.000       0.6699
  82.000       0.7597
  83.000       0.6539
  84.000       1.2497
  85.000       0.6397
  86.000       1.0212
  87.000       1.0961
  88.000       0.8105
  89.000       0.9825
  90.000       0.6911
  91.000       0.7537
  92.000       0.9349
  93.000       0.8528
  94.000       0.6777
  95.000       1.0352
  96.000       1.1793
  97.000       1.1102
  98.000       0.9121
  99.000       0.8197
 100.000       0.7518
 101.000       0.7676
 102.000       0.8546
 103.000       0.8441
 104.000       0.5879
 105.000       0.8825
 106.000       0.9792
 107.000       0.7052
 108.000       0.7942
 109.000       0.8783
 110.000       0.7077
 111.000       0.6207
 112.000       0.9392
 113.000       0.8869
 114.000       1.5728
 115.000       1.0599
 116.000       0.7033
 117.000       0.7048
 118.000       0.6734
 119.000       0.8490
 120.000       1.0565
 121.000       1.0438
 122.000       1.2705
 123.000       0.9814
 124.000       1.2019
 125.000       1.0283
 126.000       0.9625
 127.000       1.6604
 128.000       2.7893
 129.000       2.4941
 130.000       1.7316
 131.000       2.4542
 132.000       2.2738
 133.000       2.1891
 134.000       1.8114
 135.000       2.2434
 136.000       2.2230
 137.000       2.6484
 138.000       2.2649
 139.000       2.2644
 140.000       2.3443
 141.000       2.3884
 142.000       1.6965
 143.000       1.7630
 144.000       2.1229
 145.000       2.2502
 146.000       2.2759
 147.000       2.3521
 148.000       2.8695
 149.000       2.6445
 150.000       2.9642
 151.000       3.2576
 152.000       3.7658
 153.000       4.2814
 154.000       4.5590
 155.000       5.7529
 156.000       5.6286
 157.000       5.7554
 158.000       7.5417
 159.000       6.2697
 160.000       6.3120
 161.000       4.8934
 162.000       4.1834
 163.000       1.9435
 164.000       0.9854
 165.000       0.8762
 166.000       0.8860
 167.000       1.1313
 168.000       0.9625
 169.000       0.7196
 170.000       0.8650
 171.000       1.8125
 172.000       1.0437
 173.000       1.0902
 174.000       0.8246
 175.000       0.9037
 176.000       1.1343
 177.000       1.0835
 178.000       1.2241
 179.000       1.4709
 180.000       1.6638
 181.000       1.2743
 182.000       1.3904
 183.000       1.9323
 184.000       2.0886
 185.000       1.3304
 186.000       1.9376
 187.000       1.7348
 188.000       1.5809
 189.000       1.5722
 190.000       1.1364
 191.000       1.2712
 192.000       1.1426
 193.000       0.7074
 194.000       0.6799
 195.000       0.7821
 196.000       0.6132
 197.000       0.8382
 198.000       0.8426
 199.000       0.6610
 200.000       0.9869
 201.000       1.0579
 202.000       0.8469
 203.000       1.0885
 204.000       1.2243
 205.000       1.0335
 206.000       1.2318
 207.000       1.5150
 208.000       2.2841
 209.000       1.4224
 210.000       2.1561
 211.000       2.5376
 212.000       1.4494
 213.000       1.3726
 214.000       1.3551
 215.000       1.9380
 216.000       1.1448
 217.000       1.2498
 218.000       1.8064
 219.000       1.1000
 220.000       1.4128
 221.000       1.5491
 222.000       1.2089
 223.000       1.4597
 224.000       0.9064
 225.000       1.0323
 226.000       0.8780
 227.000       0.8593
 228.000       0.8935
 229.000       0.7209
 230.000       1.0279
 231.000       0.8823
 232.000       1.0815
 233.000       0.8909
 234.000       1.1478
 235.000       0.8218
 236.000       1.2330
 237.000       1.1031
 238.000       0.9384
 239.000       1.3374
 240.000       0.8839
 241.000       0.8638
 242.000       1.8879
 243.000       1.2526
 244.000       0.8396
 245.000       1.0549
 246.000       1.3127
 247.000       1.4361
 248.000       1.0690
 249.000       1.1735
 250.000       1.0724
 251.000       1.1438
 252.000       1.7373
 253.000       1.8281
 254.000       1.7803
 255.000       1.3824
 256.000       1.4714
 257.000       1.7034
 258.000       1.6271
 259.000       1.3364
 260.000       2.0895
 261.000       1.0989
 262.000       1.1312
 263.000       1.0198
 264.000       0.9764
 265.000       0.9162
 266.000       0.9921
 267.000       1.1033
 268.000       0.7559
 269.000       1.1332
 270.000       1.4738
 271.000       1.8512
 272.000       0.8216
 273.000       0.8954
 274.000       0.7216
 275.000       1.1814
 276.000       0.8026
 277.000       0.7877
 278.000       0.6524
 279.000       0.6412
 280.000       0.8351
 281.000       0.8338
 282.000       0.8580
 283.000       1.3054
 284.000       0.9189
 285.000       0.9313
 286.000       1.3706
 287.000       1.2719
 288.000       1.7146
 289.000       1.3733
 290.000       1.5203
 291.000       1.5733
 292.000       1.5136
 293.000       1.2372
 294.000       1.2670
 295.000       1.8250
 296.000       0.9446
 297.000       0.7336
 298.000       0.7783
 299.000       0.9680
 300.000       0.7634
 301.000       0.6284
 302.000       1.1496
 303.000       0.6883
 304.000       0.6679
 305.000       0.8555
 306.000       0.7205
 307.000       0.6929
 308.000       0.6327
 309.000       0.7995
 310.000       0.9542
 311.000       0.7157
 312.000       0.6519
 313.000       1.0731
 314.000       0.7584
 315.000       0.7524
 316.000       1.0469
 317.000       0.6142
 318.000       0.9378
 319.000       1.1750
 320.000       0.8063
 321.000       0.7901
 322.000       1.2151
 323.000       1.1156
 324.000       1.4287
 325.000       1.8578
 326.000       1.8177
 327.000       1.9214
 328.000       2.2170
 329.000       2.4169
 330.000       1.9543
 331.000       1.8872
 332.000       2.8410
 333.000       1.8511
 334.000       1.8320
 335.000       2.1887
 336.000       3.3909
 337.000       2.6679
 338.000       2.3691
 339.000       0.9436
 340.000       1.0451
 341.000       0.8614
 342.000       1.0357
 343.000       0.7609
 344.000       0.7681
 345.000       0.7073
 346.000       0.6667
 347.000       0.8923
 348.000       0.7554
 349.000       0.8095
 350.000       0.8764
 351.000       1.0122
 352.000       1.0426
 353.000       0.9107
 354.000       1.2336
 355.000       0.7890
 356.000       0.6933
 357.000       1.1191
 358.000       0.7280
 359.000       0.5825
 360.000       1.0085
 361.000       0.8993
 362.000       0.6097
 363.000       0.5658
 364.000       1.0139
 365.000       0.8404
 366.000       0.9573
 367.000       0.6955
 368.000       1.0536
 369.000       0.9347
 370.000       0.6759
 371.000       1.1224
 372.000       0.7417
 373.000       0.8710
 374.000       0.7850
 375.000       1.2732
 376.000       0.8663
 377.000       0.9280
 378.000       0.8159
 379.000       1.1306
 380.000       0.8444
 381.000       0.8829
 382.000       0.8039
 383.000       0.9921
 384.000       0.8335
 385.000       1.0005
 386.000       1.1527
 387.000       1.2875
 388.000       1.2201
 389.000       1.5159
 390.000       1.7549
 391.000       2.2731
 392.000       2.6335
 393.000       2.3154
 394.000       1.4056
 395.000       1.8805
 396.000       1.9432
 397.000       1.5569
 398.000       1.6074
 399.000       1.2934
 400.000       1.8568
 401.000       0.8781
 402.000       0.7640
 403.000       1.0255
 404.000       0.7017
 405.000       0.7709
 406.000       0.7039
 407.000       0.8546
 408.000       0.7746
 409.000       0.6501
 410.000       1.0414
 411.000       1.1488
 412.000       1.2087
 413.000       0.7425
 414.000       1.0440
 415.000       0.9355
 416.000       0.9670
 417.000       0.9859
 418.000       0.8258
 419.000       0.9015
 420.000       0.8945
 421.000       0.7739
 422.000       0.9559
 423.000       0.9699
 424.000       0.9444
 425.000       1.1308
 426.000       1.2223
 427.000       1.2248
 428.000       1.1848
 429.000       1.0840
 430.000       1.3998
 431.000       1.3808
 432.000       1.1053
 433.000       1.2486
 434.000       1.6232
 435.000       1.4774
 436.000       0.9159
 437.000       1.1853
 438.000       1.0652
 439.000       0.9919
 440.000       1.0366
 441.000       0.9578
 442.000       1.0422
 443.000       1.1778
 444.000       1.1659
 445.000       0.9546
 446.000       1.0745
 447.000       0.9831
 448.000       1.1015
 449.000       1.0403
 450.000       1.2359
 451.000       1.1836
 452.000       1.1998
 453.000       0.9652
 454.000       1.2706
 455.000       2.0499
 456.000       1.2467
 457.000       1.0879
 458.000       1.4046
 459.000       1.5437
 460.000       1.2263
 461.000       1.1722
 462.000       1.5081
 463.000       2.0048
 464.000       1.3030
 465.000       1.5808
 466.000       1.5134
 467.000       2.0318
 468.000       1.4486
 469.000       1.3851
 470.000       1.2453
 471.000       1.2467
 472.000       1.2651
 473.000       1.1816
 474.000       1.3333
 475.000       1.2378
 476.000       0.7935
 477.000       0.8775
 478.000       1.3054
 479.000       2.0257
 480.000       0.8896
 481.000       0.8233
 482.000       0.8495
 483.000       0.8778
 484.000       1.0310
 485.000       1.0944
 486.000       1.7606
 487.000       1.9048
 488.000       1.4473
 489.000       1.0998
 490.000       1.1859
 491.000       1.7229
 492.000       1.2485
 493.000       1.3635
 494.000       1.8034
 495.000       2.1727
 496.000       1.4128
 497.000       2.0767
 498.000       1.3554
 499.000       1.4498
 500.000       1.4851
 501.000       1.5076
 502.000       1.9741
 503.000       2.5726
 504.000       1.6660
 505.000       1.8610
 506.000       1.4032
 507.000       1.3951
 508.000       1.4679
 509.000       1.4122
 510.000       1.1783
 511.000       1.3241
 512.000       1.2396
 513.000       1.2263
 514.000       0.9742
 515.000       1.5268
 516.000       1.4124
 517.000       1.1994
 518.000       1.0330
 519.000       1.3353
 520.000       0.8864
 521.000       0.9289
 522.000       1.1499
 523.000       1.1302
 524.000       0.8471
 525.000       0.9384
 526.000       0.9506
 527.000       1.4668
 528.000       1.0090
 529.000       1.1534
 530.000       1.9403
 531.000       2.1730
 532.000       1.7225
 533.000       1.9000
 534.000       2.1283
 535.000       2.4087
 536.000       2.0494
 537.000       2.6712
 538.000       2.7791
 539.000       3.5020
 540.000       3.1267
 541.000       2.6513
 542.000       2.9712
 543.000       3.1653
 544.000       2.4009
 545.000       2.3866
 546.000       2.8019
 547.000       2.2658
 548.000       1.7253
 549.000       2.2048
 550.000       3.1645
 551.000       3.7229
 552.000       3.6192
 553.000       5.0598
 554.000       7.6782
 555.000      52.3811
 556.000       0.9299
 557.000      52.2391
 558.000      52.4748
 559.000      51.3999
 560.000      52.1869
 561.000      51.6914
 562.000      50.7478
 563.000      51.9508
 564.000      52.4078
 565.000      52.9244
 566.000      52.1651
 567.000      51.4364
 568.000      50.2937
 569.000      52.0170
 570.000      52.8791
 571.000      51.6935
 572.000      51.6686
 573.000      51.4631
 574.000      51.0691
 575.000      52.5263
 576.000      52.9706
 577.000      50.6296
 578.000      51.3959
 579.000      51.5560
 580.000      51.4437
 581.000      50.4614
 582.000      51.1855
 583.000      51.6137
 584.000      51.2651
 585.000      51.8640
 586.000      51.7949
 587.000      51.0949
 588.000      50.9091
 589.000      50.5912
 590.000      52.0355
 591.000      51.8686
 592.000      51.8502
 593.000      51.9766
 594.000      51.1589
 595.000      52.1773
 596.000      51.9026
 597.000      50.6087
 598.000      52.2467
 599.000      52.1730
 600.000       0.6938
 601.000      52.3959
 602.000      53.6479
 603.000      52.9928
 604.000      52.4560
 605.000      53.3777
 606.000      52.2141
 607.000      53.0031
 608.000      52.8504
 609.000      52.8634
 610.000      53.3503
 611.000      53.2284
 612.000      53.3027
 613.000      52.6767
 614.000      52.8678
 615.000      52.9562
 616.000      52.2166
 617.000      52.7787
 618.000      52.9742
 619.000      53.2543
 620.000      53.0702
 621.000      52.4275
 622.000      52.1797
 623.000      52.3887
 624.000      53.3315
 625.000      52.7096
 626.000      51.7702
 627.000      52.6026
 628.000      52.8777
 629.000      52.7837
 630.000      52.8201
 631.000      52.9976
 632.000      51.9668
 633.000      52.7700
 634.000      52.6332
 635.000      52.6105
 636.000      51.8333
 637.000      53.0984
 638.000      53.2920
 639.000      52.2548
 640.000      52.3416
 641.000      52.3090
 642.000      52.1981
 643.000      53.0438
 644.000      52.8765
 645.000      53.1329
 646.000      52.9551
