#Res        AtomicFlx
   1.000       3.3297
   2.000       1.8397
   3.000       1.9493
   4.000       1.7698
   5.000       2.2021
   6.000       2.2914
   7.000       2.5534
   8.000       2.0745
   9.000       1.8768
  10.000       1.8132
  11.000       1.4581
  12.000       1.4885
  13.000       1.3982
  14.000       1.1403
  15.000       1.0750
  16.000       1.0951
  17.000       1.2544
  18.000       1.0719
  19.000       0.8838
  20.000       0.8833
  21.000       1.0954
  22.000       0.8728
  23.000       1.3284
  24.000       1.2813
  25.000       1.5141
  26.000       1.5349
  27.000       0.7588
  28.000       0.8217
  29.000       1.0085
  30.000       0.8810
  31.000       0.7859
  32.000       1.2975
  33.000       1.4617
  34.000       0.7493
  35.000       0.7872
  36.000       0.7423
  37.000       0.7566
  38.000       0.8383
  39.000       0.7134
  40.000       1.0394
  41.000       1.2828
  42.000       0.7829
  43.000       0.6905
  44.000       1.8752
  45.000       1.0181
  46.000       0.7682
  47.000       0.8095
  48.000       1.2251
  49.000       1.4822
  50.000       1.1099
  51.000       0.6322
  52.000       0.7080
  53.000       0.6873
  54.000       1.0303
  55.000       0.9483
  56.000       0.8787
  57.000       1.0398
  58.000       1.0350
  59.000       1.1155
  60.000       0.6622
  61.000       0.7686
  62.000       0.6984
  63.000       0.9561
  64.000       1.0617
  65.000       0.8982
  66.000       0.9754
  67.000       1.2578
  68.000       0.8047
  69.000       0.9986
  70.000       1.0960
  71.000       0.7558
  72.000       0.7629
  73.000       0.7953
  74.000       2.1005
  75.000       1.0493
  76.000       0.9780
  77.000       1.1495
  78.000       1.1407
  79.000       1.1371
  80.000       0.9872
  81.000       0.6302
  82.000       0.7470
  83.000       0.6598
  84.000       1.5390
  85.000       0.6871
  86.000       0.9970
  87.000       1.3214
  88.000       0.8267
  89.000       1.0275
  90.000       0.9729
  91.000       0.9325
  92.000       0.8338
  93.000       1.2190
  94.000       0.9131
  95.000       1.2607
  96.000       1.1732
  97.000       1.2497
  98.000       1.1192
  99.000       0.8591
 100.000       0.8758
 101.000       0.9069
 102.000       0.7209
 103.000       0.8161
 104.000       0.6392
 105.000       0.9522
 106.000       0.9049
 107.000       0.8768
 108.000       0.6424
 109.000       0.9444
 110.000       0.6787
 111.000       0.6255
 112.000       0.9265
 113.000       0.8985
 114.000       1.7056
 115.000       1.0317
 116.000       0.7518
 117.000       0.7480
 118.000       0.7584
 119.000       0.8351
 120.000       0.8616
 121.000       0.9362
 122.000       1.7337
 123.000       1.6606
 124.000       1.3173
 125.000       1.7136
 126.000       1.7411
 127.000       1.9091
 128.000       1.4756
 129.000       1.5496
 130.000       1.0410
 131.000       1.1867
 132.000       1.4542
 133.000       3.1669
 134.000       2.4366
 135.000       3.4194
 136.000       3.6360
 137.000       4.3070
 138.000       3.5724
 139.000       2.8098
 140.000       3.7458
 141.000       4.1227
 142.000       3.0174
 143.000       3.1275
 144.000       2.7171
 145.000       2.8618
 146.000       2.3262
 147.000       1.8014
 148.000       1.8206
 149.000       1.9154
 150.000       1.8048
 151.000       1.4308
 152.000       1.7802
 153.000       1.8471
 154.000       1.8737
 155.000       1.5468
 156.000       2.2623
 157.000       2.7969
 158.000       3.0713
 159.000       2.2722
 160.000       3.0345
 161.000       2.7467
 162.000       1.6035
 163.000       1.3076
 164.000       0.9384
 165.000       0.7780
 166.000       0.8706
 167.000       1.1525
 168.000       1.0104
 169.000       0.7638
 170.000       1.0153
 171.000       2.0455
 172.000       1.2623
 173.000       1.3334
 174.000       1.1504
 175.000       1.9116
 176.000       1.9034
 177.000       2.1095
 178.000       2.9299
 179.000       3.5343
 180.000       2.6762
 181.000       1.9113
 182.000       2.4174
 183.000       2.0510
 184.000       2.2587
 185.000       1.6840
 186.000       1.8247
 187.000       1.1969
 188.000       1.3959
 189.000       1.2977
 190.000       0.8186
 191.000       0.9632
 192.000       0.9320
 193.000       0.6595
 194.000       0.6211
 195.000       0.7763
 196.000       0.6806
 197.000       0.8503
 198.000       0.8743
 199.000       0.8086
 200.000       1.0988
 201.000       1.0814
 202.000       1.1814
 203.000       1.0155
 204.000       1.3995
 205.000       1.3591
 206.000       1.4489
 207.000       1.9165
 208.000       2.7258
 209.000       2.5338
 210.000       2.7888
 211.000       2.0659
 212.000       1.1510
 213.000       1.3515
 214.000       1.1396
 215.000       1.3460
 216.000       1.0878
 217.000       1.1407
 218.000       1.3363
 219.000       1.3933
 220.000       0.9756
 221.000       0.9949
 222.000       1.1660
 223.000       1.3384
 224.000       0.7348
 225.000       0.6951
 226.000       0.8788
 227.000       0.8415
 228.000       0.8389
 229.000       0.7517
 230.000       0.9328
 231.000       0.8596
 232.000       1.1545
 233.000       0.9744
 234.000       1.2420
 235.000       0.8648
 236.000       1.3254
 237.000       1.5620
 238.000       1.1226
 239.000       1.4472
 240.000       0.8798
 241.000       0.8576
 242.000       1.7485
 243.000       1.1479
 244.000       0.7090
 245.000       0.9202
 246.000       1.2431
 247.000       1.0163
 248.000       0.6947
 249.000       0.9235
 250.000       0.9114
 251.000       0.9319
 252.000       1.3532
 253.000       1.8730
 254.000       1.5117
 255.000       1.1040
 256.000       1.2666
 257.000       1.5118
 258.000       1.2235
 259.000       0.9172
 260.000       1.6385
 261.000       0.7633
 262.000       0.8372
 263.000       0.6489
 264.000       0.8264
 265.000       0.6523
 266.000       0.6729
 267.000       0.6758
 268.000       0.8008
 269.000       0.7518
 270.000       0.6027
 271.000       0.8202
 272.000       0.8073
 273.000       0.9017
 274.000       0.6835
 275.000       0.8342
 276.000       0.6940
 277.000       1.7845
 278.000       0.8291
 279.000       0.7381
 280.000       1.0361
 281.000       0.8404
 282.000       0.7613
 283.000       1.2602
 284.000       0.8554
 285.000       0.9099
 286.000       1.6253
 287.000       1.2767
 288.000       1.8089
 289.000       1.1252
 290.000       1.8399
 291.000       1.7091
 292.000       1.6414
 293.000       1.3334
 294.000       1.5292
 295.000       2.0337
 296.000       1.1479
 297.000       0.7821
 298.000       0.7811
 299.000       1.0285
 300.000       0.8434
 301.000       0.6241
 302.000       1.0913
 303.000       0.7100
 304.000       0.8136
 305.000       0.9109
 306.000       0.6874
 307.000       0.6503
 308.000       0.6111
 309.000       0.7490
 310.000       0.9527
 311.000       0.6924
 312.000       0.6031
 313.000       1.0385
 314.000       0.7586
 315.000       0.7475
 316.000       0.8975
 317.000       0.6627
 318.000       0.9616
 319.000       0.9594
 320.000       0.7164
 321.000       0.8988
 322.000       1.0636
 323.000       0.8916
 324.000       1.1417
 325.000       1.5916
 326.000       1.3784
 327.000       1.1030
 328.000       1.2117
 329.000       1.2858
 330.000       1.0317
 331.000       1.0117
 332.000       2.2221
 333.000       1.0554
 334.000       0.8717
 335.000       1.0003
 336.000       1.1926
 337.000       0.9096
 338.000       0.9575
 339.000       0.7209
 340.000       0.9354
 341.000       0.7737
 342.000       0.7721
 343.000       0.7887
 344.000       0.7433
 345.000       0.8730
 346.000       0.7198
 347.000       1.0360
 348.000       0.7508
 349.000       0.7912
 350.000       0.9087
 351.000       1.2339
 352.000       1.0713
 353.000       0.9669
 354.000       1.0289
 355.000       0.8122
 356.000       0.7146
 357.000       0.9086
 358.000       0.7398
 359.000       0.7763
 360.000       0.9649
 361.000       0.8117
 362.000       0.6253
 363.000       0.6154
 364.000       1.0190
 365.000       0.8141
 366.000       1.0468
 367.000       0.8102
 368.000       0.9736
 369.000       0.9907
 370.000       0.9004
 371.000       1.3984
 372.000       0.9580
 373.000       1.0186
 374.000       1.0056
 375.000       1.0775
 376.000       0.9872
 377.000       1.3134
 378.000       1.1215
 379.000       1.2371
 380.000       0.9789
 381.000       1.0061
 382.000       0.9928
 383.000       1.2432
 384.000       1.1644
 385.000       1.2118
 386.000       1.1756
 387.000       1.5345
 388.000       1.5297
 389.000       1.5376
 390.000       1.5779
 391.000       2.0885
 392.000       2.2020
 393.000       1.7640
 394.000       1.3110
 395.000       1.6349
 396.000       1.8885
 397.000       1.5651
 398.000       1.5259
 399.000       1.4086
 400.000       1.7674
 401.000       0.9398
 402.000       0.8939
 403.000       1.0621
 404.000       0.7951
 405.000       0.8503
 406.000       0.7792
 407.000       0.9399
 408.000       0.8753
 409.000       0.7586
 410.000       1.0828
 411.000       1.2753
 412.000       1.3331
 413.000       0.7885
 414.000       0.9810
 415.000       0.9102
 416.000       0.9873
 417.000       0.8519
 418.000       1.0709
 419.000       1.6419
 420.000       1.0546
 421.000       0.9320
 422.000       1.4415
 423.000       1.3661
 424.000       1.2344
 425.000       1.2270
 426.000       1.3304
 427.000       1.1864
 428.000       1.1347
 429.000       1.0867
 430.000       1.3102
 431.000       1.1944
 432.000       1.3066
 433.000       1.3964
 434.000       1.1158
 435.000       1.8100
 436.000       0.8102
 437.000       0.8745
 438.000       0.8919
 439.000       0.8395
 440.000       0.8664
 441.000       0.6258
 442.000       0.8876
 443.000       1.1032
 444.000       1.0124
 445.000       0.9001
 446.000       0.9043
 447.000       0.8174
 448.000       0.9503
 449.000       1.1343
 450.000       1.2786
 451.000       1.0728
 452.000       0.9030
 453.000       0.8844
 454.000       1.3814
 455.000       1.8454
 456.000       1.1421
 457.000       0.9707
 458.000       1.3243
 459.000       1.5029
 460.000       1.0240
 461.000       1.0707
 462.000       1.4272
 463.000       2.0219
 464.000       1.3089
 465.000       1.5257
 466.000       1.4656
 467.000       1.8608
 468.000       1.2017
 469.000       1.0465
 470.000       1.1261
 471.000       1.3515
 472.000       1.4110
 473.000       1.2616
 474.000       1.6041
 475.000       1.1980
 476.000       0.7673
 477.000       0.8191
 478.000       1.7103
 479.000       1.5323
 480.000       0.8847
 481.000       0.9751
 482.000       0.9463
 483.000       0.8076
 484.000       0.9970
 485.000       0.9418
 486.000       1.7218
 487.000       1.0634
 488.000       0.9512
 489.000       0.9465
 490.000       0.9676
 491.000       1.1783
 492.000       0.9309
 493.000       1.0874
 494.000       1.3629
 495.000       1.5260
 496.000       1.3280
 497.000       1.9660
 498.000       1.4433
 499.000       1.4373
 500.000       1.5254
 501.000       1.8058
 502.000       2.2783
 503.000       2.6306
 504.000       2.1162
 505.000       1.8973
 506.000       1.3546
 507.000       1.4823
 508.000       1.4990
 509.000       1.7182
 510.000       1.1735
 511.000       1.1870
 512.000       1.1666
 513.000       1.2652
 514.000       0.7877
 515.000       1.8773
 516.000       1.4121
 517.000       1.2992
 518.000       0.7920
 519.000       1.1782
 520.000       1.0421
 521.000       0.8674
 522.000       0.9950
 523.000       1.3286
 524.000       1.1208
 525.000       0.8814
 526.000       0.9507
 527.000       1.4248
 528.000       1.0032
 529.000       0.9640
 530.000       1.7130
 531.000       1.4757
 532.000       1.2115
 533.000       1.4076
 534.000       1.5686
 535.000       2.0908
 536.000       1.4316
 537.000       2.3138
 538.000       2.0987
 539.000       2.4417
 540.000       1.9303
 541.000       1.8865
 542.000       1.9576
 543.000       1.9728
 544.000       1.6742
 545.000       1.6163
 546.000       1.8828
 547.000       1.4770
 548.000       1.2646
 549.000       1.4780
 550.000       2.0343
 551.000       1.8518
 552.000      43.2701
 553.000      18.5363
 554.000       2.6628
 555.000      51.0071
 556.000      50.7857
 557.000      50.4121
 558.000      48.6688
 559.000      51.6102
 560.000      50.7344
 561.000      51.4688
 562.000      50.9331
 563.000      51.3716
 564.000      51.5927
 565.000      52.0563
 566.000      52.0576
 567.000      50.8652
 568.000      52.4683
 569.000      51.5225
 570.000      52.0754
 571.000      50.9022
 572.000      49.4370
 573.000      51.4728
 574.000      51.5670
 575.000      52.6071
 576.000      50.4059
 577.000      51.2577
 578.000      48.4455
 579.000      51.7135
 580.000      50.5568
 581.000      52.5741
 582.000      52.3886
 583.000      51.7509
 584.000      51.1517
 585.000      51.7006
 586.000      51.7541
 587.000      51.1925
 588.000      51.9894
 589.000      51.3426
 590.000      52.0181
 591.000      51.5307
 592.000      50.6826
 593.000      50.8602
 594.000      51.0333
 595.000      51.6223
 596.000      50.5366
 597.000       3.5319
 598.000      53.3351
 599.000      51.6324
 600.000      52.1427
 601.000      52.6121
 602.000      52.4158
 603.000      52.2341
 604.000      52.0783
 605.000      52.7791
 606.000      52.5898
 607.000      52.7873
 608.000      52.3666
 609.000      52.3687
 610.000      52.8938
 611.000      52.6549
 612.000      52.1094
 613.000      52.2285
 614.000      52.7227
 615.000      53.3608
 616.000      52.2456
 617.000      52.3338
 618.000      52.0647
 619.000      53.1764
 620.000      52.8771
 621.000      52.2517
 622.000      52.2833
 623.000      52.7081
 624.000      52.6773
 625.000      52.3297
 626.000      53.0411
 627.000      52.4426
 628.000      52.8531
 629.000      52.2169
 630.000      52.7407
 631.000      52.1911
 632.000      52.3414
 633.000      52.9896
 634.000      52.3272
 635.000      52.0396
 636.000      53.0017
 637.000      51.9130
 638.000      52.7576
 639.000      53.0013
 640.000      51.9921
 641.000      53.0899
 642.000      52.1516
 643.000      52.4911
