#Res        AtomicFlx
   1.000       6.6144
   2.000       4.4374
   3.000       3.3781
   4.000       2.7430
   5.000       3.4663
   6.000       1.8570
   7.000       0.9558
   8.000       0.9742
   9.000       1.5345
  10.000       1.3132
  11.000       1.0858
  12.000       0.9544
  13.000       0.6654
  14.000       0.8753
  15.000       0.9885
  16.000       0.6945
  17.000       0.9140
  18.000       0.6599
  19.000       0.5810
  20.000       0.5326
  21.000       0.6091
  22.000       0.6804
  23.000       0.7830
  24.000       1.0553
  25.000       0.7301
  26.000       0.6004
  27.000       1.1014
  28.000       1.3136
  29.000       1.3398
  30.000       0.6486
  31.000       0.7021
  32.000       1.0961
  33.000       1.0453
  34.000       0.8898
  35.000       1.0761
  36.000       1.2056
  37.000       0.9295
  38.000       1.3249
  39.000       1.3156
  40.000       1.0875
  41.000       1.0005
  42.000       0.8013
  43.000       1.4580
  44.000       1.1881
  45.000       0.7429
  46.000       0.6447
  47.000       0.8954
  48.000       0.9528
  49.000       0.7317
  50.000       0.6928
  51.000       1.1747
  52.000       1.1621
  53.000       0.6703
  54.000       0.5810
  55.000       0.7134
  56.000       0.6046
  57.000       0.8972
  58.000       0.7767
  59.000       0.6063
  60.000       1.0037
  61.000       0.8806
  62.000       1.0476
  63.000       0.7250
  64.000       0.9318
  65.000       0.6913
  66.000       1.1705
  67.000       1.9958
  68.000       1.6130
  69.000       1.7120
  70.000       1.0413
  71.000       0.7621
  72.000       0.9353
  73.000       1.0003
  74.000       1.0106
  75.000       1.1952
  76.000       1.3527
  77.000       2.0016
  78.000       2.2828
  79.000       1.4861
  80.000       1.3529
  81.000       1.2059
  82.000       1.6090
  83.000       1.4662
  84.000       1.1774
  85.000       0.7451
  86.000       1.0209
  87.000       0.6399
  88.000       1.0953
  89.000       0.7133
  90.000       0.8081
  91.000       0.7001
  92.000       0.8806
  93.000       1.0106
  94.000       0.7050
  95.000       0.9877
  96.000       0.7487
  97.000       0.9648
  98.000       0.6578
  99.000       0.6597
 100.000       1.0039
 101.000       0.8475
 102.000       0.6527
 103.000       0.6657
 104.000       0.8480
 105.000       0.6627
 106.000       0.5973
 107.000       0.6320
 108.000       0.5637
 109.000       0.6372
 110.000       0.9685
 111.000       0.5761
 112.000       0.6917
 113.000       0.9225
 114.000       0.6325
 115.000       0.7111
 116.000       1.2927
 117.000       1.2323
 118.000       1.7132
 119.000       2.0798
 120.000       1.0429
 121.000       1.0199
 122.000       0.9719
 123.000       1.5298
 124.000       1.2609
 125.000       1.3818
 126.000       2.4678
 127.000       1.8776
 128.000       2.4257
 129.000       2.1208
 130.000       1.3958
 131.000       1.8933
 132.000       2.0693
 133.000       2.2508
 134.000       1.4674
 135.000       1.6581
 136.000       1.7454
 137.000       1.1575
 138.000       2.0371
 139.000       2.5108
 140.000       3.3513
 141.000       3.6092
 142.000       3.7942
 143.000       4.1456
 144.000       3.0923
 145.000       3.0067
 146.000       2.2167
 147.000       3.5239
 148.000       3.0582
 149.000       1.6912
 150.000       1.5748
 151.000       0.9458
 152.000       0.8471
 153.000       0.7511
 154.000       0.9983
 155.000       1.0376
 156.000       0.7502
 157.000       0.7297
 158.000       0.8307
 159.000       1.7361
 160.000       1.4505
 161.000       1.0673
 162.000       1.0943
 163.000       1.6126
 164.000       1.6653
 165.000       2.3921
 166.000       2.2475
 167.000       2.9350
 168.000       3.5903
 169.000       1.8151
 170.000       1.7453
 171.000       2.4797
 172.000       2.2158
 173.000       2.1909
 174.000       1.2663
 175.000       1.1071
 176.000       1.3423
 177.000       1.1205
 178.000       1.7045
 179.000       1.4683
 180.000       1.0758
 181.000       0.7719
 182.000       1.2017
 183.000       0.6208
 184.000       0.7916
 185.000       1.3162
 186.000       1.1360
 187.000       0.7937
 188.000       0.8592
 189.000       0.7909
 190.000       0.8662
 191.000       0.7983
 192.000       1.0983
 193.000       1.7579
 194.000       0.8224
 195.000       1.4377
 196.000       1.6143
 197.000       2.6535
 198.000       2.0115
 199.000       1.8874
 200.000       2.5058
 201.000       1.7663
 202.000       1.2495
 203.000       1.1859
 204.000       2.1911
 205.000       1.3044
 206.000       1.5269
 207.000       2.2774
 208.000       1.8396
 209.000       1.8954
 210.000       1.5328
 211.000       1.2856
 212.000       1.6797
 213.000       0.8352
 214.000       1.0878
 215.000       1.0403
 216.000       1.1015
 217.000       1.1165
 218.000       0.8770
 219.000       0.8418
 220.000       0.8127
 221.000       0.9948
 222.000       0.9831
 223.000       0.7945
 224.000       0.7499
 225.000       0.9065
 226.000       0.8989
 227.000       1.0009
 228.000       0.9218
 229.000       0.7613
 230.000       0.8124
 231.000       1.1249
 232.000       2.1377
 233.000       0.7603
 234.000       0.9052
 235.000       1.2864
 236.000       1.1960
 237.000       1.0612
 238.000       1.1501
 239.000       1.7138
 240.000       1.4103
 241.000       1.4427
 242.000       2.5390
 243.000       1.7709
 244.000       1.3734
 245.000       1.4768
 246.000       1.5415
 247.000       1.3427
 248.000       1.1647
 249.000       0.8014
 250.000       0.9354
 251.000       0.7904
 252.000       0.9077
 253.000       0.8447
 254.000       0.6596
 255.000       0.6296
 256.000       0.6246
 257.000       0.5861
 258.000       0.6400
 259.000       0.6543
 260.000       0.8576
 261.000       0.5389
 262.000       0.7278
 263.000       0.5651
 264.000       0.5924
 265.000       0.7079
 266.000       1.0331
 267.000       0.6466
 268.000       0.7004
 269.000       0.9508
 270.000       1.0437
 271.000       0.7342
 272.000       1.0931
 273.000       0.9925
 274.000       1.1669
 275.000       1.2298
 276.000       0.8188
 277.000       1.6153
 278.000       1.8070
 279.000       1.5093
 280.000       1.1956
 281.000       0.9310
 282.000       1.1157
 283.000       0.7129
 284.000       1.4321
 285.000       0.8222
 286.000       0.6573
 287.000       0.8198
 288.000       0.7624
 289.000       0.5899
 290.000       0.6053
 291.000       0.9011
 292.000       0.6808
 293.000       0.5638
 294.000       0.6228
 295.000       1.2411
 296.000       0.6356
 297.000       0.5697
 298.000       1.2430
 299.000       0.9219
 300.000       0.6632
 301.000       0.6584
 302.000       1.3181
 303.000       0.7615
 304.000       0.7473
 305.000       1.0000
 306.000       0.6713
 307.000       0.8946
 308.000       0.9415
 309.000       0.6588
 310.000       0.7629
 311.000       0.9589
 312.000       0.7951
 313.000       1.2091
 314.000       1.0873
 315.000       0.9455
 316.000       1.3994
 317.000       1.2773
 318.000       1.4047
 319.000       1.1435
 320.000       1.2604
 321.000       1.5859
 322.000       1.2812
 323.000       1.1268
 324.000       2.4405
 325.000       1.4899
 326.000       1.4047
 327.000       1.3305
 328.000       1.0116
 329.000       1.0033
 330.000       1.1867
 331.000       1.0547
 332.000       0.9252
 333.000       0.7550
 334.000       0.8584
 335.000       1.0629
 336.000       0.6922
 337.000       0.9042
 338.000       0.7045
 339.000       1.1255
 340.000       0.8045
 341.000       0.9774
 342.000       0.9940
 343.000       0.9458
 344.000       0.8828
 345.000       0.7365
 346.000       0.9336
 347.000       1.8375
 348.000       0.8437
 349.000       0.6308
 350.000       0.7113
 351.000       0.7219
 352.000       0.6659
 353.000       0.6150
 354.000       0.7968
 355.000       0.8136
 356.000       0.9498
 357.000       0.7014
 358.000       0.7616
 359.000       0.9284
 360.000       0.5408
 361.000       0.8359
 362.000       0.6196
 363.000       0.6408
 364.000       0.6021
 365.000       1.1992
 366.000       0.6645
 367.000       0.6150
 368.000       0.9755
 369.000       1.0159
 370.000       0.6286
 371.000       0.8669
 372.000       0.7912
 373.000       0.8430
 374.000       0.7818
 375.000       0.9850
 376.000       1.2189
 377.000       1.4017
 378.000       1.5173
 379.000       1.6583
 380.000       2.2476
 381.000       2.7507
 382.000       2.5645
 383.000       2.2599
 384.000       2.1784
 385.000       2.4881
 386.000       2.7153
 387.000       1.4143
 388.000       1.8154
 389.000       2.3029
 390.000       1.5446
 391.000       1.0647
 392.000       1.2975
 393.000       1.0743
 394.000       1.0021
 395.000       0.9497
 396.000       1.1154
 397.000       0.9052
 398.000       0.9977
 399.000       1.2267
 400.000       1.7746
 401.000       0.7878
 402.000       0.9539
 403.000       1.4163
 404.000       1.2251
 405.000       0.9035
 406.000       1.0676
 407.000       1.0316
 408.000       1.2106
 409.000       0.9725
 410.000       0.8677
 411.000       0.9224
 412.000       0.9858
 413.000       0.8309
 414.000       0.8707
 415.000       1.0806
 416.000       1.0540
 417.000       1.2068
 418.000       1.2093
 419.000       1.0940
 420.000       1.4849
 421.000       1.4606
 422.000       1.4725
 423.000       0.8934
 424.000       1.0322
 425.000       0.8360
 426.000       0.8783
 427.000       0.8118
 428.000       0.9258
 429.000       0.8556
 430.000       0.6453
 431.000       0.7797
 432.000       1.0100
 433.000       1.0081
 434.000       0.7574
 435.000       0.9211
 436.000       0.9511
 437.000       1.0863
 438.000       1.1083
 439.000       1.6080
 440.000       1.3823
 441.000       1.2717
 442.000       0.8844
 443.000       1.2114
 444.000       1.1735
 445.000       1.3698
 446.000       1.0550
 447.000       0.9130
 448.000       2.3055
 449.000       1.3630
 450.000       1.4443
 451.000       1.6784
 452.000       2.2183
 453.000       3.3572
 454.000       2.7738
 455.000       1.6845
 456.000       2.3603
 457.000       1.5373
 458.000       1.2331
 459.000       1.0495
 460.000       1.3538
 461.000       0.9545
 462.000       0.7480
 463.000       1.2939
 464.000       1.3548
 465.000       0.7232
 466.000       0.6883
 467.000       1.1865
 468.000       0.9086
 469.000       0.9319
 470.000       0.7267
 471.000       0.7417
 472.000       1.1476
 473.000       0.6398
 474.000       0.7134
 475.000       0.8490
 476.000       1.4112
 477.000       0.7769
 478.000       1.1106
 479.000       0.9544
 480.000       0.9391
 481.000       2.1447
 482.000       1.4606
 483.000       1.7311
 484.000       1.7684
 485.000       1.9366
 486.000       2.6986
 487.000       2.5684
 488.000       2.0210
 489.000       2.8636
 490.000       1.8746
 491.000       2.3005
 492.000       2.4504
 493.000       1.4583
 494.000       2.1412
 495.000       1.5512
 496.000       2.1163
 497.000       2.5906
 498.000       2.1413
 499.000       1.5885
 500.000       1.7046
 501.000       1.6396
 502.000       1.3548
 503.000       0.8709
 504.000       1.4732
 505.000       1.1249
 506.000       1.2989
 507.000       1.0437
 508.000       1.2286
 509.000       1.2764
 510.000       1.1752
 511.000       1.8838
 512.000       1.8229
 513.000       1.2705
 514.000       1.6321
 515.000       1.5206
 516.000       1.6071
 517.000       1.2297
 518.000       1.4358
 519.000       1.7090
 520.000       1.7889
 521.000       1.6343
 522.000       1.9077
 523.000       2.3075
 524.000       2.3206
 525.000       2.1517
 526.000       2.6685
 527.000       2.6129
 528.000       2.5686
 529.000       2.5469
 530.000       2.8035
 531.000       2.6306
 532.000       2.1394
 533.000       2.0539
 534.000       2.4234
 535.000       2.6405
 536.000       1.8238
 537.000       2.3921
 538.000       2.6598
 539.000       2.9108
 540.000       3.4530
 541.000       5.1774
 542.000       6.8783
 543.000       5.0154
 544.000       7.7170
 545.000      11.1932
 546.000      12.3487
 547.000      14.0217
 548.000       5.8932
 549.000       8.2156
 550.000      11.2964
 551.000      12.0041
 552.000      14.0127
 553.000       0.7979
 554.000       0.5151
 555.000       0.8110
 556.000      55.3208
 557.000      55.6678
 558.000      53.8560
 559.000      55.6547
 560.000      54.9552
 561.000      54.9841
 562.000      53.7205
 563.000      54.9977
 564.000      53.4193
 565.000      54.5871
 566.000      54.6075
 567.000      54.8915
 568.000      54.4071
 569.000      55.7110
 570.000      55.4377
 571.000      54.5163
 572.000      54.9795
 573.000      54.0631
 574.000      56.7418
 575.000      55.0773
 576.000      53.9759
 577.000      54.4434
 578.000      54.9198
 579.000      55.5699
 580.000      53.0979
 581.000      54.6348
 582.000      54.1587
 583.000      52.9308
 584.000      54.5154
 585.000      54.8455
 586.000      54.2400
 587.000      54.2223
 588.000      54.6454
 589.000      56.0512
 590.000      54.7939
 591.000      55.5946
 592.000      52.8944
 593.000      54.4557
 594.000      54.6635
 595.000      55.4910
 596.000      54.2044
 597.000      55.9199
 598.000      54.4100
 599.000      54.5428
 600.000      56.5229
 601.000      54.1589
 602.000      54.9579
 603.000      55.1425
 604.000      55.2336
 605.000      54.5228
 606.000       0.5797
 607.000      54.5336
 608.000      54.4503
 609.000      53.9899
 610.000      54.2821
 611.000      54.9724
 612.000      55.3113
 613.000      54.8582
 614.000      55.1441
 615.000      55.6955
 616.000      54.3922
 617.000      54.9479
 618.000      55.3494
 619.000      54.1724
 620.000      54.9711
 621.000      55.3002
 622.000      54.2015
 623.000      54.6793
 624.000      54.4797
 625.000      55.1950
 626.000      55.1353
 627.000      55.1651
 628.000      55.1392
 629.000      54.3121
 630.000      55.6285
 631.000      55.4837
 632.000      54.0758
 633.000      55.1290
 634.000      54.4373
 635.000      54.8766
 636.000      55.0172
 637.000      54.6904
 638.000      54.9426
 639.000      55.7004
 640.000      54.8819
 641.000      54.7428
 642.000      54.9658
 643.000      54.9696
 644.000      54.7506
 645.000      55.1302
 646.000      54.8641
 647.000      54.5474
 648.000      54.8599
 649.000      54.3893
 650.000      55.4636
 651.000      54.0420
 652.000      55.4509
 653.000      55.2679
 654.000      54.6667
 655.000      54.3254
 656.000      55.3537
 657.000      54.4545
 658.000      54.8822
 659.000      54.7813
 660.000      53.9610
 661.000      54.8307
 662.000      54.6620
