#Res        AtomicFlx
   1.000       8.7226
   2.000       5.4126
   3.000       4.6310
   4.000       3.8349
   5.000       2.9241
   6.000       2.4986
   7.000       1.5228
   8.000       2.0105
   9.000       2.0667
  10.000       1.7153
  11.000       1.7304
  12.000       1.1697
  13.000       0.7893
  14.000       0.9885
  15.000       1.2780
  16.000       0.7586
  17.000       0.9437
  18.000       0.7123
  19.000       0.6162
  20.000       0.5271
  21.000       0.6016
  22.000       0.6967
  23.000       0.8222
  24.000       1.1956
  25.000       0.8513
  26.000       0.6889
  27.000       1.2137
  28.000       1.5058
  29.000       1.1874
  30.000       0.7612
  31.000       0.8044
  32.000       1.0643
  33.000       1.1704
  34.000       0.9306
  35.000       1.2058
  36.000       1.2604
  37.000       1.1084
  38.000       1.1739
  39.000       1.0309
  40.000       1.0938
  41.000       1.1312
  42.000       0.8776
  43.000       1.0405
  44.000       1.3571
  45.000       0.7895
  46.000       0.6642
  47.000       0.8396
  48.000       0.9211
  49.000       0.7538
  50.000       0.6582
  51.000       1.1224
  52.000       1.1313
  53.000       0.6515
  54.000       0.6338
  55.000       0.7531
  56.000       0.6479
  57.000       1.0469
  58.000       0.8726
  59.000       0.6412
  60.000       0.9398
  61.000       0.7402
  62.000       0.8584
  63.000       0.7430
  64.000       0.7326
  65.000       0.6030
  66.000       0.9889
  67.000       0.9911
  68.000       0.7573
  69.000       0.8200
  70.000       0.9408
  71.000       0.6284
  72.000       0.7114
  73.000       0.7420
  74.000       0.8349
  75.000       0.8013
  76.000       0.8396
  77.000       1.9372
  78.000       1.9411
  79.000       1.3366
  80.000       1.2492
  81.000       1.1105
  82.000       1.0791
  83.000       0.9848
  84.000       1.0665
  85.000       0.7378
  86.000       0.9780
  87.000       0.6979
  88.000       1.1627
  89.000       0.8784
  90.000       1.1046
  91.000       0.6829
  92.000       1.0468
  93.000       1.0336
  94.000       0.6904
  95.000       1.6235
  96.000       1.1437
  97.000       1.0724
  98.000       0.7126
  99.000       0.7058
 100.000       1.0191
 101.000       1.2051
 102.000       0.8057
 103.000       0.7284
 104.000       0.9400
 105.000       0.7918
 106.000       0.7130
 107.000       0.7702
 108.000       0.7309
 109.000       0.7818
 110.000       0.9863
 111.000       0.9098
 112.000       0.8258
 113.000       1.0959
 114.000       0.7122
 115.000       0.8021
 116.000       1.4638
 117.000       1.3567
 118.000       1.7852
 119.000       1.9250
 120.000       0.9979
 121.000       0.9365
 122.000       1.3126
 123.000       1.4579
 124.000       1.9669
 125.000       2.8846
 126.000       2.9395
 127.000       1.4457
 128.000       2.0471
 129.000       2.3878
 130.000       2.6313
 131.000       4.2351
 132.000       3.9446
 133.000       5.1300
 134.000       3.7417
 135.000       3.1087
 136.000       3.3748
 137.000       4.9202
 138.000       5.8061
 139.000       6.3741
 140.000       7.6684
 141.000       8.5547
 142.000       8.8326
 143.000       7.0838
 144.000       6.4723
 145.000       5.2666
 146.000       5.8123
 147.000       6.1811
 148.000       6.2273
 149.000       2.9475
 150.000       1.8091
 151.000       1.0202
 152.000       0.8498
 153.000       0.7957
 154.000       1.1930
 155.000       1.0549
 156.000       0.7147
 157.000       0.7092
 158.000       0.9002
 159.000       1.9241
 160.000       1.4563
 161.000       0.9880
 162.000       1.0249
 163.000       1.3799
 164.000       1.3379
 165.000       1.5732
 166.000       1.6549
 167.000       1.2462
 168.000       2.0223
 169.000       1.1716
 170.000       1.5022
 171.000       2.1596
 172.000       1.8556
 173.000       1.4391
 174.000       1.1561
 175.000       0.9649
 176.000       1.3325
 177.000       1.0485
 178.000       1.1485
 179.000       1.3547
 180.000       1.0408
 181.000       0.7846
 182.000       1.0173
 183.000       0.7041
 184.000       0.8055
 185.000       1.2038
 186.000       1.1615
 187.000       0.9257
 188.000       0.7532
 189.000       0.8824
 190.000       0.9121
 191.000       0.8716
 192.000       1.2526
 193.000       1.2930
 194.000       0.8154
 195.000       1.4338
 196.000       1.7327
 197.000       1.8805
 198.000       1.3336
 199.000       1.7866
 200.000       2.0025
 201.000       1.0949
 202.000       1.0512
 203.000       1.1382
 204.000       1.8797
 205.000       1.1378
 206.000       1.1602
 207.000       1.6357
 208.000       1.0368
 209.000       0.8436
 210.000       1.0521
 211.000       0.9722
 212.000       1.3817
 213.000       0.7813
 214.000       1.0044
 215.000       1.0342
 216.000       0.9019
 217.000       1.0925
 218.000       0.8828
 219.000       0.9281
 220.000       0.9228
 221.000       1.0687
 222.000       1.0924
 223.000       1.0399
 224.000       0.9720
 225.000       1.0836
 226.000       1.1288
 227.000       1.2435
 228.000       1.2565
 229.000       1.1432
 230.000       1.1213
 231.000       1.4238
 232.000       1.3363
 233.000       1.0203
 234.000       1.1683
 235.000       1.4025
 236.000       1.3294
 237.000       0.8981
 238.000       1.3821
 239.000       2.0551
 240.000       1.4834
 241.000       1.8091
 242.000       2.8507
 243.000       2.1847
 244.000       1.6050
 245.000       1.4949
 246.000       1.7465
 247.000       1.6865
 248.000       1.3811
 249.000       1.1167
 250.000       1.1653
 251.000       1.4384
 252.000       1.1238
 253.000       1.0045
 254.000       0.7408
 255.000       0.6997
 256.000       0.7230
 257.000       0.6828
 258.000       0.6622
 259.000       0.6429
 260.000       1.0177
 261.000       0.5713
 262.000       0.6981
 263.000       0.5399
 264.000       0.5977
 265.000       0.6529
 266.000       0.9011
 267.000       0.5473
 268.000       0.6351
 269.000       0.6573
 270.000       0.6401
 271.000       0.6722
 272.000       1.0113
 273.000       0.7269
 274.000       0.9400
 275.000       1.2731
 276.000       0.7872
 277.000       1.3717
 278.000       1.1983
 279.000       1.0905
 280.000       1.0813
 281.000       1.0520
 282.000       0.9420
 283.000       0.7541
 284.000       1.2615
 285.000       0.8298
 286.000       0.6576
 287.000       0.8668
 288.000       0.7849
 289.000       0.6073
 290.000       0.6454
 291.000       0.8634
 292.000       0.7256
 293.000       0.5833
 294.000       0.6353
 295.000       1.3011
 296.000       0.6949
 297.000       0.6571
 298.000       1.2902
 299.000       0.9850
 300.000       0.7896
 301.000       0.8565
 302.000       1.5013
 303.000       1.0105
 304.000       0.9539
 305.000       1.2288
 306.000       0.9840
 307.000       1.1435
 308.000       1.2956
 309.000       1.0436
 310.000       1.0650
 311.000       1.4497
 312.000       1.2335
 313.000       1.3923
 314.000       1.5397
 315.000       1.5263
 316.000       2.3579
 317.000       3.8810
 318.000       1.7349
 319.000       1.3149
 320.000       1.3817
 321.000       1.7990
 322.000       1.5430
 323.000       1.6465
 324.000       3.1789
 325.000       2.4453
 326.000       2.2935
 327.000       1.4653
 328.000       1.4969
 329.000       0.9497
 330.000       1.3541
 331.000       1.0106
 332.000       1.0151
 333.000       0.8977
 334.000       1.0713
 335.000       1.1736
 336.000       0.8734
 337.000       1.2132
 338.000       0.9513
 339.000       1.3201
 340.000       1.0925
 341.000       1.3466
 342.000       1.2129
 343.000       1.1471
 344.000       1.0337
 345.000       0.9284
 346.000       1.1306
 347.000       1.2320
 348.000       1.0867
 349.000       0.7888
 350.000       0.8615
 351.000       0.8088
 352.000       1.0334
 353.000       0.7550
 354.000       1.0149
 355.000       0.9023
 356.000       0.9546
 357.000       0.8726
 358.000       0.8002
 359.000       0.9294
 360.000       0.6175
 361.000       1.0053
 362.000       0.5547
 363.000       0.6767
 364.000       0.6895
 365.000       1.1094
 366.000       0.6471
 367.000       0.5844
 368.000       0.8911
 369.000       1.0641
 370.000       0.6066
 371.000       0.7989
 372.000       0.8610
 373.000       0.8824
 374.000       0.6900
 375.000       0.8557
 376.000       1.2821
 377.000       1.1444
 378.000       1.1985
 379.000       1.3382
 380.000       1.6361
 381.000       2.9585
 382.000       2.0355
 383.000       2.8376
 384.000       3.1506
 385.000       3.1666
 386.000       2.6570
 387.000       1.9678
 388.000       1.2003
 389.000       1.6461
 390.000       1.1984
 391.000       0.8952
 392.000       0.9901
 393.000       0.8391
 394.000       0.8144
 395.000       0.8983
 396.000       1.0385
 397.000       0.8019
 398.000       0.9186
 399.000       1.0411
 400.000       1.6378
 401.000       0.7332
 402.000       0.7013
 403.000       0.9886
 404.000       0.9258
 405.000       0.8213
 406.000       1.0228
 407.000       0.8960
 408.000       1.0021
 409.000       0.7993
 410.000       0.7419
 411.000       0.9164
 412.000       1.0938
 413.000       0.8486
 414.000       0.9393
 415.000       1.1707
 416.000       1.1904
 417.000       1.1511
 418.000       1.1932
 419.000       1.2161
 420.000       1.8560
 421.000       1.6549
 422.000       1.6662
 423.000       0.9573
 424.000       0.9482
 425.000       0.8285
 426.000       1.0398
 427.000       1.0817
 428.000       0.9971
 429.000       0.8314
 430.000       0.7415
 431.000       0.8756
 432.000       1.0186
 433.000       0.8453
 434.000       0.8023
 435.000       0.9486
 436.000       0.8994
 437.000       0.9892
 438.000       1.0103
 439.000       1.7868
 440.000       1.6301
 441.000       1.2253
 442.000       0.9099
 443.000       1.1668
 444.000       1.2249
 445.000       1.2810
 446.000       0.8626
 447.000       0.9305
 448.000       2.1150
 449.000       1.0591
 450.000       1.0244
 451.000       1.5995
 452.000       1.4874
 453.000       1.2057
 454.000       1.5654
 455.000       1.2424
 456.000       1.6756
 457.000       1.1831
 458.000       0.9189
 459.000       0.8551
 460.000       2.3288
 461.000       1.0009
 462.000       0.7972
 463.000       1.3627
 464.000       1.2339
 465.000       0.7441
 466.000       0.7374
 467.000       1.1281
 468.000       0.8388
 469.000       0.9483
 470.000       0.8429
 471.000       0.7720
 472.000       1.1896
 473.000       0.7824
 474.000       0.7834
 475.000       0.9928
 476.000       1.2032
 477.000       0.9237
 478.000       1.2904
 479.000       1.1678
 480.000       1.3813
 481.000       1.6300
 482.000       1.8166
 483.000       2.0222
 484.000       2.3341
 485.000       3.5190
 486.000       3.3630
 487.000       2.8803
 488.000       3.2878
 489.000       2.7394
 490.000       1.5235
 491.000       1.5455
 492.000       1.8431
 493.000       1.0832
 494.000       1.6589
 495.000       1.3673
 496.000       1.1031
 497.000       1.6926
 498.000       1.1344
 499.000       1.0008
 500.000       1.1663
 501.000       1.1541
 502.000       1.1380
 503.000       0.8737
 504.000       1.8332
 505.000       1.0429
 506.000       1.0680
 507.000       0.8087
 508.000       1.0228
 509.000       0.8428
 510.000       0.9851
 511.000       1.5213
 512.000       1.2511
 513.000       1.1331
 514.000       1.1682
 515.000       1.1834
 516.000       1.3793
 517.000       1.1164
 518.000       1.4091
 519.000       1.4265
 520.000       1.6991
 521.000       1.5470
 522.000       1.8095
 523.000       1.9616
 524.000       2.0265
 525.000       1.9136
 526.000       2.3765
 527.000       2.3304
 528.000       2.4205
 529.000       2.7754
 530.000       2.8091
 531.000       2.2920
 532.000       1.8624
 533.000       2.0193
 534.000       1.9779
 535.000       2.0592
 536.000       1.4080
 537.000       1.8591
 538.000       1.8530
 539.000       2.0545
 540.000       2.8542
 541.000       3.7555
 542.000       4.9929
 543.000       7.8778
 544.000      10.9711
 545.000      14.0296
 546.000      14.8498
 547.000      16.0807
 548.000      11.4298
 549.000      14.0319
 550.000      16.7746
 551.000      16.7489
 552.000      18.5865
 553.000       0.7680
 554.000       0.5153
 555.000       0.9208
 556.000      52.4350
 557.000      54.7811
 558.000      54.8566
 559.000      54.5398
 560.000      54.2596
 561.000      55.1288
 562.000      55.1180
 563.000      55.5067
 564.000      53.1480
 565.000      55.0413
 566.000      53.7737
 567.000      54.2948
 568.000      54.0857
 569.000      52.2658
 570.000      54.2949
 571.000      54.4558
 572.000      54.9925
 573.000      54.1688
 574.000      54.6348
 575.000      54.2142
 576.000      54.3586
 577.000      54.2433
 578.000      55.0861
 579.000      54.6089
 580.000      53.4554
 581.000      55.8149
 582.000      53.7091
 583.000      54.5108
 584.000      54.0556
 585.000      53.5906
 586.000      55.7913
 587.000      55.8105
 588.000      52.5546
 589.000      54.8479
 590.000      54.5930
 591.000      53.6425
 592.000      54.8463
 593.000      55.3529
 594.000      55.9502
 595.000      55.1799
 596.000      55.6412
 597.000      53.8969
 598.000      55.6316
 599.000      52.4777
 600.000      54.9232
 601.000      53.6973
 602.000      54.1429
 603.000      55.3914
 604.000      52.8187
 605.000      55.1366
 606.000       0.6271
 607.000      54.4554
 608.000      54.8471
 609.000      54.7428
 610.000      54.9331
 611.000      53.9821
 612.000      55.4404
 613.000      54.8759
 614.000      53.4220
 615.000      54.4933
 616.000      54.5337
 617.000      54.7423
 618.000      54.7150
 619.000      54.9296
 620.000      55.1644
 621.000      54.7010
 622.000      55.2265
 623.000      53.9471
 624.000      54.9686
 625.000      54.8692
 626.000      53.5434
 627.000      54.5401
 628.000      50.7439
 629.000      55.1870
 630.000      54.8931
 631.000      55.1722
 632.000      54.8685
 633.000      55.9468
 634.000      54.6244
 635.000      54.9855
 636.000      54.8467
 637.000      55.6329
 638.000      55.0636
 639.000      54.4125
 640.000      55.2434
 641.000      54.7642
 642.000      54.7112
 643.000      55.4320
 644.000      54.8459
 645.000      53.8435
 646.000      54.4643
 647.000      54.2847
 648.000      54.3296
 649.000      55.3262
 650.000      54.2314
 651.000      54.3777
 652.000      54.4493
 653.000      54.9969
 654.000      53.8526
 655.000      55.0169
 656.000      55.8616
 657.000      54.9922
 658.000      54.9253
 659.000      54.5888
 660.000      55.0696
 661.000      54.8810
 662.000      54.5438
