#Res        AtomicFlx
   1.000       7.2856
   2.000       5.9807
   3.000       5.5221
   4.000       4.9347
   5.000       3.2469
   6.000       3.0706
   7.000       2.3380
   8.000       1.4889
   9.000       1.8289
  10.000       1.3773
  11.000       1.2688
  12.000       1.1905
  13.000       1.0589
  14.000       0.8476
  15.000       1.1549
  16.000       0.7970
  17.000       0.7775
  18.000       0.6636
  19.000       0.5369
  20.000       0.4998
  21.000       0.5984
  22.000       0.6412
  23.000       0.8864
  24.000       0.8247
  25.000       0.6077
  26.000       0.5404
  27.000       0.9822
  28.000       0.7415
  29.000       0.6621
  30.000       0.5841
  31.000       0.6262
  32.000       0.8570
  33.000       0.7694
  34.000       0.7845
  35.000       1.7302
  36.000       1.1426
  37.000       0.8831
  38.000       1.0801
  39.000       0.9023
  40.000       0.8572
  41.000       0.8688
  42.000       0.7093
  43.000       0.9219
  44.000       1.2252
  45.000       0.6840
  46.000       0.5768
  47.000       0.8165
  48.000       0.9117
  49.000       0.7450
  50.000       0.6821
  51.000       1.1458
  52.000       1.1481
  53.000       0.6879
  54.000       0.6867
  55.000       0.8223
  56.000       0.6362
  57.000       0.9518
  58.000       0.8666
  59.000       0.6128
  60.000       0.9634
  61.000       0.6017
  62.000       0.8662
  63.000       0.6720
  64.000       0.6862
  65.000       0.6819
  66.000       0.8799
  67.000       1.1395
  68.000       1.6963
  69.000       0.8351
  70.000       0.7874
  71.000       0.5953
  72.000       0.6286
  73.000       0.7114
  74.000       0.7422
  75.000       0.8398
  76.000       0.7464
  77.000       2.1112
  78.000       2.1131
  79.000       1.2894
  80.000       0.9051
  81.000       0.8073
  82.000       0.9900
  83.000       1.0056
  84.000       1.0534
  85.000       0.6995
  86.000       0.9806
  87.000       0.6119
  88.000       0.8875
  89.000       0.6869
  90.000       0.8074
  91.000       0.6084
  92.000       0.8184
  93.000       0.9286
  94.000       0.5796
  95.000       0.7490
  96.000       0.7262
  97.000       0.7418
  98.000       0.5716
  99.000       0.5834
 100.000       0.9159
 101.000       0.7919
 102.000       0.6647
 103.000       0.6136
 104.000       0.7999
 105.000       0.6349
 106.000       0.5495
 107.000       0.6116
 108.000       0.5349
 109.000       0.6360
 110.000       0.9280
 111.000       0.7580
 112.000       0.6509
 113.000       0.9449
 114.000       0.6264
 115.000       0.6494
 116.000       1.4323
 117.000       1.2821
 118.000       1.7263
 119.000       1.7919
 120.000       0.8874
 121.000       0.7993
 122.000       0.7680
 123.000       1.0447
 124.000       1.1274
 125.000       1.0041
 126.000       1.8257
 127.000       1.4273
 128.000       1.8169
 129.000       1.6613
 130.000       1.2078
 131.000       1.5071
 132.000       1.3349
 133.000       1.3764
 134.000       0.9773
 135.000       1.0892
 136.000       1.0036
 137.000       1.1095
 138.000       2.0029
 139.000       1.5701
 140.000       1.6327
 141.000       1.8927
 142.000       1.6551
 143.000       2.0246
 144.000       2.0257
 145.000       1.3986
 146.000       1.7510
 147.000       2.2156
 148.000       1.8109
 149.000       1.2063
 150.000       1.0185
 151.000       0.8855
 152.000       0.7678
 153.000       0.6933
 154.000       1.0926
 155.000       0.9376
 156.000       0.6832
 157.000       0.6786
 158.000       1.1122
 159.000       1.9885
 160.000       1.3761
 161.000       1.2177
 162.000       1.2035
 163.000       1.3237
 164.000       1.7589
 165.000       2.2474
 166.000       1.9670
 167.000       1.6549
 168.000       3.5264
 169.000       1.7378
 170.000       1.4695
 171.000       2.1482
 172.000       1.8078
 173.000       1.4767
 174.000       1.1200
 175.000       0.9718
 176.000       1.4396
 177.000       1.1985
 178.000       2.0788
 179.000       1.3321
 180.000       0.8738
 181.000       0.8210
 182.000       1.2210
 183.000       0.6531
 184.000       1.1432
 185.000       1.3222
 186.000       1.1941
 187.000       0.9570
 188.000       1.1204
 189.000       0.9276
 190.000       0.9924
 191.000       1.0322
 192.000       1.2142
 193.000       1.4548
 194.000       0.9646
 195.000       1.1756
 196.000       1.4738
 197.000       1.4968
 198.000       1.1278
 199.000       1.4854
 200.000       1.9180
 201.000       1.2452
 202.000       1.0758
 203.000       1.1661
 204.000       1.7407
 205.000       1.0570
 206.000       1.0661
 207.000       1.5225
 208.000       1.1181
 209.000       0.7589
 210.000       0.9237
 211.000       1.1430
 212.000       1.1014
 213.000       0.7309
 214.000       1.1295
 215.000       1.0593
 216.000       0.8978
 217.000       1.0316
 218.000       0.8267
 219.000       0.7898
 220.000       0.7984
 221.000       0.9362
 222.000       0.8965
 223.000       0.7526
 224.000       0.7059
 225.000       0.8525
 226.000       0.8448
 227.000       0.9711
 228.000       0.9146
 229.000       0.7670
 230.000       0.8141
 231.000       0.8621
 232.000       0.8747
 233.000       0.8234
 234.000       0.9230
 235.000       1.1440
 236.000       1.3617
 237.000       1.0372
 238.000       1.0775
 239.000       1.8874
 240.000       1.3445
 241.000       1.6013
 242.000       2.3298
 243.000       1.8358
 244.000       1.4192
 245.000       1.5493
 246.000       1.7519
 247.000       1.5022
 248.000       1.3482
 249.000       0.8914
 250.000       1.0520
 251.000       0.8449
 252.000       0.9983
 253.000       0.8575
 254.000       0.6521
 255.000       0.6281
 256.000       0.6104
 257.000       0.5308
 258.000       0.6856
 259.000       0.5796
 260.000       0.9334
 261.000       0.5167
 262.000       0.6738
 263.000       0.5369
 264.000       0.5724
 265.000       0.5986
 266.000       0.7101
 267.000       0.5851
 268.000       0.7291
 269.000       0.7558
 270.000       0.7182
 271.000       0.6515
 272.000       0.9483
 273.000       0.7384
 274.000       0.7698
 275.000       2.0681
 276.000       0.7438
 277.000       1.3221
 278.000       1.1241
 279.000       1.0649
 280.000       1.0456
 281.000       1.0651
 282.000       0.8284
 283.000       1.0888
 284.000       1.4877
 285.000       0.8517
 286.000       0.6632
 287.000       1.0251
 288.000       0.9107
 289.000       0.5978
 290.000       0.5890
 291.000       0.7852
 292.000       0.6701
 293.000       0.5230
 294.000       0.5501
 295.000       1.2453
 296.000       0.6024
 297.000       0.5340
 298.000       1.0222
 299.000       0.7308
 300.000       0.6112
 301.000       0.6012
 302.000       1.3213
 303.000       0.7415
 304.000       0.7753
 305.000       1.0541
 306.000       0.6775
 307.000       1.0060
 308.000       1.0752
 309.000       0.7413
 310.000       0.8697
 311.000       1.0691
 312.000       0.8984
 313.000       1.0386
 314.000       1.3911
 315.000       1.6455
 316.000       1.4910
 317.000       1.2416
 318.000       1.3323
 319.000       1.1588
 320.000       1.3271
 321.000       1.7352
 322.000       1.2454
 323.000       1.2377
 324.000       1.8341
 325.000       1.3557
 326.000       1.0166
 327.000       0.9164
 328.000       0.9350
 329.000       0.9398
 330.000       0.9300
 331.000       0.7903
 332.000       0.6125
 333.000       0.7039
 334.000       0.9031
 335.000       0.9247
 336.000       0.6189
 337.000       1.0263
 338.000       0.6998
 339.000       0.9422
 340.000       0.7891
 341.000       1.1339
 342.000       0.9977
 343.000       0.9298
 344.000       0.8256
 345.000       0.7194
 346.000       0.8877
 347.000       1.0616
 348.000       0.9361
 349.000       0.5689
 350.000       0.6844
 351.000       0.6406
 352.000       0.5691
 353.000       0.5518
 354.000       0.7491
 355.000       0.6906
 356.000       0.8542
 357.000       0.7118
 358.000       0.6730
 359.000       0.8072
 360.000       0.5885
 361.000       0.7115
 362.000       0.6765
 363.000       0.6626
 364.000       0.5884
 365.000       1.0130
 366.000       0.5923
 367.000       0.5217
 368.000       0.9592
 369.000       1.0283
 370.000       0.5606
 371.000       0.7639
 372.000       0.8494
 373.000       0.9744
 374.000       0.6447
 375.000       0.7436
 376.000       1.0093
 377.000       1.0735
 378.000       1.0216
 379.000       1.0428
 380.000       1.3194
 381.000       2.2726
 382.000       1.7073
 383.000       1.8147
 384.000       2.8142
 385.000       3.1938
 386.000       3.9663
 387.000       2.5357
 388.000       1.6900
 389.000       1.9670
 390.000       1.1546
 391.000       1.2123
 392.000       1.1404
 393.000       0.9195
 394.000       0.9056
 395.000       0.9365
 396.000       1.1051
 397.000       0.8898
 398.000       0.9905
 399.000       1.2568
 400.000       1.7842
 401.000       0.8486
 402.000       0.8719
 403.000       1.2816
 404.000       1.0568
 405.000       0.7961
 406.000       1.0803
 407.000       0.8432
 408.000       1.0610
 409.000       0.8075
 410.000       0.7324
 411.000       0.7917
 412.000       1.0987
 413.000       0.7846
 414.000       0.8675
 415.000       0.9532
 416.000       0.8517
 417.000       1.0535
 418.000       0.9096
 419.000       1.0901
 420.000       1.5043
 421.000       1.2442
 422.000       1.1428
 423.000       0.7034
 424.000       0.7831
 425.000       0.6852
 426.000       0.8914
 427.000       0.9132
 428.000       0.7683
 429.000       0.7496
 430.000       0.6373
 431.000       0.7255
 432.000       0.8720
 433.000       0.8483
 434.000       0.6776
 435.000       0.7340
 436.000       0.6928
 437.000       0.9685
 438.000       0.8776
 439.000       1.4114
 440.000       1.0542
 441.000       0.8762
 442.000       0.7243
 443.000       1.1334
 444.000       0.9965
 445.000       1.1539
 446.000       0.7607
 447.000       0.8313
 448.000       2.0949
 449.000       0.8515
 450.000       0.9729
 451.000       1.4562
 452.000       1.4491
 453.000       1.1693
 454.000       1.8008
 455.000       1.1389
 456.000       1.7622
 457.000       1.2125
 458.000       0.9280
 459.000       0.9380
 460.000       1.2891
 461.000       1.0452
 462.000       0.8341
 463.000       1.3165
 464.000       1.2917
 465.000       0.7130
 466.000       0.6887
 467.000       0.9699
 468.000       0.7629
 469.000       0.8924
 470.000       0.8182
 471.000       0.7121
 472.000       1.0674
 473.000       0.6830
 474.000       0.6993
 475.000       0.9910
 476.000       1.5614
 477.000       0.7446
 478.000       1.0576
 479.000       1.0420
 480.000       1.0254
 481.000       1.6069
 482.000       1.2100
 483.000       1.6818
 484.000       1.7324
 485.000       2.1188
 486.000       2.6796
 487.000       2.2723
 488.000       2.5762
 489.000       2.6308
 490.000       1.2268
 491.000       1.3236
 492.000       1.8416
 493.000       1.2306
 494.000       1.8831
 495.000       1.0011
 496.000       1.1927
 497.000       1.6568
 498.000       1.1324
 499.000       0.9086
 500.000       1.1126
 501.000       1.1713
 502.000       1.0964
 503.000       0.7336
 504.000       1.2474
 505.000       0.9886
 506.000       1.1003
 507.000       0.8137
 508.000       1.1432
 509.000       1.1504
 510.000       1.1521
 511.000       1.9839
 512.000       1.8014
 513.000       2.0419
 514.000       2.0655
 515.000       1.8961
 516.000       1.8919
 517.000       1.3760
 518.000       1.6030
 519.000       1.6588
 520.000       1.5771
 521.000       1.5504
 522.000       1.8248
 523.000       1.9862
 524.000       1.7256
 525.000       1.4731
 526.000       1.9469
 527.000       1.9980
 528.000       2.1883
 529.000       3.1269
 530.000       2.9661
 531.000       2.0297
 532.000       1.5870
 533.000       1.8492
 534.000       1.8620
 535.000       1.9085
 536.000       1.1337
 537.000       1.5447
 538.000       1.3895
 539.000       1.2919
 540.000       2.2740
 541.000       3.3600
 542.000       4.9606
 543.000       2.3040
 544.000       4.0560
 545.000       6.2600
 546.000       7.4355
 547.000       8.7042
 548.000       2.6060
 549.000       3.3615
 550.000       4.7822
 551.000       6.7586
 552.000       6.0692
 553.000       0.7623
 554.000       0.5119
 555.000       0.6137
 556.000      53.7776
 557.000      55.0010
 558.000      54.7752
 559.000      52.7845
 560.000      55.5267
 561.000      55.2592
 562.000      54.6222
 563.000      55.3387
 564.000      54.7757
 565.000      55.0966
 566.000      54.9594
 567.000      54.3282
 568.000      55.0941
 569.000      54.7492
 570.000      53.9561
 571.000      53.1903
 572.000      52.9219
 573.000      54.7820
 574.000      55.2572
 575.000      53.6229
 576.000      55.2316
 577.000      54.9040
 578.000      54.9081
 579.000      53.4539
 580.000      54.8838
 581.000      54.7729
 582.000      54.8525
 583.000      54.4784
 584.000      55.5836
 585.000      53.0624
 586.000      54.2609
 587.000      53.4683
 588.000      53.8863
 589.000      53.6908
 590.000      54.2380
 591.000      54.2945
 592.000      53.7163
 593.000      55.0374
 594.000      55.0305
 595.000      54.0118
 596.000      54.5631
 597.000      55.2090
 598.000      54.6752
 599.000      53.9751
 600.000      54.9847
 601.000      55.2646
 602.000      54.8266
 603.000      55.2058
 604.000      53.5507
 605.000      54.0184
 606.000       0.5447
 607.000      55.2245
 608.000      54.3903
 609.000      54.1979
 610.000      54.1947
 611.000      55.0761
 612.000      53.4646
 613.000      54.9221
 614.000      55.1718
 615.000      54.5712
 616.000      54.9688
 617.000      54.4170
 618.000      55.0365
 619.000      55.8333
 620.000      55.2007
 621.000      54.2651
 622.000      54.5101
 623.000      54.6659
 624.000      54.3543
 625.000      54.7234
 626.000      55.0840
 627.000      54.9289
 628.000      54.5357
 629.000      54.9614
 630.000      54.5586
 631.000      53.9191
 632.000      55.0435
 633.000      54.8580
 634.000      54.6342
 635.000      54.6044
 636.000      54.4736
 637.000      54.7261
 638.000      54.4091
 639.000      55.1490
 640.000      54.3497
 641.000      54.8259
 642.000      55.2241
 643.000      54.7107
 644.000      55.3836
 645.000      55.4329
 646.000      55.2132
 647.000      54.9570
 648.000      54.8460
 649.000      55.3218
 650.000      54.8024
 651.000      54.7829
 652.000      54.4509
 653.000      54.8167
 654.000      54.3098
 655.000      55.0933
 656.000      54.8112
 657.000      55.3793
 658.000      54.4013
 659.000      54.2810
 660.000      55.3566
 661.000      54.1725
 662.000      54.6414
