#Res        AtomicFlx
   1.000       6.1035
   2.000       3.8800
   3.000       4.4834
   4.000       3.1242
   5.000       1.7674
   6.000       1.2846
   7.000       0.9131
   8.000       1.2862
   9.000       1.8060
  10.000       1.5205
  11.000       1.3390
  12.000       1.0954
  13.000       0.7451
  14.000       0.9644
  15.000       1.0210
  16.000       0.6824
  17.000       0.8842
  18.000       0.6968
  19.000       0.5588
  20.000       0.5704
  21.000       0.6060
  22.000       0.6661
  23.000       0.7510
  24.000       0.9779
  25.000       0.6546
  26.000       0.5740
  27.000       1.0889
  28.000       1.3680
  29.000       1.2535
  30.000       0.6393
  31.000       0.7291
  32.000       1.0399
  33.000       1.0512
  34.000       0.8393
  35.000       1.3624
  36.000       1.4020
  37.000       0.9196
  38.000       1.3161
  39.000       1.0755
  40.000       1.0153
  41.000       1.1054
  42.000       0.7959
  43.000       0.9707
  44.000       1.2259
  45.000       0.7201
  46.000       0.6152
  47.000       0.8526
  48.000       0.9524
  49.000       0.7502
  50.000       0.7352
  51.000       1.1967
  52.000       1.2699
  53.000       0.7990
  54.000       0.6737
  55.000       0.8779
  56.000       0.7186
  57.000       0.9024
  58.000       0.9568
  59.000       0.7654
  60.000       1.1329
  61.000       1.2346
  62.000       1.1045
  63.000       0.8246
  64.000       0.9622
  65.000       0.8167
  66.000       1.1066
  67.000       1.4346
  68.000       1.1003
  69.000       1.5756
  70.000       1.1081
  71.000       0.8368
  72.000       1.0182
  73.000       0.9135
  74.000       1.0151
  75.000       1.0859
  76.000       1.1903
  77.000       2.2431
  78.000       2.1242
  79.000       1.4940
  80.000       1.3351
  81.000       1.2084
  82.000       1.3762
  83.000       1.3093
  84.000       1.0530
  85.000       0.6540
  86.000       0.8643
  87.000       0.6697
  88.000       1.0647
  89.000       0.7284
  90.000       0.8838
  91.000       0.7481
  92.000       0.9212
  93.000       1.1222
  94.000       0.7136
  95.000       1.0110
  96.000       0.7521
  97.000       1.0418
  98.000       0.6562
  99.000       0.7167
 100.000       1.0856
 101.000       1.2395
 102.000       0.7657
 103.000       0.7146
 104.000       0.9039
 105.000       0.7271
 106.000       0.6334
 107.000       0.6973
 108.000       0.6042
 109.000       0.6707
 110.000       0.9599
 111.000       0.8585
 112.000       0.6951
 113.000       1.1496
 114.000       0.7376
 115.000       0.7485
 116.000       1.3463
 117.000       1.2429
 118.000       1.6281
 119.000       1.8026
 120.000       0.8814
 121.000       0.8839
 122.000       0.9751
 123.000       1.3992
 124.000       1.3077
 125.000       1.2130
 126.000       2.1133
 127.000       1.4509
 128.000       1.7939
 129.000       1.6386
 130.000       1.3214
 131.000       1.7309
 132.000       1.9162
 133.000       1.9626
 134.000       1.3609
 135.000       1.6994
 136.000       1.8220
 137.000       2.8860
 138.000       3.2455
 139.000       2.3923
 140.000       3.4538
 141.000       3.4869
 142.000       4.1375
 143.000       4.4734
 144.000       4.2583
 145.000       5.2134
 146.000       3.0504
 147.000       3.5340
 148.000       2.9014
 149.000       1.8173
 150.000       1.4626
 151.000       0.9924
 152.000       0.7865
 153.000       0.7739
 154.000       1.1498
 155.000       1.0727
 156.000       0.8297
 157.000       1.0809
 158.000       1.1124
 159.000       1.7846
 160.000       1.5527
 161.000       1.6210
 162.000       1.9324
 163.000       1.8271
 164.000       2.5869
 165.000       2.4716
 166.000       2.6320
 167.000       2.4268
 168.000       3.6382
 169.000       1.5503
 170.000       1.2170
 171.000       1.9719
 172.000       1.9775
 173.000       1.8467
 174.000       1.1659
 175.000       0.9771
 176.000       1.2133
 177.000       0.9570
 178.000       2.3158
 179.000       1.3842
 180.000       1.0871
 181.000       0.7900
 182.000       1.1686
 183.000       0.6453
 184.000       0.7861
 185.000       1.2632
 186.000       1.0546
 187.000       0.8295
 188.000       0.9259
 189.000       0.7204
 190.000       0.7606
 191.000       0.7208
 192.000       0.9582
 193.000       1.1247
 194.000       0.6511
 195.000       0.8236
 196.000       1.4276
 197.000       1.0752
 198.000       0.7473
 199.000       1.1519
 200.000       1.4335
 201.000       0.8302
 202.000       0.9558
 203.000       1.1063
 204.000       1.7573
 205.000       1.0063
 206.000       1.2091
 207.000       1.3263
 208.000       0.9168
 209.000       0.7558
 210.000       0.9643
 211.000       0.9244
 212.000       1.3271
 213.000       0.6996
 214.000       1.0397
 215.000       0.9587
 216.000       1.0845
 217.000       0.9970
 218.000       0.7600
 219.000       0.7584
 220.000       0.8626
 221.000       0.9075
 222.000       0.9052
 223.000       0.8138
 224.000       0.7509
 225.000       0.9184
 226.000       0.9510
 227.000       1.0430
 228.000       1.0689
 229.000       0.8538
 230.000       0.8139
 231.000       1.5737
 232.000       1.5997
 233.000       0.6501
 234.000       0.8134
 235.000       1.1229
 236.000       1.0046
 237.000       0.7248
 238.000       1.0639
 239.000       1.8213
 240.000       1.4019
 241.000       1.4560
 242.000       1.9333
 243.000       1.9242
 244.000       1.4445
 245.000       1.5344
 246.000       1.4947
 247.000       1.4146
 248.000       1.1226
 249.000       0.7597
 250.000       1.0481
 251.000       0.7895
 252.000       0.9810
 253.000       0.8276
 254.000       0.6673
 255.000       0.6617
 256.000       0.6762
 257.000       0.5775
 258.000       0.7239
 259.000       1.0008
 260.000       1.3036
 261.000       0.5759
 262.000       1.0216
 263.000       0.7382
 264.000       0.9962
 265.000       1.5346
 266.000       1.5796
 267.000       0.7836
 268.000       0.6899
 269.000       0.7600
 270.000       0.8579
 271.000       0.7347
 272.000       0.9562
 273.000       0.8198
 274.000       0.9760
 275.000       0.8953
 276.000       0.8495
 277.000       1.5180
 278.000       1.5633
 279.000       1.4425
 280.000       1.2723
 281.000       0.8440
 282.000       1.0937
 283.000       1.0035
 284.000       1.4808
 285.000       0.8571
 286.000       0.7107
 287.000       0.9253
 288.000       0.8018
 289.000       0.6372
 290.000       0.7174
 291.000       0.8409
 292.000       0.6964
 293.000       0.5405
 294.000       0.5881
 295.000       1.2298
 296.000       0.6027
 297.000       0.5179
 298.000       1.3146
 299.000       0.7066
 300.000       0.6133
 301.000       0.5338
 302.000       1.0916
 303.000       0.6624
 304.000       0.6533
 305.000       0.9784
 306.000       0.6255
 307.000       0.8539
 308.000       1.0326
 309.000       0.7454
 310.000       0.9627
 311.000       1.0610
 312.000       1.0135
 313.000       1.4530
 314.000       1.5958
 315.000       2.2467
 316.000       1.7830
 317.000       1.4269
 318.000       1.4120
 319.000       1.1603
 320.000       1.4540
 321.000       1.9643
 322.000       1.5535
 323.000       1.4595
 324.000       2.0707
 325.000       2.4801
 326.000       1.9353
 327.000       2.2264
 328.000       1.4190
 329.000       1.0741
 330.000       0.9725
 331.000       1.2228
 332.000       0.9176
 333.000       0.7492
 334.000       0.8797
 335.000       0.6651
 336.000       0.6747
 337.000       0.9282
 338.000       0.7577
 339.000       1.0460
 340.000       0.8330
 341.000       1.1027
 342.000       1.1175
 343.000       1.0219
 344.000       0.9053
 345.000       0.7444
 346.000       0.8541
 347.000       1.7365
 348.000       0.8921
 349.000       0.6562
 350.000       0.7474
 351.000       0.7094
 352.000       0.6392
 353.000       0.6121
 354.000       0.7530
 355.000       0.8219
 356.000       0.9732
 357.000       0.8356
 358.000       0.8278
 359.000       0.8688
 360.000       0.5640
 361.000       0.9715
 362.000       0.5488
 363.000       0.5358
 364.000       0.6639
 365.000       0.5833
 366.000       0.6201
 367.000       0.6018
 368.000       0.8067
 369.000       0.8085
 370.000       0.6453
 371.000       0.9167
 372.000       0.7287
 373.000       0.8436
 374.000       0.7851
 375.000       0.8153
 376.000       1.0093
 377.000       1.2439
 378.000       1.2163
 379.000       1.3957
 380.000       1.3790
 381.000       2.1449
 382.000       1.9216
 383.000       1.4670
 384.000       1.7210
 385.000       2.2094
 386.000       1.7172
 387.000       1.8847
 388.000       1.1816
 389.000       2.0478
 390.000       1.1404
 391.000       0.8722
 392.000       0.9219
 393.000       0.7892
 394.000       0.7957
 395.000       0.8040
 396.000       0.9692
 397.000       0.7805
 398.000       0.9242
 399.000       1.0977
 400.000       1.3847
 401.000       0.7121
 402.000       0.7242
 403.000       1.1456
 404.000       1.0131
 405.000       0.8633
 406.000       1.0881
 407.000       0.8365
 408.000       1.0850
 409.000       0.8969
 410.000       0.8644
 411.000       0.9753
 412.000       0.9241
 413.000       0.8376
 414.000       0.8631
 415.000       1.1272
 416.000       1.1723
 417.000       1.1892
 418.000       1.1638
 419.000       1.2566
 420.000       1.5867
 421.000       1.2916
 422.000       1.3908
 423.000       0.8972
 424.000       1.1259
 425.000       0.8448
 426.000       1.0305
 427.000       0.8652
 428.000       0.8659
 429.000       0.8424
 430.000       0.7048
 431.000       0.7762
 432.000       1.0436
 433.000       1.1252
 434.000       0.8785
 435.000       1.0172
 436.000       0.9917
 437.000       1.2024
 438.000       1.3947
 439.000       2.4353
 440.000       1.9681
 441.000       1.3794
 442.000       0.8598
 443.000       1.0596
 444.000       1.0810
 445.000       1.4096
 446.000       1.1305
 447.000       0.7798
 448.000       2.0125
 449.000       1.1135
 450.000       0.9613
 451.000       1.3604
 452.000       1.5979
 453.000       1.3178
 454.000       1.1704
 455.000       1.0388
 456.000       1.4599
 457.000       0.9859
 458.000       0.8855
 459.000       1.0013
 460.000       1.3673
 461.000       1.0858
 462.000       0.8952
 463.000       1.1458
 464.000       1.4373
 465.000       0.8168
 466.000       0.7661
 467.000       1.2491
 468.000       0.8825
 469.000       0.9362
 470.000       0.7570
 471.000       0.7369
 472.000       1.1259
 473.000       0.6588
 474.000       0.7271
 475.000       0.8639
 476.000       1.1949
 477.000       0.8097
 478.000       1.1043
 479.000       1.0390
 480.000       0.9926
 481.000       1.9111
 482.000       1.3426
 483.000       1.6913
 484.000       1.6256
 485.000       2.4269
 486.000       3.5193
 487.000       3.1370
 488.000       2.0890
 489.000       3.1053
 490.000       1.6202
 491.000       1.8107
 492.000       2.2896
 493.000       1.2491
 494.000       1.9918
 495.000       1.3279
 496.000       1.3971
 497.000       1.8458
 498.000       1.2922
 499.000       1.0306
 500.000       1.2855
 501.000       1.3523
 502.000       1.1524
 503.000       0.8670
 504.000       1.6192
 505.000       1.0384
 506.000       1.3019
 507.000       0.9303
 508.000       1.0736
 509.000       1.1910
 510.000       1.1115
 511.000       1.5053
 512.000       1.2870
 513.000       0.9481
 514.000       0.8906
 515.000       0.8796
 516.000       0.9983
 517.000       0.9030
 518.000       1.2049
 519.000       1.3026
 520.000       1.2857
 521.000       1.7740
 522.000       2.0303
 523.000       2.0972
 524.000       2.0453
 525.000       1.9718
 526.000       2.3411
 527.000       2.5977
 528.000       2.9709
 529.000       3.2624
 530.000       3.5328
 531.000       2.7371
 532.000       2.2182
 533.000       2.3161
 534.000       2.4343
 535.000       2.6022
 536.000       1.8309
 537.000       2.2655
 538.000       2.4533
 539.000       2.8000
 540.000       3.3382
 541.000       4.7099
 542.000       6.4975
 543.000       3.8021
 544.000       6.1409
 545.000       8.3559
 546.000       9.9309
 547.000      10.9362
 548.000       7.1654
 549.000      10.3525
 550.000      13.3302
 551.000      14.8214
 552.000      14.3769
 553.000       0.7604
 554.000       0.5118
 555.000       0.5045
 556.000      55.7164
 557.000      54.0906
 558.000      54.2599
 559.000      51.7906
 560.000      54.9695
 561.000      53.3414
 562.000      54.3275
 563.000      53.8014
 564.000      53.5246
 565.000      54.7345
 566.000      55.2100
 567.000      54.1977
 568.000      54.7830
 569.000      55.1989
 570.000      50.6876
 571.000      54.4543
 572.000      54.6382
 573.000      55.4484
 574.000      54.6044
 575.000      53.4146
 576.000      56.1525
 577.000      55.0284
 578.000      55.2504
 579.000      55.2082
 580.000      54.7418
 581.000      54.0846
 582.000      55.5574
 583.000      55.1514
 584.000      55.3136
 585.000      53.2621
 586.000      54.3581
 587.000      55.4025
 588.000      54.1740
 589.000      54.0867
 590.000      53.8478
 591.000      56.6489
 592.000      54.0525
 593.000      56.2472
 594.000      54.7197
 595.000      54.5860
 596.000      54.9089
 597.000      54.6586
 598.000      54.7624
 599.000      54.1784
 600.000      55.0583
 601.000      54.4147
 602.000      55.4854
 603.000      55.2385
 604.000      54.1068
 605.000      54.2294
 606.000       0.5646
 607.000      54.2670
 608.000      54.7694
 609.000      55.4843
 610.000      54.5253
 611.000      54.5727
 612.000      54.5238
 613.000      55.0334
 614.000      54.8517
 615.000      55.3198
 616.000      55.1568
 617.000      54.1261
 618.000      55.3903
 619.000      55.5943
 620.000      55.3767
 621.000      54.9180
 622.000      54.9758
 623.000      55.3460
 624.000      55.2181
 625.000      55.8162
 626.000      55.1424
 627.000      54.3317
 628.000      55.1359
 629.000      54.6908
 630.000      54.4870
 631.000      55.0567
 632.000      54.6211
 633.000      54.2053
 634.000      54.4541
 635.000      54.5268
 636.000      55.1351
 637.000      55.6936
 638.000      55.3811
 639.000      55.5334
 640.000      54.8371
 641.000      55.6766
 642.000      55.6309
 643.000      54.6936
 644.000      54.9242
 645.000      55.2128
 646.000      55.2777
 647.000      54.2356
 648.000      55.3827
 649.000      54.7468
 650.000      54.6163
 651.000      54.7511
 652.000      55.6578
 653.000      54.9603
 654.000      54.1189
 655.000      54.8545
 656.000      54.1440
 657.000      54.6324
 658.000      54.9221
 659.000      55.3134
 660.000      55.5462
 661.000      54.2089
 662.000      54.5549
