#Res        AtomicFlx
   1.000       5.2207
   2.000       3.8164
   3.000       3.2844
   4.000       3.0497
   5.000       2.8265
   6.000       2.7435
   7.000       2.5671
   8.000       3.6513
   9.000       2.8397
  10.000       2.8955
  11.000       1.8064
  12.000       1.5130
  13.000       1.3710
  14.000       1.5610
  15.000       1.8073
  16.000       1.9300
  17.000       1.6087
  18.000       2.1054
  19.000       2.1964
  20.000       2.2121
  21.000       2.1184
  22.000       2.6408
  23.000       2.9823
  24.000       2.6557
  25.000       2.9983
  26.000       2.7888
  27.000       2.3677
  28.000       2.2795
  29.000       1.4658
  30.000       2.1236
  31.000       1.2565
  32.000       1.9573
  33.000       1.3946
  34.000       1.3474
  35.000       1.2498
  36.000       1.6576
  37.000       0.8476
  38.000       1.1653
  39.000       1.1777
  40.000       0.8849
  41.000       0.6084
  42.000       1.1239
  43.000       0.6734
  44.000       0.6453
  45.000       0.7903
  46.000       0.7680
  47.000       0.6591
  48.000       0.8144
  49.000       0.6981
  50.000       0.8116
  51.000       0.8902
  52.000       1.0042
  53.000       1.2362
  54.000       1.1779
  55.000       0.9244
  56.000       1.1363
  57.000       1.1393
  58.000       1.1466
  59.000       1.5344
  60.000       1.3838
  61.000       1.4538
  62.000       1.5082
  63.000       1.5081
  64.000       1.4480
  65.000       1.3227
  66.000       1.1134
  67.000       1.5384
  68.000       1.3543
  69.000       1.0655
  70.000       0.9529
  71.000       1.3128
  72.000       1.1717
  73.000       0.9926
  74.000       0.9243
  75.000       1.0136
  76.000       1.0082
  77.000       0.9578
  78.000       0.6769
  79.000       0.8191
  80.000       0.7434
  81.000       0.6964
  82.000       0.6973
  83.000       1.0424
  84.000       0.8213
  85.000       0.6774
  86.000       0.9091
  87.000       0.6840
  88.000       0.7776
  89.000       0.6025
  90.000       0.8871
  91.000       0.8387
  92.000       0.9266
  93.000       1.3087
  94.000       1.2805
  95.000       0.6716
  96.000       0.7220
  97.000       0.9444
  98.000       0.7231
  99.000       0.7778
 100.000       0.6791
 101.000       1.0103
 102.000       0.9894
 103.000       1.1257
 104.000       1.0726
 105.000       1.0462
 106.000       0.9389
 107.000       0.9875
 108.000       1.1746
 109.000       0.6535
 110.000       0.6713
 111.000       0.5693
 112.000       0.9423
 113.000       0.6198
 114.000       0.5293
 115.000       1.0330
 116.000       0.9691
 117.000       0.6671
 118.000       0.6350
 119.000       1.0487
 120.000       1.0582
 121.000       0.9313
 122.000       0.5631
 123.000       0.7789
 124.000       1.2711
 125.000       0.6507
 126.000       0.6841
 127.000       0.7160
 128.000       0.9309
 129.000       0.8246
 130.000       0.9500
 131.000       1.3306
 132.000       0.9048
 133.000       1.1388
 134.000       0.9065
 135.000       0.9160
 136.000       1.0069
 137.000       1.0843
 138.000       1.0431
 139.000       1.0324
 140.000       1.5330
 141.000       1.5792
 142.000       1.8528
 143.000       1.5298
 144.000       1.3067
 145.000       1.2219
 146.000       1.1833
 147.000       1.5409
 148.000       1.7948
 149.000       1.4852
 150.000       1.5908
 151.000       2.1413
 152.000       2.5565
 153.000       3.4854
 154.000       4.1349
 155.000       3.6516
 156.000       3.4129
 157.000       2.2791
 158.000       2.1655
 159.000       1.8280
 160.000       2.0179
 161.000       1.6215
 162.000       1.3833
 163.000       1.6970
 164.000       2.6942
 165.000       1.5463
 166.000       1.3980
 167.000       1.2773
 168.000       1.3510
 169.000       1.3741
 170.000       1.1938
 171.000       1.0141
 172.000       0.9592
 173.000       1.3278
 174.000       1.1610
 175.000       1.2625
 176.000       0.9811
 177.000       1.0177
 178.000       1.0300
 179.000       1.2516
 180.000       1.3403
 181.000       1.8094
 182.000       1.5515
 183.000       1.7228
 184.000       1.8628
 185.000       1.9032
 186.000       2.3839
 187.000       1.6060
 188.000       1.4705
 189.000       1.5507
 190.000       1.2362
 191.000       1.3153
 192.000       1.0394
 193.000       1.2750
 194.000       1.1675
 195.000       1.3377
 196.000       0.9814
 197.000       0.9705
 198.000       0.9404
 199.000       1.2069
 200.000       0.8705
 201.000       0.7511
 202.000       0.9512
 203.000       1.1408
 204.000       1.0534
 205.000       1.1805
 206.000       1.6710
 207.000       1.1811
 208.000       1.5264
 209.000       1.7830
 210.000       2.4510
 211.000       1.7801
 212.000       1.7845
 213.000       2.1808
 214.000       1.5165
 215.000       1.2311
 216.000       0.9156
 217.000       1.3623
 218.000       0.8878
 219.000       1.1292
 220.000       1.5266
 221.000       1.3166
 222.000       0.7920
 223.000       1.1020
 224.000       1.1818
 225.000       1.5040
 226.000       1.0927
 227.000       1.4698
 228.000       1.1400
 229.000       1.0906
 230.000       1.2897
 231.000       1.0905
 232.000       1.4388
 233.000       1.4541
 234.000       1.3367
 235.000       1.3873
 236.000       1.1945
 237.000       1.2021
 238.000       1.6143
 239.000       1.3845
 240.000       1.4024
 241.000       2.1155
 242.000       1.2379
 243.000       1.2582
 244.000       1.4824
 245.000       1.5992
 246.000       1.1372
 247.000       1.4954
 248.000       1.5719
 249.000       1.4605
 250.000       1.3522
 251.000       1.7171
 252.000       1.4574
 253.000       1.5276
 254.000       1.9854
 255.000       1.9916
 256.000       1.9982
 257.000       1.6427
 258.000       1.5438
 259.000       1.5347
 260.000       1.5372
 261.000       1.2733
 262.000       1.3643
 263.000       1.0967
 264.000       1.0949
 265.000       1.1159
 266.000       1.1544
 267.000       0.9378
 268.000       0.8274
 269.000       0.8558
 270.000       0.8758
 271.000       0.9768
 272.000       0.7604
 273.000       0.9141
 274.000       0.8900
 275.000       1.0304
 276.000       0.6805
 277.000       0.8192
 278.000       0.7114
 279.000       1.1922
 280.000       0.6322
 281.000       0.8157
 282.000       0.9020
 283.000       0.6805
 284.000       0.9362
 285.000       0.9789
 286.000       0.6736
 287.000       0.8130
 288.000       1.1810
 289.000       1.0328
 290.000       1.2354
 291.000       1.4287
 292.000       1.7006
 293.000       1.7415
 294.000       1.5013
 295.000       1.3267
 296.000       1.7776
 297.000       1.7021
 298.000       1.0045
 299.000       0.9267
 300.000       0.9759
 301.000       1.1684
 302.000       0.8432
 303.000       0.7731
 304.000       1.0735
 305.000       0.9721
 306.000       0.7799
 307.000       0.8160
 308.000       1.6423
 309.000       0.8421
 310.000       0.8339
 311.000       1.0694
 312.000       1.2220
 313.000       1.0307
 314.000       0.9761
 315.000       1.3559
 316.000       1.1318
 317.000       1.0222
 318.000       1.0770
 319.000       1.1719
 320.000       1.2142
 321.000       1.2048
 322.000       1.0019
 323.000       1.1002
 324.000       1.1652
 325.000       1.0763
 326.000       1.1824
 327.000       1.4054
 328.000       1.2979
 329.000       1.5127
 330.000       1.4510
 331.000       1.6376
 332.000       1.4140
 333.000       1.8238
 334.000       1.6921
 335.000       1.9045
 336.000       1.8845
 337.000       2.1313
 338.000       2.5773
 339.000       2.5404
 340.000       2.7871
 341.000       2.9671
 342.000       3.3754
 343.000       3.4985
 344.000       4.5034
 345.000       5.2619
 346.000       5.9270
 347.000       7.6177
 348.000      10.2269
 349.000       9.7575
 350.000       9.5633
 351.000       8.1188
 352.000       7.8736
 353.000       7.7584
 354.000       8.4882
 355.000       6.4305
 356.000       4.8134
 357.000       6.1319
 358.000       6.6040
 359.000       4.7682
 360.000       5.0632
 361.000       7.0993
 362.000       6.4414
 363.000       5.3675
 364.000       7.3437
 365.000       7.7544
 366.000       7.1510
 367.000       8.1341
 368.000       9.2779
 369.000       8.8848
 370.000       8.7698
 371.000       8.6224
 372.000       7.3902
 373.000       6.6319
 374.000       4.3212
 375.000       3.2967
 376.000       2.7143
 377.000       2.2901
 378.000       2.2149
 379.000       1.6320
 380.000       2.1695
 381.000       2.2365
 382.000       1.6597
 383.000       1.3958
 384.000       1.3607
 385.000       1.5007
 386.000       1.5981
 387.000       2.2280
 388.000       1.3591
 389.000       1.4516
 390.000       1.7357
 391.000       1.2065
 392.000       1.6600
 393.000       1.0149
 394.000       1.0927
 395.000       0.9627
 396.000       0.9535
 397.000       1.2611
 398.000       1.1257
 399.000       1.3659
 400.000       1.3052
 401.000       1.3729
 402.000       1.1577
 403.000       1.1665
 404.000       1.4243
 405.000       1.6123
 406.000       1.3626
 407.000       1.4942
 408.000       1.5038
 409.000       1.3080
 410.000       1.1970
 411.000       1.4244
 412.000       1.1493
 413.000       0.9643
 414.000       1.0471
 415.000       1.1172
 416.000       0.9067
 417.000       0.8695
 418.000       1.1206
 419.000       0.9974
 420.000       0.9831
 421.000       1.0920
 422.000       0.7045
 423.000       1.0088
 424.000       0.6275
 425.000       0.8204
 426.000       0.6459
 427.000       0.6193
 428.000       0.7160
 429.000       0.9018
 430.000       0.6934
 431.000       0.6401
 432.000       0.9182
 433.000       1.0862
 434.000       0.7320
 435.000       0.9401
 436.000       1.0091
 437.000       1.0167
 438.000       0.9228
 439.000       1.0920
 440.000       1.5123
 441.000       1.2057
 442.000       1.2578
 443.000       2.4973
 444.000       1.9174
 445.000       2.1368
 446.000       2.5286
 447.000       2.8797
 448.000       4.7676
 449.000       2.3988
 450.000       1.6639
 451.000       1.7094
 452.000       1.7610
 453.000       1.4861
 454.000       1.2990
 455.000       1.0570
 456.000       1.0105
 457.000       1.3351
 458.000       1.0628
 459.000       0.8030
 460.000       1.1381
 461.000       0.8933
 462.000       0.8420
 463.000       1.1404
 464.000       1.3627
 465.000       1.1669
 466.000       0.7966
 467.000       1.6410
 468.000       1.3271
 469.000       1.2365
 470.000       1.0997
 471.000       1.2098
 472.000       1.2637
 473.000       1.0519
 474.000       0.8487
 475.000       1.1189
 476.000       1.0341
 477.000       1.0184
 478.000       1.0121
 479.000       0.9706
 480.000       0.9489
 481.000       1.1090
 482.000       1.0677
 483.000       1.0343
 484.000       1.2324
 485.000       1.1065
 486.000       1.0004
 487.000       0.7939
 488.000       0.9381
 489.000       0.7063
 490.000       0.9817
 491.000       0.8297
 492.000       1.0154
 493.000       0.6332
 494.000       0.6432
 495.000       0.8237
 496.000       0.6426
 497.000       0.6278
 498.000       0.7335
 499.000       1.1033
 500.000       0.7810
 501.000       0.8695
 502.000       0.9253
 503.000       1.2210
 504.000       0.9719
 505.000       1.1817
 506.000       0.9004
 507.000       1.1417
 508.000       1.3170
 509.000       1.8517
 510.000       1.2335
 511.000       1.3373
 512.000       1.7667
 513.000       1.1967
 514.000       1.2402
 515.000       1.3579
 516.000       1.9057
 517.000       1.3961
 518.000       1.6757
 519.000       1.3325
 520.000       2.1300
 521.000       1.9327
 522.000       1.3857
 523.000       1.7565
 524.000       1.6486
 525.000       1.6389
 526.000       1.6218
 527.000       1.6781
 528.000       1.5431
 529.000       1.1442
 530.000       0.9537
 531.000       1.5896
 532.000       1.4316
 533.000       1.0852
 534.000       0.8803
 535.000       0.7870
 536.000       1.1077
 537.000       1.2149
 538.000       0.7955
 539.000       0.9693
 540.000       1.1372
 541.000       0.9854
 542.000       0.9957
 543.000       1.1485
 544.000       1.3091
 545.000       1.1496
 546.000       1.3824
 547.000       1.2924
 548.000       1.2545
 549.000       1.2812
 550.000       1.7359
 551.000       1.7673
 552.000       1.9845
 553.000       1.8888
 554.000       2.0960
 555.000       1.5658
 556.000       1.4347
 557.000       1.5467
 558.000       1.7921
 559.000       1.4691
 560.000       2.2083
 561.000       2.1947
 562.000       3.4587
 563.000       5.9302
 564.000       6.2219
 565.000       7.0979
 566.000       7.4027
 567.000       5.5462
 568.000       6.4379
 569.000       4.0570
 570.000       2.8258
 571.000       2.0843
 572.000       1.7723
 573.000       1.5792
 574.000       1.3073
 575.000       1.4180
 576.000       1.7877
 577.000       1.3124
 578.000       1.1306
 579.000       1.4416
 580.000       1.1481
 581.000       1.1191
 582.000       1.0640
 583.000       1.0012
 584.000       1.1451
 585.000       1.1009
 586.000       0.8988
 587.000       0.7861
 588.000       0.9315
 589.000       0.7458
 590.000       0.7542
 591.000       1.1253
 592.000       0.7976
 593.000       0.8466
 594.000       0.8660
 595.000       0.9378
 596.000       1.2077
 597.000       1.0132
 598.000       1.3639
 599.000       1.4265
 600.000       1.3758
 601.000       1.5315
 602.000       1.8230
 603.000       2.0508
 604.000       1.9665
 605.000       3.8129
 606.000       1.6348
 607.000       1.0782
 608.000       0.8635
 609.000       0.6247
 610.000      56.6008
 611.000      58.2804
 612.000      55.5191
 613.000      52.5710
 614.000      53.9206
 615.000      56.1054
 616.000      56.5658
 617.000      55.2346
 618.000      55.1075
 619.000      54.2862
 620.000      57.2567
 621.000      55.8704
 622.000      55.4272
 623.000      56.0360
 624.000      54.4285
 625.000      54.7076
 626.000      56.1563
 627.000      55.7767
 628.000      54.9947
 629.000      55.4538
 630.000      55.1013
 631.000      56.2129
 632.000      56.0403
 633.000      55.2764
 634.000      56.7817
 635.000      55.8661
 636.000      53.1191
 637.000      55.4436
 638.000      54.9548
 639.000      55.5669
 640.000      57.2954
 641.000      51.6598
 642.000      56.2805
 643.000      56.1321
 644.000      56.2092
 645.000      54.1223
 646.000      55.7289
 647.000      54.3383
 648.000      54.8087
 649.000      54.9682
 650.000      52.9544
 651.000      55.6756
 652.000      56.1579
 653.000      55.0415
 654.000      54.1172
 655.000      54.6971
 656.000      55.0717
 657.000      54.7491
 658.000      57.4887
 659.000      54.5055
 660.000      54.5914
 661.000      53.8912
 662.000      54.8045
 663.000      55.7203
 664.000      53.1053
 665.000      58.0160
 666.000      55.6224
 667.000      53.8283
 668.000      54.8118
 669.000      54.2300
 670.000      55.5511
 671.000      55.6758
 672.000      55.7241
 673.000      53.9115
 674.000      54.3742
 675.000      56.9412
 676.000      55.4644
 677.000      54.6753
 678.000      53.5677
 679.000      55.5002
 680.000      57.4060
 681.000      55.1839
 682.000      54.8210
 683.000      52.6287
 684.000      55.7204
 685.000      56.3789
 686.000      56.4892
 687.000      53.6209
 688.000      57.1704
 689.000      54.3643
 690.000      52.7800
 691.000      57.8125
 692.000      54.7306
 693.000      54.5291
 694.000      54.7914
 695.000      57.5206
 696.000      56.5418
 697.000      54.9757
 698.000      57.4906
 699.000      56.3264
 700.000      55.6246
 701.000      55.5861
 702.000      56.1538
 703.000      55.9903
 704.000      57.9205
 705.000      54.1711
 706.000      57.1710
 707.000      56.3739
 708.000      53.9843
 709.000      54.7835
 710.000      56.1905
 711.000      53.7396
 712.000      54.7133
 713.000      54.6552
 714.000      56.4939
 715.000      55.0396
 716.000      56.0621
 717.000      53.4570
 718.000      54.1604
 719.000      61.6725
 720.000      60.7534
 721.000      60.3855
 722.000      60.5498
 723.000      60.9078
 724.000      61.4512
 725.000      61.4332
 726.000      61.5645
 727.000      60.7491
 728.000      60.6102
 729.000      61.2141
 730.000      61.4432
 731.000      61.3640
 732.000      61.3086
 733.000      60.3593
 734.000      60.3518
 735.000      60.9843
 736.000      60.1975
 737.000      60.7595
 738.000      60.4719
 739.000      61.1941
 740.000      61.0684
 741.000      60.2708
 742.000      60.6478
 743.000      60.6628
 744.000      61.4913
 745.000      62.2054
 746.000      61.3804
 747.000      60.1313
 748.000      60.1640
 749.000      60.9238
 750.000      61.1667
 751.000      60.8453
 752.000      60.7798
 753.000      59.9523
 754.000      60.9294
 755.000      61.3811
 756.000      60.5309
 757.000      61.2978
 758.000      61.3137
 759.000      61.6216
 760.000      61.4649
 761.000      60.6802
 762.000      60.3429
 763.000      60.7833
 764.000      60.5777
 765.000      61.2619
 766.000      61.0890
 767.000      60.9185
 768.000      60.9446
 769.000      61.1272
 770.000      61.5103
 771.000      61.2012
 772.000      60.8849
 773.000      60.9752
 774.000      61.3467
 775.000      61.2466
 776.000      61.2972
 777.000      60.5944
 778.000      61.7242
 779.000      60.1840
 780.000      61.5303
 781.000      60.7851
 782.000      60.3891
