#Res        AtomicFlx
   1.000       1.3966
   2.000       1.3513
   3.000       1.4484
   4.000       1.1927
   5.000       1.4456
   6.000       1.1786
   7.000       1.3742
   8.000       1.8357
   9.000       1.6546
  10.000       2.1651
  11.000       1.3983
  12.000       1.1538
  13.000       1.2029
  14.000       1.3682
  15.000       1.4545
  16.000       1.5461
  17.000       1.2473
  18.000       1.9177
  19.000       1.7550
  20.000       1.9285
  21.000       1.9174
  22.000       2.8946
  23.000       2.9586
  24.000       3.2778
  25.000       3.6967
  26.000       3.3061
  27.000       2.6159
  28.000       2.2104
  29.000       1.2129
  30.000       1.8749
  31.000       0.9236
  32.000       1.5180
  33.000       1.1510
  34.000       1.2143
  35.000       1.0316
  36.000       1.3528
  37.000       0.9211
  38.000       1.1084
  39.000       1.1324
  40.000       0.7558
  41.000       0.7991
  42.000       1.1956
  43.000       0.6463
  44.000       0.6573
  45.000       0.9126
  46.000       0.8878
  47.000       0.9970
  48.000       1.2328
  49.000       1.2529
  50.000       1.6942
  51.000       1.2467
  52.000       1.5253
  53.000       1.8289
  54.000       1.0480
  55.000       1.1171
  56.000       1.7350
  57.000       1.1248
  58.000       1.3346
  59.000       1.9899
  60.000       1.4165
  61.000       1.4474
  62.000       1.6365
  63.000       1.6551
  64.000       1.4440
  65.000       1.3567
  66.000       1.1382
  67.000       1.4623
  68.000       1.3164
  69.000       1.0009
  70.000       1.1061
  71.000       1.3555
  72.000       1.2176
  73.000       0.9827
  74.000       1.0646
  75.000       1.0166
  76.000       0.9531
  77.000       0.9033
  78.000       0.6622
  79.000       0.8106
  80.000       0.6687
  81.000       0.6713
  82.000       0.6847
  83.000       0.8040
  84.000       0.8188
  85.000       0.7665
  86.000       0.9380
  87.000       0.6799
  88.000       1.1214
  89.000       0.7025
  90.000       1.2627
  91.000       0.8309
  92.000       1.0277
  93.000       1.1459
  94.000       1.6192
  95.000       0.7153
  96.000       0.6940
  97.000       0.9870
  98.000       0.7601
  99.000       0.7817
 100.000       0.7216
 101.000       1.0502
 102.000       0.9938
 103.000       1.0979
 104.000       1.2490
 105.000       1.0835
 106.000       0.9880
 107.000       1.0291
 108.000       1.2327
 109.000       0.7156
 110.000       0.8278
 111.000       0.5977
 112.000       1.2028
 113.000       0.6651
 114.000       0.6818
 115.000       0.9650
 116.000       1.0957
 117.000       0.8482
 118.000       0.6470
 119.000       1.0735
 120.000       1.2682
 121.000       0.9888
 122.000       0.7307
 123.000       1.1535
 124.000       1.5213
 125.000       1.2129
 126.000       0.8579
 127.000       0.6978
 128.000       0.8864
 129.000       0.8188
 130.000       0.8158
 131.000       0.7920
 132.000       0.7560
 133.000       0.9353
 134.000       0.7731
 135.000       0.9913
 136.000       0.8349
 137.000       0.9726
 138.000       0.8287
 139.000       0.8302
 140.000       1.3206
 141.000       1.2693
 142.000       1.6115
 143.000       1.1885
 144.000       1.0722
 145.000       0.9910
 146.000       0.9567
 147.000       1.3245
 148.000       1.5805
 149.000       1.2104
 150.000       1.3366
 151.000       1.9259
 152.000       2.2401
 153.000       3.1238
 154.000       3.7253
 155.000       5.1036
 156.000       3.2320
 157.000       2.0338
 158.000       1.8826
 159.000       1.5688
 160.000       1.7830
 161.000       1.4413
 162.000       1.1789
 163.000       1.4578
 164.000       2.2857
 165.000       1.4132
 166.000       1.2669
 167.000       1.1134
 168.000       1.2427
 169.000       1.1580
 170.000       1.0327
 171.000       0.8609
 172.000       0.8571
 173.000       0.9967
 174.000       1.0186
 175.000       1.0647
 176.000       0.8589
 177.000       0.9169
 178.000       0.8819
 179.000       1.1763
 180.000       1.3689
 181.000       1.9282
 182.000       1.7511
 183.000       1.9571
 184.000       1.6478
 185.000       1.9863
 186.000       1.8308
 187.000       1.3482
 188.000       1.1272
 189.000       1.3199
 190.000       0.8767
 191.000       1.8693
 192.000       0.8937
 193.000       1.1958
 194.000       1.0104
 195.000       1.1659
 196.000       0.7209
 197.000       0.8108
 198.000       0.7520
 199.000       0.9489
 200.000       0.7104
 201.000       0.6936
 202.000       0.7075
 203.000       1.0493
 204.000       0.7614
 205.000       0.8241
 206.000       1.5830
 207.000       0.7754
 208.000       0.7923
 209.000       1.0682
 210.000       1.6854
 211.000       0.8879
 212.000       1.4103
 213.000       1.5136
 214.000       0.9278
 215.000       1.0842
 216.000       1.0541
 217.000       1.7999
 218.000       0.8049
 219.000       1.0349
 220.000       1.9476
 221.000       1.2700
 222.000       0.8039
 223.000       1.0886
 224.000       1.0484
 225.000       1.1006
 226.000       0.7870
 227.000       1.3514
 228.000       0.9510
 229.000       0.8609
 230.000       0.8814
 231.000       0.9119
 232.000       1.0544
 233.000       1.0411
 234.000       1.0272
 235.000       1.1574
 236.000       0.9189
 237.000       0.9313
 238.000       1.2560
 239.000       1.0559
 240.000       1.0719
 241.000       1.9796
 242.000       1.1841
 243.000       1.3476
 244.000       1.4432
 245.000       1.7329
 246.000       1.2264
 247.000       1.4975
 248.000       1.6518
 249.000       1.7481
 250.000       1.4542
 251.000       2.0155
 252.000       1.5370
 253.000       2.1393
 254.000       2.6242
 255.000       2.3693
 256.000       2.2742
 257.000       1.7782
 258.000       1.6208
 259.000       1.5874
 260.000       1.6855
 261.000       1.2859
 262.000       1.4578
 263.000       1.0901
 264.000       1.4699
 265.000       1.0944
 266.000       1.0949
 267.000       0.8897
 268.000       0.8033
 269.000       0.8539
 270.000       1.0993
 271.000       0.9560
 272.000       1.1128
 273.000       1.1795
 274.000       0.9225
 275.000       1.0212
 276.000       0.8810
 277.000       0.7979
 278.000       0.7288
 279.000       0.7883
 280.000       0.5684
 281.000       0.5413
 282.000       0.8096
 283.000       0.7131
 284.000       0.7856
 285.000       0.7312
 286.000       0.9326
 287.000       0.9436
 288.000       1.0740
 289.000       1.0487
 290.000       1.2170
 291.000       1.3433
 292.000       1.4372
 293.000       1.5283
 294.000       1.1254
 295.000       0.9958
 296.000       1.3005
 297.000       1.5805
 298.000       0.8134
 299.000       0.8120
 300.000       0.8608
 301.000       1.0441
 302.000       0.7565
 303.000       0.7639
 304.000       1.1703
 305.000       0.9212
 306.000       0.7245
 307.000       0.8280
 308.000       1.5860
 309.000       0.8781
 310.000       0.9180
 311.000       1.0690
 312.000       1.1589
 313.000       1.0013
 314.000       0.9588
 315.000       1.0467
 316.000       0.9452
 317.000       0.9830
 318.000       1.4906
 319.000       0.8965
 320.000       0.9879
 321.000       1.1474
 322.000       0.9463
 323.000       0.9911
 324.000       1.0881
 325.000       1.0334
 326.000       1.0452
 327.000       1.6801
 328.000       1.3533
 329.000       1.9381
 330.000       1.3150
 331.000       1.4888
 332.000       1.2531
 333.000       1.9980
 334.000       1.5901
 335.000       1.7991
 336.000       1.6451
 337.000       2.0673
 338.000       2.6015
 339.000       2.4530
 340.000       2.6533
 341.000       3.1993
 342.000       3.6181
 343.000       3.5602
 344.000       3.9748
 345.000       4.6118
 346.000       4.2231
 347.000       5.5203
 348.000       6.3522
 349.000       5.2400
 350.000       5.1097
 351.000       3.6152
 352.000       3.7234
 353.000       3.6079
 354.000       4.4505
 355.000       3.7378
 356.000       2.5442
 357.000       3.1262
 358.000       3.7299
 359.000       3.3515
 360.000       2.8394
 361.000       3.8128
 362.000       4.3853
 363.000       3.4501
 364.000       3.8744
 365.000       4.3660
 366.000       4.4554
 367.000       4.5003
 368.000       4.3830
 369.000       4.4777
 370.000       4.0029
 371.000       3.3250
 372.000       3.8309
 373.000       4.1760
 374.000       3.0878
 375.000       2.9370
 376.000       2.3738
 377.000       2.2607
 378.000       2.5584
 379.000       1.5182
 380.000       2.0859
 381.000       2.1951
 382.000       1.7464
 383.000       1.5796
 384.000       1.5435
 385.000       1.7054
 386.000       1.8689
 387.000       2.2537
 388.000       2.1872
 389.000       1.9253
 390.000       1.9712
 391.000       1.4129
 392.000       1.1987
 393.000       0.9751
 394.000       1.1586
 395.000       0.9280
 396.000       1.0561
 397.000       0.9743
 398.000       1.0151
 399.000       1.1849
 400.000       0.8757
 401.000       1.1121
 402.000       0.9685
 403.000       1.2382
 404.000       1.2404
 405.000       1.2635
 406.000       1.1190
 407.000       1.0974
 408.000       1.1681
 409.000       0.9523
 410.000       0.9170
 411.000       1.1026
 412.000       0.8850
 413.000       0.8210
 414.000       0.9907
 415.000       0.9060
 416.000       0.7553
 417.000       0.7040
 418.000       0.9405
 419.000       0.8853
 420.000       0.8584
 421.000       1.0013
 422.000       0.6392
 423.000       0.7876
 424.000       0.6034
 425.000       0.7327
 426.000       0.5966
 427.000       0.6331
 428.000       1.0552
 429.000       0.6296
 430.000       0.5943
 431.000       0.6441
 432.000       0.8928
 433.000       0.8902
 434.000       0.6042
 435.000       0.7773
 436.000       0.9755
 437.000       0.9034
 438.000       0.8222
 439.000       1.1095
 440.000       1.6471
 441.000       1.2319
 442.000       1.3780
 443.000       2.6721
 444.000       1.7114
 445.000       1.8596
 446.000       1.7348
 447.000       2.0960
 448.000       2.7404
 449.000       1.6703
 450.000       1.4618
 451.000       1.9760
 452.000       1.4611
 453.000       1.2728
 454.000       1.2120
 455.000       0.9738
 456.000       0.8499
 457.000       1.3708
 458.000       1.1047
 459.000       0.7218
 460.000       1.0810
 461.000       0.8879
 462.000       0.8491
 463.000       1.0792
 464.000       1.2648
 465.000       1.1839
 466.000       0.7697
 467.000       1.4052
 468.000       1.2081
 469.000       1.0016
 470.000       0.9276
 471.000       0.8751
 472.000       1.1161
 473.000       1.1403
 474.000       0.8278
 475.000       1.0344
 476.000       1.1984
 477.000       1.3450
 478.000       1.1879
 479.000       1.1826
 480.000       1.3440
 481.000       1.3376
 482.000       1.2822
 483.000       1.6381
 484.000       1.9686
 485.000       1.5506
 486.000       1.3224
 487.000       1.1636
 488.000       1.2250
 489.000       0.8262
 490.000       1.1822
 491.000       1.1135
 492.000       0.9987
 493.000       0.7386
 494.000       0.6990
 495.000       1.0358
 496.000       0.6987
 497.000       0.7691
 498.000       0.7217
 499.000       1.1201
 500.000       0.6753
 501.000       0.8388
 502.000       0.8476
 503.000       1.2656
 504.000       0.9061
 505.000       1.0453
 506.000       0.7147
 507.000       0.8492
 508.000       1.3439
 509.000       2.1069
 510.000       0.9335
 511.000       1.2463
 512.000       1.5059
 513.000       0.9889
 514.000       1.0798
 515.000       1.1356
 516.000       1.5520
 517.000       1.2157
 518.000       1.3957
 519.000       1.1922
 520.000       2.1199
 521.000       2.0724
 522.000       1.1743
 523.000       1.2373
 524.000       1.5447
 525.000       1.4672
 526.000       1.2523
 527.000       1.4115
 528.000       1.2208
 529.000       1.0821
 530.000       0.8661
 531.000       1.1834
 532.000       1.4454
 533.000       1.0633
 534.000       0.8275
 535.000       0.8708
 536.000       1.4095
 537.000       1.0985
 538.000       0.8706
 539.000       1.1314
 540.000       1.2028
 541.000       0.9736
 542.000       1.2612
 543.000       1.4457
 544.000       1.4655
 545.000       1.1946
 546.000       1.4967
 547.000       1.4384
 548.000       1.4280
 549.000       1.9955
 550.000       2.1397
 551.000       1.6802
 552.000       1.8983
 553.000       1.9917
 554.000       1.7918
 555.000       1.5073
 556.000       1.4961
 557.000       1.5878
 558.000       1.8694
 559.000       1.3770
 560.000       2.2419
 561.000       2.7324
 562.000       4.1458
 563.000       7.6961
 564.000       8.2845
 565.000       7.9572
 566.000       7.5123
 567.000       6.9325
 568.000       6.1690
 569.000       3.9580
 570.000       3.0431
 571.000       2.1040
 572.000       1.7528
 573.000       1.5840
 574.000       1.3824
 575.000       1.5022
 576.000       1.7879
 577.000       1.6573
 578.000       1.4037
 579.000       1.9797
 580.000       1.4367
 581.000       1.3332
 582.000       1.4514
 583.000       1.2713
 584.000       1.2424
 585.000       1.0829
 586.000       0.9398
 587.000       0.8720
 588.000       0.9954
 589.000       0.8029
 590.000       0.8880
 591.000       1.1606
 592.000       0.8888
 593.000       0.9187
 594.000       0.9673
 595.000       1.0416
 596.000       1.2560
 597.000       1.1581
 598.000       1.6108
 599.000       1.6272
 600.000       1.5921
 601.000       2.1397
 602.000       2.0345
 603.000       2.2404
 604.000       2.4593
 605.000       3.2005
 606.000       1.4511
 607.000       1.5964
 608.000      53.3770
 609.000       0.6516
 610.000      55.5528
 611.000      56.5291
 612.000      56.8429
 613.000      55.2767
 614.000      55.6647
 615.000      53.9037
 616.000      55.7437
 617.000      53.9813
 618.000      55.6697
 619.000      55.6199
 620.000      54.1669
 621.000      55.9791
 622.000      52.7267
 623.000      53.7873
 624.000      54.8266
 625.000      53.1435
 626.000      51.9844
 627.000      55.3833
 628.000      54.9295
 629.000      57.4671
 630.000      53.7592
 631.000      55.1462
 632.000      53.6875
 633.000      52.6720
 634.000      55.2762
 635.000      54.8838
 636.000      52.9603
 637.000      55.6132
 638.000      57.0444
 639.000      54.5515
 640.000      55.5887
 641.000      54.5342
 642.000      56.5580
 643.000      55.7766
 644.000      56.3984
 645.000      56.8896
 646.000      52.4770
 647.000      55.0519
 648.000      55.7515
 649.000      55.0025
 650.000      56.5338
 651.000      56.8640
 652.000      55.4495
 653.000      55.7014
 654.000      57.4447
 655.000      54.5891
 656.000      56.9773
 657.000      56.4087
 658.000      52.7275
 659.000      52.7431
 660.000      56.2187
 661.000      50.2533
 662.000      54.8109
 663.000      54.5096
 664.000      54.1116
 665.000      56.2487
 666.000      56.1176
 667.000      55.8393
 668.000      55.1076
 669.000      56.3296
 670.000      55.3714
 671.000      54.1034
 672.000      55.2458
 673.000      54.6645
 674.000      55.8617
 675.000      54.9403
 676.000      53.6078
 677.000      56.3248
 678.000      54.7492
 679.000      55.6723
 680.000      54.6682
 681.000      53.9702
 682.000      53.9129
 683.000      55.6587
 684.000      57.0399
 685.000      55.9030
 686.000      54.7963
 687.000      54.6566
 688.000      54.7401
 689.000      55.9326
 690.000      54.0541
 691.000      55.3886
 692.000      56.9704
 693.000      54.9671
 694.000      55.3369
 695.000      56.0208
 696.000      55.1964
 697.000      56.1739
 698.000      55.8435
 699.000      55.1242
 700.000      53.9020
 701.000      56.2410
 702.000      55.0865
 703.000      52.4102
 704.000      54.0420
 705.000      55.1762
 706.000      55.9151
 707.000      55.2732
 708.000      56.4980
 709.000      53.8117
 710.000      55.6588
 711.000      54.1164
 712.000      54.3633
 713.000      54.3512
 714.000      54.8958
 715.000      55.2980
 716.000      56.8889
 717.000      53.7765
 718.000      56.2648
 719.000      60.9732
 720.000      60.6273
 721.000      59.8297
 722.000      59.6021
 723.000      60.5096
 724.000      60.8358
 725.000      61.6061
 726.000      60.3488
 727.000      59.9045
 728.000      61.6545
 729.000      61.0770
 730.000      60.6720
 731.000      60.7195
 732.000      60.1801
 733.000      60.8213
 734.000      60.7637
 735.000      60.6779
 736.000      61.3632
 737.000      61.0289
 738.000      60.3579
 739.000      60.2599
 740.000      60.1693
 741.000      60.7678
 742.000      59.9784
 743.000      61.0793
 744.000      59.4347
 745.000      61.0858
 746.000      60.4528
 747.000      60.7964
 748.000      60.4577
 749.000      61.0839
 750.000      59.2490
 751.000      61.2427
 752.000      61.0657
 753.000      61.3605
 754.000      60.3712
 755.000      60.9572
 756.000      60.4630
 757.000      60.7558
 758.000      60.6345
 759.000      61.2976
 760.000      60.8752
 761.000      61.2514
 762.000      60.2469
 763.000      59.8931
 764.000      60.8927
 765.000      59.9547
 766.000      60.7219
 767.000      60.9969
 768.000      61.1105
 769.000      60.6307
 770.000      60.2603
 771.000      60.3171
 772.000      60.1181
 773.000      60.7498
 774.000      61.3580
 775.000      61.0921
 776.000      58.7777
 777.000      60.2549
 778.000      60.8722
 779.000      60.5703
 780.000      60.8591
 781.000      60.5849
 782.000      60.3105
