#Res        AtomicFlx
   1.000       8.5983
   2.000       6.7158
   3.000       5.5200
   4.000       4.7915
   5.000       3.7573
   6.000       2.9642
   7.000       3.3924
   8.000       3.0355
   9.000       2.7725
  10.000       3.5142
  11.000       1.9715
  12.000       1.8246
  13.000       1.8859
  14.000       2.3537
  15.000       2.1922
  16.000       2.3423
  17.000       2.0717
  18.000       3.2108
  19.000       3.4041
  20.000       3.6972
  21.000       4.1053
  22.000       6.2935
  23.000       5.6612
  24.000       6.1100
  25.000       5.6853
  26.000       5.5617
  27.000       4.2791
  28.000       4.0635
  29.000       3.0514
  30.000       3.0383
  31.000       2.7791
  32.000       2.8521
  33.000       2.1200
  34.000       1.7316
  35.000       1.6196
  36.000       2.1428
  37.000       1.4199
  38.000       1.4670
  39.000       1.4655
  40.000       1.1577
  41.000       0.9805
  42.000       1.1640
  43.000       0.7824
  44.000       0.8385
  45.000       0.7782
  46.000       0.7645
  47.000       0.6627
  48.000       0.8797
  49.000       0.7547
  50.000       0.7624
  51.000       1.2237
  52.000       1.2063
  53.000       1.8680
  54.000       1.0514
  55.000       1.0360
  56.000       1.5556
  57.000       1.4925
  58.000       1.3962
  59.000       1.7506
  60.000       1.6286
  61.000       1.8447
  62.000       1.8490
  63.000       1.7756
  64.000       1.8587
  65.000       1.7234
  66.000       1.3444
  67.000       1.8308
  68.000       1.6581
  69.000       1.3271
  70.000       1.2763
  71.000       1.5903
  72.000       1.4399
  73.000       1.2595
  74.000       1.3621
  75.000       1.1546
  76.000       1.1463
  77.000       1.2104
  78.000       0.9368
  79.000       0.9967
  80.000       0.8442
  81.000       0.8144
  82.000       0.8938
  83.000       0.9044
  84.000       0.9567
  85.000       0.6162
  86.000       1.1432
  87.000       0.7883
  88.000       0.9409
  89.000       0.6753
  90.000       0.9998
  91.000       0.9945
  92.000       1.0091
  93.000       0.9248
  94.000       1.6346
  95.000       0.6619
  96.000       0.7875
  97.000       1.0046
  98.000       0.7793
  99.000       0.7886
 100.000       0.6966
 101.000       1.1206
 102.000       1.0934
 103.000       1.1151
 104.000       1.1399
 105.000       1.1713
 106.000       1.0474
 107.000       1.1542
 108.000       1.2598
 109.000       0.7177
 110.000       0.7154
 111.000       0.6221
 112.000       0.8802
 113.000       0.6678
 114.000       0.7111
 115.000       1.0317
 116.000       0.9217
 117.000       0.6474
 118.000       0.7187
 119.000       0.9789
 120.000       1.0798
 121.000       0.8326
 122.000       0.6255
 123.000       0.8539
 124.000       1.0611
 125.000       0.7104
 126.000       0.6994
 127.000       0.7281
 128.000       0.9055
 129.000       0.8403
 130.000       0.9146
 131.000       0.8094
 132.000       0.8618
 133.000       1.0953
 134.000       0.8185
 135.000       1.0616
 136.000       1.0090
 137.000       0.9600
 138.000       0.9068
 139.000       0.9258
 140.000       1.2134
 141.000       1.4595
 142.000       1.7110
 143.000       1.3210
 144.000       1.2103
 145.000       1.0631
 146.000       1.0211
 147.000       1.4777
 148.000       1.8165
 149.000       1.3785
 150.000       1.4835
 151.000       2.0115
 152.000       2.3159
 153.000       3.3403
 154.000       3.6276
 155.000       4.9080
 156.000       3.0460
 157.000       2.0575
 158.000       2.0299
 159.000       1.7129
 160.000       1.8571
 161.000       1.5709
 162.000       1.2859
 163.000       1.5393
 164.000       2.4761
 165.000       1.3487
 166.000       1.3284
 167.000       1.2343
 168.000       1.1219
 169.000       1.1913
 170.000       1.1382
 171.000       0.9649
 172.000       0.9065
 173.000       1.0109
 174.000       1.1732
 175.000       1.2027
 176.000       0.9444
 177.000       0.9485
 178.000       0.9756
 179.000       1.2990
 180.000       1.4065
 181.000       1.7473
 182.000       1.3508
 183.000       1.3990
 184.000       1.5173
 185.000       1.5779
 186.000       1.2365
 187.000       1.0893
 188.000       1.1748
 189.000       1.3636
 190.000       1.0781
 191.000       2.0242
 192.000       0.9140
 193.000       1.0488
 194.000       1.0015
 195.000       1.1704
 196.000       0.8711
 197.000       0.8445
 198.000       0.8018
 199.000       1.0592
 200.000       0.8005
 201.000       0.7724
 202.000       0.8258
 203.000       0.9962
 204.000       1.0786
 205.000       1.1210
 206.000       1.4049
 207.000       1.2546
 208.000       1.0822
 209.000       1.5402
 210.000       2.1072
 211.000       1.1492
 212.000       2.2210
 213.000       2.2939
 214.000       1.7158
 215.000       1.0456
 216.000       1.4460
 217.000       2.3692
 218.000       1.2102
 219.000       1.1444
 220.000       1.9558
 221.000       2.1125
 222.000       1.3942
 223.000       1.2565
 224.000       1.4813
 225.000       1.5224
 226.000       0.9071
 227.000       1.3428
 228.000       1.0640
 229.000       0.9612
 230.000       1.2196
 231.000       0.9960
 232.000       1.2822
 233.000       1.2851
 234.000       1.1487
 235.000       1.2420
 236.000       1.0865
 237.000       1.0615
 238.000       1.3872
 239.000       1.2449
 240.000       1.3543
 241.000       2.0937
 242.000       1.2095
 243.000       1.1688
 244.000       1.4387
 245.000       1.6521
 246.000       1.0778
 247.000       1.4073
 248.000       1.4151
 249.000       1.4992
 250.000       1.2416
 251.000       1.8507
 252.000       1.6393
 253.000       1.9393
 254.000       2.1237
 255.000       2.0680
 256.000       1.9909
 257.000       1.9115
 258.000       2.0267
 259.000       2.1831
 260.000       2.0615
 261.000       1.8772
 262.000       1.7746
 263.000       1.3667
 264.000       1.5741
 265.000       1.5385
 266.000       1.2570
 267.000       1.0779
 268.000       1.0034
 269.000       1.0471
 270.000       1.2435
 271.000       1.0501
 272.000       0.8208
 273.000       1.1042
 274.000       0.8293
 275.000       1.1419
 276.000       0.6663
 277.000       0.8454
 278.000       0.6768
 279.000       1.2014
 280.000       0.6471
 281.000       0.6713
 282.000       0.9282
 283.000       0.7081
 284.000       0.8601
 285.000       1.3850
 286.000       0.7855
 287.000       0.8075
 288.000       2.3091
 289.000       0.9655
 290.000       1.1862
 291.000       1.4009
 292.000       1.3375
 293.000       1.3655
 294.000       1.2870
 295.000       1.1369
 296.000       1.1365
 297.000       1.5819
 298.000       1.1983
 299.000       0.9116
 300.000       0.9524
 301.000       1.1724
 302.000       0.9625
 303.000       0.8598
 304.000       1.2157
 305.000       0.9861
 306.000       0.7519
 307.000       0.8270
 308.000       1.7400
 309.000       0.8592
 310.000       0.8560
 311.000       1.0636
 312.000       1.1902
 313.000       1.1042
 314.000       0.9654
 315.000       1.2157
 316.000       1.0264
 317.000       1.0273
 318.000       1.1033
 319.000       1.0876
 320.000       1.2620
 321.000       1.3092
 322.000       1.0613
 323.000       1.1774
 324.000       1.8613
 325.000       1.2252
 326.000       1.3342
 327.000       1.7979
 328.000       1.5241
 329.000       1.8807
 330.000       1.7145
 331.000       1.7616
 332.000       1.3778
 333.000       2.0587
 334.000       1.8303
 335.000       1.9574
 336.000       1.8147
 337.000       2.3514
 338.000       2.7577
 339.000       2.5884
 340.000       2.9735
 341.000       3.3109
 342.000       3.5299
 343.000       3.5888
 344.000       5.0749
 345.000       6.2262
 346.000       6.7727
 347.000       7.9001
 348.000       8.7962
 349.000       8.2831
 350.000       8.8547
 351.000       7.7266
 352.000       6.7308
 353.000       7.9513
 354.000       6.7705
 355.000       6.7608
 356.000       5.3914
 357.000       6.3155
 358.000       6.3276
 359.000       4.5878
 360.000       5.2999
 361.000       6.5225
 362.000       6.0833
 363.000       5.3735
 364.000       6.9337
 365.000       7.5587
 366.000       7.3912
 367.000       7.6765
 368.000       7.1329
 369.000       6.6608
 370.000       6.0776
 371.000       6.5769
 372.000       5.0161
 373.000       4.6676
 374.000       3.3182
 375.000       3.0710
 376.000       2.4929
 377.000       2.2529
 378.000       2.3999
 379.000       1.5685
 380.000       1.9806
 381.000       2.0255
 382.000       1.5267
 383.000       1.4109
 384.000       1.3829
 385.000       1.5243
 386.000       1.5171
 387.000       1.7571
 388.000       1.6914
 389.000       1.9746
 390.000       2.3266
 391.000       2.0935
 392.000       1.6675
 393.000       1.0971
 394.000       1.3058
 395.000       1.0179
 396.000       0.9348
 397.000       1.0595
 398.000       1.1593
 399.000       1.3584
 400.000       1.0653
 401.000       1.3031
 402.000       1.1576
 403.000       1.4027
 404.000       1.4567
 405.000       1.6338
 406.000       1.3636
 407.000       1.2965
 408.000       1.2920
 409.000       1.1052
 410.000       1.0358
 411.000       1.2138
 412.000       1.0302
 413.000       0.8610
 414.000       0.9516
 415.000       1.0977
 416.000       0.8786
 417.000       0.8517
 418.000       1.0016
 419.000       0.9780
 420.000       1.0335
 421.000       1.0555
 422.000       0.8399
 423.000       0.8219
 424.000       0.6402
 425.000       0.8754
 426.000       0.7100
 427.000       0.6934
 428.000       0.8337
 429.000       0.9084
 430.000       0.7936
 431.000       1.0845
 432.000       1.0458
 433.000       1.0472
 434.000       0.6803
 435.000       0.8866
 436.000       0.9258
 437.000       0.9104
 438.000       0.8717
 439.000       1.1657
 440.000       1.5282
 441.000       1.1861
 442.000       1.2647
 443.000       2.4185
 444.000       1.8540
 445.000       2.0331
 446.000       2.1102
 447.000       2.3555
 448.000       3.9649
 449.000       2.1902
 450.000       1.3081
 451.000       1.6278
 452.000       1.2028
 453.000       1.0732
 454.000       1.1526
 455.000       0.8262
 456.000       0.7522
 457.000       1.0715
 458.000       0.9321
 459.000       0.6974
 460.000       1.0313
 461.000       0.7790
 462.000       0.7649
 463.000       1.0357
 464.000       1.3529
 465.000       1.1821
 466.000       0.7911
 467.000       1.5802
 468.000       1.1765
 469.000       1.1184
 470.000       0.9960
 471.000       0.9838
 472.000       1.0171
 473.000       1.0722
 474.000       0.8441
 475.000       1.4898
 476.000       1.1519
 477.000       0.9847
 478.000       1.0058
 479.000       1.1146
 480.000       1.1625
 481.000       1.1431
 482.000       1.2557
 483.000       1.5275
 484.000       1.5073
 485.000       1.7703
 486.000       1.7876
 487.000       1.4052
 488.000       1.3573
 489.000       0.9307
 490.000       0.8689
 491.000       1.0327
 492.000       0.9353
 493.000       0.7025
 494.000       0.6840
 495.000       1.1402
 496.000       0.6937
 497.000       0.7268
 498.000       0.9404
 499.000       1.1923
 500.000       0.7714
 501.000       1.1107
 502.000       1.0274
 503.000       1.3045
 504.000       1.1018
 505.000       1.3625
 506.000       1.3025
 507.000       2.2940
 508.000       1.6214
 509.000       2.1798
 510.000       1.3429
 511.000       1.2831
 512.000       1.9239
 513.000       1.4114
 514.000       1.4449
 515.000       1.5050
 516.000       1.7790
 517.000       1.7907
 518.000       1.4442
 519.000       1.4548
 520.000       2.2338
 521.000       2.1450
 522.000       1.4880
 523.000       1.6564
 524.000       1.5303
 525.000       1.2086
 526.000       0.9052
 527.000       1.3183
 528.000       1.2426
 529.000       0.9602
 530.000       0.9853
 531.000       1.5740
 532.000       1.4234
 533.000       1.1797
 534.000       1.0061
 535.000       1.1042
 536.000       1.5509
 537.000       1.3941
 538.000       1.0734
 539.000       1.3618
 540.000       1.6328
 541.000       1.4003
 542.000       1.2063
 543.000       1.4041
 544.000       1.8921
 545.000       2.0620
 546.000       1.4850
 547.000       1.4330
 548.000       1.5685
 549.000       1.5685
 550.000       1.8041
 551.000       1.7520
 552.000       2.2367
 553.000       2.3000
 554.000       2.2634
 555.000       2.1775
 556.000       1.6644
 557.000       1.6348
 558.000       1.7729
 559.000       1.4310
 560.000       2.0380
 561.000       2.0922
 562.000       2.6552
 563.000       5.0409
 564.000       4.1197
 565.000       5.8889
 566.000       7.4094
 567.000       7.0930
 568.000       5.5800
 569.000       3.5026
 570.000       2.9991
 571.000       2.3656
 572.000       1.9882
 573.000       1.9322
 574.000       1.6996
 575.000       1.7166
 576.000       2.0528
 577.000       1.5535
 578.000       1.4046
 579.000       1.8561
 580.000       1.4933
 581.000       1.2882
 582.000       1.4582
 583.000       1.3623
 584.000       1.3081
 585.000       1.1123
 586.000       1.1120
 587.000       1.0411
 588.000       1.0945
 589.000       0.8978
 590.000       1.0102
 591.000       1.2662
 592.000       0.9548
 593.000       0.8933
 594.000       0.9644
 595.000       1.0669
 596.000       1.2762
 597.000       1.1287
 598.000       1.4496
 599.000       1.5636
 600.000       1.4565
 601.000       1.6790
 602.000       1.8938
 603.000       2.0458
 604.000       2.1915
 605.000       2.3834
 606.000       1.7683
 607.000       0.8502
 608.000       0.6616
 609.000       0.7142
 610.000      56.5641
 611.000      55.0171
 612.000      55.1998
 613.000      55.8386
 614.000      55.4225
 615.000      57.9433
 616.000      55.6637
 617.000      55.5620
 618.000      55.6985
 619.000      56.2721
 620.000      57.0622
 621.000      55.2384
 622.000      56.7441
 623.000      52.3218
 624.000      55.6415
 625.000      56.2327
 626.000      54.6070
 627.000      54.5460
 628.000      52.1299
 629.000      54.6733
 630.000      55.0914
 631.000      55.2871
 632.000      54.7063
 633.000      54.3221
 634.000      56.1799
 635.000      52.4036
 636.000      53.4033
 637.000      55.8387
 638.000      54.9738
 639.000      56.4595
 640.000      54.6754
 641.000      56.2971
 642.000      55.4057
 643.000      54.2303
 644.000      55.7606
 645.000      56.1105
 646.000      55.7977
 647.000      57.5698
 648.000      55.3718
 649.000      55.1051
 650.000      54.9676
 651.000      55.9838
 652.000      56.9180
 653.000      54.5619
 654.000      54.9222
 655.000      56.1524
 656.000      55.7068
 657.000      54.8170
 658.000      53.3205
 659.000      56.3229
 660.000      56.4584
 661.000      53.4638
 662.000      57.4759
 663.000      52.3818
 664.000      54.1765
 665.000      53.3370
 666.000      54.2809
 667.000      54.3046
 668.000      54.4131
 669.000      57.1867
 670.000      53.7573
 671.000      54.1266
 672.000      54.9882
 673.000      55.0452
 674.000      55.1833
 675.000      50.6250
 676.000      56.2222
 677.000      56.5843
 678.000      55.2075
 679.000      54.0683
 680.000      53.9675
 681.000      55.8566
 682.000      52.3799
 683.000      56.4102
 684.000      52.7879
 685.000      56.5494
 686.000      52.4161
 687.000      55.7073
 688.000      55.9819
 689.000      54.7141
 690.000      54.7067
 691.000      55.5072
 692.000      55.5823
 693.000      55.7033
 694.000      53.3086
 695.000      54.4807
 696.000      55.3838
 697.000      55.7734
 698.000      57.2165
 699.000      54.9773
 700.000      55.3801
 701.000      55.4093
 702.000      56.8068
 703.000      55.5804
 704.000      54.0514
 705.000      55.7424
 706.000      52.8762
 707.000      53.8254
 708.000      56.3561
 709.000      54.9025
 710.000      54.0637
 711.000      56.4436
 712.000      55.8936
 713.000      51.2704
 714.000      54.0287
 715.000      53.5966
 716.000      55.6324
 717.000      55.3699
 718.000      55.7266
 719.000      60.9255
 720.000      60.4924
 721.000      60.4568
 722.000      60.9845
 723.000      60.9054
 724.000      60.9339
 725.000      61.1555
 726.000      62.0538
 727.000      61.0574
 728.000      61.3358
 729.000      61.2801
 730.000      60.4558
 731.000      60.5509
 732.000      60.4904
 733.000      60.0030
 734.000      61.7291
 735.000      60.3185
 736.000      61.1441
 737.000      60.9078
 738.000      60.0701
 739.000      61.5886
 740.000      60.3859
 741.000      60.3169
 742.000      60.3115
 743.000      61.4719
 744.000      60.2905
 745.000      60.5482
 746.000      60.8028
 747.000      59.8583
 748.000      61.1313
 749.000      60.4384
 750.000      59.9846
 751.000      60.4596
 752.000      60.4574
 753.000      61.4488
 754.000      60.7541
 755.000      61.7057
 756.000      60.4823
 757.000      61.4930
 758.000      60.8402
 759.000      61.1752
 760.000      60.3471
 761.000      61.2506
 762.000      61.0726
 763.000      60.8010
 764.000      61.0653
 765.000      61.4716
 766.000      60.8450
 767.000      61.2252
 768.000      60.9775
 769.000      61.5829
 770.000      59.6352
 771.000      60.7742
 772.000      60.5461
 773.000      60.7520
 774.000      60.4745
 775.000      61.9494
 776.000      60.4207
 777.000      61.5482
 778.000      60.7648
 779.000      61.6203
 780.000      59.8018
 781.000      60.5569
 782.000      61.4708
