#Res        AtomicFlx
   1.000       5.3703
   2.000       5.0819
   3.000       4.5923
   4.000       5.1922
   5.000       5.0913
   6.000       4.3825
   7.000       4.4669
   8.000       3.0991
   9.000       3.3184
  10.000       3.4149
  11.000       1.7666
  12.000       1.9125
  13.000       1.8866
  14.000       2.2294
  15.000       2.5146
  16.000       2.4310
  17.000       2.1714
  18.000       3.4528
  19.000       2.8459
  20.000       3.1843
  21.000       3.7339
  22.000       4.0770
  23.000       4.3669
  24.000       5.5245
  25.000       3.8385
  26.000       3.6295
  27.000       2.7763
  28.000       3.2131
  29.000       1.8014
  30.000       2.4091
  31.000       1.0562
  32.000       1.4574
  33.000       1.2424
  34.000       1.2833
  35.000       1.0421
  36.000       1.1883
  37.000       0.8630
  38.000       1.3676
  39.000       0.9181
  40.000       0.7850
  41.000       0.7364
  42.000       0.9909
  43.000       0.6086
  44.000       0.6751
  45.000       0.6251
  46.000       0.7539
  47.000       0.6395
  48.000       0.9634
  49.000       0.7507
  50.000       0.7974
  51.000       1.1969
  52.000       0.9935
  53.000       1.7603
  54.000       1.1845
  55.000       0.9289
  56.000       1.2188
  57.000       1.1342
  58.000       1.2335
  59.000       1.5654
  60.000       1.4280
  61.000       1.5140
  62.000       1.5705
  63.000       2.0447
  64.000       1.9975
  65.000       1.7474
  66.000       1.1464
  67.000       1.5414
  68.000       1.3766
  69.000       1.0478
  70.000       1.1047
  71.000       1.2774
  72.000       1.0811
  73.000       1.0088
  74.000       0.9863
  75.000       0.9002
  76.000       0.9558
  77.000       1.1326
  78.000       0.6493
  79.000       0.7791
  80.000       0.7189
  81.000       0.9505
  82.000       0.6969
  83.000       1.0496
  84.000       0.8481
  85.000       0.7305
  86.000       0.9140
  87.000       0.6501
  88.000       0.7890
  89.000       0.6234
  90.000       1.1005
  91.000       0.8516
  92.000       0.8975
  93.000       0.9153
  94.000       1.5198
  95.000       0.7345
  96.000       0.8276
  97.000       1.0956
  98.000       0.8317
  99.000       0.8332
 100.000       0.7626
 101.000       1.0760
 102.000       1.0572
 103.000       1.1276
 104.000       1.5068
 105.000       1.3745
 106.000       1.2752
 107.000       1.1350
 108.000       1.4881
 109.000       1.0990
 110.000       0.9755
 111.000       0.9360
 112.000       1.4625
 113.000       1.0506
 114.000       0.9929
 115.000       1.2717
 116.000       1.2403
 117.000       1.0176
 118.000       0.8016
 119.000       1.0718
 120.000       1.0997
 121.000       0.9505
 122.000       0.6750
 123.000       1.1860
 124.000       1.2965
 125.000       1.0401
 126.000       0.9065
 127.000       0.8419
 128.000       0.9868
 129.000       0.9823
 130.000       0.9525
 131.000       0.8313
 132.000       0.8660
 133.000       1.0964
 134.000       0.9101
 135.000       1.0571
 136.000       1.0196
 137.000       1.9171
 138.000       0.9235
 139.000       0.9913
 140.000       1.4668
 141.000       1.4346
 142.000       1.6583
 143.000       1.3896
 144.000       1.1205
 145.000       1.0519
 146.000       0.9718
 147.000       1.5007
 148.000       1.6903
 149.000       1.3044
 150.000       1.5196
 151.000       2.1504
 152.000       2.4242
 153.000       3.6062
 154.000       3.9423
 155.000       3.6520
 156.000       3.1849
 157.000       2.2014
 158.000       1.9512
 159.000       1.6652
 160.000       2.0266
 161.000       1.8640
 162.000       1.2292
 163.000       1.5422
 164.000       2.4458
 165.000       1.4042
 166.000       1.2047
 167.000       1.1098
 168.000       1.0749
 169.000       1.1299
 170.000       1.1233
 171.000       0.9057
 172.000       0.8594
 173.000       1.0526
 174.000       1.5663
 175.000       1.1709
 176.000       0.9084
 177.000       0.9442
 178.000       0.9898
 179.000       1.2882
 180.000       1.1422
 181.000       1.5959
 182.000       1.6102
 183.000       1.7311
 184.000       1.8502
 185.000       2.0091
 186.000       2.5888
 187.000       1.6107
 188.000       1.3364
 189.000       1.5395
 190.000       1.0367
 191.000       1.2945
 192.000       1.0424
 193.000       1.2084
 194.000       1.1895
 195.000       1.3914
 196.000       0.9254
 197.000       0.9547
 198.000       0.9418
 199.000       1.1407
 200.000       0.8340
 201.000       0.8527
 202.000       0.9526
 203.000       0.9817
 204.000       1.0145
 205.000       0.9459
 206.000       1.5346
 207.000       0.9145
 208.000       1.0807
 209.000       1.3060
 210.000       1.7623
 211.000       1.0758
 212.000       1.8807
 213.000       1.6847
 214.000       1.3196
 215.000       1.7124
 216.000       1.2855
 217.000       1.8389
 218.000       1.3872
 219.000       1.3099
 220.000       1.5812
 221.000       1.5650
 222.000       1.1636
 223.000       0.9944
 224.000       1.2136
 225.000       1.2837
 226.000       0.9408
 227.000       1.2873
 228.000       1.0928
 229.000       0.9582
 230.000       1.0225
 231.000       1.0363
 232.000       1.1906
 233.000       1.1980
 234.000       1.1484
 235.000       1.2452
 236.000       1.0453
 237.000       1.0367
 238.000       1.3037
 239.000       1.1999
 240.000       1.2168
 241.000       2.0763
 242.000       1.1129
 243.000       1.0984
 244.000       1.3229
 245.000       1.5875
 246.000       1.0301
 247.000       1.3604
 248.000       1.3543
 249.000       1.5184
 250.000       1.1790
 251.000       1.6710
 252.000       1.8906
 253.000       2.0099
 254.000       2.5882
 255.000       2.1790
 256.000       2.0802
 257.000       1.8118
 258.000       1.8263
 259.000       1.6502
 260.000       1.6116
 261.000       1.3110
 262.000       1.4834
 263.000       1.1034
 264.000       1.1105
 265.000       1.0828
 266.000       1.0904
 267.000       0.9129
 268.000       0.8217
 269.000       0.8363
 270.000       0.9847
 271.000       0.9770
 272.000       1.1809
 273.000       1.1489
 274.000       0.8120
 275.000       1.0285
 276.000       0.8377
 277.000       0.9256
 278.000       0.7422
 279.000       1.4120
 280.000       0.6913
 281.000       0.7306
 282.000       0.9269
 283.000       0.7084
 284.000       0.7921
 285.000       0.8379
 286.000       0.8268
 287.000       0.8626
 288.000       1.1157
 289.000       1.0451
 290.000       1.2880
 291.000       1.6239
 292.000       2.2804
 293.000       1.8396
 294.000       1.5902
 295.000       1.1968
 296.000       1.5631
 297.000       1.5679
 298.000       0.9215
 299.000       0.8583
 300.000       0.9277
 301.000       1.1202
 302.000       0.7756
 303.000       0.6939
 304.000       1.1790
 305.000       1.0526
 306.000       0.7215
 307.000       0.8090
 308.000       2.0010
 309.000       0.8606
 310.000       0.8725
 311.000       1.0339
 312.000       1.2221
 313.000       1.0658
 314.000       0.9347
 315.000       1.1004
 316.000       0.9855
 317.000       0.9677
 318.000       1.1352
 319.000       1.0392
 320.000       1.0245
 321.000       1.1868
 322.000       0.9763
 323.000       1.0608
 324.000       1.4798
 325.000       1.0563
 326.000       1.1849
 327.000       1.7783
 328.000       1.4695
 329.000       1.4458
 330.000       1.5360
 331.000       1.5949
 332.000       1.2629
 333.000       1.8015
 334.000       1.6760
 335.000       1.7347
 336.000       1.8676
 337.000       2.1114
 338.000       2.5108
 339.000       2.2897
 340.000       2.6819
 341.000       2.9254
 342.000       3.2484
 343.000       3.2617
 344.000       3.7226
 345.000       4.2222
 346.000       3.9414
 347.000       4.9433
 348.000       6.1037
 349.000       4.5235
 350.000       5.2519
 351.000       4.7701
 352.000       5.6007
 353.000       5.4044
 354.000       6.7329
 355.000       5.2865
 356.000       3.9485
 357.000       5.1606
 358.000       5.5325
 359.000       3.9883
 360.000       4.5503
 361.000       6.2189
 362.000       5.7803
 363.000       5.2200
 364.000       7.0513
 365.000       7.3629
 366.000       6.9236
 367.000       7.0637
 368.000       7.0369
 369.000       6.9540
 370.000       6.3229
 371.000       7.7488
 372.000       5.8558
 373.000       5.3011
 374.000       4.2576
 375.000       3.9174
 376.000       3.4374
 377.000       3.6997
 378.000       3.4579
 379.000       1.7389
 380.000       2.0341
 381.000       2.0115
 382.000       1.4198
 383.000       1.2802
 384.000       1.2380
 385.000       1.4698
 386.000       1.3591
 387.000       1.6727
 388.000       1.5120
 389.000       1.8486
 390.000       2.1664
 391.000       1.0431
 392.000       0.9919
 393.000       0.9076
 394.000       1.0592
 395.000       0.9412
 396.000       0.8572
 397.000       0.9735
 398.000       1.0382
 399.000       1.2040
 400.000       0.9494
 401.000       1.1391
 402.000       1.0134
 403.000       1.4122
 404.000       1.1727
 405.000       1.3746
 406.000       1.1804
 407.000       1.2463
 408.000       1.2596
 409.000       1.0167
 410.000       0.9969
 411.000       1.0944
 412.000       0.9666
 413.000       0.9355
 414.000       0.9061
 415.000       1.0993
 416.000       0.7764
 417.000       0.8619
 418.000       0.8470
 419.000       0.9543
 420.000       0.8470
 421.000       1.0398
 422.000       0.8916
 423.000       1.0282
 424.000       0.5697
 425.000       0.8538
 426.000       0.5786
 427.000       0.5752
 428.000       0.6775
 429.000       0.9446
 430.000       0.6399
 431.000       0.7675
 432.000       0.9666
 433.000       1.0375
 434.000       0.7554
 435.000       0.9811
 436.000       1.1133
 437.000       1.0264
 438.000       1.0317
 439.000       1.4303
 440.000       1.6966
 441.000       1.3926
 442.000       1.6171
 443.000       2.7015
 444.000       2.2450
 445.000       2.2864
 446.000       2.5708
 447.000       2.8985
 448.000       4.6673
 449.000       2.5028
 450.000       1.8371
 451.000       2.4011
 452.000       1.5036
 453.000       1.3750
 454.000       1.6317
 455.000       1.2155
 456.000       0.9598
 457.000       1.3516
 458.000       1.2369
 459.000       0.9186
 460.000       1.2980
 461.000       0.9968
 462.000       1.0144
 463.000       1.2702
 464.000       1.4543
 465.000       1.3086
 466.000       1.0163
 467.000       1.7005
 468.000       1.3125
 469.000       1.1878
 470.000       1.1223
 471.000       1.1425
 472.000       1.1762
 473.000       1.0114
 474.000       0.8711
 475.000       1.1302
 476.000       1.0840
 477.000       1.1160
 478.000       1.2149
 479.000       1.0788
 480.000       1.2785
 481.000       1.2417
 482.000       1.1035
 483.000       1.0609
 484.000       1.4345
 485.000       1.2349
 486.000       1.1515
 487.000       1.1804
 488.000       1.2901
 489.000       0.9497
 490.000       0.8892
 491.000       0.9995
 492.000       0.9904
 493.000       0.8984
 494.000       0.7408
 495.000       1.1298
 496.000       0.7776
 497.000       0.7904
 498.000       0.8712
 499.000       1.4201
 500.000       0.7517
 501.000       0.9285
 502.000       1.1086
 503.000       1.5762
 504.000       1.1649
 505.000       1.3037
 506.000       0.9395
 507.000       1.2527
 508.000       1.2403
 509.000       1.6225
 510.000       1.2809
 511.000       1.3919
 512.000       1.7238
 513.000       1.2021
 514.000       1.5073
 515.000       1.6550
 516.000       2.4078
 517.000       2.4961
 518.000       2.2972
 519.000       2.0326
 520.000       2.4847
 521.000       2.3538
 522.000       1.4905
 523.000       1.5549
 524.000       1.6591
 525.000       1.5896
 526.000       1.5527
 527.000       1.7736
 528.000       1.6631
 529.000       1.0639
 530.000       0.9151
 531.000       1.5188
 532.000       1.4199
 533.000       1.1082
 534.000       0.9179
 535.000       0.9626
 536.000       1.3285
 537.000       1.3160
 538.000       1.0096
 539.000       1.4716
 540.000       1.3283
 541.000       1.1442
 542.000       1.5164
 543.000       1.6530
 544.000       1.4033
 545.000       1.2795
 546.000       2.1650
 547.000       1.4422
 548.000       1.4690
 549.000       1.9802
 550.000       2.5377
 551.000       2.6220
 552.000       3.0660
 553.000       4.0102
 554.000       4.3714
 555.000       3.0697
 556.000       1.7117
 557.000       2.0882
 558.000       2.1949
 559.000       1.7918
 560.000       2.3292
 561.000       2.6710
 562.000       2.7402
 563.000       4.3821
 564.000       3.2776
 565.000       2.9007
 566.000       2.3276
 567.000       2.4386
 568.000       2.9061
 569.000       2.1237
 570.000       2.6513
 571.000       2.2659
 572.000       1.9529
 573.000       1.7195
 574.000       1.6699
 575.000       1.5240
 576.000       2.2330
 577.000       1.7731
 578.000       1.6812
 579.000       2.5115
 580.000       1.6454
 581.000       1.4761
 582.000       1.7581
 583.000       1.8102
 584.000       1.6726
 585.000       1.8523
 586.000       2.1085
 587.000       1.5853
 588.000       1.6000
 589.000       1.6138
 590.000       1.4715
 591.000       1.4649
 592.000       1.4847
 593.000       1.3974
 594.000       1.4372
 595.000       1.6048
 596.000       2.0633
 597.000       1.8443
 598.000       2.2333
 599.000       2.6713
 600.000       2.7219
 601.000       2.7355
 602.000       3.0410
 603.000       3.4058
 604.000       3.3803
 605.000       4.0579
 606.000       2.3181
 607.000       2.1256
 608.000       1.6019
 609.000       0.5663
 610.000      56.3436
 611.000      54.2228
 612.000      55.3832
 613.000      52.8496
 614.000      56.5183
 615.000      55.3184
 616.000      55.4827
 617.000      54.9083
 618.000      57.1712
 619.000      53.9089
 620.000      56.8807
 621.000      56.6394
 622.000      56.4158
 623.000      54.6041
 624.000      54.5297
 625.000      54.0006
 626.000      54.7777
 627.000      54.8249
 628.000      51.4741
 629.000      57.0826
 630.000      53.5756
 631.000      57.5958
 632.000      56.9010
 633.000      54.4837
 634.000      55.6778
 635.000      54.2615
 636.000      56.2371
 637.000      56.8636
 638.000      51.5698
 639.000      55.4454
 640.000      57.5619
 641.000      55.5307
 642.000      54.5826
 643.000      56.4115
 644.000      55.9136
 645.000      56.2779
 646.000      55.7579
 647.000      55.3721
 648.000      57.0115
 649.000      57.0552
 650.000      55.9918
 651.000      53.4350
 652.000      55.3531
 653.000      56.0950
 654.000      55.5989
 655.000      56.7545
 656.000      52.0383
 657.000      55.6383
 658.000      53.5007
 659.000      52.1682
 660.000      55.7484
 661.000      56.3762
 662.000      54.9024
 663.000      54.6119
 664.000      56.5123
 665.000      55.8232
 666.000      56.0399
 667.000      53.9858
 668.000      53.5313
 669.000      55.7469
 670.000      56.7065
 671.000      55.7298
 672.000      54.4932
 673.000      57.3441
 674.000      55.2866
 675.000      54.9470
 676.000      53.1169
 677.000      55.7879
 678.000      55.0039
 679.000      54.7066
 680.000      55.2607
 681.000      55.0873
 682.000      56.3624
 683.000      54.9650
 684.000      57.3432
 685.000      56.2295
 686.000      56.0645
 687.000      54.4097
 688.000      56.4600
 689.000      54.4444
 690.000      56.0804
 691.000      55.1054
 692.000      56.4526
 693.000      53.0232
 694.000      55.1717
 695.000      55.6328
 696.000      57.4637
 697.000      56.9745
 698.000      54.0516
 699.000      53.3351
 700.000      51.5208
 701.000      56.4467
 702.000      55.5571
 703.000      54.0648
 704.000      56.5034
 705.000      52.4356
 706.000      56.1922
 707.000      56.9421
 708.000      57.1093
 709.000      55.4731
 710.000      54.5971
 711.000      55.5549
 712.000      56.1453
 713.000      55.1569
 714.000      54.4970
 715.000      57.6629
 716.000      50.8382
 717.000      54.9653
 718.000      57.3888
 719.000      59.2404
 720.000      60.6678
 721.000      61.0379
 722.000      60.8117
 723.000      60.7014
 724.000      60.6989
 725.000      61.2482
 726.000      61.7344
 727.000      60.8081
 728.000      60.7331
 729.000      61.6000
 730.000      60.6367
 731.000      60.6771
 732.000      61.5427
 733.000      61.1659
 734.000      61.5588
 735.000      60.6365
 736.000      61.7259
 737.000      61.1390
 738.000      60.7102
 739.000      60.9290
 740.000      61.0239
 741.000      60.8496
 742.000      61.5588
 743.000      61.7235
 744.000      61.7043
 745.000      61.0519
 746.000      61.5275
 747.000      61.0080
 748.000      60.8214
 749.000      61.3100
 750.000      61.2292
 751.000      61.0211
 752.000      61.5319
 753.000      60.8192
 754.000      59.7303
 755.000      61.2209
 756.000      61.2389
 757.000      60.9894
 758.000      61.5628
 759.000      60.7101
 760.000      61.0751
 761.000      60.8682
 762.000      61.1146
 763.000      61.0289
 764.000      61.6173
 765.000      61.1926
 766.000      61.4153
 767.000      61.1503
 768.000      60.8447
 769.000      60.4173
 770.000      60.9151
 771.000      61.1833
 772.000      60.7795
 773.000      61.3400
 774.000      60.9053
 775.000      61.0968
 776.000      59.4319
 777.000      61.7341
 778.000      60.8084
 779.000      60.6262
 780.000      60.9575
 781.000      61.2872
 782.000      61.2661
