#Res        AtomicFlx
   1.000       4.2560
   2.000       3.6108
   3.000       3.5180
   4.000       4.8231
   5.000       5.2118
   6.000       4.8342
   7.000       6.8050
   8.000       5.5850
   9.000       4.4175
  10.000       4.2238
  11.000       2.0781
  12.000       1.8095
  13.000       1.7546
  14.000       2.6018
  15.000       2.6300
  16.000       2.6434
  17.000       2.5900
  18.000       3.6097
  19.000       3.2215
  20.000       3.4213
  21.000       3.2694
  22.000       3.3542
  23.000       3.9387
  24.000       3.9194
  25.000       4.5217
  26.000       4.1887
  27.000       4.0278
  28.000       3.6372
  29.000       2.4984
  30.000       3.1817
  31.000       2.1433
  32.000       2.7228
  33.000       1.6559
  34.000       1.4111
  35.000       1.1914
  36.000       1.6697
  37.000       0.8168
  38.000       1.2200
  39.000       1.1404
  40.000       0.8308
  41.000       0.6232
  42.000       1.0392
  43.000       0.6439
  44.000       0.8924
  45.000       0.6769
  46.000       0.7605
  47.000       0.7225
  48.000       0.9273
  49.000       0.8179
  50.000       0.8474
  51.000       1.0876
  52.000       1.3603
  53.000       1.5719
  54.000       0.9492
  55.000       1.1005
  56.000       1.8347
  57.000       1.3163
  58.000       1.3233
  59.000       1.9548
  60.000       1.8644
  61.000       1.6514
  62.000       1.9220
  63.000       2.2491
  64.000       2.5348
  65.000       2.0027
  66.000       1.2479
  67.000       1.4674
  68.000       1.4897
  69.000       1.1567
  70.000       1.2376
  71.000       1.3823
  72.000       1.1414
  73.000       1.1812
  74.000       1.0024
  75.000       0.9472
  76.000       1.0097
  77.000       0.9751
  78.000       0.7679
  79.000       0.8856
  80.000       0.7518
  81.000       0.8522
  82.000       0.9064
  83.000       1.0137
  84.000       1.0354
  85.000       0.7353
  86.000       0.6358
  87.000       0.7170
  88.000       0.8488
  89.000       0.7060
  90.000       0.8650
  91.000       0.9843
  92.000       1.0014
  93.000       1.5216
  94.000       1.7241
  95.000       0.9594
  96.000       1.0799
  97.000       1.0559
  98.000       0.8418
  99.000       0.8818
 100.000       0.8040
 101.000       1.0978
 102.000       1.0791
 103.000       1.2881
 104.000       1.3543
 105.000       1.1787
 106.000       1.0984
 107.000       1.2180
 108.000       1.2026
 109.000       0.7545
 110.000       0.7855
 111.000       0.6542
 112.000       0.9419
 113.000       0.6746
 114.000       0.5823
 115.000       1.0054
 116.000       1.0173
 117.000       0.7465
 118.000       0.6826
 119.000       1.0440
 120.000       1.1351
 121.000       0.8613
 122.000       0.7447
 123.000       1.1193
 124.000       1.1803
 125.000       1.4657
 126.000       1.0312
 127.000       0.9012
 128.000       1.0092
 129.000       0.9194
 130.000       0.9123
 131.000       0.9780
 132.000       0.8909
 133.000       1.0508
 134.000       1.0563
 135.000       1.1432
 136.000       1.0194
 137.000       1.3364
 138.000       1.0287
 139.000       1.0198
 140.000       1.5021
 141.000       1.5536
 142.000       1.8291
 143.000       1.4625
 144.000       1.1944
 145.000       1.3370
 146.000       1.1657
 147.000       1.6637
 148.000       2.2617
 149.000       1.9261
 150.000       2.1057
 151.000       2.6056
 152.000       3.1967
 153.000       4.4122
 154.000       4.9492
 155.000       5.3314
 156.000       3.9312
 157.000       2.7393
 158.000       2.3707
 159.000       2.1229
 160.000       2.5069
 161.000       2.0147
 162.000       1.5293
 163.000       1.9887
 164.000       2.7749
 165.000       1.7347
 166.000       1.4921
 167.000       1.3598
 168.000       1.4026
 169.000       1.3405
 170.000       1.3495
 171.000       1.1593
 172.000       1.1486
 173.000       1.4639
 174.000       1.6478
 175.000       1.4731
 176.000       1.2959
 177.000       1.3623
 178.000       1.1584
 179.000       1.5894
 180.000       1.2754
 181.000       1.8409
 182.000       1.5784
 183.000       1.7014
 184.000       1.8263
 185.000       1.9300
 186.000       1.5694
 187.000       1.6772
 188.000       1.7908
 189.000       1.5527
 190.000       1.2144
 191.000       2.0197
 192.000       1.6954
 193.000       1.0375
 194.000       1.2412
 195.000       1.1542
 196.000       0.8271
 197.000       0.9184
 198.000       0.9202
 199.000       1.1405
 200.000       0.8962
 201.000       0.9458
 202.000       1.0015
 203.000       1.0453
 204.000       1.1936
 205.000       1.4831
 206.000       1.8602
 207.000       1.2242
 208.000       1.7012
 209.000       2.1341
 210.000       3.7282
 211.000       2.3491
 212.000       2.1470
 213.000       2.3347
 214.000       1.7299
 215.000       1.3625
 216.000       0.9520
 217.000       1.4758
 218.000       0.8791
 219.000       1.1784
 220.000       1.6436
 221.000       1.2381
 222.000       0.8294
 223.000       1.1218
 224.000       1.2624
 225.000       1.2456
 226.000       0.8526
 227.000       1.2275
 228.000       1.0574
 229.000       0.9824
 230.000       0.9760
 231.000       1.0086
 232.000       1.2809
 233.000       1.2054
 234.000       1.1705
 235.000       1.2414
 236.000       1.0435
 237.000       1.0783
 238.000       1.3659
 239.000       1.1815
 240.000       1.2698
 241.000       2.1034
 242.000       1.2322
 243.000       1.3667
 244.000       1.5811
 245.000       1.7751
 246.000       1.2732
 247.000       1.5948
 248.000       1.6360
 249.000       2.2575
 250.000       1.5014
 251.000       1.7408
 252.000       1.9205
 253.000       2.2779
 254.000       2.7652
 255.000       3.1437
 256.000       2.7541
 257.000       2.3737
 258.000       2.0800
 259.000       1.9345
 260.000       2.0102
 261.000       1.6716
 262.000       1.8075
 263.000       1.5976
 264.000       1.3716
 265.000       1.3812
 266.000       1.4089
 267.000       1.0835
 268.000       0.8684
 269.000       0.9300
 270.000       1.3271
 271.000       1.1890
 272.000       1.4001
 273.000       1.0853
 274.000       0.8343
 275.000       1.0323
 276.000       0.8476
 277.000       1.0239
 278.000       0.7140
 279.000       1.0758
 280.000       0.7396
 281.000       0.7574
 282.000       0.7597
 283.000       0.7562
 284.000       0.9032
 285.000       1.0640
 286.000       0.6972
 287.000       0.8923
 288.000       1.3809
 289.000       1.0103
 290.000       1.3120
 291.000       1.5104
 292.000       1.5271
 293.000       1.1034
 294.000       1.2224
 295.000       0.9880
 296.000       1.1615
 297.000       1.6576
 298.000       0.8324
 299.000       0.8608
 300.000       0.9861
 301.000       1.1110
 302.000       0.8736
 303.000       0.7430
 304.000       1.0730
 305.000       1.2439
 306.000       0.8033
 307.000       0.8262
 308.000       1.7351
 309.000       0.8435
 310.000       0.9270
 311.000       1.0861
 312.000       1.1874
 313.000       1.0099
 314.000       0.9457
 315.000       1.1739
 316.000       1.0726
 317.000       1.0456
 318.000       1.4212
 319.000       1.1125
 320.000       1.0921
 321.000       1.2649
 322.000       1.0448
 323.000       1.0950
 324.000       1.4702
 325.000       1.0972
 326.000       1.0941
 327.000       1.6786
 328.000       1.4966
 329.000       1.6338
 330.000       1.3667
 331.000       1.5284
 332.000       1.2735
 333.000       1.8434
 334.000       1.6123
 335.000       1.8389
 336.000       1.7435
 337.000       2.0363
 338.000       2.5989
 339.000       2.4839
 340.000       2.7054
 341.000       3.0661
 342.000       3.5354
 343.000       3.6423
 344.000       4.1804
 345.000       4.9315
 346.000       4.2569
 347.000       5.0679
 348.000       6.6107
 349.000       4.9116
 350.000       4.8661
 351.000       3.3656
 352.000       3.5981
 353.000       3.5815
 354.000       4.3534
 355.000       3.6596
 356.000       2.5997
 357.000       3.2881
 358.000       3.8105
 359.000       3.4204
 360.000       2.9538
 361.000       3.9994
 362.000       4.4905
 363.000       3.5785
 364.000       4.0569
 365.000       4.5184
 366.000       4.5328
 367.000       4.6180
 368.000       4.5568
 369.000       4.6043
 370.000       4.1072
 371.000       3.5429
 372.000       3.9516
 373.000       4.2500
 374.000       3.2066
 375.000       3.0137
 376.000       2.5227
 377.000       2.3321
 378.000       2.4361
 379.000       1.6763
 380.000       2.4600
 381.000       3.1678
 382.000       3.2948
 383.000       1.7263
 384.000       1.6454
 385.000       2.4169
 386.000       2.3883
 387.000       2.7369
 388.000       2.5269
 389.000       2.2759
 390.000       2.3163
 391.000       1.5015
 392.000       1.8782
 393.000       1.2218
 394.000       1.4373
 395.000       1.2239
 396.000       1.1283
 397.000       1.2156
 398.000       1.2098
 399.000       1.2603
 400.000       1.0693
 401.000       1.4005
 402.000       1.1230
 403.000       1.3785
 404.000       1.3658
 405.000       1.4869
 406.000       1.2246
 407.000       1.1895
 408.000       1.3211
 409.000       1.0497
 410.000       1.0166
 411.000       1.1393
 412.000       1.0662
 413.000       0.9903
 414.000       0.9904
 415.000       1.0738
 416.000       0.8794
 417.000       0.9099
 418.000       1.0205
 419.000       1.0217
 420.000       1.0709
 421.000       1.0861
 422.000       0.7101
 423.000       1.0562
 424.000       0.6525
 425.000       0.7484
 426.000       0.6138
 427.000       0.6416
 428.000       1.0557
 429.000       1.1281
 430.000       0.7571
 431.000       0.9551
 432.000       1.1822
 433.000       1.2185
 434.000       0.7444
 435.000       0.8890
 436.000       0.9749
 437.000       1.0062
 438.000       0.8948
 439.000       1.1732
 440.000       1.4953
 441.000       1.2835
 442.000       1.3311
 443.000       2.3205
 444.000       1.9354
 445.000       1.8023
 446.000       1.6992
 447.000       1.9155
 448.000       2.4283
 449.000       1.9227
 450.000       1.8228
 451.000       2.1615
 452.000       1.8594
 453.000       1.6216
 454.000       1.5596
 455.000       1.2030
 456.000       1.0864
 457.000       1.3542
 458.000       1.2174
 459.000       0.9480
 460.000       1.2427
 461.000       0.9889
 462.000       0.9743
 463.000       1.1034
 464.000       1.4210
 465.000       1.2395
 466.000       0.8891
 467.000       1.4048
 468.000       1.2478
 469.000       1.0453
 470.000       1.1443
 471.000       1.1923
 472.000       1.2676
 473.000       1.0591
 474.000       1.0167
 475.000       1.8038
 476.000       1.0940
 477.000       1.1510
 478.000       1.1140
 479.000       1.1074
 480.000       1.2113
 481.000       1.2337
 482.000       1.2108
 483.000       1.6682
 484.000       1.9375
 485.000       1.5660
 486.000       0.8902
 487.000       0.9490
 488.000       1.1099
 489.000       0.7581
 490.000       0.8641
 491.000       1.1194
 492.000       1.0286
 493.000       0.7504
 494.000       0.7561
 495.000       1.2341
 496.000       0.8973
 497.000       0.6822
 498.000       1.1118
 499.000       1.4099
 500.000       0.9744
 501.000       1.2427
 502.000       1.3540
 503.000       1.5546
 504.000       1.1251
 505.000       1.1737
 506.000       0.9595
 507.000       1.3545
 508.000       1.4442
 509.000       2.0254
 510.000       1.0657
 511.000       1.1337
 512.000       1.7954
 513.000       1.0379
 514.000       1.1571
 515.000       1.3659
 516.000       2.0214
 517.000       1.4642
 518.000       1.9259
 519.000       1.6706
 520.000       2.0384
 521.000       2.1018
 522.000       1.3851
 523.000       1.3651
 524.000       1.8297
 525.000       1.2967
 526.000       0.9586
 527.000       1.3494
 528.000       1.5320
 529.000       1.1480
 530.000       1.2675
 531.000       1.5264
 532.000       1.5072
 533.000       1.1882
 534.000       0.9417
 535.000       1.0184
 536.000       1.5595
 537.000       1.3319
 538.000       1.2518
 539.000       1.3234
 540.000       1.3581
 541.000       1.2269
 542.000       1.4503
 543.000       1.4691
 544.000       1.4696
 545.000       1.4058
 546.000       1.7171
 547.000       1.4416
 548.000       1.7399
 549.000       3.1051
 550.000       3.2933
 551.000       2.9842
 552.000       2.5533
 553.000       2.0876
 554.000       1.8668
 555.000       1.8902
 556.000       1.5336
 557.000       1.5347
 558.000       1.8953
 559.000       1.9876
 560.000       2.2026
 561.000       2.5521
 562.000       2.8040
 563.000       3.3820
 564.000       4.1656
 565.000       4.1625
 566.000       3.5828
 567.000       3.6404
 568.000       3.6429
 569.000       2.6441
 570.000       2.6684
 571.000       2.2832
 572.000       1.8444
 573.000       1.7095
 574.000       1.3825
 575.000       1.5482
 576.000       1.9796
 577.000       1.3922
 578.000       1.1317
 579.000       1.6267
 580.000       1.3385
 581.000       1.0817
 582.000       1.2200
 583.000       1.1349
 584.000       1.1552
 585.000       1.0869
 586.000       0.8935
 587.000       0.8163
 588.000       0.9397
 589.000       0.8085
 590.000       0.8488
 591.000       1.2580
 592.000       0.9215
 593.000       1.0077
 594.000       1.1274
 595.000       1.2228
 596.000       1.1958
 597.000       1.4440
 598.000       1.8117
 599.000       1.9320
 600.000       1.8872
 601.000       2.3180
 602.000       2.4521
 603.000       2.7120
 604.000       3.1222
 605.000       4.6268
 606.000       2.4890
 607.000       2.0750
 608.000      53.9667
 609.000       0.6324
 610.000      53.7074
 611.000      53.4694
 612.000      53.3662
 613.000      54.7255
 614.000      55.5052
 615.000      56.1954
 616.000      53.7644
 617.000      56.5537
 618.000      53.4319
 619.000      53.7329
 620.000      55.0433
 621.000      54.9226
 622.000      55.4004
 623.000      54.8844
 624.000      57.3137
 625.000      50.7755
 626.000      55.4590
 627.000      57.5891
 628.000      53.3816
 629.000      54.2363
 630.000      54.2116
 631.000      54.7027
 632.000      55.3254
 633.000      55.8565
 634.000      54.7926
 635.000      55.6204
 636.000      55.7457
 637.000      57.0758
 638.000      54.5003
 639.000      55.0839
 640.000      53.8975
 641.000      57.2384
 642.000      56.4478
 643.000      55.3586
 644.000      53.8452
 645.000      55.0696
 646.000      56.9942
 647.000      54.4119
 648.000      54.8237
 649.000      55.4269
 650.000      55.8270
 651.000      53.3018
 652.000      55.4905
 653.000      55.3292
 654.000      56.7916
 655.000      55.2823
 656.000      53.8573
 657.000      53.0595
 658.000      53.9687
 659.000      53.3944
 660.000      54.7164
 661.000      55.2594
 662.000      54.5566
 663.000      56.1427
 664.000      54.7778
 665.000      54.8848
 666.000      53.1020
 667.000      53.8955
 668.000      55.9464
 669.000      55.9435
 670.000      54.9393
 671.000      55.6705
 672.000      55.0301
 673.000      55.8093
 674.000      54.5470
 675.000      51.9827
 676.000      54.2404
 677.000      54.5683
 678.000      56.4505
 679.000      55.7638
 680.000      53.1453
 681.000      52.3989
 682.000      54.8743
 683.000      54.5062
 684.000      54.3486
 685.000      58.0341
 686.000      54.7999
 687.000      54.0087
 688.000      54.9980
 689.000      54.2251
 690.000      55.0128
 691.000      55.6530
 692.000      53.7976
 693.000      55.4670
 694.000      55.6294
 695.000      53.2919
 696.000      56.3500
 697.000      55.2329
 698.000      53.5046
 699.000      52.5418
 700.000      55.6355
 701.000      54.9560
 702.000      55.0058
 703.000      56.1595
 704.000      54.8173
 705.000      53.9287
 706.000      54.5647
 707.000      55.5613
 708.000      54.5767
 709.000      54.1014
 710.000      51.9524
 711.000      53.4002
 712.000      54.7504
 713.000      53.9329
 714.000      55.6436
 715.000      55.6020
 716.000      56.8289
 717.000      53.9530
 718.000      56.3708
 719.000      60.2759
 720.000      61.3714
 721.000      58.8984
 722.000      60.6169
 723.000      59.4057
 724.000      58.9223
 725.000      59.8798
 726.000      60.6483
 727.000      60.2543
 728.000      60.1098
 729.000      60.5272
 730.000      60.2436
 731.000      60.3533
 732.000      59.9718
 733.000      60.0878
 734.000      60.7913
 735.000      60.8701
 736.000      59.9216
 737.000      60.5718
 738.000      60.1914
 739.000      60.4743
 740.000      60.6886
 741.000      59.9912
 742.000      60.4459
 743.000      60.1321
 744.000      60.9687
 745.000      61.1654
 746.000      60.6152
 747.000      59.9524
 748.000      59.6898
 749.000      60.6609
 750.000      60.6450
 751.000      61.4106
 752.000      60.4986
 753.000      60.6004
 754.000      59.8214
 755.000      60.7903
 756.000      60.5877
 757.000      60.2396
 758.000      60.3852
 759.000      61.0698
 760.000      59.9260
 761.000      60.7945
 762.000      60.3263
 763.000      60.7380
 764.000      60.9554
 765.000      60.0965
 766.000      60.4949
 767.000      60.7444
 768.000      60.3251
 769.000      60.5711
 770.000      60.0882
 771.000      61.0914
 772.000      60.9812
 773.000      60.6030
 774.000      60.4276
 775.000      59.9389
 776.000      60.7886
 777.000      60.9599
 778.000      60.4834
 779.000      60.7310
 780.000      60.2985
 781.000      60.1592
 782.000      60.4712
