#Res        AtomicFlx
   1.000       2.6186
   2.000       2.6194
   3.000       1.7750
   4.000       1.3153
   5.000       1.6388
   6.000       1.3418
   7.000       1.1437
   8.000       1.0300
   9.000       1.0422
  10.000       0.8444
  11.000       0.7541
  12.000       0.8347
  13.000       0.7758
  14.000       0.6139
  15.000       0.6463
  16.000       0.7596
  17.000       0.6617
  18.000       0.5984
  19.000       0.5684
  20.000       0.6661
  21.000       0.7194
  22.000       0.7119
  23.000       0.5825
  24.000       0.7406
  25.000       0.7529
  26.000       0.7523
  27.000       0.6405
  28.000       0.7301
  29.000       0.7996
  30.000       0.7370
  31.000       0.7635
  32.000       0.9635
  33.000       0.9985
  34.000       0.9143
  35.000       1.0485
  36.000       0.9652
  37.000       0.9038
  38.000       0.9250
  39.000       0.7760
  40.000       0.7646
  41.000       0.8015
  42.000       0.6850
  43.000       0.5913
  44.000       0.6577
  45.000       0.6662
  46.000       0.6143
  47.000       0.6007
  48.000       0.6796
  49.000       0.6613
  50.000       0.6553
  51.000       0.5988
  52.000       0.5855
  53.000       0.6013
  54.000       0.5733
  55.000       0.5462
  56.000       0.5747
  57.000       0.5957
  58.000       0.5738
  59.000       0.6197
  60.000       0.6482
  61.000       0.6516
  62.000       0.6487
  63.000       0.7240
  64.000       0.7921
  65.000       0.9232
  66.000       0.7969
  67.000       0.8170
  68.000       0.8162
  69.000       0.8243
  70.000       0.7520
  71.000       0.7685
  72.000       0.6915
  73.000       0.9925
  74.000       1.8981
  75.000       2.6115
  76.000       1.5909
  77.000       1.7302
  78.000       1.2013
  79.000       0.6864
  80.000       0.6486
  81.000       0.6065
  82.000       0.5733
  83.000       0.5956
  84.000       0.5676
  85.000       0.6163
  86.000       0.5897
  87.000       0.5800
  88.000       0.6032
  89.000       0.6167
  90.000       0.5975
  91.000       0.6149
  92.000       0.6611
  93.000       0.6886
  94.000       0.7058
  95.000       0.6735
  96.000       0.6839
  97.000       0.6950
  98.000       0.7003
  99.000       0.7479
 100.000       0.7718
 101.000       0.6428
 102.000       0.5957
 103.000       0.6095
 104.000       0.5840
 105.000       0.5396
 106.000       0.5860
 107.000       0.5924
 108.000       0.5586
 109.000       0.6049
 110.000       0.6702
 111.000       0.6896
 112.000       0.7370
 113.000       0.9033
 114.000       1.1082
 115.000       1.0671
 116.000       0.9998
 117.000       1.0932
 118.000       1.4957
 119.000       1.6636
 120.000       1.9501
 121.000       2.1306
 122.000       2.4759
 123.000       2.1760
 124.000       2.1749
 125.000       2.3152
 126.000       1.8517
 127.000       2.0622
 128.000       2.2117
 129.000       1.9773
 130.000       1.8145
 131.000       3.0139
 132.000       4.1940
 133.000       3.9812
 134.000       4.2490
 135.000       5.0168
 136.000       7.0228
 137.000       6.9826
 138.000       6.0057
 139.000       7.5637
 140.000       6.8934
 141.000       7.4090
 142.000       5.5243
 143.000       6.2662
 144.000       5.9663
 145.000       5.9872
 146.000       4.7496
 147.000       2.7623
 148.000       2.4868
 149.000       2.6175
 150.000       2.3481
 151.000       2.1170
 152.000       2.6445
 153.000       3.9406
 154.000       3.7813
 155.000       4.8828
 156.000       6.7888
 157.000       8.0340
 158.000       7.6704
 159.000       7.4444
 160.000       5.7233
 161.000       4.8661
 162.000       3.4862
 163.000       2.2191
 164.000       1.4871
 165.000       1.1468
 166.000       0.9778
 167.000       0.9285
 168.000       1.0031
 169.000       0.9999
 170.000       0.8705
 171.000       0.9285
 172.000       1.0287
 173.000       1.0199
 174.000       0.8853
 175.000       0.9418
 176.000       0.9389
 177.000       1.1083
 178.000       1.3827
 179.000       1.2428
 180.000       1.1532
 181.000       0.9777
 182.000       1.5918
 183.000       1.3845
 184.000       1.5878
 185.000       2.4801
 186.000       1.6565
 187.000       1.3469
 188.000       1.0974
 189.000       0.9152
 190.000       0.8426
 191.000       0.7670
 192.000       0.7365
 193.000       0.6892
 194.000       0.6179
 195.000       0.6445
 196.000       0.6697
 197.000       0.6313
 198.000       0.6015
 199.000       0.6104
 200.000       0.6538
 201.000       0.6306
 202.000       0.5814
 203.000       0.6367
 204.000       0.7083
 205.000       0.6935
 206.000       0.7057
 207.000       0.8967
 208.000       1.0732
 209.000       1.0362
 210.000       1.1842
 211.000       1.2322
 212.000       0.8915
 213.000       0.7604
 214.000       0.8560
 215.000       0.8960
 216.000       0.6919
 217.000       0.7274
 218.000       0.8119
 219.000       0.7579
 220.000       0.6723
 221.000       0.7787
 222.000       0.7920
 223.000       0.8958
 224.000       0.8388
 225.000       0.6796
 226.000       0.7332
 227.000       0.8042
 228.000       0.7652
 229.000       0.7191
 230.000       0.7782
 231.000       0.8182
 232.000       0.8398
 233.000       0.9782
 234.000       1.0944
 235.000       1.0562
 236.000       1.1450
 237.000       1.2870
 238.000       1.1955
 239.000       1.2881
 240.000       1.2044
 241.000       1.0572
 242.000       1.1026
 243.000       1.1236
 244.000       1.0057
 245.000       0.9586
 246.000       1.0597
 247.000       1.0484
 248.000       0.9561
 249.000       1.0205
 250.000       1.0845
 251.000       1.1311
 252.000       1.3159
 253.000       1.4800
 254.000       1.3634
 255.000       1.0544
 256.000       1.0973
 257.000       1.2412
 258.000       1.0050
 259.000       0.9180
 260.000       0.8405
 261.000       0.7634
 262.000       0.6999
 263.000       0.6683
 264.000       0.6416
 265.000       0.6157
 266.000       0.5837
 267.000       0.5717
 268.000       0.5464
 269.000       0.5722
 270.000       0.5406
 271.000       0.5444
 272.000       0.5548
 273.000       0.5550
 274.000       0.6150
 275.000       0.5795
 276.000       0.5895
 277.000       0.5652
 278.000       0.6334
 279.000       0.6733
 280.000       0.6791
 281.000       0.6454
 282.000       0.6307
 283.000       0.7045
 284.000       0.6925
 285.000       0.6952
 286.000       0.9436
 287.000       0.9712
 288.000       1.1074
 289.000       1.0302
 290.000       1.2460
 291.000       1.2440
 292.000       1.3556
 293.000       1.0014
 294.000       0.9588
 295.000       0.8277
 296.000       0.7876
 297.000       0.7567
 298.000       0.7217
 299.000       0.6777
 300.000       0.5935
 301.000       0.6429
 302.000       0.6888
 303.000       0.6069
 304.000       0.5396
 305.000       0.5955
 306.000       0.6543
 307.000       0.5910
 308.000       0.5589
 309.000       0.6454
 310.000       0.6565
 311.000       0.6724
 312.000       0.7186
 313.000       0.7861
 314.000       0.8816
 315.000       0.8888
 316.000       0.9091
 317.000       0.8785
 318.000       1.0934
 319.000       1.2347
 320.000       1.1059
 321.000       1.1350
 322.000       1.3190
 323.000       1.3764
 324.000       1.5499
 325.000       1.6773
 326.000       1.7783
 327.000       1.6731
 328.000       1.6313
 329.000       1.5848
 330.000       2.3527
 331.000       1.9180
 332.000       2.3811
 333.000       2.6868
 334.000       1.9049
 335.000       1.6214
 336.000       2.0021
 337.000       2.4107
 338.000       1.2961
 339.000       0.9517
 340.000       0.8866
 341.000       0.9539
 342.000       0.9494
 343.000       0.9407
 344.000       0.9458
 345.000       0.9481
 346.000       1.0851
 347.000       0.8725
 348.000       0.9627
 349.000       1.2697
 350.000       1.3982
 351.000       1.7541
 352.000       1.1738
 353.000       1.0849
 354.000       0.9653
 355.000       0.8947
 356.000       0.9859
 357.000       0.8933
 358.000       0.6972
 359.000       0.6730
 360.000       0.6988
 361.000       0.6419
 362.000       0.5585
 363.000       0.5539
 364.000       0.5823
 365.000       0.6211
 366.000       0.6166
 367.000       0.5468
 368.000       0.6022
 369.000       0.7232
 370.000       0.7058
 371.000       0.5954
 372.000       0.5979
 373.000       0.5705
 374.000       0.5526
 375.000       0.5560
 376.000       0.6005
 377.000       0.6097
 378.000       0.5393
 379.000       0.5586
 380.000       0.6082
 381.000       0.6236
 382.000       0.6163
 383.000       0.6995
 384.000       0.8193
 385.000       0.8064
 386.000       0.9506
 387.000       1.0311
 388.000       0.9648
 389.000       1.1512
 390.000       1.3941
 391.000       2.1165
 392.000       1.7310
 393.000       1.4707
 394.000       1.1263
 395.000       1.0965
 396.000       1.1979
 397.000       1.0539
 398.000       0.8461
 399.000       0.8579
 400.000       0.9679
 401.000       0.8589
 402.000       0.6878
 403.000       0.7675
 404.000       0.8461
 405.000       0.7451
 406.000       0.7017
 407.000       0.7897
 408.000       0.8308
 409.000       0.7736
 410.000       0.7796
 411.000       0.9230
 412.000       0.9225
 413.000       0.9177
 414.000       1.0491
 415.000       1.0735
 416.000       1.0590
 417.000       1.2794
 418.000       1.0535
 419.000       0.9882
 420.000       0.8549
 421.000       0.9614
 422.000       0.8556
 423.000       0.6763
 424.000       0.6736
 425.000       0.7384
 426.000       0.7278
 427.000       0.6536
 428.000       0.6705
 429.000       0.7448
 430.000       0.7402
 431.000       0.6250
 432.000       0.6931
 433.000       0.7646
 434.000       0.7314
 435.000       0.6790
 436.000       0.5820
 437.000       0.5876
 438.000       0.5473
 439.000       0.5540
 440.000       0.6139
 441.000       0.5647
 442.000       0.5687
 443.000       0.6239
 444.000       0.6312
 445.000       0.6676
 446.000       0.7362
 447.000       0.7212
 448.000       0.7348
 449.000       0.7806
 450.000       0.8863
 451.000       0.8805
 452.000       0.9410
 453.000       0.9906
 454.000       1.0521
 455.000       1.2396
 456.000       1.1928
 457.000       1.0328
 458.000       1.0472
 459.000       1.1134
 460.000       1.1040
 461.000       0.9591
 462.000       1.0200
 463.000       1.2382
 464.000       1.1988
 465.000       1.2190
 466.000       1.3142
 467.000       1.2005
 468.000       1.0682
 469.000       1.0496
 470.000       1.0517
 471.000       1.0580
 472.000       0.8783
 473.000       0.7184
 474.000       0.8622
 475.000       0.8717
 476.000       0.6847
 477.000       0.7248
 478.000       0.9481
 479.000       0.7615
 480.000       0.6966
 481.000       0.6902
 482.000       0.7122
 483.000       0.6839
 484.000       0.6038
 485.000       0.5912
 486.000       0.6409
 487.000       0.6296
 488.000       0.5899
 489.000       0.6112
 490.000       0.7096
 491.000       0.7005
 492.000       0.7064
 493.000       0.8055
 494.000       0.9429
 495.000       1.0039
 496.000       0.9487
 497.000       1.1345
 498.000       1.0147
 499.000       0.9582
 500.000       1.0249
 501.000       0.9995
 502.000       1.3474
 503.000       1.9586
 504.000       1.2633
 505.000       1.3092
 506.000       1.0314
 507.000       1.1779
 508.000       1.3639
 509.000       1.2642
 510.000       0.9666
 511.000       1.0076
 512.000       1.0737
 513.000       0.9286
 514.000       0.8174
 515.000       0.8900
 516.000       0.9197
 517.000       0.9341
 518.000       0.9881
 519.000       1.0844
 520.000       1.0332
 521.000       1.0461
 522.000       0.9408
 523.000       0.7424
 524.000       0.6832
 525.000       0.7462
 526.000       1.1024
 527.000       1.2216
 528.000       1.1195
 529.000       1.4640
 530.000       1.8637
 531.000       1.9066
 532.000       1.8559
 533.000       2.5083
 534.000       2.9130
 535.000       2.8068
 536.000       3.0000
 537.000       3.7500
 538.000       4.2247
 539.000       4.9098
 540.000       4.7488
 541.000       4.1715
 542.000       4.2867
 543.000       4.1809
 544.000       3.5436
 545.000       3.3626
 546.000       3.6480
 547.000       3.3048
 548.000       2.8361
 549.000       3.0228
 550.000       3.4681
 551.000       4.0629
 554.000      52.8388
