#Res        AtomicFlx
   1.000       2.8534
   2.000       2.6848
   3.000       3.2380
   4.000       1.8037
   5.000       1.4622
   6.000       1.2536
   7.000       1.2482
   8.000       0.9149
   9.000       0.8042
  10.000       0.7085
  11.000       0.6514
  12.000       0.6536
  13.000       0.5946
  14.000       0.5388
  15.000       0.5821
  16.000       0.6290
  17.000       0.5579
  18.000       0.5589
  19.000       0.5119
  20.000       0.6223
  21.000       0.6268
  22.000       0.6538
  23.000       0.5349
  24.000       0.5897
  25.000       0.6656
  26.000       0.6355
  27.000       0.5975
  28.000       0.6054
  29.000       0.6815
  30.000       0.5923
  31.000       0.8574
  32.000       0.9728
  33.000       0.7399
  34.000       0.6714
  35.000       0.8537
  36.000       0.7732
  37.000       0.8703
  38.000       0.9092
  39.000       0.7181
  40.000       0.6883
  41.000       0.7186
  42.000       0.5967
  43.000       0.5223
  44.000       0.6253
  45.000       0.6371
  46.000       0.5633
  47.000       0.5604
  48.000       0.6561
  49.000       0.6666
  50.000       0.5835
  51.000       0.5299
  52.000       0.4976
  53.000       0.5199
  54.000       0.5051
  55.000       0.5012
  56.000       0.5310
  57.000       0.5299
  58.000       0.5390
  59.000       0.6124
  60.000       0.6533
  61.000       0.6560
  62.000       0.7454
  63.000       0.8324
  64.000       0.8648
  65.000       1.1069
  66.000       1.2019
  67.000       1.5741
  68.000       1.9919
  69.000       1.5711
  70.000       1.1031
  71.000       0.9193
  72.000       0.8051
  73.000       0.8661
  74.000       1.3085
  75.000       3.0005
  76.000       1.5279
  77.000       1.5065
  78.000       1.1338
  79.000       0.8303
  80.000       0.6762
  81.000       0.6189
  82.000       0.6318
  83.000       0.6356
  84.000       0.5843
  85.000       0.5722
  86.000       0.5695
  87.000       0.5873
  88.000       0.5740
  89.000       0.6060
  90.000       0.6705
  91.000       0.6681
  92.000       0.6471
  93.000       0.6939
  94.000       0.7031
  95.000       0.6469
  96.000       0.6257
  97.000       0.5838
  98.000       0.5937
  99.000       0.5674
 100.000       0.5782
 101.000       0.5478
 102.000       0.5322
 103.000       0.5323
 104.000       0.5151
 105.000       0.5300
 106.000       0.5569
 107.000       0.5383
 108.000       0.5600
 109.000       0.6489
 110.000       0.7345
 111.000       0.6988
 112.000       0.7384
 113.000       0.8743
 114.000       0.9969
 115.000       1.0729
 116.000       1.0467
 117.000       1.1315
 118.000       1.2217
 119.000       1.2025
 120.000       1.2458
 121.000       1.2692
 122.000       2.0311
 123.000       2.0691
 124.000       3.8375
 125.000       4.8279
 126.000       6.7338
 127.000       6.1551
 128.000       6.2031
 129.000       4.4259
 130.000       2.9190
 131.000       3.7271
 132.000       4.2668
 133.000       3.0648
 134.000       2.5539
 135.000       4.9233
 136.000       6.3775
 137.000       8.2413
 138.000       6.7502
 139.000       4.7197
 140.000       5.7312
 141.000       4.3523
 142.000       3.8836
 143.000       2.7696
 144.000       2.5026
 145.000       1.9028
 146.000       1.6022
 147.000       1.4262
 148.000       1.2339
 149.000       1.2458
 150.000       1.3249
 151.000       1.0848
 152.000       1.0492
 153.000       1.3462
 154.000       1.4318
 155.000       1.2414
 156.000       1.4071
 157.000       1.8390
 158.000       1.9831
 159.000       2.9129
 160.000       2.2522
 161.000       2.9165
 162.000       2.3457
 163.000       1.6999
 164.000       1.1032
 165.000       0.8873
 166.000       0.7867
 167.000       0.7535
 168.000       0.7562
 169.000       0.7167
 170.000       0.6190
 171.000       0.7095
 172.000       0.7382
 173.000       0.8606
 174.000       0.8883
 175.000       0.9363
 176.000       1.2512
 177.000       1.1249
 178.000       1.2420
 179.000       1.1141
 180.000       1.2041
 181.000       0.9007
 182.000       1.2579
 183.000       1.1555
 184.000       0.9131
 185.000       0.9357
 186.000       1.0614
 187.000       1.0132
 188.000       0.7948
 189.000       0.8264
 190.000       0.7942
 191.000       0.6965
 192.000       0.7106
 193.000       0.7063
 194.000       0.5989
 195.000       0.6082
 196.000       0.6807
 197.000       0.6463
 198.000       0.5980
 199.000       0.6288
 200.000       0.7035
 201.000       0.7238
 202.000       0.7234
 203.000       0.7265
 204.000       0.7694
 205.000       0.7614
 206.000       0.7916
 207.000       0.8934
 208.000       0.9716
 209.000       1.0924
 210.000       1.1818
 211.000       1.2070
 212.000       1.0395
 213.000       0.8166
 214.000       0.8576
 215.000       0.8650
 216.000       0.7386
 217.000       0.6742
 218.000       0.7133
 219.000       0.6953
 220.000       0.6749
 221.000       0.6733
 222.000       0.6695
 223.000       0.7178
 224.000       0.6482
 225.000       0.6089
 226.000       0.6565
 227.000       0.6417
 228.000       0.6152
 229.000       0.6199
 230.000       0.6629
 231.000       0.6963
 232.000       0.7071
 233.000       0.7582
 234.000       0.8308
 235.000       0.8738
 236.000       0.9768
 237.000       0.9296
 238.000       0.8004
 239.000       0.8656
 240.000       0.8087
 241.000       0.8051
 242.000       0.9422
 243.000       0.8288
 244.000       0.7009
 245.000       0.8097
 246.000       0.8435
 247.000       0.7341
 248.000       0.7594
 249.000       0.8445
 250.000       0.8249
 251.000       0.7925
 252.000       0.8423
 253.000       1.0535
 254.000       1.0988
 255.000       0.9266
 256.000       1.1108
 257.000       1.2640
 258.000       0.9760
 259.000       0.9014
 260.000       0.8240
 261.000       0.6592
 262.000       0.6426
 263.000       0.6727
 264.000       0.6170
 265.000       0.5618
 266.000       0.5690
 267.000       0.5695
 268.000       0.5329
 269.000       0.5768
 270.000       0.5353
 271.000       0.5471
 272.000       0.6097
 273.000       0.5010
 274.000       0.6179
 275.000       0.5308
 276.000       0.5499
 277.000       0.5902
 278.000       0.6549
 279.000       0.6509
 280.000       0.6058
 281.000       0.7053
 282.000       0.8337
 283.000       0.7770
 284.000       0.7572
 285.000       0.9840
 286.000       1.0043
 287.000       0.7709
 288.000       0.9527
 289.000       1.0012
 290.000       1.1027
 291.000       1.0850
 292.000       0.9792
 293.000       0.7419
 294.000       0.6974
 295.000       0.6127
 296.000       0.5849
 297.000       0.5825
 298.000       0.5678
 299.000       0.5547
 300.000       0.5045
 301.000       0.5269
 302.000       0.5727
 303.000       0.5408
 304.000       0.5150
 305.000       0.5758
 306.000       0.6083
 307.000       0.5457
 308.000       0.5489
 309.000       0.6357
 310.000       0.6330
 311.000       0.6386
 312.000       0.6769
 313.000       0.7193
 314.000       0.7061
 315.000       0.6356
 316.000       0.6437
 317.000       0.7416
 318.000       0.7566
 319.000       0.6699
 320.000       0.6748
 321.000       0.6822
 322.000       0.6944
 323.000       0.6995
 324.000       0.7533
 325.000       0.8423
 326.000       0.9202
 327.000       0.9707
 328.000       0.9188
 329.000       0.9039
 330.000       0.8073
 331.000       0.9286
 332.000       0.9217
 333.000       0.7750
 334.000       0.7128
 335.000       0.7212
 336.000       0.7756
 337.000       0.9124
 338.000       0.7752
 339.000       0.6807
 340.000       0.6776
 341.000       0.7064
 342.000       0.6494
 343.000       0.6549
 344.000       0.6604
 345.000       0.6456
 346.000       0.7455
 347.000       0.7709
 348.000       0.8627
 349.000       0.8857
 350.000       0.8233
 351.000       0.9194
 352.000       0.9045
 353.000       1.0980
 354.000       0.9754
 355.000       0.7927
 356.000       0.7129
 357.000       0.7710
 358.000       0.6928
 359.000       0.6010
 360.000       0.6588
 361.000       0.7014
 362.000       0.5813
 363.000       0.5405
 364.000       0.6035
 365.000       0.6032
 366.000       0.5789
 367.000       0.5782
 368.000       0.6132
 369.000       0.6182
 370.000       0.6744
 371.000       0.7768
 372.000       1.0801
 373.000       1.1034
 374.000       0.8840
 375.000       0.7650
 376.000       0.8395
 377.000       1.0254
 378.000       1.1537
 379.000       1.0503
 380.000       0.8673
 381.000       1.1582
 382.000       1.5863
 383.000       1.4573
 384.000       1.1188
 385.000       1.8921
 386.000       2.3575
 387.000       1.9744
 388.000       1.7717
 389.000       2.4660
 390.000       3.4822
 391.000       3.8175
 392.000       2.2363
 393.000       2.1719
 394.000       2.0514
 395.000       2.1584
 396.000       1.5314
 397.000       1.2199
 398.000       1.2215
 399.000       1.0661
 400.000       0.9786
 401.000       0.9390
 402.000       0.8293
 403.000       0.7703
 404.000       0.8451
 405.000       0.8062
 406.000       0.7249
 407.000       0.7521
 408.000       0.8066
 409.000       0.7502
 410.000       0.7271
 411.000       0.8076
 412.000       0.7949
 413.000       0.7536
 414.000       0.8554
 415.000       0.8609
 416.000       0.7946
 417.000       0.8463
 418.000       0.8041
 419.000       0.7518
 420.000       0.8596
 421.000       0.8508
 422.000       0.7851
 423.000       0.6775
 424.000       0.6430
 425.000       0.6774
 426.000       0.7309
 427.000       0.7219
 428.000       0.6975
 429.000       0.7385
 430.000       0.8159
 431.000       0.7581
 432.000       0.8110
 433.000       0.8124
 434.000       0.9539
 435.000       0.9437
 436.000       0.7050
 437.000       0.5668
 438.000       0.6009
 439.000       0.6162
 440.000       0.5653
 441.000       0.5383
 442.000       0.5850
 443.000       0.6144
 444.000       0.5956
 445.000       0.6180
 446.000       0.6905
 447.000       0.7235
 448.000       0.6781
 449.000       0.7290
 450.000       0.8080
 451.000       0.9005
 452.000       1.0047
 453.000       0.9026
 454.000       0.8558
 455.000       0.9255
 456.000       0.9569
 457.000       0.8004
 458.000       0.8051
 459.000       0.9077
 460.000       0.8484
 461.000       0.7525
 462.000       0.8594
 463.000       0.9319
 464.000       0.8625
 465.000       0.8712
 466.000       0.9601
 467.000       0.9968
 468.000       1.0389
 469.000       0.9770
 470.000       0.9702
 471.000       0.9676
 472.000       0.9265
 473.000       0.7698
 474.000       0.7577
 475.000       0.7908
 476.000       0.7032
 477.000       0.6249
 478.000       0.6854
 479.000       0.6921
 480.000       0.6397
 481.000       0.5957
 482.000       0.6386
 483.000       0.6561
 484.000       0.5833
 485.000       0.5914
 486.000       0.6567
 487.000       0.6529
 488.000       0.6237
 489.000       0.6649
 490.000       0.7385
 491.000       0.7535
 492.000       0.7595
 493.000       0.8280
 494.000       0.9923
 495.000       1.0516
 496.000       0.9548
 497.000       1.1859
 498.000       1.1021
 499.000       0.9947
 500.000       1.0428
 501.000       1.0217
 502.000       1.3716
 503.000       1.7879
 504.000       1.2082
 505.000       1.2207
 506.000       0.9641
 507.000       1.0395
 508.000       1.1397
 509.000       1.0439
 510.000       0.8755
 511.000       0.9055
 512.000       0.9291
 513.000       0.8407
 514.000       0.8010
 515.000       0.7914
 516.000       0.8141
 517.000       0.8168
 518.000       0.8063
 519.000       0.8787
 520.000       0.9063
 521.000       0.8973
 522.000       0.8484
 523.000       0.7483
 524.000       0.7653
 525.000       0.8629
 526.000       1.1142
 527.000       1.1034
 528.000       0.9489
 529.000       1.2822
 530.000       1.6265
 531.000       1.5392
 532.000       1.4850
 533.000       2.0014
 534.000       2.2522
 535.000       2.0815
 536.000       2.2782
 537.000       3.0465
 538.000       3.0412
 539.000       3.7396
 540.000       3.6827
 541.000       3.3015
 542.000       3.5765
 543.000       3.3297
 544.000       2.7669
 545.000       2.9192
 546.000       3.2384
 547.000       2.8219
 548.000       2.6139
 549.000       3.2991
 550.000       3.5156
 551.000       3.9332
 555.000      50.6348
