#Res        AtomicFlx
   1.000       3.5699
   2.000       2.3230
   3.000       1.3028
   4.000       1.0746
   5.000       1.4522
   6.000       1.1484
   7.000       1.0677
   8.000       0.9636
   9.000       0.9122
  10.000       0.7539
  11.000       0.6885
  12.000       0.7342
  13.000       0.6593
  14.000       0.5738
  15.000       0.6047
  16.000       0.6874
  17.000       0.6681
  18.000       0.6175
  19.000       0.5535
  20.000       0.6911
  21.000       0.7202
  22.000       0.7841
  23.000       0.6972
  24.000       0.7912
  25.000       0.9557
  26.000       0.8244
  27.000       0.7415
  28.000       0.7646
  29.000       0.8444
  30.000       0.8094
  31.000       0.8346
  32.000       0.9360
  33.000       1.0112
  34.000       0.9858
  35.000       1.1001
  36.000       0.9791
  37.000       1.0485
  38.000       1.1574
  39.000       0.9821
  40.000       0.9548
  41.000       0.9973
  42.000       0.8712
  43.000       0.7357
  44.000       0.7716
  45.000       0.7943
  46.000       0.7394
  47.000       0.6693
  48.000       0.6651
  49.000       0.7852
  50.000       0.8815
  51.000       0.6631
  52.000       0.5978
  53.000       0.6354
  54.000       0.6310
  55.000       0.6078
  56.000       0.6023
  57.000       0.6313
  58.000       0.6360
  59.000       0.6271
  60.000       0.6238
  61.000       0.6382
  62.000       0.6205
  63.000       0.6446
  64.000       0.7094
  65.000       0.8141
  66.000       0.7384
  67.000       0.7364
  68.000       0.7980
  69.000       0.8504
  70.000       0.9057
  71.000       0.8638
  72.000       0.7384
  73.000       0.8878
  74.000       1.4036
  75.000       1.4017
  76.000       1.1425
  77.000       1.2301
  78.000       0.9154
  79.000       0.8242
  80.000       0.7980
  81.000       0.7206
  82.000       0.6763
  83.000       0.6726
  84.000       0.6566
  85.000       0.7134
  86.000       0.9114
  87.000       0.9255
  88.000       0.7020
  89.000       0.8107
  90.000       1.0412
  91.000       0.9079
  92.000       0.7558
  93.000       0.9642
  94.000       1.0249
  95.000       0.8702
  96.000       0.9665
  97.000       1.0513
  98.000       1.0167
  99.000       1.0483
 100.000       0.9350
 101.000       0.7792
 102.000       0.7224
 103.000       0.6486
 104.000       0.6096
 105.000       0.6190
 106.000       0.6219
 107.000       0.5941
 108.000       0.6090
 109.000       0.6831
 110.000       0.7196
 111.000       0.7238
 112.000       0.8294
 113.000       0.8907
 114.000       0.9576
 115.000       0.9469
 116.000       0.8296
 117.000       0.8882
 118.000       0.9086
 119.000       0.9638
 120.000       0.9360
 121.000       1.0101
 122.000       2.4324
 123.000       2.7022
 124.000       2.8992
 125.000       2.3945
 126.000       2.9413
 127.000       2.0470
 128.000       2.1399
 129.000       1.8276
 130.000       1.3501
 131.000       1.3966
 132.000       2.2093
 133.000       2.6457
 134.000       3.2708
 135.000       2.6582
 136.000       3.4357
 137.000       4.3229
 138.000       4.0156
 139.000       3.4644
 140.000       4.4072
 141.000       3.9436
 142.000       3.6312
 143.000       2.9736
 144.000       2.5257
 145.000       2.7882
 146.000       2.6152
 147.000       3.4120
 148.000       4.0057
 149.000       5.9482
 150.000       6.9509
 151.000       7.0672
 152.000       7.7423
 153.000       7.7814
 154.000       6.9055
 155.000       6.7983
 156.000       5.4073
 157.000       4.9238
 158.000       4.2460
 159.000       3.7391
 160.000       3.2345
 161.000       2.5303
 162.000       1.7251
 163.000       1.2151
 164.000       0.9261
 165.000       0.7913
 166.000       0.7328
 167.000       0.7717
 168.000       0.8107
 169.000       0.7460
 170.000       0.7442
 171.000       0.8375
 172.000       0.9315
 173.000       1.0702
 174.000       1.0776
 175.000       0.9507
 176.000       1.0088
 177.000       1.1509
 178.000       1.5335
 179.000       1.4210
 180.000       1.4149
 181.000       1.3809
 182.000       1.5133
 183.000       1.2449
 184.000       1.1088
 185.000       1.1940
 186.000       1.3008
 187.000       1.2149
 188.000       1.1449
 189.000       1.0647
 190.000       0.9356
 191.000       0.7930
 192.000       0.7915
 193.000       0.7827
 194.000       0.6748
 195.000       0.6737
 196.000       0.7049
 197.000       0.6628
 198.000       0.6427
 199.000       0.6412
 200.000       0.6756
 201.000       0.6850
 202.000       0.6556
 203.000       0.6643
 204.000       0.7742
 205.000       0.8188
 206.000       0.8041
 207.000       0.9962
 208.000       1.2797
 209.000       1.2105
 210.000       1.4618
 211.000       1.4857
 212.000       1.0853
 213.000       0.9512
 214.000       1.0454
 215.000       0.9610
 216.000       0.8686
 217.000       0.8687
 218.000       0.8408
 219.000       0.8115
 220.000       0.8701
 221.000       0.9565
 222.000       0.8674
 223.000       0.8116
 224.000       0.7309
 225.000       0.6971
 226.000       0.7698
 227.000       0.7683
 228.000       0.7265
 229.000       0.7747
 230.000       0.8461
 231.000       0.7592
 232.000       0.7992
 233.000       0.9248
 234.000       0.9306
 235.000       0.9187
 236.000       1.0217
 237.000       1.0611
 238.000       0.9642
 239.000       1.0634
 240.000       1.0592
 241.000       0.9603
 242.000       1.1423
 243.000       1.1609
 244.000       0.9527
 245.000       0.9484
 246.000       1.1170
 247.000       1.0528
 248.000       0.9047
 249.000       0.9751
 250.000       1.0993
 251.000       1.1547
 252.000       1.2361
 253.000       1.3996
 254.000       1.4693
 255.000       1.1843
 256.000       1.2044
 257.000       1.4529
 258.000       1.2013
 259.000       1.1220
 260.000       1.0348
 261.000       0.8957
 262.000       0.8572
 263.000       0.8630
 264.000       0.8018
 265.000       0.7327
 266.000       0.7129
 267.000       0.6925
 268.000       0.6311
 269.000       0.6569
 270.000       0.6369
 271.000       0.6149
 272.000       0.5933
 273.000       0.6128
 274.000       0.8164
 275.000       0.8923
 276.000       1.1352
 277.000       1.0397
 278.000       0.9831
 279.000       0.7486
 280.000       0.6839
 281.000       0.5778
 282.000       0.6056
 283.000       0.6566
 284.000       0.7014
 285.000       0.7130
 286.000       0.8241
 287.000       0.7916
 288.000       0.8591
 289.000       0.8160
 290.000       0.9626
 291.000       0.9945
 292.000       1.0349
 293.000       0.8467
 294.000       0.7792
 295.000       0.6763
 296.000       0.6434
 297.000       0.6370
 298.000       0.6261
 299.000       0.5896
 300.000       0.5406
 301.000       0.5964
 302.000       0.6573
 303.000       0.5827
 304.000       0.5716
 305.000       0.6807
 306.000       0.6893
 307.000       0.6183
 308.000       0.6256
 309.000       0.7106
 310.000       0.7323
 311.000       0.6982
 312.000       0.7317
 313.000       0.8247
 314.000       0.7941
 315.000       0.6620
 316.000       0.7359
 317.000       0.7744
 318.000       0.8432
 319.000       0.8705
 320.000       0.8430
 321.000       0.8572
 322.000       0.9485
 323.000       0.9849
 324.000       1.0390
 325.000       1.1812
 326.000       1.2304
 327.000       1.3255
 328.000       1.2576
 329.000       1.1706
 330.000       0.9828
 331.000       1.0696
 332.000       1.1040
 333.000       1.0154
 334.000       0.9884
 335.000       1.1476
 336.000       1.4161
 337.000       1.5940
 338.000       1.0969
 339.000       0.9123
 340.000       0.8981
 341.000       0.9056
 342.000       0.7383
 343.000       0.6921
 344.000       0.8475
 345.000       1.0336
 346.000       1.0133
 347.000       0.7647
 348.000       0.8152
 349.000       0.9288
 350.000       0.8757
 351.000       0.8597
 352.000       0.8666
 353.000       0.8907
 354.000       0.8684
 355.000       0.8320
 356.000       0.8285
 357.000       0.9126
 358.000       0.8360
 359.000       0.7877
 360.000       0.7494
 361.000       0.6972
 362.000       0.6239
 363.000       0.5720
 364.000       0.5885
 365.000       0.5678
 366.000       0.5730
 367.000       0.5456
 368.000       0.6112
 369.000       0.6894
 370.000       0.7431
 371.000       0.7282
 372.000       0.9057
 373.000       0.8353
 374.000       0.7390
 375.000       0.7417
 376.000       0.7198
 377.000       0.6506
 378.000       0.6329
 379.000       0.7163
 380.000       0.6279
 381.000       0.7443
 382.000       0.9278
 383.000       0.9089
 384.000       1.0485
 385.000       1.6742
 386.000       1.5489
 387.000       1.7524
 388.000       1.4633
 389.000       1.3899
 390.000       1.9022
 391.000       1.9677
 392.000       1.9025
 393.000       1.7713
 394.000       1.4915
 395.000       1.8784
 396.000       1.6523
 397.000       1.2052
 398.000       1.0784
 399.000       1.0146
 400.000       0.8998
 401.000       0.8261
 402.000       0.7968
 403.000       0.7235
 404.000       0.7835
 405.000       0.7573
 406.000       0.6996
 407.000       0.7320
 408.000       0.7960
 409.000       0.7863
 410.000       0.7572
 411.000       0.8679
 412.000       0.9060
 413.000       0.8455
 414.000       0.9374
 415.000       1.0104
 416.000       0.9378
 417.000       1.0141
 418.000       0.9876
 419.000       1.0037
 420.000       0.9955
 421.000       0.9998
 422.000       0.9890
 423.000       0.8811
 424.000       0.8645
 425.000       1.0408
 426.000       1.1773
 427.000       1.2124
 428.000       1.3002
 429.000       1.5658
 430.000       2.0972
 431.000       1.5134
 432.000       1.4038
 433.000       1.6293
 434.000       1.2845
 435.000       1.2208
 436.000       1.0776
 437.000       0.8566
 438.000       0.8397
 439.000       0.9971
 440.000       0.9299
 441.000       0.8116
 442.000       0.8274
 443.000       0.9019
 444.000       0.8675
 445.000       0.8504
 446.000       0.8989
 447.000       0.9206
 448.000       0.8798
 449.000       0.8858
 450.000       0.9499
 451.000       1.0205
 452.000       1.0196
 453.000       0.9970
 454.000       0.9085
 455.000       1.0291
 456.000       1.0228
 457.000       0.8932
 458.000       0.9030
 459.000       1.0312
 460.000       0.9953
 461.000       0.8378
 462.000       0.9947
 463.000       1.1830
 464.000       1.0835
 465.000       1.1652
 466.000       1.3286
 467.000       1.3222
 468.000       1.1254
 469.000       1.1137
 470.000       1.1325
 471.000       1.1137
 472.000       1.0020
 473.000       0.8683
 474.000       0.9945
 475.000       1.0314
 476.000       0.8413
 477.000       0.9269
 478.000       1.2186
 479.000       1.0885
 480.000       0.8999
 481.000       0.9594
 482.000       1.0256
 483.000       0.9771
 484.000       0.8228
 485.000       0.8362
 486.000       0.9486
 487.000       0.9130
 488.000       0.9026
 489.000       0.9677
 490.000       1.0409
 491.000       1.0600
 492.000       1.1417
 493.000       1.2604
 494.000       1.3877
 495.000       1.5800
 496.000       1.6337
 497.000       1.8346
 498.000       1.5908
 499.000       1.3832
 500.000       1.5194
 501.000       1.8788
 502.000       2.1570
 503.000       2.4420
 504.000       1.9845
 505.000       1.6974
 506.000       1.1859
 507.000       1.2869
 508.000       1.3320
 509.000       1.2277
 510.000       1.0018
 511.000       1.0376
 512.000       1.0778
 513.000       0.9809
 514.000       0.9518
 515.000       0.9367
 516.000       0.8785
 517.000       0.8811
 518.000       1.1071
 519.000       1.1497
 520.000       0.8977
 521.000       0.7805
 522.000       0.9629
 523.000       1.0747
 524.000       0.9996
 525.000       0.9082
 526.000       1.1776
 527.000       1.3597
 528.000       1.1524
 529.000       1.0724
 530.000       1.4510
 531.000       1.5880
 532.000       1.3434
 533.000       1.4101
 534.000       1.7956
 535.000       1.8429
 536.000       1.7340
 537.000       2.1676
 538.000       2.3705
 539.000       3.1431
 540.000       3.3197
 541.000       3.1017
 542.000       3.2315
 543.000       2.6639
 544.000       2.1681
 545.000       2.4338
 546.000       2.6455
 547.000       2.1442
 548.000       2.0540
 549.000       2.8010
 550.000       3.3770
 551.000       4.0660
 553.000      52.8674
