#Res        AtomicFlx
   1.000       3.4960
   2.000       3.7509
   3.000       3.4117
   4.000       2.2973
   5.000       2.1724
   6.000       1.4381
   7.000       1.1708
   8.000       1.0527
   9.000       1.1070
  10.000       0.8836
  11.000       0.7165
  12.000       0.7993
  13.000       0.7361
  14.000       0.5866
  15.000       0.6075
  16.000       0.6929
  17.000       0.6001
  18.000       0.5815
  19.000       0.5301
  20.000       0.6024
  21.000       0.6171
  22.000       0.7307
  23.000       0.6243
  24.000       0.7948
  25.000       0.8313
  26.000       0.7669
  27.000       0.6155
  28.000       0.7437
  29.000       1.1137
  30.000       0.6490
  31.000       0.9152
  32.000       1.4231
  33.000       1.1899
  34.000       0.8363
  35.000       1.0835
  36.000       0.9074
  37.000       0.9861
  38.000       1.1050
  39.000       0.9327
  40.000       0.8541
  41.000       0.8455
  42.000       0.6401
  43.000       0.5850
  44.000       0.6502
  45.000       0.6359
  46.000       0.5747
  47.000       0.5632
  48.000       0.6061
  49.000       0.6674
  50.000       0.6749
  51.000       0.5507
  52.000       0.4958
  53.000       0.5364
  54.000       0.5444
  55.000       0.4996
  56.000       0.5411
  57.000       0.6232
  58.000       0.6360
  59.000       0.6196
  60.000       0.6211
  61.000       0.6427
  62.000       0.6561
  63.000       0.6923
  64.000       0.8220
  65.000       1.3773
  66.000       0.8078
  67.000       0.8152
  68.000       0.7989
  69.000       0.7999
  70.000       0.7840
  71.000       0.8419
  72.000       0.7787
  73.000       0.7844
  74.000       1.3629
  75.000       1.5152
  76.000       1.2656
  77.000       1.4258
  78.000       0.8657
  79.000       0.8251
  80.000       0.6593
  81.000       0.6831
  82.000       0.6733
  83.000       0.6590
  84.000       0.6487
  85.000       0.6920
  86.000       0.6595
  87.000       0.6728
  88.000       0.6471
  89.000       0.5741
  90.000       0.6056
  91.000       0.6405
  92.000       0.5914
  93.000       0.6003
  94.000       0.6077
  95.000       0.5845
  96.000       0.6279
  97.000       0.6160
  98.000       0.5763
  99.000       0.6379
 100.000       0.5740
 101.000       0.5277
 102.000       0.5320
 103.000       0.5345
 104.000       0.5073
 105.000       0.5150
 106.000       0.5619
 107.000       0.5383
 108.000       0.5394
 109.000       0.6346
 110.000       0.6899
 111.000       0.6913
 112.000       0.8412
 113.000       1.2058
 114.000       1.5178
 115.000       1.3663
 116.000       0.9189
 117.000       1.0518
 118.000       0.9393
 119.000       0.9507
 120.000       1.1119
 121.000       1.2913
 122.000       2.1299
 123.000       2.8838
 124.000       4.4047
 125.000       5.1687
 126.000       5.9405
 127.000       5.2158
 128.000       4.7877
 129.000       3.4558
 130.000       1.9702
 131.000       3.2254
 132.000       2.8330
 133.000       2.7782
 134.000       2.5465
 135.000       2.2182
 136.000       2.5598
 137.000       3.3082
 138.000       2.6411
 139.000       2.0069
 140.000       3.0373
 141.000       3.2944
 142.000       2.3897
 143.000       2.4521
 144.000       2.2002
 145.000       1.9370
 146.000       1.5117
 147.000       1.1932
 148.000       0.9639
 149.000       1.0466
 150.000       1.0303
 151.000       0.8674
 152.000       0.8861
 153.000       1.1396
 154.000       1.1925
 155.000       0.9836
 156.000       0.9986
 157.000       1.1137
 158.000       1.3232
 159.000       1.6675
 160.000       2.0446
 161.000       2.1959
 162.000       1.5771
 163.000       1.0874
 164.000       0.7648
 165.000       0.7562
 166.000       0.7021
 167.000       0.6679
 168.000       0.7497
 169.000       0.7120
 170.000       0.6432
 171.000       0.7564
 172.000       0.8633
 173.000       0.7376
 174.000       0.6497
 175.000       0.6984
 176.000       0.8466
 177.000       0.9802
 178.000       1.3479
 179.000       1.5317
 180.000       1.1904
 181.000       1.0214
 182.000       1.3418
 183.000       1.6644
 184.000       1.3461
 185.000       1.1220
 186.000       0.8853
 187.000       0.7362
 188.000       0.6973
 189.000       0.7202
 190.000       0.6854
 191.000       0.6253
 192.000       0.6423
 193.000       0.6380
 194.000       0.5807
 195.000       0.6011
 196.000       0.6332
 197.000       0.5992
 198.000       0.5603
 199.000       0.5586
 200.000       0.6041
 201.000       0.5980
 202.000       0.5691
 203.000       0.5825
 204.000       0.6659
 205.000       0.6502
 206.000       0.6556
 207.000       0.7952
 208.000       0.8800
 209.000       0.8966
 210.000       0.9650
 211.000       0.9604
 212.000       0.7758
 213.000       0.7255
 214.000       0.8391
 215.000       0.8218
 216.000       0.6813
 217.000       0.6607
 218.000       0.7091
 219.000       0.6902
 220.000       0.6465
 221.000       0.7250
 222.000       0.7371
 223.000       0.8097
 224.000       0.7311
 225.000       0.5912
 226.000       0.6489
 227.000       0.6813
 228.000       0.6378
 229.000       0.5837
 230.000       0.6626
 231.000       0.6809
 232.000       0.6882
 233.000       0.7353
 234.000       0.8092
 235.000       0.8300
 236.000       0.9322
 237.000       0.9681
 238.000       0.7446
 239.000       0.7062
 240.000       0.6978
 241.000       0.6624
 242.000       0.8151
 243.000       0.7916
 244.000       0.6607
 245.000       0.6725
 246.000       0.7652
 247.000       0.7882
 248.000       0.7182
 249.000       0.7453
 250.000       0.8484
 251.000       0.9448
 252.000       0.9762
 253.000       1.2394
 254.000       1.2605
 255.000       1.2037
 256.000       1.2300
 257.000       1.4454
 258.000       1.2066
 259.000       0.9737
 260.000       0.8962
 261.000       0.7681
 262.000       0.6950
 263.000       0.6974
 264.000       0.6677
 265.000       0.6072
 266.000       0.5867
 267.000       0.5885
 268.000       0.5402
 269.000       0.5770
 270.000       0.5835
 271.000       0.5584
 272.000       0.5467
 273.000       0.6618
 274.000       0.8779
 275.000       1.0841
 276.000       0.9152
 277.000       0.6763
 278.000       0.7089
 279.000       0.6064
 280.000       0.5837
 281.000       0.5464
 282.000       0.5589
 283.000       0.6311
 284.000       0.6520
 285.000       0.7011
 286.000       0.8256
 287.000       0.9987
 288.000       1.2371
 289.000       1.2911
 290.000       1.5088
 291.000       1.3213
 292.000       1.1525
 293.000       0.9888
 294.000       0.8702
 295.000       0.7702
 296.000       0.7668
 297.000       0.6650
 298.000       0.5994
 299.000       0.6366
 300.000       0.5514
 301.000       0.5489
 302.000       0.6084
 303.000       0.5757
 304.000       0.5119
 305.000       0.5736
 306.000       0.6056
 307.000       0.5292
 308.000       0.4984
 309.000       0.5787
 310.000       0.5776
 311.000       0.5673
 312.000       0.5820
 313.000       0.5902
 314.000       0.5686
 315.000       0.5096
 316.000       0.5421
 317.000       0.5632
 318.000       0.5935
 319.000       0.6153
 320.000       0.5835
 321.000       0.5539
 322.000       0.6050
 323.000       0.6523
 324.000       0.6617
 325.000       0.7092
 326.000       0.7626
 327.000       0.8314
 328.000       0.8370
 329.000       0.8445
 330.000       0.7524
 331.000       0.8835
 332.000       0.8757
 333.000       0.7586
 334.000       0.7649
 335.000       0.8735
 336.000       1.1735
 337.000       1.0659
 338.000       0.8337
 339.000       0.7184
 340.000       0.6921
 341.000       0.6777
 342.000       0.5888
 343.000       0.5930
 344.000       0.6462
 345.000       0.6143
 346.000       0.6491
 347.000       0.6743
 348.000       0.6782
 349.000       0.6605
 350.000       0.7169
 351.000       0.7920
 352.000       0.8022
 353.000       0.9019
 354.000       1.0283
 355.000       1.4006
 356.000       0.8731
 357.000       0.7214
 358.000       0.6522
 359.000       0.6147
 360.000       0.6372
 361.000       0.6292
 362.000       0.5375
 363.000       0.5113
 364.000       0.5550
 365.000       0.5767
 366.000       0.5758
 367.000       0.5353
 368.000       0.5422
 369.000       0.5682
 370.000       0.6062
 371.000       0.5875
 372.000       0.6224
 373.000       0.5776
 374.000       0.5802
 375.000       0.5884
 376.000       0.5435
 377.000       0.5381
 378.000       0.5196
 379.000       0.5833
 380.000       0.5682
 381.000       0.5580
 382.000       0.6041
 383.000       0.6891
 384.000       0.7253
 385.000       0.7296
 386.000       0.8061
 387.000       0.8911
 388.000       0.9564
 389.000       1.0789
 390.000       1.2511
 391.000       2.0255
 392.000       1.7817
 393.000       1.5096
 394.000       1.1171
 395.000       1.3583
 396.000       1.3697
 397.000       1.0453
 398.000       0.8688
 399.000       0.8352
 400.000       0.8535
 401.000       0.7825
 402.000       0.6492
 403.000       0.6794
 404.000       0.7292
 405.000       0.6330
 406.000       0.5972
 407.000       0.6679
 408.000       0.6838
 409.000       0.6462
 410.000       0.6359
 411.000       0.7187
 412.000       0.7425
 413.000       0.6896
 414.000       0.7207
 415.000       0.7388
 416.000       0.6618
 417.000       0.6566
 418.000       0.6619
 419.000       0.6827
 420.000       0.7331
 421.000       0.6809
 422.000       0.6630
 423.000       0.6789
 424.000       0.6461
 425.000       0.6700
 426.000       0.7812
 427.000       0.7481
 428.000       0.7520
 429.000       0.8894
 430.000       0.8467
 431.000       1.0252
 432.000       1.2065
 433.000       1.3960
 434.000       1.4015
 435.000       1.3073
 436.000       0.8052
 437.000       0.6427
 438.000       0.6637
 439.000       0.7200
 440.000       0.6611
 441.000       0.6229
 442.000       0.7176
 443.000       0.7458
 444.000       0.7186
 445.000       0.7487
 446.000       0.8720
 447.000       0.9000
 448.000       0.8230
 449.000       0.8405
 450.000       0.9856
 451.000       1.0475
 452.000       1.0085
 453.000       1.0499
 454.000       1.0558
 455.000       1.1174
 456.000       1.0730
 457.000       0.9677
 458.000       0.9368
 459.000       1.0517
 460.000       1.1518
 461.000       0.9686
 462.000       1.0217
 463.000       1.2864
 464.000       1.2555
 465.000       1.2535
 466.000       1.2784
 467.000       1.2172
 468.000       1.0599
 469.000       1.1419
 470.000       1.1435
 471.000       1.0934
 472.000       0.9979
 473.000       0.8020
 474.000       0.8674
 475.000       0.9280
 476.000       0.7308
 477.000       0.7478
 478.000       0.9606
 479.000       0.9239
 480.000       0.8299
 481.000       0.8291
 482.000       0.8779
 483.000       0.8220
 484.000       0.6850
 485.000       0.7158
 486.000       0.7825
 487.000       0.7294
 488.000       0.7367
 489.000       0.7698
 490.000       0.8121
 491.000       0.8388
 492.000       0.8629
 493.000       0.8969
 494.000       1.0400
 495.000       1.1444
 496.000       1.0630
 497.000       1.3191
 498.000       1.1763
 499.000       1.3143
 500.000       1.4310
 501.000       1.4637
 502.000       2.0255
 503.000       2.0520
 504.000       1.6797
 505.000       1.6259
 506.000       1.2809
 507.000       1.3928
 508.000       1.5958
 509.000       1.4299
 510.000       1.0559
 511.000       1.1293
 512.000       1.1961
 513.000       0.9785
 514.000       0.8824
 515.000       0.8965
 516.000       0.8954
 517.000       0.9118
 518.000       0.8978
 519.000       0.8569
 520.000       0.9402
 521.000       0.9725
 522.000       0.8152
 523.000       0.7752
 524.000       0.8251
 525.000       0.7796
 526.000       0.8174
 527.000       0.8829
 528.000       0.7938
 529.000       0.9624
 530.000       1.1740
 531.000       1.2440
 532.000       1.2472
 533.000       1.5877
 534.000       1.8520
 535.000       1.9531
 536.000       2.1388
 537.000       2.8217
 538.000       3.1896
 539.000       3.5134
 540.000       3.4863
 541.000       3.0367
 542.000       3.3217
 543.000       3.1867
 544.000       2.5594
 545.000       2.6507
 546.000       3.2044
 547.000       2.9145
 548.000       2.5658
 549.000       3.2045
 550.000       3.8762
 551.000       5.0195
 560.000      51.3260
