#Res        AtomicFlx
   1.000       2.5969
   2.000       2.4908
   3.000       1.9739
   4.000       1.5707
   5.000       1.7308
   6.000       1.5982
   7.000       1.5329
   8.000       1.2874
   9.000       1.2390
  10.000       1.1439
  11.000       0.9748
  12.000       0.9579
  13.000       0.8587
  14.000       0.6684
  15.000       0.7039
  16.000       0.7767
  17.000       0.7157
  18.000       0.7057
  19.000       0.6584
  20.000       0.8822
  21.000       0.7937
  22.000       1.1701
  23.000       1.4005
  24.000       1.0935
  25.000       0.7961
  26.000       0.8218
  27.000       0.7073
  28.000       0.6830
  29.000       0.7506
  30.000       0.7842
  31.000       0.7083
  32.000       0.7343
  33.000       0.8857
  34.000       0.8489
  35.000       0.9698
  36.000       0.8068
  37.000       1.0062
  38.000       1.1947
  39.000       0.9323
  40.000       0.8592
  41.000       0.7838
  42.000       0.6796
  43.000       0.6489
  44.000       0.6811
  45.000       0.6807
  46.000       0.6596
  47.000       0.6605
  48.000       0.7486
  49.000       0.8874
  50.000       0.9115
  51.000       0.7624
  52.000       0.6647
  53.000       0.7483
  54.000       0.7755
  55.000       0.6686
  56.000       0.6138
  57.000       0.6892
  58.000       0.6847
  59.000       0.5585
  60.000       0.5491
  61.000       0.5590
  62.000       0.5571
  63.000       0.5933
  64.000       0.7083
  65.000       0.9021
  66.000       0.7363
  67.000       0.7845
  68.000       0.7227
  69.000       0.7531
  70.000       0.7726
  71.000       0.7421
  72.000       0.7036
  73.000       0.8523
  74.000       1.3840
  75.000       0.9273
  76.000       0.9301
  77.000       1.0565
  78.000       0.9099
  79.000       0.7701
  80.000       0.7256
  81.000       0.6347
  82.000       0.5704
  83.000       0.5930
  84.000       0.6065
  85.000       0.5999
  86.000       0.6097
  87.000       0.6716
  88.000       0.5713
  89.000       0.6261
  90.000       0.7343
  91.000       0.6455
  92.000       0.5885
  93.000       0.7885
  94.000       0.7835
  95.000       0.6320
  96.000       0.6999
  97.000       0.7223
  98.000       0.7074
  99.000       0.7209
 100.000       0.6680
 101.000       0.6703
 102.000       0.6906
 103.000       0.5949
 104.000       0.5451
 105.000       0.6019
 106.000       0.6472
 107.000       0.5744
 108.000       0.5818
 109.000       0.6711
 110.000       0.7011
 111.000       0.6525
 112.000       0.7717
 113.000       0.8198
 114.000       0.8822
 115.000       0.7959
 116.000       0.6773
 117.000       0.7387
 118.000       0.7813
 119.000       0.9289
 120.000       1.0454
 121.000       1.2732
 122.000       1.9314
 123.000       2.3487
 124.000       2.7007
 125.000       3.3059
 126.000       3.4656
 127.000       2.8900
 128.000       3.1821
 129.000       2.9772
 130.000       2.8838
 131.000       3.4005
 132.000       3.4953
 133.000       2.8919
 134.000       3.5469
 135.000       4.4176
 136.000       4.4787
 137.000       5.2603
 138.000       4.3117
 139.000       4.8334
 140.000       3.9967
 141.000       3.9455
 142.000       2.9815
 143.000       2.0850
 144.000       1.8881
 145.000       1.9711
 146.000       2.0448
 147.000       2.2796
 148.000       1.5624
 149.000       1.6249
 150.000       2.1081
 151.000       1.4834
 152.000       1.5055
 153.000       2.3258
 154.000       2.2270
 155.000       2.3329
 156.000       3.3888
 157.000       4.2820
 158.000       4.4945
 159.000       4.4988
 160.000       4.3205
 161.000       3.0567
 162.000       2.0174
 163.000       1.6265
 164.000       1.0763
 165.000       0.9201
 166.000       0.6897
 167.000       0.8273
 168.000       1.0028
 169.000       0.8256
 170.000       0.7647
 171.000       1.0987
 172.000       1.2834
 173.000       1.1610
 174.000       1.2547
 175.000       1.4494
 176.000       1.7700
 177.000       2.9035
 178.000       3.6388
 179.000       3.5552
 180.000       3.0542
 181.000       3.7278
 182.000       3.7366
 183.000       2.3571
 184.000       1.8440
 185.000       1.4736
 186.000       1.3054
 187.000       1.2474
 188.000       1.2082
 189.000       1.4472
 190.000       1.4394
 191.000       0.9572
 192.000       1.0135
 193.000       1.2921
 194.000       1.0450
 195.000       0.7212
 196.000       1.0648
 197.000       1.1561
 198.000       0.8490
 199.000       0.8152
 200.000       1.0490
 201.000       0.9916
 202.000       0.7975
 203.000       0.8677
 204.000       0.9659
 205.000       0.9112
 206.000       0.8383
 207.000       1.0355
 208.000       1.1600
 209.000       1.0640
 210.000       1.2243
 211.000       1.3276
 212.000       1.0549
 213.000       0.9054
 214.000       1.1519
 215.000       0.9331
 216.000       0.8754
 217.000       0.8994
 218.000       0.7917
 219.000       0.6804
 220.000       0.7034
 221.000       0.7660
 222.000       0.7140
 223.000       0.6757
 224.000       0.6327
 225.000       0.6578
 226.000       0.6857
 227.000       0.6196
 228.000       0.6524
 229.000       0.7546
 230.000       0.7573
 231.000       0.7075
 232.000       0.8084
 233.000       0.9054
 234.000       0.9050
 235.000       0.9608
 236.000       1.0572
 237.000       1.2316
 238.000       0.9897
 239.000       1.0918
 240.000       1.0469
 241.000       0.8712
 242.000       0.9569
 243.000       0.9432
 244.000       0.8006
 245.000       0.7715
 246.000       0.8695
 247.000       0.8403
 248.000       0.7469
 249.000       0.8334
 250.000       0.8997
 251.000       0.9512
 252.000       0.9907
 253.000       1.3226
 254.000       1.2669
 255.000       1.1069
 256.000       1.1413
 257.000       1.3082
 258.000       1.0928
 259.000       0.9993
 260.000       0.8967
 261.000       0.7631
 262.000       0.7180
 263.000       0.6990
 264.000       0.6807
 265.000       0.6694
 266.000       0.6326
 267.000       0.6400
 268.000       0.6720
 269.000       0.6773
 270.000       0.5907
 271.000       0.6594
 272.000       0.8255
 273.000       0.7761
 274.000       0.7708
 275.000       0.7800
 276.000       0.6890
 277.000       0.7783
 278.000       0.7246
 279.000       0.6715
 280.000       0.7326
 281.000       0.6123
 282.000       0.6843
 283.000       0.8173
 284.000       0.8238
 285.000       0.7307
 286.000       0.9309
 287.000       0.8991
 288.000       0.8839
 289.000       0.8194
 290.000       0.9978
 291.000       1.0397
 292.000       1.2520
 293.000       0.9158
 294.000       0.7805
 295.000       0.7632
 296.000       0.7760
 297.000       0.7048
 298.000       0.6541
 299.000       0.6504
 300.000       0.6038
 301.000       0.6322
 302.000       0.6668
 303.000       0.6157
 304.000       0.6162
 305.000       0.7302
 306.000       0.7230
 307.000       0.6181
 308.000       0.6340
 309.000       0.6910
 310.000       0.6952
 311.000       0.6409
 312.000       0.6710
 313.000       0.6827
 314.000       0.6350
 315.000       0.5968
 316.000       0.6491
 317.000       0.6916
 318.000       0.6895
 319.000       0.7229
 320.000       0.8235
 321.000       0.8454
 322.000       0.8691
 323.000       0.9649
 324.000       1.1004
 325.000       1.3048
 326.000       1.4292
 327.000       1.3904
 328.000       1.1879
 329.000       1.0124
 330.000       0.8663
 331.000       1.0326
 332.000       1.1011
 333.000       0.9983
 334.000       0.9716
 335.000       0.9368
 336.000       1.0537
 337.000       1.0074
 338.000       0.9197
 339.000       0.7677
 340.000       0.6624
 341.000       0.6401
 342.000       0.5849
 343.000       0.6075
 344.000       0.6559
 345.000       0.6170
 346.000       0.6876
 347.000       0.7613
 348.000       0.7077
 349.000       0.7035
 350.000       0.7250
 351.000       0.7398
 352.000       0.7605
 353.000       0.8537
 354.000       0.7967
 355.000       0.6721
 356.000       0.6468
 357.000       0.6630
 358.000       0.6052
 359.000       0.5662
 360.000       0.5876
 361.000       0.5843
 362.000       0.5187
 363.000       0.4990
 364.000       0.5477
 365.000       0.5561
 366.000       0.5559
 367.000       0.5538
 368.000       0.5904
 369.000       0.6983
 370.000       0.7920
 371.000       0.6752
 372.000       0.7417
 373.000       0.7645
 374.000       0.7480
 375.000       0.7583
 376.000       0.7607
 377.000       0.6817
 378.000       0.6085
 379.000       0.6890
 380.000       0.6738
 381.000       0.6611
 382.000       0.7577
 383.000       0.8799
 384.000       0.9162
 385.000       0.9180
 386.000       1.0226
 387.000       1.1173
 388.000       1.0939
 389.000       1.2556
 390.000       1.4216
 391.000       1.6871
 392.000       1.6190
 393.000       1.4157
 394.000       1.1361
 395.000       1.2206
 396.000       1.2706
 397.000       1.0796
 398.000       0.9712
 399.000       0.9677
 400.000       0.9026
 401.000       0.8358
 402.000       0.8045
 403.000       0.8065
 404.000       0.8032
 405.000       0.7294
 406.000       0.7251
 407.000       0.7732
 408.000       0.7595
 409.000       0.7135
 410.000       0.7519
 411.000       0.8134
 412.000       0.7478
 413.000       0.7994
 414.000       0.9226
 415.000       0.7933
 416.000       0.8394
 417.000       1.0558
 418.000       1.0603
 419.000       1.1974
 420.000       1.2151
 421.000       1.4049
 422.000       1.3510
 423.000       1.1264
 424.000       1.2273
 425.000       1.4388
 426.000       1.3849
 427.000       1.2258
 428.000       1.3168
 429.000       1.5198
 430.000       1.2594
 431.000       1.0051
 432.000       0.9468
 433.000       1.0295
 434.000       1.1670
 435.000       1.0355
 436.000       0.6514
 437.000       0.5717
 438.000       0.6327
 439.000       0.5933
 440.000       0.5471
 441.000       0.5753
 442.000       0.6245
 443.000       0.5822
 444.000       0.5850
 445.000       0.6318
 446.000       0.6578
 447.000       0.6344
 448.000       0.6322
 449.000       0.6993
 450.000       0.7426
 451.000       0.7284
 452.000       0.7391
 453.000       0.8496
 454.000       0.9247
 455.000       1.0094
 456.000       0.8667
 457.000       0.7911
 458.000       0.9662
 459.000       1.0328
 460.000       0.9443
 461.000       0.9894
 462.000       1.4815
 463.000       1.6207
 464.000       1.4166
 465.000       1.8388
 466.000       1.5008
 467.000       1.5278
 468.000       1.2301
 469.000       1.2447
 470.000       1.1770
 471.000       1.0642
 472.000       0.9740
 473.000       0.8557
 474.000       0.8467
 475.000       0.8816
 476.000       0.7611
 477.000       0.7213
 478.000       0.8181
 479.000       0.8318
 480.000       0.7756
 481.000       0.8453
 482.000       0.8371
 483.000       0.7770
 484.000       0.6674
 485.000       0.6763
 486.000       0.7641
 487.000       0.7063
 488.000       0.6557
 489.000       0.7486
 490.000       0.8066
 491.000       0.7728
 492.000       0.8212
 493.000       0.9461
 494.000       1.0632
 495.000       1.0856
 496.000       1.0691
 497.000       1.3770
 498.000       1.5371
 499.000       1.7678
 500.000       2.2558
 501.000       2.6807
 502.000       3.4652
 503.000       3.5775
 504.000       3.2555
 505.000       2.8677
 506.000       1.7672
 507.000       1.4891
 508.000       1.7763
 509.000       1.5514
 510.000       1.0366
 511.000       1.2433
 512.000       1.4916
 513.000       1.2456
 514.000       0.8474
 515.000       1.0440
 516.000       1.3132
 517.000       1.0822
 518.000       0.7059
 519.000       0.9498
 520.000       1.2199
 521.000       1.0058
 522.000       0.7040
 523.000       0.8920
 524.000       0.9032
 525.000       0.6938
 526.000       0.7919
 527.000       0.9938
 528.000       0.9023
 529.000       0.7973
 530.000       0.9743
 531.000       1.0997
 532.000       0.9687
 533.000       0.9799
 534.000       1.2520
 535.000       1.3079
 536.000       1.2397
 537.000       1.7349
 538.000       2.1691
 539.000       2.1163
 540.000       1.8726
 541.000       1.6332
 542.000       1.6753
 543.000       1.6075
 544.000       1.2960
 545.000       1.1508
 546.000       1.2648
 547.000       1.2113
 548.000       0.9548
 549.000       0.9384
 550.000       1.1186
 551.000       1.2109
 553.000      50.9640
