#Res        AtomicFlx
   1.000       2.8248
   2.000       1.6683
   3.000       1.1773
   4.000       1.0960
   5.000       1.5729
   6.000       1.2458
   7.000       1.1924
   8.000       1.0764
   9.000       0.9913
  10.000       0.8122
  11.000       0.7503
  12.000       0.8022
  13.000       0.6970
  14.000       0.5909
  15.000       0.6717
  16.000       0.6852
  17.000       0.6335
  18.000       0.6901
  19.000       0.7939
  20.000       0.8998
  21.000       0.7768
  22.000       0.8333
  23.000       0.6869
  24.000       0.6746
  25.000       0.6918
  26.000       0.7143
  27.000       0.6376
  28.000       0.6232
  29.000       0.7263
  30.000       0.6497
  31.000       0.6309
  32.000       0.7004
  33.000       0.7684
  34.000       0.7154
  35.000       0.9224
  36.000       0.7720
  37.000       0.9775
  38.000       1.1373
  39.000       0.8365
  40.000       0.8803
  41.000       0.8664
  42.000       0.6663
  43.000       0.5692
  44.000       0.7355
  45.000       0.7691
  46.000       0.6467
  47.000       0.5996
  48.000       0.6234
  49.000       0.7271
  50.000       0.7753
  51.000       0.5950
  52.000       0.5765
  53.000       0.6000
  54.000       0.6324
  55.000       0.6259
  56.000       0.6228
  57.000       0.6732
  58.000       0.7229
  59.000       0.6641
  60.000       0.6392
  61.000       0.6952
  62.000       0.6928
  63.000       0.6445
  64.000       0.7316
  65.000       0.8798
  66.000       0.7266
  67.000       0.8127
  68.000       0.8638
  69.000       0.7497
  70.000       0.7240
  71.000       0.7505
  72.000       0.7098
  73.000       0.8741
  74.000       1.3011
  75.000       2.4565
  76.000       1.1869
  77.000       1.2346
  78.000       1.0630
  79.000       0.7150
  80.000       0.6321
  81.000       0.6310
  82.000       0.6121
  83.000       0.6039
  84.000       0.6008
  85.000       0.6438
  86.000       0.6313
  87.000       0.6177
  88.000       0.6506
  89.000       0.7238
  90.000       0.7462
  91.000       0.7262
  92.000       0.6995
  93.000       0.7517
  94.000       0.8236
  95.000       0.6875
  96.000       0.6580
  97.000       0.6064
  98.000       0.6047
  99.000       0.5762
 100.000       0.5982
 101.000       0.5566
 102.000       0.5463
 103.000       0.6175
 104.000       0.6069
 105.000       0.5604
 106.000       0.6403
 107.000       0.6543
 108.000       0.6198
 109.000       0.6777
 110.000       0.7926
 111.000       0.7822
 112.000       0.8795
 113.000       1.0029
 114.000       1.2560
 115.000       1.5090
 116.000       1.0213
 117.000       1.1014
 118.000       0.9282
 119.000       0.8543
 120.000       1.0108
 121.000       1.1290
 122.000       1.8921
 123.000       2.8111
 124.000       4.2225
 125.000       4.4910
 126.000       3.9775
 127.000       2.7943
 128.000       2.2025
 129.000       1.7852
 130.000       1.2964
 131.000       1.1208
 132.000       0.9850
 133.000       1.2321
 134.000       1.7258
 135.000       1.9336
 136.000       2.4544
 137.000       2.7081
 138.000       2.6241
 139.000       2.3872
 140.000       2.7747
 141.000       2.8782
 142.000       2.7518
 143.000       2.3086
 144.000       2.5999
 145.000       3.2686
 146.000       2.8569
 147.000       2.0001
 148.000       1.5440
 149.000       1.3978
 150.000       1.3574
 151.000       1.2923
 152.000       1.2226
 153.000       1.1851
 154.000       0.9982
 155.000       0.9895
 156.000       1.1622
 157.000       1.5676
 158.000       2.5503
 159.000       2.3431
 160.000       2.6494
 161.000       2.2605
 162.000       1.5933
 163.000       1.4847
 164.000       1.0520
 165.000       0.8180
 166.000       0.7744
 167.000       0.9568
 168.000       0.9812
 169.000       0.9209
 170.000       1.0278
 171.000       1.3132
 172.000       1.3986
 173.000       2.1443
 174.000       2.0408
 175.000       1.3680
 176.000       1.5770
 177.000       1.6924
 178.000       1.2532
 179.000       1.3799
 180.000       1.1899
 181.000       0.9155
 182.000       1.0822
 183.000       1.1789
 184.000       0.9753
 185.000       1.1478
 186.000       1.1665
 187.000       1.0206
 188.000       0.8365
 189.000       0.9635
 190.000       0.9406
 191.000       0.7503
 192.000       0.7617
 193.000       0.7427
 194.000       0.6332
 195.000       0.6315
 196.000       0.6931
 197.000       0.6553
 198.000       0.6121
 199.000       0.6574
 200.000       0.6981
 201.000       0.6675
 202.000       0.6459
 203.000       0.6750
 204.000       0.7531
 205.000       0.7328
 206.000       0.7193
 207.000       0.8522
 208.000       0.9854
 209.000       0.9778
 210.000       1.0602
 211.000       1.0647
 212.000       0.8773
 213.000       0.8536
 214.000       0.9328
 215.000       0.8632
 216.000       0.7298
 217.000       0.6905
 218.000       0.7200
 219.000       0.6884
 220.000       0.6750
 221.000       0.7462
 222.000       0.7191
 223.000       0.7173
 224.000       0.6885
 225.000       0.7147
 226.000       0.7313
 227.000       0.6957
 228.000       0.6769
 229.000       0.7274
 230.000       0.7894
 231.000       0.7395
 232.000       0.7595
 233.000       0.8783
 234.000       0.9093
 235.000       0.8240
 236.000       0.9095
 237.000       1.0624
 238.000       0.7797
 239.000       0.7876
 240.000       0.7472
 241.000       0.6749
 242.000       0.8191
 243.000       0.7871
 244.000       0.6795
 245.000       0.7089
 246.000       0.8239
 247.000       0.8220
 248.000       0.7421
 249.000       0.8425
 250.000       0.8910
 251.000       0.9039
 252.000       0.9528
 253.000       1.3062
 254.000       1.2607
 255.000       1.2022
 256.000       1.2547
 257.000       1.3048
 258.000       1.1849
 259.000       1.0363
 260.000       0.8718
 261.000       0.7000
 262.000       0.7188
 263.000       0.7584
 264.000       0.6429
 265.000       0.5689
 266.000       0.6213
 267.000       0.6524
 268.000       0.5772
 269.000       0.5598
 270.000       0.5437
 271.000       0.5687
 272.000       0.6228
 273.000       0.7019
 274.000       0.9056
 275.000       1.0089
 276.000       0.8346
 277.000       0.7470
 278.000       0.6671
 279.000       0.6387
 280.000       0.6384
 281.000       0.5628
 282.000       0.5903
 283.000       0.6806
 284.000       0.7128
 285.000       0.6526
 286.000       0.7331
 287.000       0.7459
 288.000       0.8207
 289.000       0.7364
 290.000       0.8911
 291.000       0.9867
 292.000       1.0250
 293.000       0.8444
 294.000       0.7768
 295.000       0.6763
 296.000       0.6748
 297.000       0.6245
 298.000       0.5854
 299.000       0.5718
 300.000       0.5032
 301.000       0.5363
 302.000       0.5614
 303.000       0.5284
 304.000       0.5221
 305.000       0.5896
 306.000       0.6221
 307.000       0.5926
 308.000       0.5920
 309.000       0.6510
 310.000       0.6508
 311.000       0.6320
 312.000       0.6587
 313.000       0.6646
 314.000       0.6196
 315.000       0.5545
 316.000       0.5800
 317.000       0.5934
 318.000       0.5802
 319.000       0.5866
 320.000       0.6190
 321.000       0.6120
 322.000       0.5998
 323.000       0.6322
 324.000       0.7031
 325.000       0.7774
 326.000       0.7834
 327.000       0.8266
 328.000       0.8529
 329.000       0.8760
 330.000       0.7809
 331.000       0.9881
 332.000       0.9775
 333.000       0.8140
 334.000       0.8033
 335.000       0.7914
 336.000       0.8483
 337.000       0.8042
 338.000       0.7798
 339.000       0.7301
 340.000       0.6029
 341.000       0.6277
 342.000       0.5951
 343.000       0.5878
 344.000       0.6123
 345.000       0.6003
 346.000       0.6688
 347.000       0.6499
 348.000       0.5958
 349.000       0.6713
 350.000       0.7953
 351.000       0.8350
 352.000       0.8391
 353.000       1.0542
 354.000       0.9772
 355.000       0.8404
 356.000       0.8323
 357.000       0.8379
 358.000       0.7487
 359.000       0.6920
 360.000       0.6986
 361.000       0.6976
 362.000       0.6315
 363.000       0.5998
 364.000       0.6328
 365.000       0.6298
 366.000       0.6334
 367.000       0.5952
 368.000       0.6111
 369.000       0.7110
 370.000       0.7387
 371.000       0.6408
 372.000       0.7575
 373.000       0.7590
 374.000       0.6868
 375.000       0.6550
 376.000       0.6536
 377.000       0.6314
 378.000       0.6122
 379.000       0.6229
 380.000       0.5861
 381.000       0.6784
 382.000       0.7911
 383.000       0.7404
 384.000       0.7490
 385.000       0.9515
 386.000       0.9798
 387.000       0.9300
 388.000       0.9439
 389.000       1.1101
 390.000       1.3648
 391.000       1.8483
 392.000       2.1948
 393.000       1.6900
 394.000       1.1457
 395.000       1.4434
 396.000       1.2841
 397.000       1.0060
 398.000       0.9094
 399.000       0.8521
 400.000       0.8145
 401.000       0.7934
 402.000       0.7172
 403.000       0.7190
 404.000       0.7968
 405.000       0.7372
 406.000       0.6719
 407.000       0.7469
 408.000       0.8003
 409.000       0.6975
 410.000       0.6880
 411.000       0.8199
 412.000       0.7898
 413.000       0.6839
 414.000       0.7894
 415.000       0.7948
 416.000       0.6700
 417.000       0.6963
 418.000       0.7377
 419.000       0.8139
 420.000       0.8099
 421.000       0.7420
 422.000       0.7209
 423.000       0.6595
 424.000       0.6609
 425.000       0.6994
 426.000       0.6998
 427.000       0.6803
 428.000       0.7071
 429.000       0.7439
 430.000       0.7198
 431.000       0.6876
 432.000       0.7799
 433.000       0.9047
 434.000       0.7704
 435.000       0.7270
 436.000       0.6520
 437.000       0.6566
 438.000       0.5912
 439.000       0.6167
 440.000       0.6846
 441.000       0.6096
 442.000       0.5867
 443.000       0.6541
 444.000       0.6471
 445.000       0.6441
 446.000       0.6955
 447.000       0.7016
 448.000       0.6906
 449.000       0.7431
 450.000       0.8395
 451.000       0.8517
 452.000       0.8521
 453.000       0.8513
 454.000       0.8289
 455.000       0.9694
 456.000       0.9510
 457.000       0.8141
 458.000       0.8436
 459.000       0.9569
 460.000       0.9428
 461.000       0.7706
 462.000       0.8562
 463.000       1.0936
 464.000       1.0856
 465.000       1.0586
 466.000       1.0995
 467.000       1.0447
 468.000       1.1027
 469.000       1.1657
 470.000       1.2621
 471.000       1.1915
 472.000       1.0136
 473.000       0.7461
 474.000       0.8663
 475.000       0.9247
 476.000       0.7068
 477.000       0.7686
 478.000       1.0702
 479.000       0.9170
 480.000       0.7133
 481.000       0.9636
 482.000       0.9477
 483.000       0.7882
 484.000       0.7043
 485.000       0.6392
 486.000       0.7117
 487.000       0.6993
 488.000       0.6389
 489.000       0.6645
 490.000       0.7404
 491.000       0.7262
 492.000       0.7116
 493.000       0.7698
 494.000       0.8677
 495.000       0.9083
 496.000       0.8536
 497.000       1.1260
 498.000       1.0497
 499.000       0.8557
 500.000       0.8692
 501.000       0.9612
 502.000       1.3624
 503.000       1.3708
 504.000       1.0785
 505.000       1.0405
 506.000       0.8691
 507.000       0.9840
 508.000       1.0298
 509.000       0.9488
 510.000       0.8138
 511.000       0.8122
 512.000       0.8587
 513.000       0.8451
 514.000       0.7948
 515.000       0.7705
 516.000       0.8246
 517.000       0.8816
 518.000       0.8190
 519.000       0.7798
 520.000       0.8264
 521.000       0.9676
 522.000       0.9234
 523.000       0.7492
 524.000       0.6967
 525.000       0.7601
 526.000       0.9369
 527.000       0.9357
 528.000       0.9187
 529.000       1.1301
 530.000       1.2783
 531.000       1.3582
 532.000       1.4377
 533.000       1.6788
 534.000       1.9199
 535.000       2.1211
 536.000       2.3577
 537.000       3.0310
 538.000       3.3021
 539.000       3.4419
 540.000       3.2872
 541.000       2.8190
 542.000       2.9685
 543.000       2.9642
 544.000       2.4361
 545.000       2.2184
 546.000       2.5298
 547.000       2.4215
 548.000       1.9026
 549.000       2.0219
 550.000       2.6780
 551.000       4.2452
 572.000      51.7920
