#Res        AtomicFlx
   1.000       2.1079
   2.000       1.8367
   3.000       1.1906
   4.000       0.9372
   5.000       1.3293
   6.000       1.0490
   7.000       1.0367
   8.000       0.7955
   9.000       0.7287
  10.000       0.5760
  11.000       0.5235
  12.000       0.5734
  13.000       0.5010
  14.000       0.4340
  15.000       0.4595
  16.000       0.4846
  17.000       0.4448
  18.000       0.4836
  19.000       0.4527
  20.000       0.5491
  21.000       0.6684
  22.000       0.6819
  23.000       0.5242
  24.000       0.6112
  25.000       0.6404
  26.000       0.5593
  27.000       0.5309
  28.000       0.6241
  29.000       0.6294
  30.000       0.5602
  31.000       0.6108
  32.000       0.6944
  33.000       0.6972
  34.000       0.6730
  35.000       0.7971
  36.000       0.7550
  37.000       0.7485
  38.000       0.7365
  39.000       0.6682
  40.000       0.7127
  41.000       0.7721
  42.000       0.6118
  43.000       0.5436
  44.000       0.6485
  45.000       0.6643
  46.000       0.5881
  47.000       0.5708
  48.000       0.6366
  49.000       0.7148
  50.000       0.6662
  51.000       0.5767
  52.000       0.5382
  53.000       0.5622
  54.000       0.5347
  55.000       0.4749
  56.000       0.4991
  57.000       0.5443
  58.000       0.4954
  59.000       0.5032
  60.000       0.5265
  61.000       0.6115
  62.000       0.6095
  63.000       0.5814
  64.000       0.7518
  65.000       1.7745
  66.000       0.9021
  67.000       0.8732
  68.000       0.8195
  69.000       0.7908
  70.000       0.8690
  71.000       0.9640
  72.000       0.7972
  73.000       0.9994
  74.000       1.6501
  75.000       1.5940
  76.000       1.1580
  77.000       1.2112
  78.000       0.9225
  79.000       0.8469
  80.000       0.7734
  81.000       0.6657
  82.000       0.6026
  83.000       0.6392
  84.000       0.6212
  85.000       0.5716
  86.000       0.5286
  87.000       0.5542
  88.000       0.5514
  89.000       0.5583
  90.000       0.5637
  91.000       0.5762
  92.000       0.6177
  93.000       0.6634
  94.000       0.5921
  95.000       0.7215
  96.000       0.8025
  97.000       0.6556
  98.000       0.7086
  99.000       0.7159
 100.000       0.6402
 101.000       0.5913
 102.000       0.5862
 103.000       0.5472
 104.000       0.5366
 105.000       0.5675
 106.000       0.5647
 107.000       0.5190
 108.000       0.5635
 109.000       0.6363
 110.000       0.6275
 111.000       0.6559
 112.000       0.8547
 113.000       0.9440
 114.000       1.1054
 115.000       0.9834
 116.000       0.7471
 117.000       0.7568
 118.000       0.9546
 119.000       1.0731
 120.000       1.4616
 121.000       1.8291
 122.000       2.5604
 123.000       3.3784
 124.000       4.1763
 125.000       4.7259
 126.000       3.7003
 127.000       3.9136
 128.000       3.1924
 129.000       2.3735
 130.000       1.6551
 131.000       1.4215
 132.000       1.7571
 133.000       2.0793
 134.000       2.5236
 135.000       3.0839
 136.000       4.7311
 137.000       6.1173
 138.000       8.0374
 139.000       8.7619
 140.000       8.1591
 141.000       8.1151
 142.000       6.8868
 143.000       5.9504
 144.000       5.7264
 145.000       4.9883
 146.000       3.9112
 147.000       3.3901
 148.000       3.2430
 149.000       3.3972
 150.000       2.5906
 151.000       1.9997
 152.000       2.9091
 153.000       2.9750
 154.000       2.6610
 155.000       2.8662
 156.000       4.8042
 157.000       5.2217
 158.000       4.2975
 159.000       3.9711
 160.000       4.4728
 161.000       3.8433
 162.000       2.4781
 163.000       1.5738
 164.000       1.2562
 165.000       1.0812
 166.000       0.8840
 167.000       0.9114
 168.000       0.9476
 169.000       0.8173
 170.000       0.7771
 171.000       0.8775
 172.000       1.0017
 173.000       1.0232
 174.000       0.9081
 175.000       0.8738
 176.000       0.8086
 177.000       0.8854
 178.000       0.8606
 179.000       0.9999
 180.000       0.9431
 181.000       0.8862
 182.000       0.9856
 183.000       0.9474
 184.000       0.9334
 185.000       1.0435
 186.000       1.2206
 187.000       1.3079
 188.000       0.9361
 189.000       0.8970
 190.000       0.8077
 191.000       0.7138
 192.000       0.7221
 193.000       0.6927
 194.000       0.6099
 195.000       0.6140
 196.000       0.6541
 197.000       0.6160
 198.000       0.6057
 199.000       0.5940
 200.000       0.6270
 201.000       0.6260
 202.000       0.5896
 203.000       0.6225
 204.000       0.7081
 205.000       0.6740
 206.000       0.6602
 207.000       0.8304
 208.000       0.9677
 209.000       1.2425
 210.000       1.5524
 211.000       1.5054
 212.000       1.1733
 213.000       0.7595
 214.000       0.9000
 215.000       0.7734
 216.000       0.6269
 217.000       0.5580
 218.000       0.6251
 219.000       0.6114
 220.000       0.5246
 221.000       0.5652
 222.000       0.6412
 223.000       0.7334
 224.000       0.6465
 225.000       0.5828
 226.000       0.6634
 227.000       0.6327
 228.000       0.5789
 229.000       0.6029
 230.000       0.6429
 231.000       0.6194
 232.000       0.6695
 233.000       0.7305
 234.000       0.7371
 235.000       0.7889
 236.000       0.9028
 237.000       0.8861
 238.000       0.8471
 239.000       0.9071
 240.000       0.8782
 241.000       0.8101
 242.000       0.8782
 243.000       0.8525
 244.000       0.7399
 245.000       0.7381
 246.000       0.8245
 247.000       0.7746
 248.000       0.6915
 249.000       0.7652
 250.000       0.8178
 251.000       0.8680
 252.000       1.0607
 253.000       1.2465
 254.000       1.0954
 255.000       0.8157
 256.000       0.9347
 257.000       1.1641
 258.000       0.8453
 259.000       0.8110
 260.000       0.7305
 261.000       0.6288
 262.000       0.6104
 263.000       0.6055
 264.000       0.5575
 265.000       0.5278
 266.000       0.5202
 267.000       0.5006
 268.000       0.4753
 269.000       0.5072
 270.000       0.4633
 271.000       0.4641
 272.000       0.4728
 273.000       0.4941
 274.000       0.5559
 275.000       0.5483
 276.000       0.5281
 277.000       0.5113
 278.000       0.5593
 279.000       0.5215
 280.000       0.4916
 281.000       0.4743
 282.000       0.4877
 283.000       0.5363
 284.000       0.5594
 285.000       0.5735
 286.000       0.6271
 287.000       0.6924
 288.000       0.9178
 289.000       0.9653
 290.000       1.0514
 291.000       0.8890
 292.000       0.8018
 293.000       0.7150
 294.000       0.6745
 295.000       0.7219
 296.000       0.6190
 297.000       0.5579
 298.000       0.5579
 299.000       0.5690
 300.000       0.4824
 301.000       0.5093
 302.000       0.5611
 303.000       0.5165
 304.000       0.4834
 305.000       0.5389
 306.000       0.5720
 307.000       0.5147
 308.000       0.5043
 309.000       0.5627
 310.000       0.5826
 311.000       0.5894
 312.000       0.6159
 313.000       0.6562
 314.000       0.6402
 315.000       0.6054
 316.000       0.6364
 317.000       0.6558
 318.000       0.7340
 319.000       0.7319
 320.000       0.7196
 321.000       0.7411
 322.000       0.8019
 323.000       0.8085
 324.000       0.8742
 325.000       0.9790
 326.000       1.0095
 327.000       1.0959
 328.000       1.0617
 329.000       1.0424
 330.000       0.8666
 331.000       0.9633
 332.000       1.0166
 333.000       0.8842
 334.000       0.8194
 335.000       0.8016
 336.000       0.8266
 337.000       1.0122
 338.000       0.8416
 339.000       0.7273
 340.000       0.8734
 341.000       0.8031
 342.000       0.6690
 343.000       0.7533
 344.000       0.9267
 345.000       0.9836
 346.000       1.0097
 347.000       1.0643
 348.000       1.1367
 349.000       1.1919
 350.000       1.2019
 351.000       2.1186
 352.000       1.4173
 353.000       1.4364
 354.000       1.0282
 355.000       0.8266
 356.000       0.7470
 357.000       0.7709
 358.000       0.6836
 359.000       0.6194
 360.000       0.6325
 361.000       0.6388
 362.000       0.5803
 363.000       0.5490
 364.000       0.5852
 365.000       0.5751
 366.000       0.5619
 367.000       0.5332
 368.000       0.5292
 369.000       0.5124
 370.000       0.5545
 371.000       0.5162
 372.000       0.5181
 373.000       0.5117
 374.000       0.4907
 375.000       0.4846
 376.000       0.4757
 377.000       0.4908
 378.000       0.5253
 379.000       0.5054
 380.000       0.4932
 381.000       0.5487
 382.000       0.6113
 383.000       0.6269
 384.000       0.6689
 385.000       0.7886
 386.000       0.9192
 387.000       1.0063
 388.000       0.9953
 389.000       1.1866
 390.000       1.3465
 391.000       1.9429
 392.000       2.1764
 393.000       1.5306
 394.000       1.0320
 395.000       1.3495
 396.000       1.2795
 397.000       0.9878
 398.000       0.8301
 399.000       0.8446
 400.000       0.8519
 401.000       0.7882
 402.000       0.7165
 403.000       0.7473
 404.000       0.7869
 405.000       0.7260
 406.000       0.7240
 407.000       0.7682
 408.000       0.7702
 409.000       0.7354
 410.000       0.7271
 411.000       0.8013
 412.000       0.7681
 413.000       0.7322
 414.000       0.7888
 415.000       0.7733
 416.000       0.7186
 417.000       0.7592
 418.000       0.7232
 419.000       0.7601
 420.000       0.7274
 421.000       0.7773
 422.000       0.8391
 423.000       0.8363
 424.000       0.8168
 425.000       0.8273
 426.000       0.9598
 427.000       1.1285
 428.000       1.0916
 429.000       1.2355
 430.000       1.3704
 431.000       1.1772
 432.000       1.6704
 433.000       1.2710
 434.000       1.5472
 435.000       1.0852
 436.000       0.8212
 437.000       0.6563
 438.000       0.6150
 439.000       0.6570
 440.000       0.5935
 441.000       0.5594
 442.000       0.6415
 443.000       0.6888
 444.000       0.6933
 445.000       0.7446
 446.000       0.9358
 447.000       1.0096
 448.000       0.9538
 449.000       1.1416
 450.000       1.6920
 451.000       1.9872
 452.000       2.0388
 453.000       1.6965
 454.000       1.3938
 455.000       1.1928
 456.000       1.1540
 457.000       0.9928
 458.000       0.8756
 459.000       0.9705
 460.000       1.0905
 461.000       0.9652
 462.000       1.2273
 463.000       1.4875
 464.000       1.4394
 465.000       1.5195
 466.000       1.5095
 467.000       1.4379
 468.000       1.4034
 469.000       1.3764
 470.000       1.3141
 471.000       1.2932
 472.000       1.1964
 473.000       0.9440
 474.000       0.9045
 475.000       0.9156
 476.000       0.7983
 477.000       0.7960
 478.000       0.8772
 479.000       0.8516
 480.000       0.6850
 481.000       0.6502
 482.000       0.7389
 483.000       0.7188
 484.000       0.5813
 485.000       0.5803
 486.000       0.6487
 487.000       0.6258
 488.000       0.5891
 489.000       0.6624
 490.000       0.7367
 491.000       0.7105
 492.000       0.7775
 493.000       0.9256
 494.000       0.9784
 495.000       1.0237
 496.000       1.0985
 497.000       1.4735
 498.000       2.0319
 499.000       2.5179
 500.000       2.0925
 501.000       1.8686
 502.000       1.7976
 503.000       1.9974
 504.000       1.4226
 505.000       1.3275
 506.000       1.0751
 507.000       1.1106
 508.000       1.2338
 509.000       1.1369
 510.000       0.9433
 511.000       1.0132
 512.000       1.0534
 513.000       0.9398
 514.000       0.8714
 515.000       0.8589
 516.000       0.8113
 517.000       0.7973
 518.000       0.7537
 519.000       0.6942
 520.000       0.6243
 521.000       0.5984
 522.000       0.6527
 523.000       0.6771
 524.000       0.6714
 525.000       0.6830
 526.000       0.7718
 527.000       0.8528
 528.000       0.7766
 529.000       0.8315
 530.000       1.0387
 531.000       1.1156
 532.000       1.0594
 533.000       1.2953
 534.000       1.5784
 535.000       1.6271
 536.000       1.7879
 537.000       2.5452
 538.000       2.8505
 539.000       2.7791
 540.000       2.7873
 541.000       2.3563
 542.000       2.4372
 543.000       2.4053
 544.000       1.9800
 545.000       1.8112
 546.000       2.0350
 547.000       1.8858
 548.000       1.7384
 549.000       1.9047
 550.000       2.1328
 551.000       2.7428
 554.000      51.1338
