#Res        AtomicFlx
   1.000       2.6402
   2.000       2.1405
   3.000       1.3990
   4.000       1.0692
   5.000       1.4379
   6.000       1.1604
   7.000       1.0907
   8.000       1.0343
   9.000       0.9953
  10.000       0.8091
  11.000       0.8290
  12.000       0.9559
  13.000       0.8571
  14.000       0.7069
  15.000       0.7801
  16.000       0.9342
  17.000       0.7768
  18.000       0.6528
  19.000       0.6300
  20.000       0.7618
  21.000       0.8039
  22.000       0.7955
  23.000       0.6656
  24.000       0.7666
  25.000       1.0727
  26.000       0.9726
  27.000       0.8427
  28.000       0.9395
  29.000       1.2257
  30.000       1.0757
  31.000       1.1127
  32.000       1.4384
  33.000       1.4842
  34.000       1.2920
  35.000       1.5080
  36.000       1.2603
  37.000       1.2686
  38.000       1.4090
  39.000       1.1210
  40.000       1.0029
  41.000       1.0356
  42.000       0.8025
  43.000       0.6912
  44.000       0.7594
  45.000       0.7568
  46.000       0.6388
  47.000       0.6256
  48.000       0.7533
  49.000       0.7911
  50.000       0.7170
  51.000       0.6134
  52.000       0.6210
  53.000       0.6282
  54.000       0.6213
  55.000       0.5934
  56.000       0.5877
  57.000       0.5969
  58.000       0.5913
  59.000       0.5894
  60.000       0.6043
  61.000       0.6536
  62.000       0.6411
  63.000       0.6210
  64.000       0.6776
  65.000       0.7515
  66.000       0.7168
  67.000       0.7273
  68.000       0.7899
  69.000       0.7958
  70.000       0.7151
  71.000       0.7662
  72.000       0.7454
  73.000       1.0120
  74.000       1.8123
  75.000       1.7646
  76.000       1.4249
  77.000       1.3411
  78.000       1.1972
  79.000       0.9044
  80.000       0.7742
  81.000       0.7218
  82.000       0.7498
  83.000       0.7383
  84.000       0.6819
  85.000       0.7058
  86.000       0.6870
  87.000       0.6543
  88.000       0.6594
  89.000       0.6866
  90.000       0.6966
  91.000       0.6898
  92.000       0.7271
  93.000       0.7510
  94.000       0.6980
  95.000       0.7050
  96.000       0.8364
  97.000       0.8722
  98.000       0.8812
  99.000       1.0915
 100.000       0.9583
 101.000       0.7641
 102.000       0.8116
 103.000       0.8252
 104.000       0.7051
 105.000       0.6817
 106.000       0.7661
 107.000       0.7077
 108.000       0.6674
 109.000       0.7851
 110.000       0.8441
 111.000       0.7774
 112.000       0.9736
 113.000       1.1097
 114.000       1.2527
 115.000       1.2635
 116.000       1.0180
 117.000       1.1178
 118.000       1.2160
 119.000       1.2164
 120.000       1.4177
 121.000       2.2696
 122.000       3.8996
 123.000       5.3249
 124.000       6.7531
 125.000       7.3372
 126.000       5.3017
 127.000       5.3348
 128.000       4.2573
 129.000       4.1142
 130.000       3.3715
 131.000       4.1749
 132.000       3.9253
 133.000       4.1190
 134.000       5.4647
 135.000       6.6295
 136.000       6.9351
 137.000       8.3448
 138.000       7.3168
 139.000       5.8823
 140.000       6.5710
 141.000       7.0550
 142.000       6.6528
 143.000       6.4266
 144.000       5.4282
 145.000       6.3654
 146.000       6.1880
 147.000       4.2518
 148.000       3.6058
 149.000       4.3106
 150.000       4.2704
 151.000       2.8746
 152.000       2.3479
 153.000       1.9721
 154.000       2.3053
 155.000       2.5289
 156.000       3.3372
 157.000       3.8389
 158.000       4.0232
 159.000       5.0794
 160.000       5.3726
 161.000       4.1799
 162.000       3.2387
 163.000       2.3434
 164.000       1.6534
 165.000       1.4881
 166.000       1.0659
 167.000       1.0690
 168.000       1.2735
 169.000       1.0711
 170.000       0.9119
 171.000       1.1750
 172.000       1.4239
 173.000       1.7661
 174.000       2.1262
 175.000       2.1333
 176.000       2.2363
 177.000       2.1808
 178.000       2.0714
 179.000       1.9381
 180.000       1.5700
 181.000       1.1775
 182.000       1.4359
 183.000       1.2495
 184.000       1.2275
 185.000       1.3290
 186.000       1.4237
 187.000       1.4287
 188.000       1.3135
 189.000       1.1786
 190.000       1.0949
 191.000       1.0178
 192.000       1.0214
 193.000       0.9542
 194.000       0.8368
 195.000       0.8675
 196.000       0.9126
 197.000       0.8254
 198.000       0.7484
 199.000       0.7731
 200.000       0.7981
 201.000       0.7467
 202.000       0.6986
 203.000       0.7554
 204.000       0.8142
 205.000       0.7578
 206.000       0.7620
 207.000       0.9589
 208.000       1.0492
 209.000       0.9969
 210.000       1.1220
 211.000       1.1795
 212.000       0.8883
 213.000       0.7708
 214.000       0.8575
 215.000       0.8797
 216.000       0.7328
 217.000       0.6398
 218.000       0.7026
 219.000       0.7212
 220.000       0.6115
 221.000       0.6728
 222.000       0.7745
 223.000       0.8158
 224.000       0.7603
 225.000       0.7764
 226.000       0.8277
 227.000       0.8108
 228.000       0.7730
 229.000       0.8141
 230.000       0.8874
 231.000       0.8654
 232.000       0.8513
 233.000       1.0002
 234.000       1.1183
 235.000       1.0189
 236.000       1.0751
 237.000       1.4356
 238.000       1.2741
 239.000       1.4407
 240.000       1.4454
 241.000       1.1159
 242.000       1.3077
 243.000       1.4029
 244.000       1.1857
 245.000       0.9778
 246.000       1.1707
 247.000       1.3329
 248.000       1.2132
 249.000       1.2125
 250.000       1.3240
 251.000       1.4235
 252.000       1.6573
 253.000       1.9549
 254.000       1.8132
 255.000       1.5159
 256.000       1.4375
 257.000       1.5066
 258.000       1.3968
 259.000       1.2122
 260.000       1.1576
 261.000       1.0700
 262.000       0.9116
 263.000       0.8767
 264.000       0.8874
 265.000       0.7653
 266.000       0.6672
 267.000       0.7084
 268.000       0.6709
 269.000       0.5880
 270.000       0.6149
 271.000       0.7217
 272.000       0.6076
 273.000       0.6454
 274.000       0.8030
 275.000       0.6820
 276.000       0.8448
 277.000       0.8126
 278.000       0.8595
 279.000       0.7721
 280.000       0.6411
 281.000       0.5915
 282.000       0.6207
 283.000       0.6476
 284.000       0.6139
 285.000       0.6559
 286.000       0.6918
 287.000       0.6965
 288.000       0.8154
 289.000       0.8315
 290.000       0.8699
 291.000       0.7665
 292.000       0.8292
 293.000       0.7911
 294.000       0.7469
 295.000       0.8224
 296.000       0.8286
 297.000       0.6868
 298.000       0.6665
 299.000       0.7407
 300.000       0.6597
 301.000       0.6068
 302.000       0.6676
 303.000       0.6667
 304.000       0.5774
 305.000       0.5953
 306.000       0.6451
 307.000       0.6442
 308.000       0.6199
 309.000       0.6729
 310.000       0.6668
 311.000       0.7235
 312.000       0.7746
 313.000       0.7850
 314.000       0.8123
 315.000       0.8219
 316.000       0.8735
 317.000       0.8287
 318.000       1.0853
 319.000       1.2884
 320.000       1.3684
 321.000       1.4558
 322.000       1.6879
 323.000       1.8700
 324.000       2.0793
 325.000       2.3470
 326.000       2.2150
 327.000       2.3677
 328.000       2.1559
 329.000       2.2017
 330.000       2.0523
 331.000       2.0732
 332.000       2.4628
 333.000       1.9670
 334.000       1.7112
 335.000       1.9477
 336.000       1.8872
 337.000       1.7809
 338.000       1.4493
 339.000       1.3228
 340.000       1.1785
 341.000       1.1566
 342.000       0.9981
 343.000       0.8828
 344.000       0.9208
 345.000       0.7801
 346.000       0.7706
 347.000       0.8285
 348.000       0.8203
 349.000       0.7653
 350.000       0.8464
 351.000       0.9557
 352.000       0.9448
 353.000       0.9738
 354.000       0.9567
 355.000       0.8794
 356.000       0.8271
 357.000       0.8103
 358.000       0.7461
 359.000       0.7450
 360.000       0.6996
 361.000       0.6605
 362.000       0.6122
 363.000       0.6005
 364.000       0.5910
 365.000       0.6278
 366.000       0.6650
 367.000       0.5864
 368.000       0.6216
 369.000       0.7792
 370.000       0.7933
 371.000       0.6709
 372.000       0.7138
 373.000       0.6013
 374.000       0.6073
 375.000       0.6087
 376.000       0.5975
 377.000       0.7066
 378.000       0.7364
 379.000       0.6328
 380.000       0.6074
 381.000       0.6992
 382.000       0.6945
 383.000       0.6160
 384.000       0.6613
 385.000       0.7054
 386.000       0.7106
 387.000       0.7257
 388.000       0.7864
 389.000       0.9111
 390.000       1.0460
 391.000       1.4557
 392.000       1.4140
 393.000       1.2951
 394.000       1.0211
 395.000       1.0928
 396.000       1.1832
 397.000       1.0104
 398.000       0.9030
 399.000       0.9574
 400.000       0.9930
 401.000       0.8472
 402.000       0.8111
 403.000       0.9153
 404.000       0.9449
 405.000       0.8290
 406.000       0.8577
 407.000       0.9788
 408.000       0.9784
 409.000       0.8979
 410.000       0.9642
 411.000       1.1046
 412.000       1.0575
 413.000       1.0049
 414.000       1.1890
 415.000       1.2811
 416.000       1.1102
 417.000       1.0530
 418.000       1.1003
 419.000       1.0343
 420.000       1.1105
 421.000       1.1939
 422.000       1.3336
 423.000       1.0666
 424.000       0.8222
 425.000       1.0466
 426.000       1.1758
 427.000       1.0051
 428.000       0.9761
 429.000       1.0811
 430.000       1.1644
 431.000       1.1456
 432.000       1.1612
 433.000       1.1828
 434.000       1.1206
 435.000       1.1209
 436.000       0.9882
 437.000       0.8401
 438.000       0.7643
 439.000       0.7592
 440.000       0.7323
 441.000       0.6851
 442.000       0.6991
 443.000       0.7130
 444.000       0.6700
 445.000       0.7188
 446.000       0.8448
 447.000       0.8262
 448.000       0.7633
 449.000       0.8169
 450.000       0.9504
 451.000       1.0620
 452.000       1.1964
 453.000       1.0440
 454.000       0.9281
 455.000       1.1858
 456.000       1.1391
 457.000       0.8830
 458.000       0.8412
 459.000       0.9629
 460.000       0.8957
 461.000       0.7482
 462.000       0.8698
 463.000       1.0946
 464.000       1.0791
 465.000       1.0297
 466.000       1.2120
 467.000       1.0750
 468.000       1.0968
 469.000       1.1358
 470.000       1.3140
 471.000       1.4423
 472.000       1.4985
 473.000       1.1909
 474.000       1.0567
 475.000       1.2690
 476.000       1.1284
 477.000       0.8164
 478.000       0.9209
 479.000       0.9676
 480.000       0.8788
 481.000       0.7316
 482.000       0.7559
 483.000       0.7977
 484.000       0.6937
 485.000       0.6810
 486.000       0.7754
 487.000       0.7630
 488.000       0.7381
 489.000       0.8224
 490.000       0.8962
 491.000       0.8778
 492.000       0.9882
 493.000       1.1237
 494.000       1.1808
 495.000       1.2876
 496.000       1.4237
 497.000       1.9215
 498.000       1.9082
 499.000       1.8004
 500.000       1.9831
 501.000       1.9260
 502.000       2.4175
 503.000       2.8821
 504.000       2.1176
 505.000       2.0806
 506.000       1.6570
 507.000       1.6750
 508.000       1.9202
 509.000       1.6530
 510.000       1.2762
 511.000       1.5152
 512.000       1.5515
 513.000       1.2056
 514.000       1.2788
 515.000       1.4370
 516.000       1.2989
 517.000       1.2968
 518.000       1.3712
 519.000       1.3255
 520.000       1.3566
 521.000       1.4551
 522.000       1.3102
 523.000       0.9864
 524.000       1.0281
 525.000       1.0569
 526.000       1.3193
 527.000       1.2748
 528.000       1.0808
 529.000       1.3378
 530.000       1.7278
 531.000       1.6708
 532.000       1.5240
 533.000       2.1235
 534.000       2.4609
 535.000       2.3281
 536.000       2.4875
 537.000       3.1922
 538.000       3.7939
 539.000       4.6391
 540.000       4.6115
 541.000       4.0102
 542.000       4.2597
 543.000       4.0104
 544.000       3.1985
 545.000       3.1212
 546.000       3.4799
 547.000       2.9551
 548.000       2.3237
 549.000       2.6700
 550.000       3.4304
 551.000       4.3898
 554.000      52.5753
