#Res        AtomicFlx
   1.000       4.1836
   2.000       2.8600
   3.000       1.6076
   4.000       1.2909
   5.000       1.8557
   6.000       1.3610
   7.000       1.2220
   8.000       1.0784
   9.000       1.0101
  10.000       0.8349
  11.000       0.7682
  12.000       0.8291
  13.000       0.7485
  14.000       0.6185
  15.000       0.6478
  16.000       0.7348
  17.000       0.6734
  18.000       0.5808
  19.000       0.5046
  20.000       0.6351
  21.000       0.6509
  22.000       0.6656
  23.000       0.5891
  24.000       0.7506
  25.000       1.0025
  26.000       0.6771
  27.000       0.6035
  28.000       0.6644
  29.000       0.8792
  30.000       0.6461
  31.000       0.9375
  32.000       1.2018
  33.000       0.9430
  34.000       0.7179
  35.000       0.9378
  36.000       0.8754
  37.000       0.9391
  38.000       0.9375
  39.000       0.7710
  40.000       0.7964
  41.000       0.8278
  42.000       0.6773
  43.000       0.6194
  44.000       0.7440
  45.000       0.7459
  46.000       0.7074
  47.000       0.7262
  48.000       0.8944
  49.000       1.0543
  50.000       1.0149
  51.000       0.7158
  52.000       0.6792
  53.000       0.7467
  54.000       0.7132
  55.000       0.6171
  56.000       0.6081
  57.000       0.6097
  58.000       0.6255
  59.000       0.5960
  60.000       0.5962
  61.000       0.6343
  62.000       0.6667
  63.000       0.6715
  64.000       0.8483
  65.000       1.2592
  66.000       0.9500
  67.000       0.9175
  68.000       0.9929
  69.000       1.0127
  70.000       0.9016
  71.000       0.8669
  72.000       0.7652
  73.000       0.8107
  74.000       1.2216
  75.000       1.2763
  76.000       0.9633
  77.000       0.8974
  78.000       0.7932
  79.000       0.7902
  80.000       0.6856
  81.000       0.7379
  82.000       0.7489
  83.000       0.7030
  84.000       0.7038
  85.000       0.7591
  86.000       0.6890
  87.000       0.6648
  88.000       0.6323
  89.000       0.6008
  90.000       0.6823
  91.000       0.6860
  92.000       0.6254
  93.000       0.6924
  94.000       0.7098
  95.000       0.6801
  96.000       0.6774
  97.000       0.6282
  98.000       0.6425
  99.000       0.6445
 100.000       0.6270
 101.000       0.5852
 102.000       0.5866
 103.000       0.5905
 104.000       0.5477
 105.000       0.5437
 106.000       0.5926
 107.000       0.5637
 108.000       0.5442
 109.000       0.6040
 110.000       0.6638
 111.000       0.6586
 112.000       0.7830
 113.000       0.8854
 114.000       1.0136
 115.000       0.9434
 116.000       0.7896
 117.000       0.8241
 118.000       0.7161
 119.000       0.9095
 120.000       0.9960
 121.000       1.3428
 122.000       2.0197
 123.000       2.4301
 124.000       3.8964
 125.000       4.2808
 126.000       4.0961
 127.000       3.0662
 128.000       2.9626
 129.000       2.4658
 130.000       2.1916
 131.000       3.6913
 132.000       4.3965
 133.000       5.5047
 134.000       6.3260
 135.000       5.3321
 136.000       5.6411
 137.000       5.1328
 138.000       5.6997
 139.000       5.5804
 140.000       7.8741
 141.000       7.0940
 142.000       4.4883
 143.000       3.7426
 144.000       3.0021
 145.000       2.3928
 146.000       2.1208
 147.000       1.5828
 148.000       1.0281
 149.000       1.0168
 150.000       1.1639
 151.000       1.0515
 152.000       0.9218
 153.000       1.0689
 154.000       1.1560
 155.000       1.4584
 156.000       1.5966
 157.000       1.7456
 158.000       2.9061
 159.000       3.0586
 160.000       3.1556
 161.000       2.6181
 162.000       1.9408
 163.000       1.5997
 164.000       0.9794
 165.000       0.8028
 166.000       0.6861
 167.000       0.7309
 168.000       0.8081
 169.000       0.8131
 170.000       0.8079
 171.000       0.8757
 172.000       1.1739
 173.000       1.2018
 174.000       1.3320
 175.000       0.8865
 176.000       1.1460
 177.000       1.1448
 178.000       1.1116
 179.000       1.1625
 180.000       1.0999
 181.000       0.8789
 182.000       1.0821
 183.000       1.1733
 184.000       1.0513
 185.000       1.1838
 186.000       1.2892
 187.000       1.3015
 188.000       0.9542
 189.000       0.9478
 190.000       0.9308
 191.000       0.7571
 192.000       0.7276
 193.000       0.7421
 194.000       0.6461
 195.000       0.6292
 196.000       0.7032
 197.000       0.6625
 198.000       0.6372
 199.000       0.6652
 200.000       0.7077
 201.000       0.6908
 202.000       0.6874
 203.000       0.7438
 204.000       0.7817
 205.000       0.7373
 206.000       0.7937
 207.000       0.9978
 208.000       1.1718
 209.000       1.1121
 210.000       1.2265
 211.000       1.2423
 212.000       0.9155
 213.000       0.8113
 214.000       0.8837
 215.000       0.8087
 216.000       0.6825
 217.000       0.7331
 218.000       0.7773
 219.000       0.6556
 220.000       0.6201
 221.000       0.7248
 222.000       0.7430
 223.000       0.7329
 224.000       0.6480
 225.000       0.6272
 226.000       0.6879
 227.000       0.6655
 228.000       0.6180
 229.000       0.6574
 230.000       0.7279
 231.000       0.7125
 232.000       0.7497
 233.000       0.8257
 234.000       0.8869
 235.000       0.9879
 236.000       1.0383
 237.000       1.1141
 238.000       0.9099
 239.000       0.9933
 240.000       0.9465
 241.000       0.7856
 242.000       0.9863
 243.000       0.9629
 244.000       0.7857
 245.000       0.8129
 246.000       0.8669
 247.000       0.8731
 248.000       0.9011
 249.000       0.9163
 250.000       0.8733
 251.000       0.8896
 252.000       1.0609
 253.000       1.2503
 254.000       1.1101
 255.000       0.8962
 256.000       0.9959
 257.000       1.3039
 258.000       0.9922
 259.000       0.9010
 260.000       0.8111
 261.000       0.6928
 262.000       0.6648
 263.000       0.6675
 264.000       0.6197
 265.000       0.5898
 266.000       0.5920
 267.000       0.5832
 268.000       0.5547
 269.000       0.6248
 270.000       0.5761
 271.000       0.5572
 272.000       0.6487
 273.000       0.6095
 274.000       0.7401
 275.000       0.6447
 276.000       1.2767
 277.000       0.8900
 278.000       1.1251
 279.000       0.7861
 280.000       0.6392
 281.000       0.6565
 282.000       0.7446
 283.000       0.7105
 284.000       0.6154
 285.000       0.6724
 286.000       0.8977
 287.000       1.0382
 288.000       1.1304
 289.000       1.1274
 290.000       1.0645
 291.000       0.9840
 292.000       0.9313
 293.000       0.8094
 294.000       0.7649
 295.000       0.7746
 296.000       0.7686
 297.000       0.6796
 298.000       0.6683
 299.000       0.6865
 300.000       0.5777
 301.000       0.5643
 302.000       0.6476
 303.000       0.5884
 304.000       0.5229
 305.000       0.5803
 306.000       0.5864
 307.000       0.5309
 308.000       0.5393
 309.000       0.6050
 310.000       0.5975
 311.000       0.6033
 312.000       0.6309
 313.000       0.6488
 314.000       0.6049
 315.000       0.5414
 316.000       0.5815
 317.000       0.6197
 318.000       0.6075
 319.000       0.6441
 320.000       0.7172
 321.000       0.7022
 322.000       0.7099
 323.000       0.8055
 324.000       0.9011
 325.000       1.0234
 326.000       1.1232
 327.000       1.1040
 328.000       1.0487
 329.000       1.0096
 330.000       0.8504
 331.000       0.9795
 332.000       1.0192
 333.000       0.8959
 334.000       0.8259
 335.000       0.9127
 336.000       1.0921
 337.000       1.2803
 338.000       0.8509
 339.000       0.6885
 340.000       0.6869
 341.000       0.7066
 342.000       0.6210
 343.000       0.5817
 344.000       0.6080
 345.000       0.5745
 346.000       0.5931
 347.000       0.6033
 348.000       0.5937
 349.000       0.5923
 350.000       0.6518
 351.000       0.7372
 352.000       0.8344
 353.000       0.9841
 354.000       0.9423
 355.000       0.7537
 356.000       0.7071
 357.000       0.7182
 358.000       0.6425
 359.000       0.5723
 360.000       0.5870
 361.000       0.5947
 362.000       0.5137
 363.000       0.4889
 364.000       0.5198
 365.000       0.5391
 366.000       0.5505
 367.000       0.5358
 368.000       0.5812
 369.000       0.6722
 370.000       0.7447
 371.000       0.7093
 372.000       0.7273
 373.000       0.6350
 374.000       0.5827
 375.000       0.6152
 376.000       0.6541
 377.000       0.6602
 378.000       0.6673
 379.000       0.6810
 380.000       0.6467
 381.000       0.6627
 382.000       0.7149
 383.000       0.7906
 384.000       0.7516
 385.000       0.7698
 386.000       0.8427
 387.000       0.8905
 388.000       0.9001
 389.000       1.1590
 390.000       1.8672
 391.000       1.8996
 392.000       1.6309
 393.000       1.4738
 394.000       1.0674
 395.000       1.2940
 396.000       1.3860
 397.000       1.0817
 398.000       0.9472
 399.000       0.9323
 400.000       0.8969
 401.000       0.8375
 402.000       0.7588
 403.000       0.7595
 404.000       0.7941
 405.000       0.7435
 406.000       0.6991
 407.000       0.7521
 408.000       0.7705
 409.000       0.7122
 410.000       0.6953
 411.000       0.7788
 412.000       0.7563
 413.000       0.6951
 414.000       0.7835
 415.000       0.7968
 416.000       0.7032
 417.000       0.7306
 418.000       0.7726
 419.000       0.8372
 420.000       0.8131
 421.000       0.7501
 422.000       0.7382
 423.000       0.7105
 424.000       0.7145
 425.000       0.6901
 426.000       0.7012
 427.000       0.7691
 428.000       0.7969
 429.000       0.7778
 430.000       0.7852
 431.000       0.8261
 432.000       0.8687
 433.000       0.7548
 434.000       0.9608
 435.000       0.7685
 436.000       0.9350
 437.000       0.8867
 438.000       0.6492
 439.000       0.7094
 440.000       0.7817
 441.000       0.7740
 442.000       0.7419
 443.000       0.7211
 444.000       0.7413
 445.000       0.8417
 446.000       0.9063
 447.000       0.8489
 448.000       0.7884
 449.000       0.8241
 450.000       0.9352
 451.000       1.0087
 452.000       0.9260
 453.000       0.9338
 454.000       0.9179
 455.000       0.9786
 456.000       0.9344
 457.000       0.8480
 458.000       0.8766
 459.000       0.9437
 460.000       1.0262
 461.000       0.8401
 462.000       0.9569
 463.000       1.1946
 464.000       1.2228
 465.000       1.3034
 466.000       1.2825
 467.000       1.3388
 468.000       1.1098
 469.000       1.1633
 470.000       1.0954
 471.000       0.9791
 472.000       0.8965
 473.000       0.8173
 474.000       0.8508
 475.000       0.8466
 476.000       0.7639
 477.000       0.8382
 478.000       0.9456
 479.000       0.8571
 480.000       0.8080
 481.000       0.8786
 482.000       0.8097
 483.000       0.7715
 484.000       0.6840
 485.000       0.6525
 486.000       0.7059
 487.000       0.7048
 488.000       0.6513
 489.000       0.6912
 490.000       0.7461
 491.000       0.7374
 492.000       0.7471
 493.000       0.8230
 494.000       0.9221
 495.000       0.9857
 496.000       0.9863
 497.000       1.2585
 498.000       1.1317
 499.000       0.9750
 500.000       1.0100
 501.000       0.9680
 502.000       1.1727
 503.000       1.4138
 504.000       1.0727
 505.000       1.1260
 506.000       0.9157
 507.000       1.0085
 508.000       1.1403
 509.000       1.0718
 510.000       0.8835
 511.000       0.9370
 512.000       1.0106
 513.000       0.8720
 514.000       0.8025
 515.000       0.8926
 516.000       0.8882
 517.000       0.8339
 518.000       0.8256
 519.000       0.8990
 520.000       0.7212
 521.000       0.7501
 522.000       0.8006
 523.000       0.8406
 524.000       0.8662
 525.000       0.8637
 526.000       0.9578
 527.000       1.0607
 528.000       0.8652
 529.000       0.8788
 530.000       1.0990
 531.000       1.0929
 532.000       0.9620
 533.000       1.2767
 534.000       1.5416
 535.000       1.4903
 536.000       1.5750
 537.000       2.1488
 538.000       2.4893
 539.000       2.7594
 540.000       2.6609
 541.000       2.2409
 542.000       2.3423
 543.000       2.2535
 544.000       1.8401
 545.000       1.7481
 546.000       1.9834
 547.000       1.8321
 548.000       1.4979
 549.000       1.6617
 550.000       2.0051
 551.000       2.4030
 553.000      48.6626
