#Res        AtomicFlx
   1.000       2.2287
   2.000       1.9621
   3.000       1.1776
   4.000       1.0516
   5.000       1.4262
   6.000       1.1201
   7.000       0.9607
   8.000       0.8257
   9.000       0.7690
  10.000       0.6400
  11.000       0.6255
  12.000       0.6345
  13.000       0.5458
  14.000       0.5195
  15.000       0.5612
  16.000       0.5540
  17.000       0.4989
  18.000       0.5416
  19.000       0.4906
  20.000       0.5755
  21.000       0.6339
  22.000       0.6373
  23.000       0.5068
  24.000       0.5812
  25.000       0.6286
  26.000       0.6054
  27.000       0.5602
  28.000       0.7004
  29.000       0.8006
  30.000       0.5969
  31.000       0.8497
  32.000       1.1100
  33.000       0.9082
  34.000       0.7453
  35.000       0.9097
  36.000       0.8587
  37.000       0.9006
  38.000       0.8876
  39.000       0.7668
  40.000       0.7892
  41.000       0.8282
  42.000       0.6790
  43.000       0.6117
  44.000       0.7044
  45.000       0.7134
  46.000       0.6403
  47.000       0.6226
  48.000       0.6757
  49.000       0.6906
  50.000       0.6948
  51.000       0.5951
  52.000       0.5699
  53.000       0.6023
  54.000       0.5773
  55.000       0.5187
  56.000       0.5574
  57.000       0.5814
  58.000       0.5529
  59.000       0.5848
  60.000       0.6355
  61.000       0.6700
  62.000       0.7140
  63.000       0.7310
  64.000       0.8713
  65.000       1.0203
  66.000       0.8649
  67.000       0.8529
  68.000       0.7908
  69.000       0.7548
  70.000       0.7698
  71.000       0.8120
  72.000       0.7211
  73.000       0.8450
  74.000       1.4324
  75.000       1.4358
  76.000       1.0884
  77.000       1.0863
  78.000       0.9287
  79.000       0.7754
  80.000       0.7445
  81.000       0.6870
  82.000       0.6065
  83.000       0.6067
  84.000       0.6102
  85.000       0.6014
  86.000       0.5869
  87.000       0.6151
  88.000       0.5961
  89.000       0.6200
  90.000       0.6321
  91.000       0.6259
  92.000       0.6404
  93.000       0.6729
  94.000       0.6643
  95.000       0.6037
  96.000       0.6054
  97.000       0.5380
  98.000       0.5208
  99.000       0.5754
 100.000       0.6029
 101.000       0.6284
 102.000       0.5705
 103.000       0.5985
 104.000       0.5800
 105.000       0.5934
 106.000       0.6431
 107.000       0.6237
 108.000       0.6272
 109.000       0.6872
 110.000       0.7247
 111.000       0.7359
 112.000       0.8585
 113.000       0.9844
 114.000       1.0543
 115.000       0.9960
 116.000       0.8480
 117.000       0.9129
 118.000       0.9701
 119.000       0.9726
 120.000       1.1050
 121.000       1.2678
 122.000       1.9525
 123.000       3.7094
 124.000       4.7952
 125.000       6.1615
 126.000       6.0034
 127.000       5.4937
 128.000       4.7866
 129.000       4.1216
 130.000       2.4037
 131.000       1.8860
 132.000       2.1723
 133.000       2.1535
 134.000       2.1291
 135.000       2.2691
 136.000       2.5270
 137.000       3.1148
 138.000       4.1007
 139.000       3.4239
 140.000       4.7187
 141.000       6.1786
 142.000       6.2315
 143.000       7.3195
 144.000       6.6023
 145.000       7.8722
 146.000       6.9767
 147.000       5.5483
 148.000       5.0801
 149.000       4.3663
 150.000       3.9747
 151.000       3.6869
 152.000       3.4773
 153.000       2.9897
 154.000       3.6408
 155.000       3.8807
 156.000       4.0712
 157.000       3.6953
 158.000       4.1556
 159.000       3.3792
 160.000       3.5426
 161.000       2.9410
 162.000       2.1606
 163.000       1.6425
 164.000       1.3443
 165.000       1.0972
 166.000       1.0359
 167.000       1.0846
 168.000       1.1534
 169.000       1.0445
 170.000       1.0499
 171.000       1.1849
 172.000       1.1952
 173.000       1.0939
 174.000       1.2179
 175.000       1.3842
 176.000       1.6810
 177.000       2.7138
 178.000       2.8675
 179.000       2.3433
 180.000       2.0775
 181.000       1.7526
 182.000       1.9977
 183.000       1.4825
 184.000       1.0788
 185.000       1.1964
 186.000       1.0767
 187.000       0.8764
 188.000       0.8735
 189.000       0.8820
 190.000       0.8240
 191.000       0.7372
 192.000       0.7197
 193.000       0.7062
 194.000       0.6372
 195.000       0.6418
 196.000       0.6743
 197.000       0.6637
 198.000       0.6596
 199.000       0.6550
 200.000       0.7071
 201.000       0.7172
 202.000       0.7155
 203.000       0.7159
 204.000       0.7878
 205.000       0.7745
 206.000       0.8327
 207.000       0.9337
 208.000       0.9080
 209.000       0.9438
 210.000       1.0340
 211.000       1.0748
 212.000       0.9563
 213.000       0.9075
 214.000       0.9430
 215.000       0.8648
 216.000       0.7268
 217.000       0.7239
 218.000       0.7326
 219.000       0.6574
 220.000       0.6429
 221.000       0.7064
 222.000       0.6924
 223.000       0.6771
 224.000       0.6113
 225.000       0.6051
 226.000       0.6861
 227.000       0.6836
 228.000       0.6342
 229.000       0.6717
 230.000       0.7276
 231.000       0.7000
 232.000       0.7317
 233.000       0.7972
 234.000       0.7883
 235.000       0.8356
 236.000       0.8979
 237.000       0.9051
 238.000       0.9113
 239.000       0.9879
 240.000       0.9573
 241.000       0.8235
 242.000       0.8826
 243.000       0.8681
 244.000       0.7562
 245.000       0.7389
 246.000       0.8087
 247.000       0.8345
 248.000       0.8238
 249.000       0.8397
 250.000       0.8231
 251.000       0.8703
 252.000       0.9878
 253.000       1.2076
 254.000       1.1548
 255.000       0.8807
 256.000       0.9689
 257.000       1.1375
 258.000       0.8695
 259.000       0.8136
 260.000       0.7557
 261.000       0.6584
 262.000       0.6288
 263.000       0.6187
 264.000       0.5778
 265.000       0.5691
 266.000       0.5582
 267.000       0.5581
 268.000       0.5278
 269.000       0.5148
 270.000       0.4844
 271.000       0.4854
 272.000       0.4837
 273.000       0.4831
 274.000       0.5255
 275.000       0.4972
 276.000       0.5582
 277.000       0.7380
 278.000       0.8121
 279.000       0.6452
 280.000       0.6858
 281.000       0.6265
 282.000       0.5336
 283.000       0.6084
 284.000       0.7146
 285.000       0.6829
 286.000       0.8025
 287.000       0.8296
 288.000       0.9196
 289.000       0.8771
 290.000       0.9824
 291.000       1.0428
 292.000       1.3085
 293.000       0.9138
 294.000       0.8413
 295.000       0.7083
 296.000       0.6666
 297.000       0.6525
 298.000       0.6186
 299.000       0.5880
 300.000       0.5197
 301.000       0.5598
 302.000       0.6245
 303.000       0.5492
 304.000       0.4896
 305.000       0.5836
 306.000       0.6061
 307.000       0.5244
 308.000       0.5218
 309.000       0.5876
 310.000       0.5987
 311.000       0.5902
 312.000       0.5978
 313.000       0.6285
 314.000       0.6217
 315.000       0.5841
 316.000       0.6068
 317.000       0.6741
 318.000       0.7298
 319.000       0.7215
 320.000       0.7524
 321.000       0.7928
 322.000       0.8188
 323.000       0.8344
 324.000       0.9203
 325.000       1.0302
 326.000       1.0637
 327.000       1.0528
 328.000       0.9794
 329.000       0.9522
 330.000       0.8328
 331.000       0.9098
 332.000       0.9292
 333.000       0.8228
 334.000       0.7874
 335.000       0.8368
 336.000       0.9331
 337.000       0.9534
 338.000       0.8630
 339.000       0.7571
 340.000       0.7120
 341.000       0.7308
 342.000       0.7707
 343.000       0.8002
 344.000       0.7855
 345.000       0.7840
 346.000       0.8703
 347.000       0.8847
 348.000       0.8486
 349.000       0.9041
 350.000       0.9582
 351.000       0.9302
 352.000       0.9583
 353.000       1.0409
 354.000       0.9803
 355.000       0.8703
 356.000       0.8356
 357.000       0.8416
 358.000       0.7417
 359.000       0.7040
 360.000       0.7029
 361.000       0.6746
 362.000       0.5962
 363.000       0.5724
 364.000       0.5919
 365.000       0.5839
 366.000       0.5633
 367.000       0.5222
 368.000       0.5198
 369.000       0.5505
 370.000       0.5926
 371.000       0.5638
 372.000       0.6172
 373.000       0.6002
 374.000       0.5401
 375.000       0.6499
 376.000       0.6850
 377.000       0.6004
 378.000       0.6708
 379.000       0.7186
 380.000       0.6314
 381.000       0.6196
 382.000       0.6853
 383.000       0.7706
 384.000       0.8565
 385.000       0.9227
 386.000       1.0215
 387.000       1.1452
 388.000       1.1131
 389.000       1.2493
 390.000       1.4425
 391.000       2.0552
 392.000       2.1611
 393.000       1.6672
 394.000       1.3062
 395.000       1.3242
 396.000       1.3472
 397.000       1.1026
 398.000       0.9344
 399.000       0.9183
 400.000       0.8713
 401.000       0.7709
 402.000       0.7156
 403.000       0.7192
 404.000       0.7521
 405.000       0.6917
 406.000       0.6788
 407.000       0.7077
 408.000       0.7055
 409.000       0.6663
 410.000       0.6531
 411.000       0.6891
 412.000       0.6834
 413.000       0.6731
 414.000       0.7447
 415.000       0.8075
 416.000       0.8413
 417.000       0.8986
 418.000       0.8389
 419.000       0.9808
 420.000       1.0263
 421.000       0.9575
 422.000       1.0352
 423.000       1.0422
 424.000       0.9454
 425.000       0.9194
 426.000       1.0341
 427.000       1.1109
 428.000       0.9627
 429.000       0.9148
 430.000       0.9984
 431.000       0.8539
 432.000       0.9727
 433.000       1.1855
 434.000       0.8667
 435.000       0.8091
 436.000       0.7041
 437.000       0.6023
 438.000       0.5836
 439.000       0.6475
 440.000       0.6122
 441.000       0.5965
 442.000       0.6618
 443.000       0.6831
 444.000       0.6597
 445.000       0.7034
 446.000       0.7872
 447.000       0.8018
 448.000       0.7916
 449.000       0.7953
 450.000       0.8960
 451.000       0.9391
 452.000       0.9567
 453.000       0.9685
 454.000       0.9383
 455.000       1.0530
 456.000       1.0597
 457.000       0.9431
 458.000       0.9764
 459.000       1.0857
 460.000       1.0466
 461.000       0.9927
 462.000       1.2204
 463.000       1.3844
 464.000       1.2466
 465.000       1.3313
 466.000       1.3328
 467.000       1.2309
 468.000       1.1215
 469.000       1.1682
 470.000       1.1420
 471.000       1.0966
 472.000       0.9144
 473.000       0.7776
 474.000       0.8940
 475.000       0.8879
 476.000       0.6976
 477.000       0.7106
 478.000       0.8442
 479.000       0.7658
 480.000       0.7149
 481.000       0.6739
 482.000       0.7170
 483.000       0.7236
 484.000       0.6168
 485.000       0.6226
 486.000       0.7179
 487.000       0.6886
 488.000       0.6432
 489.000       0.7233
 490.000       0.8005
 491.000       0.7521
 492.000       0.7845
 493.000       0.9175
 494.000       0.9529
 495.000       1.0420
 496.000       1.1520
 497.000       1.5739
 498.000       1.8116
 499.000       2.0430
 500.000       1.9359
 501.000       1.8629
 502.000       2.3014
 503.000       2.0216
 504.000       1.5899
 505.000       1.6577
 506.000       1.4907
 507.000       1.6229
 508.000       1.6655
 509.000       1.5002
 510.000       1.2728
 511.000       1.3118
 512.000       1.2609
 513.000       1.0853
 514.000       0.9988
 515.000       0.9479
 516.000       0.9324
 517.000       0.8679
 518.000       0.8750
 519.000       0.8470
 520.000       0.7068
 521.000       0.6539
 522.000       0.7633
 523.000       0.7856
 524.000       0.7583
 525.000       0.7376
 526.000       0.8945
 527.000       0.9697
 528.000       0.8719
 529.000       0.9603
 530.000       1.1914
 531.000       1.2596
 532.000       1.2205
 533.000       1.5457
 534.000       1.8571
 535.000       1.9323
 536.000       2.0972
 537.000       2.5869
 538.000       2.8890
 539.000       3.5542
 540.000       3.4068
 541.000       2.9789
 542.000       3.1344
 543.000       2.9781
 544.000       2.4325
 545.000       2.3828
 546.000       2.5886
 547.000       2.3246
 548.000       2.1352
 549.000       2.3231
 550.000       2.7686
 551.000       3.9823
 560.000      52.4702
