#Res        AtomicFlx
   1.000       2.2571
   2.000       1.9918
   3.000       1.3288
   4.000       1.0271
   5.000       1.3785
   6.000       1.1308
   7.000       1.0279
   8.000       0.9928
   9.000       0.9277
  10.000       0.7304
  11.000       0.7286
  12.000       0.8155
  13.000       0.7136
  14.000       0.5857
  15.000       0.6568
  16.000       0.7501
  17.000       0.6459
  18.000       0.5728
  19.000       0.5336
  20.000       0.6773
  21.000       0.9219
  22.000       1.0226
  23.000       0.6628
  24.000       0.7595
  25.000       1.0939
  26.000       0.7714
  27.000       0.6166
  28.000       0.6237
  29.000       0.6305
  30.000       0.5801
  31.000       0.5913
  32.000       0.6423
  33.000       0.6861
  34.000       0.6482
  35.000       0.7713
  36.000       0.7510
  37.000       0.7514
  38.000       0.7391
  39.000       0.6496
  40.000       0.6798
  41.000       0.7391
  42.000       0.6270
  43.000       0.5630
  44.000       0.6173
  45.000       0.6398
  46.000       0.6112
  47.000       0.6022
  48.000       0.6058
  49.000       0.6501
  50.000       0.7105
  51.000       0.5676
  52.000       0.5248
  53.000       0.5164
  54.000       0.5181
  55.000       0.5065
  56.000       0.5202
  57.000       0.5040
  58.000       0.5281
  59.000       0.5556
  60.000       0.5746
  61.000       0.6039
  62.000       0.6871
  63.000       0.6922
  64.000       0.8018
  65.000       1.4252
  66.000       0.9045
  67.000       0.9508
  68.000       0.9328
  69.000       0.9421
  70.000       0.7576
  71.000       0.7501
  72.000       0.6894
  73.000       0.6945
  74.000       1.2760
  75.000       1.1766
  76.000       1.0984
  77.000       1.4220
  78.000       0.7607
  79.000       0.7097
  80.000       0.6042
  81.000       0.6066
  82.000       0.5771
  83.000       0.5948
  84.000       0.5607
  85.000       0.6021
  86.000       0.6964
  87.000       0.6951
  88.000       0.6092
  89.000       0.7242
  90.000       0.9433
  91.000       0.9154
  92.000       0.8812
  93.000       1.0210
  94.000       1.0923
  95.000       0.9813
  96.000       0.9633
  97.000       0.9323
  98.000       0.8565
  99.000       0.7741
 100.000       0.7475
 101.000       0.6707
 102.000       0.6096
 103.000       0.5640
 104.000       0.5341
 105.000       0.5204
 106.000       0.5396
 107.000       0.5009
 108.000       0.5133
 109.000       0.5897
 110.000       0.6706
 111.000       0.6997
 112.000       0.7643
 113.000       0.8365
 114.000       0.9718
 115.000       0.8894
 116.000       0.6983
 117.000       0.7585
 118.000       0.7829
 119.000       0.8580
 120.000       0.9385
 121.000       0.9327
 122.000       1.4174
 123.000       1.0546
 124.000       1.3528
 125.000       1.3037
 126.000       1.0478
 127.000       1.3091
 128.000       1.7271
 129.000       2.3854
 130.000       2.0200
 131.000       2.8558
 132.000       2.2244
 133.000       1.9056
 134.000       1.9305
 135.000       2.4422
 136.000       3.2507
 137.000       3.5129
 138.000       2.7321
 139.000       2.8643
 140.000       3.7102
 141.000       3.7535
 142.000       3.4286
 143.000       2.8175
 144.000       2.8542
 145.000       2.1030
 146.000       1.8334
 147.000       1.4331
 148.000       1.4448
 149.000       1.5663
 150.000       1.1725
 151.000       1.0910
 152.000       1.5957
 153.000       1.6904
 154.000       1.7187
 155.000       2.4606
 156.000       3.0180
 157.000       4.3904
 158.000       5.3738
 159.000       5.4536
 160.000       4.8598
 161.000       5.2147
 162.000       3.4623
 163.000       2.4266
 164.000       1.2918
 165.000       0.6614
 166.000       0.6185
 167.000       0.5964
 168.000       0.6433
 169.000       0.5927
 170.000       0.5673
 171.000       0.6362
 172.000       0.6821
 173.000       0.6693
 174.000       0.6467
 175.000       0.7733
 176.000       0.9655
 177.000       0.8436
 178.000       0.9875
 179.000       0.9634
 180.000       0.9324
 181.000       0.8347
 182.000       1.1864
 183.000       1.2017
 184.000       1.4391
 185.000       1.2941
 186.000       1.2063
 187.000       1.0646
 188.000       0.7307
 189.000       0.7845
 190.000       0.7495
 191.000       0.6535
 192.000       0.6809
 193.000       0.6666
 194.000       0.5850
 195.000       0.5841
 196.000       0.6480
 197.000       0.6470
 198.000       0.6110
 199.000       0.6453
 200.000       0.7273
 201.000       0.7206
 202.000       0.6481
 203.000       0.6939
 204.000       0.7979
 205.000       0.7527
 206.000       0.7570
 207.000       1.0026
 208.000       1.2457
 209.000       1.1783
 210.000       1.3920
 211.000       1.4273
 212.000       1.0459
 213.000       0.7855
 214.000       0.8622
 215.000       0.8307
 216.000       0.7393
 217.000       0.7033
 218.000       0.6988
 219.000       0.6579
 220.000       0.7073
 221.000       0.8182
 222.000       0.7697
 223.000       0.7417
 224.000       0.6615
 225.000       0.5841
 226.000       0.6390
 227.000       0.6692
 228.000       0.6182
 229.000       0.5842
 230.000       0.6365
 231.000       0.6264
 232.000       0.6397
 233.000       0.6662
 234.000       0.6939
 235.000       0.7980
 236.000       0.9042
 237.000       1.1800
 238.000       0.8711
 239.000       0.9841
 240.000       0.9535
 241.000       0.7981
 242.000       0.8313
 243.000       0.8096
 244.000       0.6952
 245.000       0.6826
 246.000       0.7652
 247.000       0.7209
 248.000       0.6355
 249.000       0.7226
 250.000       0.7806
 251.000       0.8350
 252.000       0.9581
 253.000       1.1431
 254.000       1.0604
 255.000       0.7988
 256.000       0.8597
 257.000       1.1343
 258.000       0.8449
 259.000       0.8071
 260.000       0.7752
 261.000       0.6285
 262.000       0.5933
 263.000       0.6196
 264.000       0.5838
 265.000       0.5407
 266.000       0.5441
 267.000       0.5533
 268.000       0.5092
 269.000       0.5177
 270.000       0.5254
 271.000       0.5383
 272.000       0.5085
 273.000       0.5764
 274.000       0.7096
 275.000       0.6519
 276.000       1.4996
 277.000       0.8616
 278.000       0.8392
 279.000       0.7092
 280.000       0.6901
 281.000       0.6646
 282.000       0.6195
 283.000       0.6825
 284.000       0.7462
 285.000       0.6827
 286.000       0.8868
 287.000       0.9087
 288.000       1.1453
 289.000       1.1177
 290.000       1.0939
 291.000       0.9777
 292.000       1.2441
 293.000       0.8436
 294.000       0.7572
 295.000       0.6859
 296.000       0.6678
 297.000       0.6292
 298.000       0.6130
 299.000       0.6003
 300.000       0.5304
 301.000       0.5753
 302.000       0.6156
 303.000       0.5741
 304.000       0.5323
 305.000       0.5689
 306.000       0.5894
 307.000       0.5348
 308.000       0.5059
 309.000       0.5447
 310.000       0.5632
 311.000       0.5696
 312.000       0.5874
 313.000       0.5830
 314.000       0.5193
 315.000       0.4756
 316.000       0.5231
 317.000       0.5601
 318.000       0.5358
 319.000       0.6088
 320.000       0.7020
 321.000       0.6598
 322.000       0.6449
 323.000       0.7377
 324.000       0.8266
 325.000       0.8762
 326.000       0.9430
 327.000       0.9918
 328.000       0.9251
 329.000       0.8802
 330.000       0.7895
 331.000       0.8213
 332.000       0.8796
 333.000       0.8123
 334.000       0.7541
 335.000       0.8249
 336.000       0.9192
 337.000       1.0087
 338.000       0.7774
 339.000       0.6465
 340.000       0.6366
 341.000       0.6686
 342.000       0.5712
 343.000       0.5397
 344.000       0.5665
 345.000       0.5192
 346.000       0.5579
 347.000       0.6134
 348.000       0.5821
 349.000       0.6036
 350.000       0.6725
 351.000       0.6898
 352.000       0.7409
 353.000       0.8287
 354.000       0.8689
 355.000       0.7745
 356.000       0.6831
 357.000       0.7080
 358.000       0.6415
 359.000       0.5789
 360.000       0.5855
 361.000       0.6169
 362.000       0.5252
 363.000       0.5148
 364.000       0.5583
 365.000       0.6040
 366.000       0.6352
 367.000       0.5520
 368.000       0.6626
 369.000       0.8442
 370.000       0.7776
 371.000       0.6790
 372.000       0.7463
 373.000       0.6916
 374.000       0.6284
 375.000       0.6481
 376.000       0.6407
 377.000       0.6917
 378.000       0.6645
 379.000       0.6230
 380.000       0.6182
 381.000       0.6688
 382.000       0.7085
 383.000       0.7228
 384.000       0.8054
 385.000       0.9970
 386.000       1.1480
 387.000       1.1173
 388.000       1.0488
 389.000       1.3129
 390.000       2.1823
 391.000       2.8289
 392.000       2.2239
 393.000       2.1393
 394.000       1.8367
 395.000       1.9352
 396.000       1.5296
 397.000       1.0786
 398.000       1.0057
 399.000       0.8925
 400.000       0.8663
 401.000       0.8135
 402.000       0.7317
 403.000       0.7223
 404.000       0.7505
 405.000       0.7005
 406.000       0.6877
 407.000       0.7058
 408.000       0.7422
 409.000       0.7454
 410.000       0.7001
 411.000       0.8073
 412.000       0.8853
 413.000       0.8043
 414.000       0.8578
 415.000       0.8840
 416.000       0.8446
 417.000       0.9367
 418.000       0.8848
 419.000       0.8810
 420.000       0.9241
 421.000       0.9997
 422.000       0.9065
 423.000       0.6939
 424.000       0.7848
 425.000       0.8702
 426.000       0.8436
 427.000       0.8526
 428.000       0.9859
 429.000       1.1011
 430.000       1.0100
 431.000       1.1977
 432.000       1.5158
 433.000       1.2846
 434.000       1.2577
 435.000       0.9137
 436.000       0.9017
 437.000       0.9010
 438.000       0.6589
 439.000       0.6235
 440.000       0.5679
 441.000       0.6217
 442.000       0.6361
 443.000       0.5724
 444.000       0.5709
 445.000       0.6049
 446.000       0.6791
 447.000       0.7099
 448.000       0.6778
 449.000       0.7053
 450.000       0.8056
 451.000       0.8194
 452.000       0.8308
 453.000       0.8137
 454.000       0.8463
 455.000       0.9045
 456.000       0.8988
 457.000       0.8106
 458.000       0.8187
 459.000       0.9512
 460.000       1.1022
 461.000       1.0263
 462.000       1.1869
 463.000       1.5142
 464.000       1.5645
 465.000       1.6188
 466.000       1.4952
 467.000       1.3347
 468.000       1.0888
 469.000       1.0951
 470.000       0.9982
 471.000       0.8847
 472.000       0.8257
 473.000       0.7436
 474.000       0.7430
 475.000       0.7250
 476.000       0.6196
 477.000       0.6527
 478.000       0.7580
 479.000       0.6660
 480.000       0.7399
 481.000       0.9215
 482.000       0.8256
 483.000       0.7574
 484.000       0.6589
 485.000       0.6420
 486.000       0.6836
 487.000       0.6292
 488.000       0.5989
 489.000       0.6796
 490.000       0.6986
 491.000       0.6574
 492.000       0.7092
 493.000       0.8181
 494.000       0.8831
 495.000       0.9446
 496.000       0.9775
 497.000       1.3223
 498.000       1.1797
 499.000       0.9919
 500.000       1.0035
 501.000       0.9998
 502.000       1.3117
 503.000       1.8704
 504.000       1.2157
 505.000       1.1923
 506.000       0.9290
 507.000       1.0251
 508.000       1.1825
 509.000       1.0988
 510.000       0.8581
 511.000       0.9339
 512.000       1.0368
 513.000       0.8816
 514.000       0.7891
 515.000       0.8922
 516.000       0.8575
 517.000       0.7364
 518.000       0.7595
 519.000       0.8112
 520.000       0.6891
 521.000       0.6652
 522.000       0.6892
 523.000       0.7413
 524.000       0.7183
 525.000       0.6420
 526.000       0.7480
 527.000       0.8816
 528.000       0.7747
 529.000       0.7368
 530.000       0.8979
 531.000       0.9573
 532.000       0.8564
 533.000       0.9545
 534.000       1.1753
 535.000       1.2217
 536.000       1.2082
 537.000       1.5141
 538.000       1.6792
 539.000       2.0722
 540.000       2.0148
 541.000       1.7838
 542.000       1.8924
 543.000       1.7337
 544.000       1.3941
 545.000       1.4312
 546.000       1.5966
 547.000       1.4236
 548.000       1.2874
 549.000       1.4376
 550.000       1.7402
 551.000       2.4948
 554.000      45.3303
