#Res        AtomicFlx
   1.000       4.6270
   2.000       3.5245
   3.000       3.2115
   4.000       2.0465
   5.000       1.9506
   6.000       1.1927
   7.000       1.0346
   8.000       0.9643
   9.000       0.9240
  10.000       0.7643
  11.000       0.6929
  12.000       0.7283
  13.000       0.6797
  14.000       0.6122
  15.000       0.6250
  16.000       0.6952
  17.000       0.6223
  18.000       0.5769
  19.000       0.4998
  20.000       0.5954
  21.000       0.6429
  22.000       0.7761
  23.000       0.6424
  24.000       0.6905
  25.000       0.8515
  26.000       0.5991
  27.000       0.5644
  28.000       0.7071
  29.000       0.7930
  30.000       0.6045
  31.000       0.7627
  32.000       1.0376
  33.000       0.9356
  34.000       0.7607
  35.000       0.9514
  36.000       0.9021
  37.000       0.9117
  38.000       0.9249
  39.000       0.7642
  40.000       0.7768
  41.000       0.8014
  42.000       0.6307
  43.000       0.5772
  44.000       0.7175
  45.000       0.7662
  46.000       0.6831
  47.000       0.6912
  48.000       0.8803
  49.000       0.9851
  50.000       0.9161
  51.000       0.7397
  52.000       0.7468
  53.000       0.8237
  54.000       0.8049
  55.000       0.6934
  56.000       0.6756
  57.000       0.7266
  58.000       0.7133
  59.000       0.6386
  60.000       0.6415
  61.000       0.6782
  62.000       0.7144
  63.000       0.7965
  64.000       0.9646
  65.000       1.0825
  66.000       0.8625
  67.000       0.9155
  68.000       1.1207
  69.000       1.3189
  70.000       0.9997
  71.000       0.8932
  72.000       0.8724
  73.000       1.0140
  74.000       1.4851
  75.000       2.1949
  76.000       1.7504
  77.000       1.6530
  78.000       1.2675
  79.000       0.8529
  80.000       0.6520
  81.000       0.7769
  82.000       0.8099
  83.000       0.8494
  84.000       0.7714
  85.000       0.7280
  86.000       0.7392
  87.000       0.8104
  88.000       0.7550
  89.000       0.7255
  90.000       0.8716
  91.000       0.8161
  92.000       0.7930
  93.000       0.8445
  94.000       0.7166
  95.000       0.6823
  96.000       0.8312
  97.000       0.7365
  98.000       0.7355
  99.000       0.8646
 100.000       0.7036
 101.000       0.5724
 102.000       0.5930
 103.000       0.5617
 104.000       0.5241
 105.000       0.5229
 106.000       0.5491
 107.000       0.5158
 108.000       0.5398
 109.000       0.6054
 110.000       0.7088
 111.000       0.7737
 112.000       0.8510
 113.000       1.1423
 114.000       1.3511
 115.000       1.2039
 116.000       0.8469
 117.000       0.8906
 118.000       0.8264
 119.000       0.9401
 120.000       1.0719
 121.000       1.3594
 122.000       1.8535
 123.000       1.5853
 124.000       1.6823
 125.000       1.6283
 126.000       1.5020
 127.000       1.8937
 128.000       2.3225
 129.000       3.3856
 130.000       2.1700
 131.000       1.9492
 132.000       1.8017
 133.000       1.5383
 134.000       1.8766
 135.000       2.2154
 136.000       2.3598
 137.000       3.4135
 138.000       3.2754
 139.000       2.8795
 140.000       2.9021
 141.000       2.4413
 142.000       2.1680
 143.000       2.3821
 144.000       2.6781
 145.000       3.0910
 146.000       2.3327
 147.000       2.1630
 148.000       2.2510
 149.000       2.7474
 150.000       2.5529
 151.000       2.4003
 152.000       3.7653
 153.000       3.3765
 154.000       3.6425
 155.000       4.9234
 156.000       5.8570
 157.000       6.3389
 158.000       6.0502
 159.000       5.4235
 160.000       4.2370
 161.000       3.3086
 162.000       2.5972
 163.000       1.6447
 164.000       1.0162
 165.000       0.8667
 166.000       0.6542
 167.000       0.7812
 168.000       0.8287
 169.000       0.6673
 170.000       0.6994
 171.000       0.9858
 172.000       0.9685
 173.000       0.9965
 174.000       1.0541
 175.000       1.3578
 176.000       1.1729
 177.000       1.3290
 178.000       1.5169
 179.000       1.3690
 180.000       1.3150
 181.000       1.1158
 182.000       1.1932
 183.000       1.0638
 184.000       1.0619
 185.000       1.2987
 186.000       1.2268
 187.000       1.0089
 188.000       0.9037
 189.000       0.8720
 190.000       0.7779
 191.000       0.7131
 192.000       0.7661
 193.000       0.7224
 194.000       0.6254
 195.000       0.6197
 196.000       0.6641
 197.000       0.6273
 198.000       0.5826
 199.000       0.5919
 200.000       0.6567
 201.000       0.6564
 202.000       0.6290
 203.000       0.6355
 204.000       0.7329
 205.000       0.7487
 206.000       0.7135
 207.000       0.8622
 208.000       0.9869
 209.000       1.0713
 210.000       1.3883
 211.000       1.4383
 212.000       1.1122
 213.000       1.0502
 214.000       1.9153
 215.000       0.9748
 216.000       0.9337
 217.000       0.7446
 218.000       0.6445
 219.000       0.6674
 220.000       0.6656
 221.000       0.6491
 222.000       0.6152
 223.000       0.6264
 224.000       0.5627
 225.000       0.5489
 226.000       0.5979
 227.000       0.5577
 228.000       0.5365
 229.000       0.5776
 230.000       0.6165
 231.000       0.6071
 232.000       0.6560
 233.000       0.7194
 234.000       0.7457
 235.000       0.8538
 236.000       0.9206
 237.000       0.9749
 238.000       0.7562
 239.000       0.7992
 240.000       0.7964
 241.000       0.6999
 242.000       0.8456
 243.000       0.7897
 244.000       0.6438
 245.000       0.6426
 246.000       0.7226
 247.000       0.6718
 248.000       0.6000
 249.000       0.6744
 250.000       0.7306
 251.000       0.8321
 252.000       0.9709
 253.000       1.1145
 254.000       1.1064
 255.000       0.8550
 256.000       0.9266
 257.000       1.1097
 258.000       0.8593
 259.000       0.8366
 260.000       0.7747
 261.000       0.6341
 262.000       0.6009
 263.000       0.6392
 264.000       0.5979
 265.000       0.5435
 266.000       0.5657
 267.000       0.5595
 268.000       0.5098
 269.000       0.5551
 270.000       0.5725
 271.000       0.5556
 272.000       0.5018
 273.000       0.6010
 274.000       0.7959
 275.000       0.7114
 276.000       1.3668
 277.000       0.9183
 278.000       1.3516
 279.000       1.2327
 280.000       0.9124
 281.000       0.8247
 282.000       0.8660
 283.000       0.8114
 284.000       0.6606
 285.000       0.6976
 286.000       1.0072
 287.000       1.0398
 288.000       1.2497
 289.000       1.2550
 290.000       1.1573
 291.000       1.0286
 292.000       1.0748
 293.000       1.0245
 294.000       0.8228
 295.000       0.7253
 296.000       0.7241
 297.000       0.7343
 298.000       0.6736
 299.000       0.6154
 300.000       0.5502
 301.000       0.5903
 302.000       0.6155
 303.000       0.5325
 304.000       0.4903
 305.000       0.5375
 306.000       0.5573
 307.000       0.4888
 308.000       0.4724
 309.000       0.5288
 310.000       0.5467
 311.000       0.5367
 312.000       0.5641
 313.000       0.5707
 314.000       0.5432
 315.000       0.4853
 316.000       0.5106
 317.000       0.5528
 318.000       0.5828
 319.000       0.6106
 320.000       0.6476
 321.000       0.6252
 322.000       0.6487
 323.000       0.6834
 324.000       0.7524
 325.000       0.8629
 326.000       0.9419
 327.000       0.9549
 328.000       0.9225
 329.000       0.8825
 330.000       0.7373
 331.000       0.8132
 332.000       0.8504
 333.000       0.7611
 334.000       0.6954
 335.000       0.7861
 336.000       0.9665
 337.000       0.8889
 338.000       0.8401
 339.000       0.7470
 340.000       0.6697
 341.000       0.7003
 342.000       0.6590
 343.000       0.6444
 344.000       0.6502
 345.000       0.5980
 346.000       0.6216
 347.000       0.6488
 348.000       0.6267
 349.000       0.6413
 350.000       0.7596
 351.000       0.7379
 352.000       0.7653
 353.000       0.8083
 354.000       0.7868
 355.000       0.8216
 356.000       0.6812
 357.000       0.6672
 358.000       0.5726
 359.000       0.6387
 360.000       0.6185
 361.000       0.5641
 362.000       0.4986
 363.000       0.4987
 364.000       0.5281
 365.000       0.5367
 366.000       0.5368
 367.000       0.5203
 368.000       0.5864
 369.000       0.6193
 370.000       0.6459
 371.000       0.6287
 372.000       0.8328
 373.000       0.7370
 374.000       0.5819
 375.000       0.5720
 376.000       0.6670
 377.000       0.7237
 378.000       0.6495
 379.000       0.5695
 380.000       0.6536
 381.000       0.7259
 382.000       0.7059
 383.000       0.6756
 384.000       0.8382
 385.000       0.8812
 386.000       0.8724
 387.000       0.9125
 388.000       0.9784
 389.000       1.0830
 390.000       1.1763
 391.000       1.2979
 392.000       1.2454
 393.000       1.2017
 394.000       1.0440
 395.000       1.1043
 396.000       1.1487
 397.000       0.9730
 398.000       0.8722
 399.000       0.8935
 400.000       0.8900
 401.000       0.8000
 402.000       0.7202
 403.000       0.7684
 404.000       0.8439
 405.000       0.7507
 406.000       0.7053
 407.000       0.7886
 408.000       0.8316
 409.000       0.7597
 410.000       0.7427
 411.000       0.8516
 412.000       0.8447
 413.000       0.7899
 414.000       0.8726
 415.000       0.9296
 416.000       0.8643
 417.000       0.8928
 418.000       0.9136
 419.000       0.9947
 420.000       0.8128
 421.000       0.9105
 422.000       0.9702
 423.000       0.8891
 424.000       0.7473
 425.000       0.8576
 426.000       0.9725
 427.000       0.9230
 428.000       0.8495
 429.000       0.8814
 430.000       1.0048
 431.000       0.9285
 432.000       0.9623
 433.000       1.0730
 434.000       0.8217
 435.000       0.8137
 436.000       0.7294
 437.000       0.7833
 438.000       0.6603
 439.000       0.6306
 440.000       0.5734
 441.000       0.5759
 442.000       0.6961
 443.000       0.6649
 444.000       0.6278
 445.000       0.7355
 446.000       0.8587
 447.000       0.8245
 448.000       0.7843
 449.000       0.8330
 450.000       0.9911
 451.000       1.0587
 452.000       0.9660
 453.000       0.9827
 454.000       0.9533
 455.000       0.9704
 456.000       0.9353
 457.000       0.8554
 458.000       0.8585
 459.000       0.9460
 460.000       1.0647
 461.000       0.8405
 462.000       0.9363
 463.000       1.1265
 464.000       1.0754
 465.000       1.1612
 466.000       1.2449
 467.000       1.2970
 468.000       1.0884
 469.000       1.0683
 470.000       1.0677
 471.000       1.0740
 472.000       1.0282
 473.000       0.9732
 474.000       1.0041
 475.000       1.0002
 476.000       0.9442
 477.000       0.9897
 478.000       0.9902
 479.000       0.9564
 480.000       0.8994
 481.000       0.9132
 482.000       0.9289
 483.000       0.8517
 484.000       0.7066
 485.000       0.7350
 486.000       0.8148
 487.000       0.7197
 488.000       0.6735
 489.000       0.7907
 490.000       0.8529
 491.000       0.7753
 492.000       0.8289
 493.000       0.9799
 494.000       1.0589
 495.000       1.0812
 496.000       1.1266
 497.000       1.3963
 498.000       1.4791
 499.000       1.5543
 500.000       1.6740
 501.000       1.6415
 502.000       2.1774
 503.000       2.3031
 504.000       1.9244
 505.000       1.8690
 506.000       1.5327
 507.000       1.5503
 508.000       1.7119
 509.000       1.4652
 510.000       1.1648
 511.000       1.3129
 512.000       1.2859
 513.000       1.0183
 514.000       1.0093
 515.000       1.0718
 516.000       0.9897
 517.000       1.0302
 518.000       1.1159
 519.000       1.0679
 520.000       1.0056
 521.000       1.1214
 522.000       1.0788
 523.000       0.7602
 524.000       0.7757
 525.000       0.9190
 526.000       1.0038
 527.000       0.8902
 528.000       0.8345
 529.000       1.2091
 530.000       1.3923
 531.000       1.3789
 532.000       1.4846
 533.000       1.8679
 534.000       2.0657
 535.000       2.0844
 536.000       2.2865
 537.000       2.8940
 538.000       3.3014
 539.000       3.7983
 540.000       3.6774
 541.000       3.2193
 542.000       3.4174
 543.000       3.4024
 544.000       2.8093
 545.000       2.6618
 546.000       3.0419
 547.000       2.7775
 548.000       2.3011
 549.000       2.5903
 550.000       3.1746
 551.000       3.6641
 555.000      51.6347
