#Res        AtomicFlx
   1.000       2.5879
   2.000       2.0699
   3.000       1.4209
   4.000       1.1320
   5.000       1.5139
   6.000       1.4595
   7.000       1.3919
   8.000       1.1732
   9.000       1.0487
  10.000       0.8366
  11.000       0.8423
  12.000       0.8989
  13.000       0.7076
  14.000       0.5484
  15.000       0.6723
  16.000       0.6950
  17.000       0.5573
  18.000       0.5368
  19.000       0.4725
  20.000       0.5493
  21.000       0.6566
  22.000       0.7092
  23.000       0.5241
  24.000       0.5899
  25.000       0.6646
  26.000       0.7354
  27.000       0.5830
  28.000       0.8332
  29.000       1.2681
  30.000       0.7653
  31.000       0.8961
  32.000       1.5494
  33.000       1.4301
  34.000       0.9969
  35.000       1.2526
  36.000       1.1097
  37.000       1.2413
  38.000       1.4164
  39.000       1.1094
  40.000       0.9969
  41.000       0.9997
  42.000       0.8345
  43.000       0.7309
  44.000       0.7593
  45.000       0.8044
  46.000       0.7384
  47.000       0.6645
  48.000       0.7052
  49.000       0.8304
  50.000       0.8347
  51.000       0.6910
  52.000       0.6304
  53.000       0.7066
  54.000       0.6670
  55.000       0.5632
  56.000       0.6046
  57.000       0.6769
  58.000       0.6148
  59.000       0.6273
  60.000       0.7076
  61.000       0.7211
  62.000       0.7176
  63.000       0.8029
  64.000       0.9645
  65.000       1.0552
  66.000       0.9501
  67.000       0.9609
  68.000       0.9182
  69.000       0.9032
  70.000       0.8479
  71.000       0.7729
  72.000       0.6853
  73.000       0.8045
  74.000       1.5548
  75.000       3.5383
  76.000       1.7271
  77.000       1.6889
  78.000       1.2676
  79.000       0.8575
  80.000       0.7347
  81.000       0.7425
  82.000       0.7412
  83.000       0.7410
  84.000       0.7163
  85.000       0.7612
  86.000       0.7478
  87.000       0.7628
  88.000       0.7021
  89.000       0.7004
  90.000       0.7381
  91.000       0.7471
  92.000       0.7411
  93.000       0.6994
  94.000       0.6860
  95.000       0.6958
  96.000       0.7248
  97.000       0.6456
  98.000       0.6827
  99.000       0.6984
 100.000       0.6602
 101.000       0.5874
 102.000       0.5934
 103.000       0.6018
 104.000       0.5684
 105.000       0.5912
 106.000       0.6344
 107.000       0.5985
 108.000       0.6026
 109.000       0.6862
 110.000       0.7319
 111.000       0.7286
 112.000       0.8460
 113.000       0.8240
 114.000       0.9370
 115.000       0.8844
 116.000       0.7655
 117.000       0.7808
 118.000       0.8215
 119.000       0.8584
 120.000       1.2738
 121.000       1.3053
 122.000       1.3998
 123.000       1.3503
 124.000       1.5652
 125.000       1.7689
 126.000       1.7145
 127.000       2.0456
 128.000       2.4879
 129.000       2.9493
 130.000       2.6074
 131.000       3.1562
 132.000       2.7714
 133.000       3.0299
 134.000       3.4617
 135.000       3.3807
 136.000       4.3275
 137.000       4.8234
 138.000       4.6622
 139.000       4.3888
 140.000       5.1797
 141.000       5.1387
 142.000       3.5969
 143.000       2.9376
 144.000       2.3126
 145.000       2.5981
 146.000       2.6808
 147.000       2.0699
 148.000       2.0205
 149.000       2.3143
 150.000       2.0715
 151.000       1.9873
 152.000       2.1608
 153.000       2.4428
 154.000       2.4603
 155.000       2.4097
 156.000       2.7027
 157.000       3.0789
 158.000       2.9848
 159.000       2.7242
 160.000       3.0719
 161.000       2.7025
 162.000       2.0783
 163.000       1.7269
 164.000       1.1641
 165.000       0.9000
 166.000       0.8786
 167.000       1.0319
 168.000       0.8957
 169.000       0.8213
 170.000       0.9683
 171.000       1.1613
 172.000       1.1362
 173.000       1.1235
 174.000       1.2086
 175.000       1.1585
 176.000       1.1921
 177.000       1.3462
 178.000       1.4780
 179.000       1.6788
 180.000       1.8215
 181.000       1.7985
 182.000       2.0642
 183.000       1.9971
 184.000       1.6761
 185.000       1.4830
 186.000       1.4848
 187.000       1.3344
 188.000       1.2739
 189.000       1.1421
 190.000       0.9712
 191.000       0.8864
 192.000       0.8751
 193.000       0.8100
 194.000       0.7001
 195.000       0.7414
 196.000       0.7769
 197.000       0.7174
 198.000       0.6695
 199.000       0.6588
 200.000       0.7016
 201.000       0.6763
 202.000       0.6589
 203.000       0.6976
 204.000       0.8219
 205.000       0.7722
 206.000       0.7825
 207.000       1.0702
 208.000       1.1589
 209.000       1.0199
 210.000       1.0345
 211.000       1.1308
 212.000       0.9883
 213.000       0.9362
 214.000       0.9782
 215.000       0.8561
 216.000       0.8411
 217.000       0.8389
 218.000       0.7184
 219.000       0.6252
 220.000       0.6349
 221.000       0.6903
 222.000       0.6661
 223.000       0.6290
 224.000       0.5949
 225.000       0.6132
 226.000       0.6835
 227.000       0.6628
 228.000       0.6459
 229.000       0.7304
 230.000       0.7993
 231.000       0.8052
 232.000       0.8718
 233.000       0.9497
 234.000       1.0127
 235.000       1.0950
 236.000       1.1016
 237.000       1.1879
 238.000       1.0200
 239.000       1.0413
 240.000       1.0126
 241.000       0.8776
 242.000       1.0438
 243.000       1.0703
 244.000       0.8859
 245.000       0.8346
 246.000       0.9647
 247.000       0.9642
 248.000       0.8270
 249.000       0.8886
 250.000       1.0240
 251.000       1.1739
 252.000       1.2455
 253.000       1.4480
 254.000       1.6898
 255.000       1.3474
 256.000       1.2509
 257.000       1.5008
 258.000       1.1627
 259.000       0.9823
 260.000       0.9022
 261.000       0.8035
 262.000       0.7871
 263.000       0.7894
 264.000       0.7497
 265.000       0.6940
 266.000       0.6921
 267.000       0.6803
 268.000       0.6053
 269.000       0.6196
 270.000       0.6387
 271.000       0.6106
 272.000       0.5532
 273.000       0.6187
 274.000       0.7914
 275.000       0.8011
 276.000       0.7625
 277.000       0.7418
 278.000       0.8621
 279.000       0.6968
 280.000       0.6280
 281.000       0.6626
 282.000       0.6723
 283.000       0.6745
 284.000       0.7244
 285.000       0.7673
 286.000       0.8980
 287.000       0.9176
 288.000       1.0819
 289.000       1.0588
 290.000       1.1923
 291.000       1.1225
 292.000       1.2754
 293.000       1.0820
 294.000       0.9536
 295.000       0.8716
 296.000       0.9218
 297.000       0.8162
 298.000       0.7253
 299.000       0.7389
 300.000       0.6159
 301.000       0.6470
 302.000       0.6874
 303.000       0.6344
 304.000       0.5448
 305.000       0.5993
 306.000       0.6517
 307.000       0.5822
 308.000       0.5455
 309.000       0.6582
 310.000       0.6627
 311.000       0.6271
 312.000       0.6853
 313.000       0.7515
 314.000       0.6959
 315.000       0.6243
 316.000       0.7445
 317.000       0.7649
 318.000       0.7683
 319.000       0.8395
 320.000       0.8626
 321.000       0.8792
 322.000       0.9193
 323.000       1.0290
 324.000       1.1100
 325.000       1.3767
 326.000       1.5104
 327.000       1.2885
 328.000       1.2672
 329.000       1.1782
 330.000       0.9713
 331.000       1.0929
 332.000       1.0845
 333.000       0.9391
 334.000       0.9181
 335.000       0.8624
 336.000       1.0674
 337.000       0.9404
 338.000       0.8040
 339.000       0.7329
 340.000       0.6993
 341.000       0.7280
 342.000       0.6371
 343.000       0.6474
 344.000       0.7195
 345.000       0.7769
 346.000       0.7946
 347.000       0.7115
 348.000       0.7357
 349.000       0.9133
 350.000       1.0596
 351.000       0.9694
 352.000       0.8630
 353.000       0.9614
 354.000       0.9095
 355.000       0.7701
 356.000       0.7644
 357.000       0.7563
 358.000       0.6663
 359.000       0.6424
 360.000       0.6730
 361.000       0.6499
 362.000       0.5569
 363.000       0.5513
 364.000       0.6063
 365.000       0.5517
 366.000       0.5278
 367.000       0.5090
 368.000       0.4983
 369.000       0.4946
 370.000       0.5619
 371.000       0.5410
 372.000       0.5650
 373.000       0.5810
 374.000       0.5305
 375.000       0.6650
 376.000       0.6493
 377.000       0.5973
 378.000       0.5939
 379.000       0.6742
 380.000       0.6570
 381.000       0.6604
 382.000       0.7558
 383.000       0.8174
 384.000       0.8558
 385.000       0.9250
 386.000       0.9430
 387.000       1.0464
 388.000       1.0533
 389.000       1.1653
 390.000       1.3051
 391.000       2.1982
 392.000       2.1857
 393.000       1.6373
 394.000       1.2890
 395.000       1.3694
 396.000       1.3676
 397.000       1.1124
 398.000       0.9390
 399.000       0.9178
 400.000       0.9622
 401.000       0.8789
 402.000       0.7429
 403.000       0.7825
 404.000       0.8425
 405.000       0.7664
 406.000       0.7377
 407.000       0.8111
 408.000       0.8462
 409.000       0.7925
 410.000       0.7912
 411.000       0.9069
 412.000       0.9052
 413.000       0.8407
 414.000       0.9339
 415.000       0.9728
 416.000       0.8723
 417.000       0.9606
 418.000       0.9910
 419.000       1.2143
 420.000       1.0998
 421.000       0.8366
 422.000       0.7527
 423.000       0.7841
 424.000       0.7799
 425.000       0.7560
 426.000       0.7705
 427.000       0.7989
 428.000       0.9252
 429.000       0.9658
 430.000       0.9634
 431.000       0.9415
 432.000       1.2048
 433.000       1.3706
 434.000       1.1155
 435.000       0.9382
 436.000       0.7862
 437.000       0.7381
 438.000       0.7308
 439.000       0.7395
 440.000       0.6832
 441.000       0.6635
 442.000       0.6739
 443.000       0.7151
 444.000       0.6974
 445.000       0.7364
 446.000       0.8011
 447.000       0.8190
 448.000       0.8276
 449.000       0.9726
 450.000       1.0637
 451.000       1.0640
 452.000       1.0005
 453.000       1.0157
 454.000       1.3305
 455.000       1.4716
 456.000       1.6882
 457.000       1.2864
 458.000       1.3706
 459.000       1.8126
 460.000       1.5819
 461.000       1.2171
 462.000       2.0323
 463.000       2.2478
 464.000       1.6738
 465.000       1.7615
 466.000       2.0284
 467.000       2.0839
 468.000       1.8413
 469.000       1.7784
 470.000       1.6327
 471.000       1.5569
 472.000       1.4194
 473.000       1.1497
 474.000       1.2232
 475.000       1.2445
 476.000       1.0160
 477.000       0.9191
 478.000       1.1067
 479.000       1.1055
 480.000       0.8985
 481.000       0.7679
 482.000       0.8779
 483.000       0.8983
 484.000       0.7436
 485.000       0.7349
 486.000       0.8645
 487.000       0.8407
 488.000       0.7737
 489.000       0.8476
 490.000       0.9124
 491.000       0.8667
 492.000       0.8812
 493.000       0.9522
 494.000       1.0564
 495.000       1.1193
 496.000       1.0674
 497.000       1.3362
 498.000       1.1560
 499.000       1.0627
 500.000       1.1279
 501.000       1.1703
 502.000       1.5301
 503.000       1.9060
 504.000       1.5789
 505.000       1.4224
 506.000       1.1863
 507.000       1.4029
 508.000       1.4592
 509.000       1.4994
 510.000       1.2457
 511.000       1.1840
 512.000       1.3299
 513.000       1.2935
 514.000       1.1603
 515.000       1.2164
 516.000       1.3402
 517.000       1.4059
 518.000       1.3836
 519.000       1.4989
 520.000       1.4524
 521.000       1.5355
 522.000       1.2691
 523.000       0.7719
 524.000       0.7134
 525.000       0.8728
 526.000       1.1925
 527.000       1.2044
 528.000       1.0821
 529.000       1.5783
 530.000       2.0943
 531.000       2.0862
 532.000       2.0388
 533.000       2.8520
 534.000       3.2706
 535.000       3.0339
 536.000       3.3294
 537.000       4.4400
 538.000       5.2324
 539.000       4.9130
 540.000       5.0620
 541.000       4.6491
 542.000       4.7949
 543.000       4.4642
 544.000       3.8833
 545.000       3.8792
 546.000       4.0281
 547.000       3.5925
 548.000       3.1994
 549.000       3.3490
 550.000       3.4969
 551.000       3.6744
 554.000      52.6277
