#Res        AtomicFlx
   1.000       5.8023
   2.000       3.9241
   3.000       2.7149
   4.000       1.5336
   5.000       1.6661
   6.000       1.2072
   7.000       1.1417
   8.000       1.0513
   9.000       0.9020
  10.000       0.7600
  11.000       0.7612
  12.000       0.6992
  13.000       0.6014
  14.000       0.5458
  15.000       0.5588
  16.000       0.5810
  17.000       0.4952
  18.000       0.5043
  19.000       0.4964
  20.000       0.5762
  21.000       0.6396
  22.000       0.6642
  23.000       0.5426
  24.000       0.6658
  25.000       0.7316
  26.000       0.6238
  27.000       0.5380
  28.000       0.5901
  29.000       0.6220
  30.000       0.5750
  31.000       0.5867
  32.000       0.6346
  33.000       0.6757
  34.000       0.6568
  35.000       0.7479
  36.000       0.7037
  37.000       0.7613
  38.000       0.7598
  39.000       0.6713
  40.000       0.6984
  41.000       0.7193
  42.000       0.6065
  43.000       0.5560
  44.000       0.6194
  45.000       0.6152
  46.000       0.5931
  47.000       0.6025
  48.000       0.6655
  49.000       0.7521
  50.000       0.8316
  51.000       0.6477
  52.000       0.6056
  53.000       0.6418
  54.000       0.6408
  55.000       0.5828
  56.000       0.6370
  57.000       0.6502
  58.000       0.6080
  59.000       0.6336
  60.000       0.6530
  61.000       0.7866
  62.000       0.8185
  63.000       0.8317
  64.000       1.2336
  65.000       1.3820
  66.000       1.2554
  67.000       1.2759
  68.000       1.1004
  69.000       0.7562
  70.000       0.7120
  71.000       0.7981
  72.000       0.8252
  73.000       0.8105
  74.000       0.9988
  75.000       1.1627
  76.000       1.0514
  77.000       1.0368
  78.000       0.8504
  79.000       0.7080
  80.000       0.6851
  81.000       0.6340
  82.000       0.5559
  83.000       0.5471
  84.000       0.5584
  85.000       0.5754
  86.000       0.4913
  87.000       0.4871
  88.000       0.4691
  89.000       0.4824
  90.000       0.5044
  91.000       0.4924
  92.000       0.4970
  93.000       0.5273
  94.000       0.5761
  95.000       0.5446
  96.000       0.5477
  97.000       0.5104
  98.000       0.5101
  99.000       0.5710
 100.000       0.6083
 101.000       0.6104
 102.000       0.5271
 103.000       0.5281
 104.000       0.4838
 105.000       0.4622
 106.000       0.4825
 107.000       0.4542
 108.000       0.4605
 109.000       0.5292
 110.000       0.5887
 111.000       0.5794
 112.000       0.6778
 113.000       0.7740
 114.000       0.8808
 115.000       0.8148
 116.000       0.6671
 117.000       0.7942
 118.000       0.8095
 119.000       0.8719
 120.000       0.9503
 121.000       1.1339
 122.000       1.4737
 123.000       1.7847
 124.000       2.4433
 125.000       1.8740
 126.000       1.6094
 127.000       1.7237
 128.000       1.8963
 129.000       1.7387
 130.000       1.2312
 131.000       1.1146
 132.000       1.2053
 133.000       1.3650
 134.000       1.6399
 135.000       1.7411
 136.000       1.5566
 137.000       1.5559
 138.000       2.2134
 139.000       1.8193
 140.000       2.7218
 141.000       2.1230
 142.000       2.3553
 143.000       1.9741
 144.000       1.8885
 145.000       2.0940
 146.000       1.9024
 147.000       1.5086
 148.000       1.4586
 149.000       1.6664
 150.000       1.5297
 151.000       1.0612
 152.000       1.2181
 153.000       1.5366
 154.000       1.3806
 155.000       1.1941
 156.000       1.5529
 157.000       1.8059
 158.000       2.4013
 159.000       2.1219
 160.000       2.3005
 161.000       2.0791
 162.000       1.5868
 163.000       1.3236
 164.000       0.9526
 165.000       0.8122
 166.000       0.6842
 167.000       0.8535
 168.000       0.9472
 169.000       0.7598
 170.000       0.7033
 171.000       1.2651
 172.000       1.7515
 173.000       1.5613
 174.000       1.2443
 175.000       1.1778
 176.000       1.0402
 177.000       1.0440
 178.000       1.1326
 179.000       1.1953
 180.000       1.0591
 181.000       0.8586
 182.000       1.0633
 183.000       0.9962
 184.000       0.8847
 185.000       1.0208
 186.000       1.2162
 187.000       1.2405
 188.000       0.9079
 189.000       0.7930
 190.000       0.7673
 191.000       0.6953
 192.000       0.6754
 193.000       0.6392
 194.000       0.5530
 195.000       0.5793
 196.000       0.6619
 197.000       0.6171
 198.000       0.5784
 199.000       0.6023
 200.000       0.6761
 201.000       0.6721
 202.000       0.6687
 203.000       0.7224
 204.000       0.8365
 205.000       0.8325
 206.000       0.7854
 207.000       0.9475
 208.000       1.0263
 209.000       0.9292
 210.000       1.0017
 211.000       1.0752
 212.000       0.9343
 213.000       0.9020
 214.000       0.9309
 215.000       0.8765
 216.000       0.8746
 217.000       0.9295
 218.000       0.8757
 219.000       0.7780
 220.000       0.9471
 221.000       1.1044
 222.000       0.9713
 223.000       0.8358
 224.000       0.6810
 225.000       0.6381
 226.000       0.7210
 227.000       0.6367
 228.000       0.5699
 229.000       0.6421
 230.000       0.7227
 231.000       0.6474
 232.000       0.6920
 233.000       0.7824
 234.000       0.8002
 235.000       0.8132
 236.000       0.8750
 237.000       1.0924
 238.000       0.8127
 239.000       0.8151
 240.000       0.7698
 241.000       0.6749
 242.000       0.7619
 243.000       0.7380
 244.000       0.6394
 245.000       0.6589
 246.000       0.7178
 247.000       0.6716
 248.000       0.6240
 249.000       0.7041
 250.000       0.7459
 251.000       0.8116
 252.000       0.8943
 253.000       1.1280
 254.000       1.0738
 255.000       0.8236
 256.000       0.8950
 257.000       1.1240
 258.000       0.8665
 259.000       0.8301
 260.000       0.7661
 261.000       0.6286
 262.000       0.6049
 263.000       0.6268
 264.000       0.5760
 265.000       0.5249
 266.000       0.5224
 267.000       0.5389
 268.000       0.5064
 269.000       0.5217
 270.000       0.4794
 271.000       0.4823
 272.000       0.4807
 273.000       0.4683
 274.000       0.5043
 275.000       0.4770
 276.000       0.5100
 277.000       0.5307
 278.000       0.6336
 279.000       0.6339
 280.000       0.6841
 281.000       0.6602
 282.000       0.6721
 283.000       0.9282
 284.000       0.7787
 285.000       1.2784
 286.000       1.6512
 287.000       1.4616
 288.000       1.6576
 289.000       1.6601
 290.000       1.7015
 291.000       1.5193
 292.000       1.5659
 293.000       1.1130
 294.000       0.9656
 295.000       0.7890
 296.000       0.7902
 297.000       0.7178
 298.000       0.6271
 299.000       0.6449
 300.000       0.5652
 301.000       0.5576
 302.000       0.6104
 303.000       0.5691
 304.000       0.5023
 305.000       0.5487
 306.000       0.5673
 307.000       0.5006
 308.000       0.4797
 309.000       0.5237
 310.000       0.5307
 311.000       0.5349
 312.000       0.5421
 313.000       0.5513
 314.000       0.5337
 315.000       0.4810
 316.000       0.5140
 317.000       0.5608
 318.000       0.6051
 319.000       0.6377
 320.000       0.6283
 321.000       0.6131
 322.000       0.6225
 323.000       0.6546
 324.000       0.7117
 325.000       0.7467
 326.000       0.8036
 327.000       0.9112
 328.000       0.8632
 329.000       0.8518
 330.000       0.7474
 331.000       0.7818
 332.000       0.8154
 333.000       0.7391
 334.000       0.6990
 335.000       1.3225
 336.000       1.6706
 337.000       1.6739
 338.000       1.2528
 339.000       0.8861
 340.000       0.7619
 341.000       0.7925
 342.000       0.6522
 343.000       0.6086
 344.000       0.6243
 345.000       0.6019
 346.000       0.6746
 347.000       0.6440
 348.000       0.5987
 349.000       0.6638
 350.000       0.7174
 351.000       0.7073
 352.000       0.7316
 353.000       0.7690
 354.000       0.7114
 355.000       0.6003
 356.000       0.5836
 357.000       0.6407
 358.000       0.5671
 359.000       0.5020
 360.000       0.5125
 361.000       0.5476
 362.000       0.4931
 363.000       0.4607
 364.000       0.5103
 365.000       0.5478
 366.000       0.5466
 367.000       0.5002
 368.000       0.5790
 369.000       0.6422
 370.000       0.6421
 371.000       0.6179
 372.000       0.6032
 373.000       0.5057
 374.000       0.5710
 375.000       0.6559
 376.000       0.5837
 377.000       0.5103
 378.000       0.5614
 379.000       0.5862
 380.000       0.5693
 381.000       0.5917
 382.000       0.6336
 383.000       0.6913
 384.000       0.7354
 385.000       0.7521
 386.000       0.8104
 387.000       0.9335
 388.000       0.9162
 389.000       1.0281
 390.000       1.2227
 391.000       2.1011
 392.000       1.4736
 393.000       1.3538
 394.000       1.0577
 395.000       1.1383
 396.000       1.3757
 397.000       1.1704
 398.000       0.9507
 399.000       0.9535
 400.000       0.9774
 401.000       0.8142
 402.000       0.7098
 403.000       0.8098
 404.000       0.8594
 405.000       0.7200
 406.000       0.6903
 407.000       0.7716
 408.000       0.7781
 409.000       0.7087
 410.000       0.6969
 411.000       0.7660
 412.000       0.7542
 413.000       0.7222
 414.000       0.7798
 415.000       0.7825
 416.000       0.7403
 417.000       0.7805
 418.000       0.7412
 419.000       0.7448
 420.000       0.7276
 421.000       0.7604
 422.000       0.7634
 423.000       0.6961
 424.000       0.6203
 425.000       0.6425
 426.000       0.6790
 427.000       0.6267
 428.000       0.5726
 429.000       0.6169
 430.000       0.6191
 431.000       0.5216
 432.000       0.5103
 433.000       0.5657
 434.000       0.5611
 435.000       0.5473
 436.000       0.4690
 437.000       0.4528
 438.000       0.4790
 439.000       0.4725
 440.000       0.4465
 441.000       0.4510
 442.000       0.4873
 443.000       0.4916
 444.000       0.4965
 445.000       0.6057
 446.000       0.6445
 447.000       0.5813
 448.000       0.6965
 449.000       0.7879
 450.000       0.7560
 451.000       0.7136
 452.000       0.8199
 453.000       0.8958
 454.000       1.0857
 455.000       1.2275
 456.000       1.1701
 457.000       1.0402
 458.000       1.1132
 459.000       1.2827
 460.000       1.3605
 461.000       1.3446
 462.000       2.0192
 463.000       2.4119
 464.000       2.0757
 465.000       1.7272
 466.000       1.9971
 467.000       2.2065
 468.000       1.7944
 469.000       1.7959
 470.000       1.5510
 471.000       1.2745
 472.000       1.2492
 473.000       1.3778
 474.000       1.2263
 475.000       1.0089
 476.000       1.0526
 477.000       1.1460
 478.000       1.1104
 479.000       0.8653
 480.000       0.6619
 481.000       0.6958
 482.000       0.6677
 483.000       0.5995
 484.000       0.5497
 485.000       0.5395
 486.000       0.6021
 487.000       0.6392
 488.000       0.6186
 489.000       0.6139
 490.000       0.7581
 491.000       0.8062
 492.000       0.7774
 493.000       0.8623
 494.000       1.0763
 495.000       1.1291
 496.000       0.9790
 497.000       1.1816
 498.000       0.9972
 499.000       0.8565
 500.000       0.9716
 501.000       1.0662
 502.000       1.2974
 503.000       1.8247
 504.000       1.2218
 505.000       1.2245
 506.000       0.9473
 507.000       1.0295
 508.000       1.0693
 509.000       0.9708
 510.000       0.7906
 511.000       0.7907
 512.000       0.7974
 513.000       0.7040
 514.000       0.6549
 515.000       0.6699
 516.000       0.6728
 517.000       0.6459
 518.000       0.6209
 519.000       0.6419
 520.000       0.6943
 521.000       0.7602
 522.000       0.7695
 523.000       0.7408
 524.000       0.7180
 525.000       0.7094
 526.000       0.9557
 527.000       1.0909
 528.000       1.0088
 529.000       1.1215
 530.000       1.4395
 531.000       1.5002
 532.000       1.4471
 533.000       1.7617
 534.000       2.0468
 535.000       2.1165
 536.000       2.1961
 537.000       2.7717
 538.000       3.0050
 539.000       3.6143
 540.000       3.4189
 541.000       2.9930
 542.000       2.9913
 543.000       2.8907
 544.000       2.4857
 545.000       2.3171
 546.000       2.4589
 547.000       2.2971
 548.000       2.0560
 549.000       2.1297
 550.000       2.5473
 551.000       3.7999
 554.000      51.9591
