#Res        AtomicFlx
   1.000       2.7307
   2.000       3.2928
   3.000       3.8200
   4.000       2.4035
   5.000       1.8440
   6.000       1.1129
   7.000       0.9697
   8.000       0.9337
   9.000       0.8331
  10.000       0.6547
  11.000       0.6544
  12.000       0.7094
  13.000       0.5639
  14.000       0.5234
  15.000       0.5900
  16.000       0.5799
  17.000       0.5175
  18.000       0.5886
  19.000       0.5552
  20.000       0.6819
  21.000       0.7965
  22.000       0.8472
  23.000       0.6899
  24.000       0.8554
  25.000       1.1496
  26.000       0.7711
  27.000       0.6238
  28.000       0.6931
  29.000       1.0229
  30.000       0.6884
  31.000       0.9278
  32.000       1.3227
  33.000       1.1110
  34.000       0.8858
  35.000       1.1591
  36.000       0.9170
  37.000       0.9971
  38.000       1.1829
  39.000       0.9296
  40.000       0.9122
  41.000       0.8557
  42.000       0.6784
  43.000       0.6278
  44.000       0.7071
  45.000       0.6842
  46.000       0.6396
  47.000       0.6183
  48.000       0.6716
  49.000       0.7060
  50.000       0.8226
  51.000       0.6234
  52.000       0.6279
  53.000       0.6799
  54.000       0.6234
  55.000       0.5937
  56.000       0.6661
  57.000       0.6534
  58.000       0.6540
  59.000       0.6535
  60.000       0.6747
  61.000       0.6749
  62.000       0.6623
  63.000       0.8317
  64.000       0.8536
  65.000       0.9657
  66.000       0.9981
  67.000       1.4168
  68.000       1.5450
  69.000       1.7125
  70.000       1.5842
  71.000       1.5730
  72.000       1.3269
  73.000       1.4116
  74.000       1.9946
  75.000       1.9316
  76.000       1.7677
  77.000       1.6049
  78.000       1.1479
  79.000       1.0873
  80.000       0.8829
  81.000       0.7473
  82.000       0.7155
  83.000       0.7833
  84.000       0.7641
  85.000       0.7274
  86.000       0.7149
  87.000       0.6754
  88.000       0.5914
  89.000       0.6111
  90.000       0.6441
  91.000       0.6045
  92.000       0.6361
  93.000       0.6198
  94.000       0.6208
  95.000       0.6613
  96.000       0.6654
  97.000       0.5937
  98.000       0.5980
  99.000       0.6193
 100.000       0.5844
 101.000       0.5166
 102.000       0.5110
 103.000       0.5146
 104.000       0.4982
 105.000       0.4935
 106.000       0.5134
 107.000       0.5004
 108.000       0.5069
 109.000       0.5662
 110.000       0.6193
 111.000       0.6249
 112.000       0.6970
 113.000       0.8313
 114.000       0.9775
 115.000       0.9652
 116.000       0.8471
 117.000       0.9396
 118.000       0.9974
 119.000       1.0353
 120.000       1.0993
 121.000       1.3748
 122.000       1.8242
 123.000       2.8069
 124.000       4.1649
 125.000       5.3047
 126.000       6.0320
 127.000       5.5437
 128.000       4.7722
 129.000       3.7193
 130.000       2.5269
 131.000       3.1683
 132.000       3.0327
 133.000       2.4288
 134.000       2.5287
 135.000       3.6539
 136.000       4.4956
 137.000       5.0747
 138.000       4.2092
 139.000       3.6749
 140.000       4.2404
 141.000       3.7694
 142.000       3.3186
 143.000       1.7550
 144.000       1.2595
 145.000       1.1857
 146.000       1.3225
 147.000       1.1979
 148.000       1.1631
 149.000       1.5123
 150.000       1.5172
 151.000       1.1503
 152.000       1.4054
 153.000       1.7990
 154.000       1.7093
 155.000       1.6792
 156.000       2.1468
 157.000       2.3493
 158.000       3.0416
 159.000       3.5628
 160.000       4.9063
 161.000       4.0820
 162.000       2.7288
 163.000       1.9663
 164.000       1.2479
 165.000       1.0873
 166.000       0.8857
 167.000       0.8236
 168.000       0.8667
 169.000       0.8081
 170.000       0.6805
 171.000       0.8253
 172.000       1.3158
 173.000       1.6609
 174.000       1.6570
 175.000       1.3174
 176.000       1.1978
 177.000       1.3409
 178.000       1.0805
 179.000       1.1630
 180.000       1.0586
 181.000       0.9048
 182.000       1.0759
 183.000       1.2275
 184.000       1.3570
 185.000       1.5547
 186.000       1.7026
 187.000       1.4060
 188.000       1.1504
 189.000       0.9512
 190.000       0.8523
 191.000       0.7409
 192.000       0.7533
 193.000       0.6771
 194.000       0.5757
 195.000       0.6124
 196.000       0.6667
 197.000       0.6123
 198.000       0.6021
 199.000       0.6074
 200.000       0.6382
 201.000       0.6708
 202.000       0.6554
 203.000       0.6934
 204.000       0.8600
 205.000       0.8618
 206.000       0.8170
 207.000       1.0226
 208.000       1.4949
 209.000       2.2148
 210.000       1.5548
 211.000       1.5373
 212.000       1.4482
 213.000       1.1458
 214.000       0.8404
 215.000       0.7819
 216.000       0.7674
 217.000       1.1230
 218.000       1.1631
 219.000       0.8711
 220.000       1.1034
 221.000       1.5914
 222.000       1.4915
 223.000       1.1922
 224.000       1.0257
 225.000       0.7552
 226.000       0.7889
 227.000       0.8321
 228.000       0.7196
 229.000       0.6276
 230.000       0.6929
 231.000       0.6618
 232.000       0.6718
 233.000       0.7067
 234.000       0.7707
 235.000       0.8205
 236.000       0.9679
 237.000       0.9645
 238.000       0.8540
 239.000       0.9099
 240.000       0.7967
 241.000       0.8490
 242.000       1.0102
 243.000       0.8562
 244.000       0.6785
 245.000       0.7865
 246.000       0.8909
 247.000       0.7644
 248.000       0.6960
 249.000       0.8287
 250.000       0.8937
 251.000       1.0224
 252.000       1.1578
 253.000       1.4131
 254.000       1.3260
 255.000       0.9263
 256.000       1.0073
 257.000       1.1626
 258.000       0.9383
 259.000       0.9360
 260.000       0.8663
 261.000       0.7192
 262.000       0.6901
 263.000       0.7182
 264.000       0.6901
 265.000       0.6314
 266.000       0.6214
 267.000       0.6472
 268.000       0.6006
 269.000       0.5831
 270.000       0.6098
 271.000       0.6490
 272.000       0.5904
 273.000       0.6515
 274.000       0.8632
 275.000       1.1906
 276.000       1.2909
 277.000       0.7672
 278.000       1.1146
 279.000       0.8249
 280.000       0.7144
 281.000       0.8021
 282.000       0.8895
 283.000       0.7819
 284.000       0.6467
 285.000       0.7834
 286.000       1.0214
 287.000       1.0503
 288.000       1.3219
 289.000       1.1790
 290.000       1.1249
 291.000       1.0761
 292.000       1.0460
 293.000       1.1613
 294.000       0.8307
 295.000       0.7662
 296.000       0.8502
 297.000       0.7454
 298.000       0.7032
 299.000       0.7111
 300.000       0.6163
 301.000       0.6457
 302.000       0.7031
 303.000       0.6386
 304.000       0.5650
 305.000       0.6243
 306.000       0.6694
 307.000       0.5919
 308.000       0.5604
 309.000       0.6643
 310.000       0.6772
 311.000       0.6866
 312.000       0.7037
 313.000       0.7208
 314.000       0.7052
 315.000       0.6175
 316.000       0.6199
 317.000       0.7351
 318.000       0.7223
 319.000       0.6208
 320.000       0.6433
 321.000       0.6695
 322.000       0.6884
 323.000       0.6947
 324.000       0.7464
 325.000       0.8480
 326.000       0.9180
 327.000       0.9636
 328.000       0.9317
 329.000       0.9506
 330.000       0.8278
 331.000       0.9673
 332.000       0.9421
 333.000       0.8082
 334.000       0.8383
 335.000       0.8897
 336.000       1.0858
 337.000       1.1235
 338.000       1.0250
 339.000       0.8594
 340.000       0.7724
 341.000       0.7799
 342.000       0.6828
 343.000       0.7293
 344.000       0.7149
 345.000       0.6222
 346.000       0.8211
 347.000       0.9027
 348.000       0.9249
 349.000       1.3550
 350.000       1.7565
 351.000       1.2819
 352.000       1.0973
 353.000       1.3231
 354.000       0.9646
 355.000       0.8846
 356.000       0.7279
 357.000       0.8062
 358.000       0.7418
 359.000       0.6465
 360.000       0.6011
 361.000       0.6565
 362.000       0.6021
 363.000       0.5638
 364.000       0.6170
 365.000       0.6964
 366.000       0.7062
 367.000       0.5892
 368.000       0.5945
 369.000       0.6997
 370.000       0.7372
 371.000       0.6960
 372.000       0.6527
 373.000       0.6265
 374.000       0.5979
 375.000       0.6136
 376.000       0.7073
 377.000       0.6474
 378.000       0.6509
 379.000       0.7503
 380.000       0.8683
 381.000       0.8729
 382.000       0.9809
 383.000       1.2241
 384.000       1.2959
 385.000       1.3551
 386.000       1.6503
 387.000       1.8087
 388.000       1.6109
 389.000       1.8280
 390.000       2.0565
 391.000       2.7134
 392.000       2.2028
 393.000       2.0896
 394.000       1.8042
 395.000       1.7283
 396.000       1.6730
 397.000       1.5152
 398.000       1.2912
 399.000       1.2213
 400.000       1.2749
 401.000       1.0615
 402.000       0.8942
 403.000       0.9760
 404.000       1.0155
 405.000       0.8611
 406.000       0.8119
 407.000       0.9125
 408.000       0.9162
 409.000       0.8255
 410.000       0.8147
 411.000       0.9278
 412.000       0.8868
 413.000       0.7922
 414.000       0.9089
 415.000       0.8570
 416.000       0.7425
 417.000       0.8558
 418.000       0.9379
 419.000       1.0473
 420.000       0.8744
 421.000       0.8733
 422.000       0.8795
 423.000       0.8123
 424.000       0.7809
 425.000       0.8159
 426.000       0.8736
 427.000       0.9177
 428.000       0.9292
 429.000       0.9690
 430.000       0.9828
 431.000       1.0214
 432.000       1.3259
 433.000       1.8050
 434.000       1.4342
 435.000       1.0828
 436.000       0.7944
 437.000       0.7921
 438.000       0.7154
 439.000       0.7102
 440.000       0.7613
 441.000       0.7213
 442.000       0.7246
 443.000       0.7516
 444.000       0.7785
 445.000       0.7403
 446.000       0.8392
 447.000       0.9030
 448.000       0.8407
 449.000       0.8459
 450.000       1.0031
 451.000       1.1023
 452.000       1.0955
 453.000       1.0728
 454.000       0.9920
 455.000       1.0406
 456.000       0.9969
 457.000       0.9492
 458.000       0.9219
 459.000       0.9701
 460.000       1.0906
 461.000       0.9411
 462.000       1.0209
 463.000       1.2409
 464.000       1.1776
 465.000       1.3153
 466.000       1.4124
 467.000       1.3734
 468.000       1.1424
 469.000       1.1731
 470.000       1.0680
 471.000       1.0127
 472.000       0.8771
 473.000       0.7442
 474.000       0.8241
 475.000       0.8876
 476.000       0.7523
 477.000       0.7299
 478.000       0.8510
 479.000       0.8404
 480.000       0.7940
 481.000       0.9107
 482.000       0.8776
 483.000       0.8113
 484.000       0.6911
 485.000       0.6711
 486.000       0.7461
 487.000       0.6981
 488.000       0.6752
 489.000       0.7453
 490.000       0.7732
 491.000       0.7588
 492.000       0.7869
 493.000       0.8706
 494.000       0.9667
 495.000       1.0374
 496.000       1.0181
 497.000       1.2600
 498.000       1.1699
 499.000       1.1093
 500.000       1.1523
 501.000       1.1796
 502.000       1.4722
 503.000       1.9375
 504.000       1.3054
 505.000       1.2803
 506.000       1.0163
 507.000       1.0517
 508.000       1.1636
 509.000       1.0555
 510.000       0.8707
 511.000       0.9271
 512.000       0.9628
 513.000       0.8587
 514.000       0.8236
 515.000       0.8196
 516.000       0.7828
 517.000       0.7665
 518.000       0.7406
 519.000       0.6801
 520.000       0.6635
 521.000       0.6504
 522.000       0.6787
 523.000       0.7291
 524.000       0.7750
 525.000       0.7455
 526.000       0.9257
 527.000       1.0610
 528.000       1.0029
 529.000       1.1180
 530.000       1.3288
 531.000       1.3133
 532.000       1.3867
 533.000       1.6960
 534.000       1.8822
 535.000       1.8502
 536.000       2.0105
 537.000       2.7196
 538.000       2.8999
 539.000       3.3052
 540.000       3.2919
 541.000       3.0431
 542.000       3.2295
 543.000       3.0216
 544.000       2.5299
 545.000       2.6455
 546.000       2.9304
 547.000       2.6716
 548.000       2.5519
 549.000       2.9758
 550.000       3.6513
 551.000       4.4600
 555.000      52.0156
