#Res        AtomicFlx
   1.000       2.9768
   2.000       1.9022
   3.000       1.4111
   4.000       1.2958
   5.000       1.8357
   6.000       1.4288
   7.000       1.3851
   8.000       1.2058
   9.000       1.0980
  10.000       0.9447
  11.000       0.8273
  12.000       0.8404
  13.000       0.7879
  14.000       0.6692
  15.000       0.6393
  16.000       0.7048
  17.000       0.7193
  18.000       0.6905
  19.000       0.5835
  20.000       0.7647
  21.000       0.7170
  22.000       0.7693
  23.000       0.7274
  24.000       0.9475
  25.000       1.1821
  26.000       0.9150
  27.000       0.8178
  28.000       1.0939
  29.000       1.4769
  30.000       0.9447
  31.000       1.2424
  32.000       1.8025
  33.000       1.5605
  34.000       1.1163
  35.000       1.5519
  36.000       1.2592
  37.000       1.3199
  38.000       1.5826
  39.000       1.2505
  40.000       1.2611
  41.000       1.1886
  42.000       0.8110
  43.000       0.7045
  44.000       0.9346
  45.000       0.9450
  46.000       0.7765
  47.000       0.7539
  48.000       0.8770
  49.000       0.9793
  50.000       0.9566
  51.000       0.6786
  52.000       0.6536
  53.000       0.7593
  54.000       0.7912
  55.000       0.6596
  56.000       0.6591
  57.000       0.7369
  58.000       0.7225
  59.000       0.6702
  60.000       0.6855
  61.000       0.7196
  62.000       0.7138
  63.000       0.7533
  64.000       0.8192
  65.000       0.9171
  66.000       0.8650
  67.000       0.8726
  68.000       1.0060
  69.000       0.9439
  70.000       0.8534
  71.000       0.8313
  72.000       0.7385
  73.000       0.8920
  74.000       1.4013
  75.000       1.7288
  76.000       1.4414
  77.000       1.6719
  78.000       1.2658
  79.000       0.9036
  80.000       0.7542
  81.000       0.6890
  82.000       0.6730
  83.000       0.6862
  84.000       0.6571
  85.000       0.6606
  86.000       0.7302
  87.000       0.7772
  88.000       0.6633
  89.000       0.6863
  90.000       0.8364
  91.000       0.8163
  92.000       0.7207
  93.000       0.7699
  94.000       0.8158
  95.000       0.7643
  96.000       0.7582
  97.000       0.6709
  98.000       0.6709
  99.000       0.7064
 100.000       0.6193
 101.000       0.5354
 102.000       0.5784
 103.000       0.5697
 104.000       0.5520
 105.000       0.5786
 106.000       0.6178
 107.000       0.5848
 108.000       0.5991
 109.000       0.6921
 110.000       0.7073
 111.000       0.6907
 112.000       0.8096
 113.000       0.8718
 114.000       0.9826
 115.000       0.9521
 116.000       0.7563
 117.000       0.8630
 118.000       0.8594
 119.000       0.9136
 120.000       0.9844
 121.000       1.2671
 122.000       2.2123
 123.000       3.4873
 124.000       4.7112
 125.000       5.5272
 126.000       4.4257
 127.000       3.1586
 128.000       3.0300
 129.000       2.6193
 130.000       2.0601
 131.000       2.3939
 132.000       2.4796
 133.000       2.0253
 134.000       2.2870
 135.000       3.1511
 136.000       3.5907
 137.000       4.0983
 138.000       3.3859
 139.000       3.0413
 140.000       3.8587
 141.000       4.3691
 142.000       4.0052
 143.000       4.3309
 144.000       4.1889
 145.000       4.0748
 146.000       3.2118
 147.000       2.5121
 148.000       2.2771
 149.000       2.1254
 150.000       1.8673
 151.000       1.3115
 152.000       1.4106
 153.000       1.7530
 154.000       1.6135
 155.000       1.4524
 156.000       2.2080
 157.000       2.0894
 158.000       2.6596
 159.000       2.8209
 160.000       3.5974
 161.000       3.0371
 162.000       2.1657
 163.000       1.6398
 164.000       1.0173
 165.000       0.9186
 166.000       0.6957
 167.000       0.8430
 168.000       1.0869
 169.000       0.9324
 170.000       0.8382
 171.000       1.2553
 172.000       1.6948
 173.000       1.5212
 174.000       0.8845
 175.000       1.0526
 176.000       1.0875
 177.000       1.3310
 178.000       1.6623
 179.000       1.7780
 180.000       1.6305
 181.000       1.4542
 182.000       1.7217
 183.000       1.5550
 184.000       1.5107
 185.000       1.6074
 186.000       1.6350
 187.000       1.5752
 188.000       1.3850
 189.000       1.3022
 190.000       1.1018
 191.000       0.9163
 192.000       0.9423
 193.000       0.8938
 194.000       0.7115
 195.000       0.6945
 196.000       0.7761
 197.000       0.7160
 198.000       0.6125
 199.000       0.6147
 200.000       0.6692
 201.000       0.6663
 202.000       0.6562
 203.000       0.6884
 204.000       0.8170
 205.000       0.8282
 206.000       0.8183
 207.000       1.0744
 208.000       1.4585
 209.000       1.3870
 210.000       1.7098
 211.000       1.8093
 212.000       1.4383
 213.000       1.3289
 214.000       1.3893
 215.000       1.4375
 216.000       1.0115
 217.000       0.9556
 218.000       0.9052
 219.000       0.7509
 220.000       0.7378
 221.000       0.8424
 222.000       0.8153
 223.000       0.7370
 224.000       0.6929
 225.000       0.6382
 226.000       0.6883
 227.000       0.7044
 228.000       0.6999
 229.000       0.7390
 230.000       0.7966
 231.000       0.7984
 232.000       0.8696
 233.000       0.9390
 234.000       0.8970
 235.000       1.0792
 236.000       1.3478
 237.000       1.3155
 238.000       0.9623
 239.000       1.0443
 240.000       1.0523
 241.000       0.9205
 242.000       1.0165
 243.000       1.0762
 244.000       0.9044
 245.000       0.8826
 246.000       1.0090
 247.000       1.0212
 248.000       0.8955
 249.000       0.9310
 250.000       1.0295
 251.000       1.1363
 252.000       1.2239
 253.000       1.4712
 254.000       1.2766
 255.000       1.0085
 256.000       1.1158
 257.000       1.3162
 258.000       1.0347
 259.000       0.8853
 260.000       0.8284
 261.000       0.7183
 262.000       0.6856
 263.000       0.7446
 264.000       0.7187
 265.000       0.6270
 266.000       0.6492
 267.000       0.7137
 268.000       0.6618
 269.000       0.6301
 270.000       0.6673
 271.000       0.6923
 272.000       0.7344
 273.000       0.7644
 274.000       0.9517
 275.000       1.0003
 276.000       0.8427
 277.000       0.8219
 278.000       0.9856
 279.000       0.6518
 280.000       0.6194
 281.000       0.6032
 282.000       0.6540
 283.000       0.7490
 284.000       0.7896
 285.000       0.7742
 286.000       0.9133
 287.000       0.9523
 288.000       1.0684
 289.000       0.9260
 290.000       1.0191
 291.000       1.0407
 292.000       1.0303
 293.000       0.9446
 294.000       0.9613
 295.000       0.8990
 296.000       0.7893
 297.000       0.7252
 298.000       0.7049
 299.000       0.7008
 300.000       0.5760
 301.000       0.5962
 302.000       0.6576
 303.000       0.6097
 304.000       0.5696
 305.000       0.6705
 306.000       0.7285
 307.000       0.6541
 308.000       0.6823
 309.000       0.7643
 310.000       0.7879
 311.000       0.7820
 312.000       0.8230
 313.000       0.8346
 314.000       0.8079
 315.000       0.7697
 316.000       0.8226
 317.000       0.8213
 318.000       0.8064
 319.000       0.8360
 320.000       0.8768
 321.000       0.8669
 322.000       0.8987
 323.000       0.9721
 324.000       1.0593
 325.000       1.1308
 326.000       1.2251
 327.000       1.3569
 328.000       1.1757
 329.000       1.0777
 330.000       0.9638
 331.000       1.0696
 332.000       1.0567
 333.000       0.9598
 334.000       1.0150
 335.000       1.1568
 336.000       1.4972
 337.000       1.0715
 338.000       1.2066
 339.000       0.9714
 340.000       0.8146
 341.000       0.7481
 342.000       0.6731
 343.000       0.7137
 344.000       0.7682
 345.000       0.6830
 346.000       0.6629
 347.000       0.8175
 348.000       0.7931
 349.000       0.6990
 350.000       0.8230
 351.000       0.8725
 352.000       0.8835
 353.000       0.9339
 354.000       0.9489
 355.000       1.2878
 356.000       0.7447
 357.000       0.7200
 358.000       0.6933
 359.000       0.6676
 360.000       0.6726
 361.000       0.6798
 362.000       0.6333
 363.000       0.6016
 364.000       0.6098
 365.000       0.6418
 366.000       0.6560
 367.000       0.6026
 368.000       0.5894
 369.000       0.6313
 370.000       0.6904
 371.000       0.6271
 372.000       0.6571
 373.000       0.6517
 374.000       0.6109
 375.000       0.6875
 376.000       0.6423
 377.000       0.6986
 378.000       0.7306
 379.000       0.7331
 380.000       0.7453
 381.000       0.7668
 382.000       0.7971
 383.000       0.8378
 384.000       0.8949
 385.000       0.9185
 386.000       0.9927
 387.000       1.0464
 388.000       1.0919
 389.000       1.2125
 390.000       1.4347
 391.000       1.9926
 392.000       1.9663
 393.000       1.5897
 394.000       1.1563
 395.000       1.2531
 396.000       1.3322
 397.000       1.1332
 398.000       0.9414
 399.000       0.9439
 400.000       0.9181
 401.000       0.8006
 402.000       0.7208
 403.000       0.7438
 404.000       0.7843
 405.000       0.7184
 406.000       0.6829
 407.000       0.7819
 408.000       0.8446
 409.000       0.8080
 410.000       0.8179
 411.000       0.9957
 412.000       1.0058
 413.000       0.9061
 414.000       1.0636
 415.000       1.1479
 416.000       0.9852
 417.000       0.9760
 418.000       1.1732
 419.000       1.2610
 420.000       1.2328
 421.000       1.0463
 422.000       1.0600
 423.000       1.1327
 424.000       1.0586
 425.000       0.9595
 426.000       1.0741
 427.000       1.0810
 428.000       0.9833
 429.000       1.0447
 430.000       1.1628
 431.000       1.1160
 432.000       1.3113
 433.000       1.2300
 434.000       1.6121
 435.000       1.1956
 436.000       1.0537
 437.000       0.8340
 438.000       0.6853
 439.000       0.7888
 440.000       0.6744
 441.000       0.6723
 442.000       0.7954
 443.000       0.8026
 444.000       0.7727
 445.000       0.9033
 446.000       1.0348
 447.000       0.9837
 448.000       0.9919
 449.000       1.0957
 450.000       1.1391
 451.000       1.1690
 452.000       1.1442
 453.000       1.1859
 454.000       1.1511
 455.000       1.2885
 456.000       1.2203
 457.000       0.9976
 458.000       1.0358
 459.000       1.1930
 460.000       1.0704
 461.000       0.8669
 462.000       1.0430
 463.000       1.3574
 464.000       1.2291
 465.000       1.1954
 466.000       1.3812
 467.000       1.1721
 468.000       1.0585
 469.000       1.1414
 470.000       1.2268
 471.000       1.4409
 472.000       1.3087
 473.000       0.9669
 474.000       1.2798
 475.000       1.3757
 476.000       1.0402
 477.000       1.1466
 478.000       1.6107
 479.000       1.4060
 480.000       0.9017
 481.000       0.9465
 482.000       1.0816
 483.000       0.9861
 484.000       0.7946
 485.000       0.8271
 486.000       0.9878
 487.000       0.9030
 488.000       0.8275
 489.000       0.9651
 490.000       1.0504
 491.000       0.9868
 492.000       0.9766
 493.000       1.1023
 494.000       1.2252
 495.000       1.2478
 496.000       1.2692
 497.000       1.5562
 498.000       1.3519
 499.000       1.3039
 500.000       1.3485
 501.000       1.3981
 502.000       1.6329
 503.000       2.4626
 504.000       1.7913
 505.000       1.8410
 506.000       1.4850
 507.000       1.6387
 508.000       1.6763
 509.000       1.5483
 510.000       1.3145
 511.000       1.3039
 512.000       1.2837
 513.000       1.1109
 514.000       1.0248
 515.000       1.0251
 516.000       0.9141
 517.000       0.8573
 518.000       0.8820
 519.000       0.8353
 520.000       0.7238
 521.000       0.7546
 522.000       0.7953
 523.000       0.8434
 524.000       0.8562
 525.000       0.8454
 526.000       1.1036
 527.000       1.2092
 528.000       1.1707
 529.000       1.3774
 530.000       1.6980
 531.000       1.8270
 532.000       1.8387
 533.000       2.2438
 534.000       2.6157
 535.000       2.6882
 536.000       2.8029
 537.000       3.5650
 538.000       3.8909
 539.000       4.2521
 540.000       4.0531
 541.000       3.5023
 542.000       3.6866
 543.000       3.6949
 544.000       3.1050
 545.000       2.8878
 546.000       3.2020
 547.000       3.0110
 548.000       2.5255
 549.000       2.6958
 550.000       3.2044
 551.000       3.7064
 588.000      51.3185
