#Res        AtomicFlx
   1.000       3.1742
   2.000       2.4107
   3.000       1.6967
   4.000       1.4073
   5.000       1.8483
   6.000       1.7484
   7.000       1.5026
   8.000       1.4696
   9.000       1.3619
  10.000       1.0716
  11.000       1.0293
  12.000       1.0965
  13.000       0.8804
  14.000       0.6359
  15.000       0.7288
  16.000       0.8672
  17.000       0.6646
  18.000       0.5625
  19.000       0.5660
  20.000       0.7012
  21.000       0.7664
  22.000       0.7183
  23.000       0.6305
  24.000       0.8084
  25.000       1.0545
  26.000       0.7644
  27.000       0.6606
  28.000       0.7083
  29.000       0.8072
  30.000       0.7381
  31.000       0.7268
  32.000       0.8276
  33.000       0.8823
  34.000       0.8159
  35.000       0.9178
  36.000       0.8271
  37.000       0.8107
  38.000       0.8596
  39.000       0.7673
  40.000       0.7869
  41.000       0.8028
  42.000       0.6155
  43.000       0.5545
  44.000       0.6652
  45.000       0.6781
  46.000       0.5847
  47.000       0.6072
  48.000       0.8360
  49.000       0.9339
  50.000       0.7407
  51.000       0.5598
  52.000       0.5325
  53.000       0.5632
  54.000       0.5423
  55.000       0.4738
  56.000       0.5011
  57.000       0.5506
  58.000       0.5396
  59.000       0.5560
  60.000       0.5997
  61.000       0.6358
  62.000       0.6421
  63.000       0.6967
  64.000       0.8375
  65.000       1.1068
  66.000       0.7778
  67.000       0.7371
  68.000       0.7975
  69.000       0.9598
  70.000       0.7911
  71.000       0.8108
  72.000       0.9529
  73.000       1.1791
  74.000       2.2373
  75.000       1.6806
  76.000       1.2774
  77.000       1.2550
  78.000       1.1276
  79.000       0.8931
  80.000       0.8676
  81.000       0.8059
  82.000       0.7569
  83.000       0.6993
  84.000       0.6601
  85.000       0.6666
  86.000       0.6074
  87.000       0.5582
  88.000       0.5757
  89.000       0.5566
  90.000       0.5511
  91.000       0.6263
  92.000       0.6581
  93.000       0.7167
  94.000       0.7919
  95.000       0.7496
  96.000       0.7758
  97.000       0.7242
  98.000       0.7335
  99.000       0.8452
 100.000       0.7474
 101.000       0.5840
 102.000       0.5851
 103.000       0.5975
 104.000       0.5777
 105.000       0.5584
 106.000       0.6127
 107.000       0.6055
 108.000       0.6042
 109.000       0.6961
 110.000       0.7630
 111.000       0.7301
 112.000       0.8352
 113.000       0.9332
 114.000       1.0401
 115.000       0.9979
 116.000       0.7996
 117.000       0.8859
 118.000       1.1336
 119.000       1.3621
 120.000       1.4228
 121.000       1.4676
 122.000       1.8957
 123.000       1.8816
 124.000       2.3047
 125.000       2.1222
 126.000       1.7283
 127.000       2.1441
 128.000       2.7189
 129.000       2.6548
 130.000       1.9513
 131.000       2.2030
 132.000       3.0168
 133.000       4.3495
 134.000       4.9181
 135.000       4.4866
 136.000       5.3243
 137.000       5.2672
 138.000       5.7547
 139.000       6.1338
 140.000       6.7465
 141.000       6.6370
 142.000       5.9797
 143.000       5.3622
 144.000       4.3885
 145.000       3.1380
 146.000       3.3426
 147.000       3.0094
 148.000       2.2856
 149.000       2.6026
 150.000       3.3585
 151.000       3.1899
 152.000       2.7446
 153.000       2.8280
 154.000       3.2683
 155.000       3.8215
 156.000       3.7898
 157.000       3.5351
 158.000       4.0555
 159.000       4.0257
 160.000       4.6094
 161.000       4.6096
 162.000       3.3133
 163.000       1.8261
 164.000       1.2318
 165.000       0.9674
 166.000       0.6861
 167.000       0.7713
 168.000       0.8521
 169.000       0.7193
 170.000       0.6746
 171.000       0.8332
 172.000       1.0851
 173.000       1.6214
 174.000       1.8195
 175.000       1.8498
 176.000       1.5137
 177.000       1.8739
 178.000       1.5158
 179.000       1.7517
 180.000       1.7776
 181.000       1.6270
 182.000       1.9741
 183.000       1.7112
 184.000       1.1355
 185.000       1.1689
 186.000       1.0632
 187.000       0.9793
 188.000       1.2240
 189.000       1.0234
 190.000       0.8251
 191.000       0.7871
 192.000       0.7507
 193.000       0.6568
 194.000       0.5909
 195.000       0.6479
 196.000       0.6575
 197.000       0.6159
 198.000       0.6276
 199.000       0.6075
 200.000       0.6412
 201.000       0.6385
 202.000       0.6341
 203.000       0.6382
 204.000       0.7167
 205.000       0.7291
 206.000       0.7154
 207.000       0.8923
 208.000       1.0790
 209.000       1.0605
 210.000       1.3010
 211.000       1.3444
 212.000       0.9421
 213.000       0.8244
 214.000       0.9166
 215.000       0.9007
 216.000       0.7706
 217.000       0.8088
 218.000       0.8215
 219.000       0.7632
 220.000       0.6796
 221.000       0.7898
 222.000       0.8241
 223.000       0.8847
 224.000       0.7990
 225.000       0.7188
 226.000       0.7882
 227.000       0.8374
 228.000       0.7903
 229.000       0.7272
 230.000       0.7546
 231.000       0.7305
 232.000       0.7541
 233.000       0.7888
 234.000       0.7369
 235.000       0.7818
 236.000       0.8414
 237.000       0.8340
 238.000       0.8196
 239.000       0.8610
 240.000       0.8324
 241.000       0.7465
 242.000       0.8117
 243.000       0.8336
 244.000       0.7265
 245.000       0.7087
 246.000       0.7870
 247.000       0.7579
 248.000       0.6889
 249.000       0.7424
 250.000       0.7966
 251.000       0.8873
 252.000       1.1330
 253.000       1.2648
 254.000       1.1667
 255.000       0.9189
 256.000       1.0359
 257.000       1.2903
 258.000       0.9614
 259.000       0.8753
 260.000       0.7773
 261.000       0.6946
 262.000       0.6490
 263.000       0.6343
 264.000       0.6205
 265.000       0.5794
 266.000       0.5458
 267.000       0.5527
 268.000       0.5463
 269.000       0.5714
 270.000       0.5280
 271.000       0.5863
 272.000       0.5485
 273.000       0.5449
 274.000       0.6224
 275.000       0.5326
 276.000       0.5945
 277.000       0.6322
 278.000       0.7156
 279.000       0.6991
 280.000       0.5711
 281.000       0.5685
 282.000       0.7238
 283.000       0.7179
 284.000       0.6123
 285.000       0.6784
 286.000       0.8709
 287.000       0.9659
 288.000       1.1376
 289.000       1.1211
 290.000       1.1625
 291.000       1.0742
 292.000       0.9355
 293.000       0.9669
 294.000       0.8376
 295.000       0.9031
 296.000       0.9250
 297.000       0.7095
 298.000       0.6091
 299.000       0.6623
 300.000       0.5716
 301.000       0.5636
 302.000       0.6282
 303.000       0.5888
 304.000       0.5307
 305.000       0.5877
 306.000       0.6070
 307.000       0.5548
 308.000       0.5505
 309.000       0.6002
 310.000       0.6174
 311.000       0.6391
 312.000       0.6625
 313.000       0.6557
 314.000       0.6593
 315.000       0.6099
 316.000       0.6241
 317.000       0.5899
 318.000       0.7078
 319.000       0.7947
 320.000       0.7382
 321.000       0.7485
 322.000       0.8567
 323.000       0.8626
 324.000       0.9007
 325.000       1.0753
 326.000       1.1114
 327.000       1.1333
 328.000       1.0331
 329.000       0.9511
 330.000       0.8444
 331.000       0.9164
 332.000       0.9399
 333.000       0.8844
 334.000       0.9879
 335.000       1.1188
 336.000       1.3699
 337.000       1.5975
 338.000       1.0344
 339.000       0.8667
 340.000       0.8277
 341.000       0.8248
 342.000       0.7168
 343.000       0.6876
 344.000       0.6887
 345.000       0.6495
 346.000       0.6820
 347.000       0.6971
 348.000       0.6905
 349.000       0.7158
 350.000       0.7794
 351.000       0.8151
 352.000       0.8234
 353.000       0.9302
 354.000       0.9102
 355.000       0.8842
 356.000       0.7874
 357.000       0.8004
 358.000       0.7317
 359.000       0.6704
 360.000       0.6543
 361.000       0.6386
 362.000       0.5798
 363.000       0.5474
 364.000       0.5659
 365.000       0.5955
 366.000       0.6120
 367.000       0.5959
 368.000       0.6508
 369.000       0.7366
 370.000       0.7555
 371.000       0.6943
 372.000       0.7323
 373.000       0.5625
 374.000       0.5388
 375.000       0.6116
 376.000       0.6006
 377.000       0.5726
 378.000       0.5771
 379.000       0.5888
 380.000       0.5524
 381.000       0.5554
 382.000       0.6116
 383.000       0.6716
 384.000       0.6475
 385.000       0.6675
 386.000       0.7414
 387.000       0.7972
 388.000       0.8468
 389.000       0.9662
 390.000       1.1517
 391.000       1.3265
 392.000       1.4410
 393.000       1.2632
 394.000       0.9492
 395.000       1.0333
 396.000       1.1273
 397.000       0.9453
 398.000       0.8128
 399.000       0.8287
 400.000       0.8046
 401.000       0.7100
 402.000       0.6563
 403.000       0.6956
 404.000       0.7136
 405.000       0.6491
 406.000       0.6412
 407.000       0.6811
 408.000       0.6920
 409.000       0.6659
 410.000       0.6555
 411.000       0.7483
 412.000       0.7560
 413.000       0.7268
 414.000       0.8148
 415.000       0.8538
 416.000       0.8411
 417.000       0.8789
 418.000       0.8372
 419.000       0.9380
 420.000       0.9595
 421.000       0.9222
 422.000       1.2114
 423.000       1.1968
 424.000       0.9055
 425.000       0.9216
 426.000       1.0868
 427.000       0.9814
 428.000       0.8374
 429.000       0.9401
 430.000       0.9944
 431.000       0.8564
 432.000       0.7916
 433.000       0.8096
 434.000       0.7110
 435.000       0.7514
 436.000       0.6141
 437.000       0.5773
 438.000       0.5640
 439.000       0.6066
 440.000       0.5999
 441.000       0.5649
 442.000       0.6071
 443.000       0.6502
 444.000       0.6545
 445.000       0.7175
 446.000       0.7456
 447.000       0.8256
 448.000       0.9165
 449.000       0.8928
 450.000       0.8682
 451.000       0.9326
 452.000       1.1772
 453.000       1.1979
 454.000       1.4883
 455.000       1.9886
 456.000       2.1737
 457.000       1.5934
 458.000       1.3112
 459.000       1.5212
 460.000       1.5244
 461.000       1.1330
 462.000       1.2403
 463.000       1.6727
 464.000       1.5934
 465.000       1.4206
 466.000       1.4876
 467.000       1.2183
 468.000       1.2364
 469.000       1.1751
 470.000       1.1472
 471.000       1.2298
 472.000       1.1562
 473.000       0.8802
 474.000       0.9527
 475.000       1.0391
 476.000       0.8134
 477.000       0.7540
 478.000       0.9495
 479.000       0.8968
 480.000       0.7455
 481.000       0.6922
 482.000       0.7125
 483.000       0.6768
 484.000       0.5591
 485.000       0.5600
 486.000       0.6291
 487.000       0.5889
 488.000       0.5691
 489.000       0.6279
 490.000       0.7192
 491.000       0.7187
 492.000       0.7415
 493.000       0.8313
 494.000       0.9783
 495.000       1.1011
 496.000       1.0776
 497.000       1.3683
 498.000       1.3142
 499.000       1.6168
 500.000       1.8171
 501.000       1.8333
 502.000       2.2268
 503.000       2.3337
 504.000       2.0509
 505.000       2.0460
 506.000       1.7141
 507.000       1.8114
 508.000       1.9022
 509.000       1.6837
 510.000       1.4064
 511.000       1.5230
 512.000       1.4631
 513.000       1.1729
 514.000       1.1571
 515.000       1.2080
 516.000       1.0819
 517.000       0.9989
 518.000       1.0844
 519.000       1.1556
 520.000       0.9433
 521.000       0.9684
 522.000       0.9903
 523.000       0.8392
 524.000       0.8389
 525.000       0.9663
 526.000       1.1812
 527.000       1.1628
 528.000       1.0870
 529.000       1.3272
 530.000       1.5617
 531.000       1.5086
 532.000       1.5361
 533.000       1.8637
 534.000       2.0145
 535.000       1.9999
 536.000       2.1181
 537.000       2.4740
 538.000       2.8495
 539.000       3.4073
 540.000       3.4411
 541.000       3.1381
 542.000       3.3452
 543.000       3.1001
 544.000       2.6100
 545.000       2.7207
 546.000       2.9795
 547.000       2.6723
 548.000       2.4372
 549.000       2.8819
 550.000       3.3638
 551.000       4.9639
 555.000      51.6707
