#Res        AtomicFlx
   1.000       2.3064
   2.000       1.9449
   3.000       1.3333
   4.000       1.1748
   5.000       1.5424
   6.000       1.3395
   7.000       1.2858
   8.000       1.0560
   9.000       1.0076
  10.000       0.8369
  11.000       0.7953
  12.000       0.8773
  13.000       0.8240
  14.000       0.6948
  15.000       0.7237
  16.000       0.9184
  17.000       0.8660
  18.000       0.7354
  19.000       0.6956
  20.000       0.6822
  21.000       0.7633
  22.000       0.8229
  23.000       0.6718
  24.000       0.8705
  25.000       0.9617
  26.000       0.7912
  27.000       0.6945
  28.000       0.7616
  29.000       0.8306
  30.000       0.7884
  31.000       0.8290
  32.000       0.9272
  33.000       0.9661
  34.000       0.9397
  35.000       1.0804
  36.000       0.9861
  37.000       1.0609
  38.000       1.1236
  39.000       0.9181
  40.000       0.8733
  41.000       0.8471
  42.000       0.7076
  43.000       0.6599
  44.000       0.7304
  45.000       0.6944
  46.000       0.6395
  47.000       0.6731
  48.000       0.7645
  49.000       0.8573
  50.000       0.8357
  51.000       0.6447
  52.000       0.5677
  53.000       0.5759
  54.000       0.6019
  55.000       0.5882
  56.000       0.5515
  57.000       0.6092
  58.000       0.7403
  59.000       0.7030
  60.000       0.6536
  61.000       0.6998
  62.000       0.7082
  63.000       0.7425
  64.000       0.8556
  65.000       1.1616
  66.000       0.8708
  67.000       0.8309
  68.000       0.8895
  69.000       0.9780
  70.000       0.9039
  71.000       0.8680
  72.000       0.7703
  73.000       0.8554
  74.000       1.3233
  75.000       1.4114
  76.000       1.3753
  77.000       1.2197
  78.000       0.8724
  79.000       0.8333
  80.000       0.7106
  81.000       0.6391
  82.000       0.6061
  83.000       0.6380
  84.000       0.6450
  85.000       0.6376
  86.000       0.6999
  87.000       0.7506
  88.000       0.6935
  89.000       0.7047
  90.000       0.7782
  91.000       0.7451
  92.000       0.7153
  93.000       0.7779
  94.000       0.7971
  95.000       0.7402
  96.000       0.7352
  97.000       0.7546
  98.000       0.7355
  99.000       0.7084
 100.000       0.7314
 101.000       0.7135
 102.000       0.6271
 103.000       0.6199
 104.000       0.6097
 105.000       0.5921
 106.000       0.6136
 107.000       0.5961
 108.000       0.5931
 109.000       0.6576
 110.000       0.7204
 111.000       0.7499
 112.000       0.9390
 113.000       1.1966
 114.000       1.3422
 115.000       1.1395
 116.000       0.8759
 117.000       1.0818
 118.000       1.0823
 119.000       1.4376
 120.000       1.2403
 121.000       1.3355
 122.000       1.9432
 123.000       1.8509
 124.000       2.4371
 125.000       2.3033
 126.000       2.0241
 127.000       2.0288
 128.000       1.9051
 129.000       1.8584
 130.000       1.4721
 131.000       1.5898
 132.000       2.3240
 133.000       2.6059
 134.000       3.3461
 135.000       3.2835
 136.000       4.1682
 137.000       4.9242
 138.000       6.0063
 139.000       5.7226
 140.000       5.5051
 141.000       4.5036
 142.000       3.4835
 143.000       3.5562
 144.000       3.2923
 145.000       3.5308
 146.000       3.1401
 147.000       2.2690
 148.000       2.0726
 149.000       2.7393
 150.000       2.6504
 151.000       1.9763
 152.000       2.3627
 153.000       3.3888
 154.000       3.6826
 155.000       3.6577
 156.000       3.8360
 157.000       4.0089
 158.000       3.8407
 159.000       3.5840
 160.000       3.1762
 161.000       3.1789
 162.000       2.2260
 163.000       1.9794
 164.000       1.3500
 165.000       1.1143
 166.000       0.8506
 167.000       0.9315
 168.000       1.0512
 169.000       0.8768
 170.000       0.8110
 171.000       1.0172
 172.000       1.0543
 173.000       0.9314
 174.000       0.8977
 175.000       1.0053
 176.000       1.3544
 177.000       1.1479
 178.000       1.3208
 179.000       1.3895
 180.000       1.4527
 181.000       1.1028
 182.000       1.3852
 183.000       1.5029
 184.000       1.3447
 185.000       1.1423
 186.000       1.1345
 187.000       1.2633
 188.000       1.0051
 189.000       0.9925
 190.000       0.8470
 191.000       0.7151
 192.000       0.7782
 193.000       0.7800
 194.000       0.6614
 195.000       0.6892
 196.000       0.7802
 197.000       0.7592
 198.000       0.7598
 199.000       0.7672
 200.000       0.8286
 201.000       0.8206
 202.000       0.7802
 203.000       0.8093
 204.000       0.8871
 205.000       0.8350
 206.000       0.8282
 207.000       1.0038
 208.000       1.2032
 209.000       1.1724
 210.000       1.4459
 211.000       1.4686
 212.000       1.0912
 213.000       1.1176
 214.000       1.5533
 215.000       1.2968
 216.000       0.9693
 217.000       1.0821
 218.000       1.0719
 219.000       0.8709
 220.000       0.8206
 221.000       0.8811
 222.000       0.8673
 223.000       0.8687
 224.000       0.7793
 225.000       0.6916
 226.000       0.7640
 227.000       0.7698
 228.000       0.6908
 229.000       0.6787
 230.000       0.7602
 231.000       0.7610
 232.000       0.7389
 233.000       0.7887
 234.000       0.8639
 235.000       0.9275
 236.000       0.9770
 237.000       0.9661
 238.000       0.9915
 239.000       1.0787
 240.000       1.1740
 241.000       1.0382
 242.000       1.1612
 243.000       1.2178
 244.000       1.0705
 245.000       1.0266
 246.000       1.1789
 247.000       1.1721
 248.000       1.0253
 249.000       1.1115
 250.000       1.1786
 251.000       1.1671
 252.000       1.2493
 253.000       1.4606
 254.000       1.5855
 255.000       1.2437
 256.000       1.1760
 257.000       1.3476
 258.000       1.0937
 259.000       0.9908
 260.000       0.9107
 261.000       0.7772
 262.000       0.7049
 263.000       0.7118
 264.000       0.7059
 265.000       0.6473
 266.000       0.6044
 267.000       0.6186
 268.000       0.5704
 269.000       0.6070
 270.000       0.6517
 271.000       0.5930
 272.000       0.5484
 273.000       0.5871
 274.000       0.6686
 275.000       0.7548
 276.000       1.1410
 277.000       0.9217
 278.000       1.3249
 279.000       1.4694
 280.000       0.9263
 281.000       0.8084
 282.000       0.9487
 283.000       0.9830
 284.000       0.7848
 285.000       0.8203
 286.000       0.8780
 287.000       0.8794
 288.000       1.0318
 289.000       0.9329
 290.000       0.9805
 291.000       1.0111
 292.000       1.0798
 293.000       0.8013
 294.000       0.7610
 295.000       0.8018
 296.000       0.7458
 297.000       0.6332
 298.000       0.6553
 299.000       0.7065
 300.000       0.6029
 301.000       0.5946
 302.000       0.6808
 303.000       0.6575
 304.000       0.5856
 305.000       0.6218
 306.000       0.6722
 307.000       0.6433
 308.000       0.6135
 309.000       0.6573
 310.000       0.6599
 311.000       0.7049
 312.000       0.7553
 313.000       0.7962
 314.000       0.8302
 315.000       0.8407
 316.000       0.9027
 317.000       0.8557
 318.000       1.1334
 319.000       1.3373
 320.000       1.1678
 321.000       1.1172
 322.000       1.4035
 323.000       1.5413
 324.000       1.6416
 325.000       1.7557
 326.000       1.6894
 327.000       1.6538
 328.000       1.5502
 329.000       1.2578
 330.000       1.4582
 331.000       1.5365
 332.000       1.8625
 333.000       1.8213
 334.000       1.7055
 335.000       1.6503
 336.000       1.9343
 337.000       2.1710
 338.000       1.2362
 339.000       0.9838
 340.000       0.9412
 341.000       0.9583
 342.000       1.0953
 343.000       1.2623
 344.000       1.1399
 345.000       1.1348
 346.000       1.1576
 347.000       1.0788
 348.000       0.8713
 349.000       1.1427
 350.000       1.7310
 351.000       1.5934
 352.000       1.0539
 353.000       1.0648
 354.000       0.9267
 355.000       1.0188
 356.000       0.7130
 357.000       0.7344
 358.000       0.7083
 359.000       0.7374
 360.000       0.6666
 361.000       0.6538
 362.000       0.6229
 363.000       0.6156
 364.000       0.6212
 365.000       0.6434
 366.000       0.6720
 367.000       0.6497
 368.000       0.7007
 369.000       0.7933
 370.000       0.8538
 371.000       0.8841
 372.000       0.9697
 373.000       1.0488
 374.000       0.8485
 375.000       0.8169
 376.000       1.0368
 377.000       1.0096
 378.000       0.7830
 379.000       0.9242
 380.000       1.1464
 381.000       1.0483
 382.000       0.8813
 383.000       1.3008
 384.000       1.4365
 385.000       1.2658
 386.000       1.5236
 387.000       1.9420
 388.000       1.9885
 389.000       1.9416
 390.000       2.1289
 391.000       1.8854
 392.000       2.3288
 393.000       1.9167
 394.000       1.9609
 395.000       1.7138
 396.000       1.3850
 397.000       1.3663
 398.000       1.4584
 399.000       1.3647
 400.000       1.1781
 401.000       1.1384
 402.000       1.0930
 403.000       1.0208
 404.000       0.9940
 405.000       0.9279
 406.000       0.9126
 407.000       0.9567
 408.000       1.0090
 409.000       1.0189
 410.000       1.0281
 411.000       1.1550
 412.000       1.2151
 413.000       1.3455
 414.000       1.2911
 415.000       1.1555
 416.000       1.2265
 417.000       1.1971
 418.000       1.0945
 419.000       1.0381
 420.000       1.0794
 421.000       1.1373
 422.000       1.2044
 423.000       1.0237
 424.000       0.8682
 425.000       0.9335
 426.000       1.0222
 427.000       1.0351
 428.000       1.0923
 429.000       1.0822
 430.000       1.3073
 431.000       1.3969
 432.000       1.4546
 433.000       1.1758
 434.000       0.9313
 435.000       1.0004
 436.000       0.9077
 437.000       0.8084
 438.000       0.8704
 439.000       0.8562
 440.000       0.8174
 441.000       0.8518
 442.000       0.8337
 443.000       0.8196
 444.000       0.8309
 445.000       0.8671
 446.000       0.9101
 447.000       0.9052
 448.000       0.8595
 449.000       0.8714
 450.000       0.9736
 451.000       1.1074
 452.000       1.0678
 453.000       1.0574
 454.000       0.8796
 455.000       1.0128
 456.000       1.0784
 457.000       0.9224
 458.000       0.8232
 459.000       1.0555
 460.000       1.1604
 461.000       0.9571
 462.000       1.0880
 463.000       1.4625
 464.000       1.4261
 465.000       1.4420
 466.000       1.5185
 467.000       1.3046
 468.000       1.1423
 469.000       0.9771
 470.000       1.0421
 471.000       0.9766
 472.000       0.8870
 473.000       0.7376
 474.000       0.7130
 475.000       0.7718
 476.000       0.6615
 477.000       0.6507
 478.000       0.7630
 479.000       0.7866
 480.000       0.8368
 481.000       0.9803
 482.000       0.8606
 483.000       0.7628
 484.000       0.6638
 485.000       0.6686
 486.000       0.7223
 487.000       0.6788
 488.000       0.6702
 489.000       0.7425
 490.000       0.8506
 491.000       0.8696
 492.000       0.8833
 493.000       1.0123
 494.000       1.1887
 495.000       1.2224
 496.000       1.1958
 497.000       1.3264
 498.000       1.1835
 499.000       1.2565
 500.000       1.3556
 501.000       1.5213
 502.000       1.7405
 503.000       2.1997
 504.000       1.5783
 505.000       1.5579
 506.000       1.2051
 507.000       1.2602
 508.000       1.3534
 509.000       1.2163
 510.000       0.9930
 511.000       1.0521
 512.000       1.0960
 513.000       1.0009
 514.000       0.9799
 515.000       1.0205
 516.000       1.0455
 517.000       1.0617
 518.000       0.9973
 519.000       0.9995
 520.000       1.1106
 521.000       0.9810
 522.000       0.8191
 523.000       0.9032
 524.000       0.8576
 525.000       0.7034
 526.000       0.8022
 527.000       0.8888
 528.000       0.8621
 529.000       0.8901
 530.000       0.9790
 531.000       1.1066
 532.000       1.1561
 533.000       1.2691
 534.000       1.4680
 535.000       1.6403
 536.000       1.7761
 537.000       2.4886
 538.000       2.7774
 539.000       3.1395
 540.000       2.9103
 541.000       2.4716
 542.000       2.6515
 543.000       2.4533
 544.000       1.9623
 545.000       2.0149
 546.000       2.3333
 547.000       2.0540
 548.000       1.9268
 549.000       2.3311
 550.000       2.5968
 551.000       3.1924
 554.000      52.4174
