#Res        AtomicFlx
   1.000       1.7010
   2.000       1.3508
   3.000       1.0016
   4.000       1.0349
   5.000       1.5082
   6.000       1.2474
   7.000       1.1434
   8.000       0.9982
   9.000       0.8987
  10.000       0.7562
  11.000       0.7325
  12.000       0.7524
  13.000       0.6482
  14.000       0.5506
  15.000       0.5913
  16.000       0.6378
  17.000       0.5731
  18.000       0.5147
  19.000       0.4971
  20.000       0.5839
  21.000       0.6421
  22.000       0.6902
  23.000       0.6010
  24.000       0.6844
  25.000       0.7365
  26.000       0.6429
  27.000       0.6118
  28.000       0.7896
  29.000       0.9784
  30.000       0.6775
  31.000       0.9225
  32.000       1.2798
  33.000       1.1023
  34.000       0.8283
  35.000       1.1008
  36.000       0.9797
  37.000       1.1573
  38.000       1.2395
  39.000       0.9678
  40.000       0.9417
  41.000       0.9095
  42.000       0.7044
  43.000       0.6945
  44.000       0.8338
  45.000       0.8482
  46.000       0.7905
  47.000       0.7984
  48.000       0.8287
  49.000       0.9251
  50.000       0.8938
  51.000       0.6417
  52.000       0.5961
  53.000       0.6033
  54.000       0.5770
  55.000       0.5212
  56.000       0.5367
  57.000       0.5766
  58.000       0.6040
  59.000       0.6121
  60.000       0.6303
  61.000       0.7062
  62.000       0.7363
  63.000       0.6695
  64.000       0.7644
  65.000       0.9268
  66.000       0.8388
  67.000       0.8889
  68.000       1.0047
  69.000       0.9065
  70.000       0.8689
  71.000       0.9152
  72.000       0.7415
  73.000       0.8976
  74.000       1.5608
  75.000       1.8433
  76.000       1.3365
  77.000       1.3904
  78.000       0.9101
  79.000       0.8129
  80.000       0.7763
  81.000       0.7609
  82.000       0.6904
  83.000       0.6891
  84.000       0.6745
  85.000       0.6923
  86.000       0.7310
  87.000       0.7239
  88.000       0.7130
  89.000       0.7891
  90.000       0.8506
  91.000       0.7775
  92.000       0.7304
  93.000       0.7323
  94.000       0.7434
  95.000       0.7218
  96.000       0.7246
  97.000       0.6372
  98.000       0.6905
  99.000       0.7069
 100.000       0.6661
 101.000       0.6488
 102.000       0.6455
 103.000       0.6323
 104.000       0.6082
 105.000       0.6376
 106.000       0.7024
 107.000       0.6588
 108.000       0.6463
 109.000       0.7690
 110.000       0.8461
 111.000       0.7968
 112.000       0.9023
 113.000       0.9872
 114.000       1.0580
 115.000       1.0834
 116.000       0.9363
 117.000       1.0847
 118.000       1.3402
 119.000       1.4023
 120.000       2.0543
 121.000       2.4351
 122.000       3.1506
 123.000       4.1432
 124.000       5.9172
 125.000       6.2961
 126.000       6.0817
 127.000       4.8889
 128.000       4.8145
 129.000       3.9594
 130.000       2.9740
 131.000       4.1047
 132.000       4.0704
 133.000       2.8947
 134.000       2.7032
 135.000       3.4949
 136.000       5.2084
 137.000       5.0302
 138.000       5.6639
 139.000       5.3388
 140.000       5.0432
 141.000       4.3551
 142.000       3.3170
 143.000       2.7756
 144.000       3.0497
 145.000       3.4078
 146.000       2.9783
 147.000       2.3825
 148.000       2.1937
 149.000       2.3870
 150.000       2.5699
 151.000       2.5937
 152.000       2.6701
 153.000       3.2410
 154.000       3.6054
 155.000       3.7790
 156.000       4.4682
 157.000       5.2929
 158.000       6.0113
 159.000       5.3440
 160.000       6.6417
 161.000       5.1098
 162.000       3.4634
 163.000       2.0391
 164.000       1.3047
 165.000       0.9730
 166.000       0.9695
 167.000       1.0352
 168.000       1.0188
 169.000       0.9500
 170.000       1.0389
 171.000       1.1978
 172.000       1.2656
 173.000       1.3127
 174.000       1.3269
 175.000       1.4080
 176.000       1.5841
 177.000       1.7172
 178.000       2.0078
 179.000       2.1286
 180.000       2.5408
 181.000       2.6900
 182.000       2.1445
 183.000       2.3032
 184.000       2.1739
 185.000       2.7908
 186.000       1.6604
 187.000       1.0969
 188.000       1.3144
 189.000       1.2825
 190.000       1.1407
 191.000       0.9563
 192.000       0.9565
 193.000       0.9724
 194.000       0.7825
 195.000       0.7781
 196.000       0.9074
 197.000       0.8750
 198.000       0.7830
 199.000       0.8466
 200.000       0.9530
 201.000       0.9326
 202.000       0.9690
 203.000       0.9873
 204.000       1.0286
 205.000       1.1434
 206.000       1.1765
 207.000       1.1675
 208.000       1.3783
 209.000       2.0087
 210.000       1.6745
 211.000       1.7933
 212.000       1.9768
 213.000       1.7862
 214.000       1.6010
 215.000       1.4974
 216.000       1.4793
 217.000       1.4128
 218.000       1.2661
 219.000       1.2478
 220.000       1.4769
 221.000       1.4191
 222.000       1.1628
 223.000       0.9851
 224.000       0.8200
 225.000       0.8725
 226.000       0.9248
 227.000       0.8160
 228.000       0.7564
 229.000       0.8172
 230.000       0.8643
 231.000       0.8394
 232.000       0.8758
 233.000       0.9655
 234.000       1.0526
 235.000       1.1216
 236.000       1.1004
 237.000       1.1731
 238.000       1.0356
 239.000       1.0842
 240.000       1.0708
 241.000       0.9550
 242.000       1.0896
 243.000       1.1135
 244.000       0.9416
 245.000       0.9112
 246.000       1.0687
 247.000       1.1172
 248.000       1.0287
 249.000       1.0331
 250.000       1.1220
 251.000       1.1087
 252.000       1.1060
 253.000       1.3824
 254.000       1.2700
 255.000       1.0398
 256.000       1.2143
 257.000       1.3188
 258.000       1.0268
 259.000       0.9073
 260.000       0.8393
 261.000       0.6954
 262.000       0.6745
 263.000       0.7179
 264.000       0.6499
 265.000       0.6104
 266.000       0.6527
 267.000       0.6724
 268.000       0.5990
 269.000       0.6907
 270.000       0.6810
 271.000       0.5648
 272.000       0.7093
 273.000       0.6315
 274.000       0.8005
 275.000       0.7041
 276.000       0.8736
 277.000       0.7414
 278.000       1.2417
 279.000       0.7041
 280.000       0.6852
 281.000       0.6136
 282.000       0.6316
 283.000       0.7043
 284.000       0.7476
 285.000       0.6993
 286.000       0.7656
 287.000       0.7835
 288.000       0.8283
 289.000       0.8019
 290.000       0.8302
 291.000       0.8645
 292.000       0.9159
 293.000       0.7767
 294.000       0.8028
 295.000       0.7753
 296.000       0.7110
 297.000       0.6274
 298.000       0.7194
 299.000       0.7264
 300.000       0.5629
 301.000       0.6126
 302.000       0.7567
 303.000       0.6671
 304.000       0.5336
 305.000       0.6211
 306.000       0.7109
 307.000       0.6067
 308.000       0.5567
 309.000       0.6787
 310.000       0.6903
 311.000       0.6443
 312.000       0.6768
 313.000       0.7304
 314.000       0.6887
 315.000       0.6340
 316.000       0.7063
 317.000       0.7809
 318.000       0.7637
 319.000       0.7798
 320.000       0.8759
 321.000       0.9037
 322.000       0.9048
 323.000       0.9627
 324.000       1.0804
 325.000       1.1625
 326.000       1.2256
 327.000       1.3213
 328.000       1.2511
 329.000       1.1472
 330.000       0.9503
 331.000       1.0152
 332.000       1.0502
 333.000       0.9086
 334.000       0.8670
 335.000       0.8533
 336.000       1.0089
 337.000       0.9787
 338.000       0.7979
 339.000       0.7615
 340.000       0.7015
 341.000       0.6760
 342.000       0.6698
 343.000       0.7232
 344.000       0.7428
 345.000       0.7308
 346.000       0.7974
 347.000       0.8016
 348.000       0.8040
 349.000       0.8627
 350.000       0.9753
 351.000       1.0911
 352.000       1.0526
 353.000       1.0973
 354.000       0.9456
 355.000       0.8812
 356.000       0.8022
 357.000       0.7585
 358.000       0.7373
 359.000       0.7084
 360.000       0.6897
 361.000       0.6758
 362.000       0.6159
 363.000       0.5866
 364.000       0.6308
 365.000       0.6094
 366.000       0.5992
 367.000       0.5745
 368.000       0.6064
 369.000       0.6521
 370.000       0.7256
 371.000       0.7232
 372.000       0.7661
 373.000       0.6502
 374.000       0.6477
 375.000       0.6922
 376.000       0.6907
 377.000       0.6533
 378.000       0.6809
 379.000       0.6888
 380.000       0.6268
 381.000       0.6734
 382.000       0.7752
 383.000       0.8350
 384.000       0.8046
 385.000       0.8982
 386.000       1.0330
 387.000       1.0998
 388.000       1.1685
 389.000       1.3898
 390.000       1.9292
 391.000       2.2855
 392.000       2.1134
 393.000       2.4447
 394.000       2.2616
 395.000       1.5660
 396.000       1.9239
 397.000       1.6211
 398.000       1.2990
 399.000       1.2075
 400.000       1.0770
 401.000       0.9606
 402.000       0.9770
 403.000       0.9507
 404.000       0.9144
 405.000       0.8827
 406.000       0.9076
 407.000       0.8955
 408.000       0.8999
 409.000       0.8676
 410.000       0.8366
 411.000       0.8903
 412.000       0.8828
 413.000       0.8574
 414.000       0.8850
 415.000       0.8864
 416.000       0.8959
 417.000       1.0665
 418.000       1.0843
 419.000       1.4464
 420.000       1.2842
 421.000       1.2485
 422.000       1.2658
 423.000       1.1624
 424.000       1.0026
 425.000       0.9916
 426.000       0.9724
 427.000       0.8879
 428.000       0.8853
 429.000       0.9826
 430.000       0.9481
 431.000       1.3161
 432.000       2.3346
 433.000       2.4989
 434.000       1.6369
 435.000       1.3289
 436.000       0.9937
 437.000       0.8576
 438.000       0.6780
 439.000       0.6535
 440.000       0.6236
 441.000       0.6368
 442.000       0.6466
 443.000       0.6522
 444.000       0.6711
 445.000       0.7032
 446.000       0.8076
 447.000       0.8506
 448.000       0.8388
 449.000       0.8937
 450.000       1.0848
 451.000       1.1584
 452.000       1.1251
 453.000       1.1640
 454.000       1.0740
 455.000       1.2102
 456.000       1.1982
 457.000       1.0226
 458.000       0.9573
 459.000       1.0075
 460.000       1.0625
 461.000       0.8554
 462.000       0.9147
 463.000       1.2027
 464.000       1.1878
 465.000       1.1793
 466.000       1.2234
 467.000       1.0841
 468.000       1.0184
 469.000       0.9750
 470.000       1.0464
 471.000       1.1755
 472.000       1.1528
 473.000       0.8375
 474.000       0.9878
 475.000       1.1515
 476.000       0.8829
 477.000       0.9008
 478.000       1.2381
 479.000       1.1227
 480.000       0.9086
 481.000       0.9360
 482.000       0.9505
 483.000       0.8715
 484.000       0.7195
 485.000       0.7493
 486.000       0.8323
 487.000       0.7375
 488.000       0.7142
 489.000       0.8317
 490.000       0.8211
 491.000       0.7801
 492.000       0.8498
 493.000       0.9927
 494.000       1.0458
 495.000       1.1584
 496.000       1.2205
 497.000       1.6783
 498.000       1.4879
 499.000       1.6992
 500.000       1.8253
 501.000       1.8203
 502.000       2.1399
 503.000       2.9940
 504.000       2.3622
 505.000       2.2701
 506.000       1.7437
 507.000       1.9246
 508.000       1.9383
 509.000       1.6971
 510.000       1.3820
 511.000       1.3892
 512.000       1.2889
 513.000       1.0236
 514.000       0.9824
 515.000       0.9402
 516.000       0.8328
 517.000       0.8595
 518.000       0.9475
 519.000       0.8370
 520.000       0.7852
 521.000       0.8140
 522.000       0.8485
 523.000       0.9049
 524.000       0.8870
 525.000       0.8231
 526.000       0.9090
 527.000       0.9924
 528.000       0.9749
 529.000       1.0489
 530.000       1.1837
 531.000       1.2707
 532.000       1.3656
 533.000       1.6013
 534.000       1.7633
 535.000       1.8960
 536.000       2.1403
 537.000       2.7757
 538.000       3.2227
 539.000       3.0904
 540.000       3.0316
 541.000       2.7650
 542.000       3.0528
 543.000       3.0185
 544.000       2.4731
 545.000       2.4828
 546.000       2.8849
 547.000       2.6803
 548.000       2.3185
 549.000       2.5412
 550.000       2.9591
 551.000       3.9847
 555.000      51.9347
