#Res        AtomicFlx
   1.000       6.2437
   2.000       5.7990
   3.000       4.5925
   4.000       4.4150
   5.000       3.4362
   6.000       2.3057
   7.000       1.8446
   8.000       1.6475
   9.000       1.3296
  10.000       1.4106
  11.000       1.2719
  12.000       0.9061
  13.000       0.8286
  14.000       0.8920
  15.000       0.7481
  16.000       0.6585
  17.000       0.6540
  18.000       0.6376
  19.000       0.5680
  20.000       0.6126
  21.000       0.7321
  22.000       0.7752
  23.000       0.6735
  24.000       0.7958
  25.000       0.9393
  26.000       0.7869
  27.000       0.7462
  28.000       0.7971
  29.000       0.8535
  30.000       0.8577
  31.000       0.8765
  32.000       0.9459
  33.000       1.0147
  34.000       1.0360
  35.000       1.2025
  36.000       1.1637
  37.000       1.0922
  38.000       1.0999
  39.000       0.9761
  40.000       0.9443
  41.000       0.9328
  42.000       0.8356
  43.000       0.7621
  44.000       0.7858
  45.000       0.7709
  46.000       0.6863
  47.000       0.6331
  48.000       0.6380
  49.000       0.5834
  50.000       0.5835
  51.000       0.5783
  52.000       0.5164
  53.000       0.5229
  54.000       0.5144
  55.000       0.4891
  56.000       0.4849
  57.000       0.5041
  58.000       0.5169
  59.000       0.5523
  60.000       0.5721
  61.000       0.5992
  62.000       0.6050
  63.000       0.7219
  64.000       0.9194
  65.000       1.1548
  66.000       0.8790
  67.000       0.8689
  68.000       0.8251
  69.000       0.7668
  70.000       0.6709
  71.000       0.7496
  72.000       0.6887
  73.000       0.7994
  74.000       1.3096
  75.000       1.3348
  76.000       1.0323
  77.000       1.1192
  78.000       0.7968
  79.000       0.7968
  80.000       0.6684
  81.000       0.6588
  82.000       0.5793
  83.000       0.5469
  84.000       0.5675
  85.000       0.6029
  86.000       0.5736
  87.000       0.5831
  88.000       0.5573
  89.000       0.5311
  90.000       0.5301
  91.000       0.5846
  92.000       0.5823
  93.000       0.5874
  94.000       0.6289
  95.000       0.6496
  96.000       0.6636
  97.000       0.6376
  98.000       0.6399
  99.000       0.6715
 100.000       0.7005
 101.000       0.6328
 102.000       0.6386
 103.000       0.7035
 104.000       0.6630
 105.000       0.6262
 106.000       0.6961
 107.000       0.7009
 108.000       0.6434
 109.000       0.7026
 110.000       0.8408
 111.000       0.8072
 112.000       0.8428
 113.000       0.9141
 114.000       0.9971
 115.000       1.0199
 116.000       0.8923
 117.000       1.0150
 118.000       1.1992
 119.000       1.3812
 120.000       2.0316
 121.000       2.2570
 122.000       1.5704
 123.000       1.1899
 124.000       1.9735
 125.000       2.1136
 126.000       2.1371
 127.000       3.0277
 128.000       3.6380
 129.000       3.7473
 130.000       3.7391
 131.000       4.2243
 132.000       4.0303
 133.000       5.7131
 134.000       6.5069
 135.000       4.8995
 136.000       5.0183
 137.000       4.6282
 138.000       5.0849
 139.000       4.9207
 140.000       5.3526
 141.000       5.0213
 142.000       4.0820
 143.000       4.1000
 144.000       3.9613
 145.000       2.8779
 146.000       2.0299
 147.000       2.0306
 148.000       1.7122
 149.000       1.2390
 150.000       1.9347
 151.000       2.1854
 152.000       1.7215
 153.000       2.0949
 154.000       2.7988
 155.000       2.7363
 156.000       2.8085
 157.000       3.4328
 158.000       4.0056
 159.000       3.4520
 160.000       3.7970
 161.000       3.2805
 162.000       2.5411
 163.000       1.7032
 164.000       0.9199
 165.000       0.7459
 166.000       0.7428
 167.000       0.7301
 168.000       0.8258
 169.000       0.8510
 170.000       0.9004
 171.000       1.1141
 172.000       1.1451
 173.000       1.3063
 174.000       2.2488
 175.000       1.2568
 176.000       1.0462
 177.000       1.1645
 178.000       0.9343
 179.000       1.3047
 180.000       1.3857
 181.000       1.2860
 182.000       1.2853
 183.000       1.1374
 184.000       0.9404
 185.000       1.0938
 186.000       1.3158
 187.000       1.2114
 188.000       1.1683
 189.000       1.0537
 190.000       0.9844
 191.000       0.8855
 192.000       0.7990
 193.000       0.7724
 194.000       0.6949
 195.000       0.6859
 196.000       0.7343
 197.000       0.7085
 198.000       0.6492
 199.000       0.6626
 200.000       0.7316
 201.000       0.7499
 202.000       0.7166
 203.000       0.7279
 204.000       0.8449
 205.000       0.8837
 206.000       0.7811
 207.000       0.9133
 208.000       1.0657
 209.000       1.0166
 210.000       1.2714
 211.000       1.3199
 212.000       1.0159
 213.000       0.9341
 214.000       0.9773
 215.000       0.9314
 216.000       0.8206
 217.000       0.7795
 218.000       0.7189
 219.000       0.6421
 220.000       0.6169
 221.000       0.6701
 222.000       0.6852
 223.000       0.6684
 224.000       0.6295
 225.000       0.6475
 226.000       0.6953
 227.000       0.6805
 228.000       0.6668
 229.000       0.7168
 230.000       0.7859
 231.000       0.7711
 232.000       0.7977
 233.000       0.8976
 234.000       0.9488
 235.000       0.9558
 236.000       1.0209
 237.000       1.3173
 238.000       1.1419
 239.000       1.0906
 240.000       1.0045
 241.000       0.9271
 242.000       1.0559
 243.000       1.0515
 244.000       0.9493
 245.000       0.9572
 246.000       1.0414
 247.000       1.0132
 248.000       0.9306
 249.000       0.9910
 250.000       1.0587
 251.000       1.1090
 252.000       1.2569
 253.000       1.3960
 254.000       1.3872
 255.000       1.2096
 256.000       1.2781
 257.000       1.5255
 258.000       1.3187
 259.000       1.1905
 260.000       1.1378
 261.000       0.9915
 262.000       0.9327
 263.000       0.9592
 264.000       0.8825
 265.000       0.7956
 266.000       0.8127
 267.000       0.7968
 268.000       0.6999
 269.000       0.6829
 270.000       0.7449
 271.000       0.6700
 272.000       0.6312
 273.000       0.6283
 274.000       0.6464
 275.000       0.5685
 276.000       0.5855
 277.000       0.5917
 278.000       0.6560
 279.000       0.6447
 280.000       0.6397
 281.000       0.5422
 282.000       0.5965
 283.000       0.7105
 284.000       0.7162
 285.000       0.6865
 286.000       0.8168
 287.000       0.7543
 288.000       0.7994
 289.000       0.8214
 290.000       0.8368
 291.000       0.7360
 292.000       0.7156
 293.000       0.6757
 294.000       0.6532
 295.000       0.6331
 296.000       0.6034
 297.000       0.5955
 298.000       0.6439
 299.000       0.6776
 300.000       0.6038
 301.000       0.6871
 302.000       0.7864
 303.000       0.6732
 304.000       0.6201
 305.000       0.6897
 306.000       0.7113
 307.000       0.6382
 308.000       0.6365
 309.000       0.6997
 310.000       0.7001
 311.000       0.6911
 312.000       0.7352
 313.000       0.7578
 314.000       0.7253
 315.000       0.7209
 316.000       0.7847
 317.000       0.8417
 318.000       0.9193
 319.000       0.9137
 320.000       0.8875
 321.000       0.9657
 322.000       1.0194
 323.000       0.9756
 324.000       1.0015
 325.000       1.0746
 326.000       1.0938
 327.000       1.1287
 328.000       1.1340
 329.000       1.1320
 330.000       1.0107
 331.000       1.0643
 332.000       1.1063
 333.000       1.0113
 334.000       0.9917
 335.000       1.1184
 336.000       1.2961
 337.000       1.2732
 338.000       1.0566
 339.000       0.9126
 340.000       0.9011
 341.000       0.9283
 342.000       0.8105
 343.000       0.7783
 344.000       0.8037
 345.000       0.7846
 346.000       0.8075
 347.000       0.8974
 348.000       0.8999
 349.000       0.8444
 350.000       0.9745
 351.000       1.0593
 352.000       0.9592
 353.000       1.0303
 354.000       0.8136
 355.000       0.8136
 356.000       0.7319
 357.000       0.7150
 358.000       0.7391
 359.000       0.7332
 360.000       0.6511
 361.000       0.6528
 362.000       0.6558
 363.000       0.6240
 364.000       0.6035
 365.000       0.6055
 366.000       0.6207
 367.000       0.5595
 368.000       0.5359
 369.000       0.5510
 370.000       0.6189
 371.000       0.6447
 372.000       0.7110
 373.000       0.6777
 374.000       0.5584
 375.000       0.6716
 376.000       0.6790
 377.000       0.6095
 378.000       0.5677
 379.000       0.6600
 380.000       0.7023
 381.000       0.6508
 382.000       0.6396
 383.000       0.7642
 384.000       0.8416
 385.000       0.7914
 386.000       0.9116
 387.000       1.0232
 388.000       0.9794
 389.000       0.9763
 390.000       1.2408
 391.000       2.0656
 392.000       1.6248
 393.000       1.4071
 394.000       1.0400
 395.000       1.1847
 396.000       1.3329
 397.000       1.0693
 398.000       0.8636
 399.000       0.8613
 400.000       0.8635
 401.000       0.7450
 402.000       0.6459
 403.000       0.7052
 404.000       0.7467
 405.000       0.6367
 406.000       0.6313
 407.000       0.7108
 408.000       0.7105
 409.000       0.6635
 410.000       0.6726
 411.000       0.7244
 412.000       0.7180
 413.000       0.6970
 414.000       0.7383
 415.000       0.7549
 416.000       0.7830
 417.000       0.8054
 418.000       0.7612
 419.000       0.7896
 420.000       0.8236
 421.000       0.7601
 422.000       0.7233
 423.000       0.7485
 424.000       0.7276
 425.000       0.7809
 426.000       0.8747
 427.000       0.9115
 428.000       0.8665
 429.000       1.0174
 430.000       1.1490
 431.000       1.0018
 432.000       0.8341
 433.000       0.8302
 434.000       1.0129
 435.000       0.7482
 436.000       0.9407
 437.000       1.0609
 438.000       0.8287
 439.000       0.7758
 440.000       0.8333
 441.000       0.8832
 442.000       0.7904
 443.000       0.8176
 444.000       0.8946
 445.000       0.8833
 446.000       0.9383
 447.000       0.9584
 448.000       0.8837
 449.000       0.7829
 450.000       0.8421
 451.000       1.0045
 452.000       1.0293
 453.000       0.9340
 454.000       0.8668
 455.000       0.9972
 456.000       0.9969
 457.000       0.8508
 458.000       0.8576
 459.000       0.9863
 460.000       0.9585
 461.000       0.8305
 462.000       0.8946
 463.000       1.0453
 464.000       1.0008
 465.000       0.9750
 466.000       1.0865
 467.000       1.0543
 468.000       1.0069
 469.000       0.9826
 470.000       0.9522
 471.000       0.8954
 472.000       0.8445
 473.000       0.7497
 474.000       0.7858
 475.000       0.8121
 476.000       0.6983
 477.000       0.6687
 478.000       0.7543
 479.000       0.7954
 480.000       0.7351
 481.000       0.6894
 482.000       0.7421
 483.000       0.8702
 484.000       1.0084
 485.000       0.8732
 486.000       0.8077
 487.000       1.1574
 488.000       1.1404
 489.000       0.8439
 490.000       1.1385
 491.000       1.3582
 492.000       1.0955
 493.000       1.1524
 494.000       1.6801
 495.000       1.6723
 496.000       1.2922
 497.000       1.4328
 498.000       1.4237
 499.000       1.3943
 500.000       1.5413
 501.000       1.7052
 502.000       2.1039
 503.000       2.1791
 504.000       2.0592
 505.000       1.7845
 506.000       1.3559
 507.000       1.5834
 508.000       1.6813
 509.000       1.5170
 510.000       1.1963
 511.000       1.2930
 512.000       1.3455
 513.000       1.0524
 514.000       0.9647
 515.000       1.0871
 516.000       0.9383
 517.000       0.7306
 518.000       0.8095
 519.000       0.8230
 520.000       0.6991
 521.000       0.6635
 522.000       0.8581
 523.000       0.7780
 524.000       0.7002
 525.000       0.6937
 526.000       0.7825
 527.000       0.8010
 528.000       0.6712
 529.000       0.7600
 530.000       0.9791
 531.000       0.9670
 532.000       0.8615
 533.000       1.1376
 534.000       1.3682
 535.000       1.3319
 536.000       1.3709
 537.000       1.9233
 538.000       2.3311
 539.000       2.1940
 540.000       2.0960
 541.000       1.8517
 542.000       1.9193
 543.000       1.8502
 544.000       1.5092
 545.000       1.5320
 546.000       1.7583
 547.000       1.5811
 548.000       1.5296
 549.000       1.8013
 550.000       1.8580
 551.000       2.2808
 556.000      51.7983
