#Res        AtomicFlx
   1.000       4.7359
   2.000       4.6338
   3.000       3.7972
   4.000       2.8696
   5.000       2.6893
   6.000       2.2340
   7.000       2.0853
   8.000       1.8267
   9.000       1.5561
  10.000       1.4466
  11.000       1.2132
  12.000       1.0852
  13.000       0.9977
  14.000       0.8583
  15.000       0.7133
  16.000       0.7239
  17.000       0.7125
  18.000       0.6957
  19.000       0.6026
  20.000       0.8412
  21.000       0.6937
  22.000       0.7607
  23.000       0.9779
  24.000       1.1440
  25.000       1.1939
  26.000       0.9040
  27.000       0.8904
  28.000       0.8942
  29.000       0.8769
  30.000       0.7695
  31.000       0.7973
  32.000       0.8347
  33.000       0.8643
  34.000       0.7700
  35.000       0.9680
  36.000       0.9607
  37.000       0.9910
  38.000       0.9035
  39.000       0.7106
  40.000       0.7260
  41.000       0.7964
  42.000       0.6682
  43.000       0.5835
  44.000       0.6692
  45.000       0.6773
  46.000       0.6127
  47.000       0.6012
  48.000       0.6862
  49.000       0.7613
  50.000       0.7379
  51.000       0.5979
  52.000       0.5484
  53.000       0.5702
  54.000       0.5426
  55.000       0.5039
  56.000       0.5402
  57.000       0.5384
  58.000       0.5351
  59.000       0.5588
  60.000       0.5718
  61.000       0.6002
  62.000       0.6129
  63.000       0.6476
  64.000       0.7532
  65.000       0.8462
  66.000       0.7636
  67.000       0.7937
  68.000       0.8132
  69.000       0.8273
  70.000       0.7686
  71.000       0.7674
  72.000       0.6574
  73.000       0.9079
  74.000       1.6512
  75.000       1.4587
  76.000       1.1176
  77.000       1.3622
  78.000       0.8263
  79.000       0.7671
  80.000       0.6699
  81.000       0.6395
  82.000       0.5947
  83.000       0.5816
  84.000       0.6065
  85.000       0.6276
  86.000       0.5807
  87.000       0.6063
  88.000       0.6093
  89.000       0.5944
  90.000       0.5982
  91.000       0.6531
  92.000       0.6766
  93.000       0.7451
  94.000       0.7820
  95.000       0.7183
  96.000       0.7428
  97.000       0.7693
  98.000       0.7387
  99.000       0.7733
 100.000       0.6924
 101.000       0.5472
 102.000       0.5549
 103.000       0.5507
 104.000       0.5288
 105.000       0.5172
 106.000       0.5416
 107.000       0.5218
 108.000       0.5135
 109.000       0.5845
 110.000       0.6410
 111.000       0.6256
 112.000       0.7487
 113.000       0.8431
 114.000       0.9640
 115.000       0.9251
 116.000       0.7700
 117.000       0.8820
 118.000       0.8766
 119.000       0.9016
 120.000       0.9919
 121.000       1.2050
 122.000       1.7576
 123.000       2.2070
 124.000       2.3631
 125.000       2.5745
 126.000       2.4121
 127.000       2.2137
 128.000       2.3582
 129.000       2.0257
 130.000       1.5379
 131.000       1.7791
 132.000       1.6138
 133.000       1.3531
 134.000       1.5273
 135.000       2.0439
 136.000       2.9392
 137.000       4.0108
 138.000       4.4171
 139.000       4.4354
 140.000       3.6048
 141.000       3.4512
 142.000       2.4744
 143.000       2.1091
 144.000       1.5463
 145.000       1.5959
 146.000       1.9849
 147.000       1.8705
 148.000       1.6108
 149.000       2.0907
 150.000       2.9825
 151.000       4.0719
 152.000       4.6311
 153.000       5.7924
 154.000       5.4558
 155.000       5.2103
 156.000       5.8344
 157.000       6.0654
 158.000       4.8028
 159.000       4.5749
 160.000       3.8508
 161.000       2.3162
 162.000       2.0826
 163.000       1.5337
 164.000       1.0492
 165.000       1.0938
 166.000       0.7678
 167.000       0.9842
 168.000       1.2708
 169.000       1.0137
 170.000       0.8751
 171.000       1.4858
 172.000       1.7907
 173.000       1.4347
 174.000       1.0861
 175.000       1.3677
 176.000       1.2435
 177.000       1.3855
 178.000       1.4819
 179.000       1.5282
 180.000       1.6031
 181.000       1.2205
 182.000       1.4544
 183.000       1.6818
 184.000       1.1563
 185.000       1.1756
 186.000       1.1793
 187.000       1.1486
 188.000       1.1442
 189.000       1.0617
 190.000       0.8887
 191.000       0.7785
 192.000       0.7826
 193.000       0.7346
 194.000       0.6069
 195.000       0.6317
 196.000       0.6880
 197.000       0.6811
 198.000       0.6592
 199.000       0.6315
 200.000       0.7112
 201.000       0.7064
 202.000       0.6385
 203.000       0.6441
 204.000       0.7462
 205.000       0.7425
 206.000       0.7362
 207.000       0.8872
 208.000       1.7868
 209.000       2.5141
 210.000       1.6128
 211.000       2.0918
 212.000       2.0198
 213.000       1.0641
 214.000       1.0651
 215.000       0.8968
 216.000       0.7106
 217.000       0.7253
 218.000       0.7222
 219.000       0.6506
 220.000       0.6641
 221.000       0.7416
 222.000       0.7343
 223.000       0.7218
 224.000       0.6318
 225.000       0.5950
 226.000       0.6688
 227.000       0.6341
 228.000       0.5887
 229.000       0.6291
 230.000       0.6574
 231.000       0.6518
 232.000       0.7163
 233.000       0.7514
 234.000       0.7431
 235.000       0.8450
 236.000       0.9703
 237.000       1.0344
 238.000       0.8334
 239.000       0.8624
 240.000       0.8155
 241.000       0.7731
 242.000       0.8950
 243.000       0.8674
 244.000       0.7426
 245.000       0.7788
 246.000       0.8779
 247.000       0.8246
 248.000       0.7344
 249.000       0.8381
 250.000       0.8897
 251.000       1.0001
 252.000       1.1191
 253.000       1.3338
 254.000       1.1941
 255.000       0.8792
 256.000       1.0079
 257.000       1.2463
 258.000       0.9107
 259.000       0.9002
 260.000       0.8397
 261.000       0.6753
 262.000       0.6477
 263.000       0.6855
 264.000       0.6348
 265.000       0.5688
 266.000       0.5545
 267.000       0.5548
 268.000       0.5391
 269.000       0.5235
 270.000       0.4795
 271.000       0.5240
 272.000       0.6097
 273.000       0.5812
 274.000       0.6346
 275.000       0.6244
 276.000       0.6673
 277.000       0.6783
 278.000       0.6083
 279.000       0.6258
 280.000       0.5386
 281.000       0.5388
 282.000       0.5571
 283.000       0.6068
 284.000       0.6416
 285.000       0.6657
 286.000       0.8408
 287.000       0.8971
 288.000       1.0251
 289.000       0.9879
 290.000       1.2426
 291.000       1.2565
 292.000       1.2283
 293.000       1.0015
 294.000       0.8952
 295.000       0.7683
 296.000       0.8084
 297.000       0.7536
 298.000       0.6798
 299.000       0.6670
 300.000       0.5802
 301.000       0.6411
 302.000       0.7174
 303.000       0.6424
 304.000       0.6055
 305.000       0.6469
 306.000       0.6769
 307.000       0.5896
 308.000       0.5930
 309.000       0.6668
 310.000       0.6587
 311.000       0.6333
 312.000       0.6689
 313.000       0.6871
 314.000       0.6372
 315.000       0.5768
 316.000       0.6106
 317.000       0.6246
 318.000       0.6260
 319.000       0.6628
 320.000       0.6882
 321.000       0.6563
 322.000       0.6746
 323.000       0.7065
 324.000       0.7896
 325.000       0.8829
 326.000       0.8910
 327.000       0.9426
 328.000       0.8725
 329.000       0.8664
 330.000       0.7809
 331.000       0.8417
 332.000       0.8585
 333.000       0.7985
 334.000       0.7837
 335.000       0.8243
 336.000       0.9178
 337.000       1.0834
 338.000       1.1420
 339.000       0.9153
 340.000       0.7548
 341.000       0.7203
 342.000       0.6562
 343.000       0.6922
 344.000       0.7317
 345.000       0.6616
 346.000       0.6660
 347.000       0.6985
 348.000       0.6472
 349.000       0.6282
 350.000       0.7069
 351.000       0.7542
 352.000       0.7279
 353.000       0.8439
 354.000       0.7824
 355.000       0.6811
 356.000       0.6596
 357.000       0.6874
 358.000       0.6248
 359.000       0.5528
 360.000       0.5648
 361.000       0.5966
 362.000       0.5282
 363.000       0.5109
 364.000       0.5629
 365.000       0.5692
 366.000       0.5796
 367.000       0.5764
 368.000       0.5892
 369.000       0.5816
 370.000       0.6460
 371.000       0.6106
 372.000       0.6410
 373.000       0.6496
 374.000       0.6014
 375.000       0.5738
 376.000       0.5915
 377.000       0.6108
 378.000       0.5679
 379.000       0.5988
 380.000       0.5790
 381.000       0.6241
 382.000       0.6621
 383.000       0.7294
 384.000       0.7810
 385.000       0.7810
 386.000       0.8501
 387.000       0.9237
 388.000       0.9658
 389.000       1.0688
 390.000       1.2443
 391.000       1.9612
 392.000       1.9223
 393.000       1.4297
 394.000       1.0924
 395.000       1.1850
 396.000       1.2062
 397.000       1.0081
 398.000       0.8717
 399.000       0.8568
 400.000       0.8245
 401.000       0.7399
 402.000       0.6748
 403.000       0.7091
 404.000       0.7318
 405.000       0.6538
 406.000       0.6503
 407.000       0.7154
 408.000       0.7291
 409.000       0.6955
 410.000       0.6980
 411.000       0.7956
 412.000       0.7961
 413.000       0.7520
 414.000       0.8039
 415.000       0.8185
 416.000       0.7829
 417.000       0.8596
 418.000       0.8345
 419.000       0.8986
 420.000       0.9382
 421.000       0.8837
 422.000       0.9874
 423.000       0.9881
 424.000       0.8484
 425.000       0.8480
 426.000       0.9675
 427.000       0.9189
 428.000       0.9216
 429.000       0.9898
 430.000       1.0479
 431.000       0.9981
 432.000       1.1259
 433.000       1.1771
 434.000       1.0186
 435.000       1.0043
 436.000       0.8169
 437.000       0.6937
 438.000       0.7153
 439.000       0.7258
 440.000       0.6428
 441.000       0.6318
 442.000       0.6953
 443.000       0.6986
 444.000       0.6680
 445.000       0.7360
 446.000       0.7976
 447.000       0.7667
 448.000       0.7215
 449.000       0.7726
 450.000       0.8758
 451.000       0.9193
 452.000       0.9021
 453.000       0.8969
 454.000       0.8576
 455.000       0.9977
 456.000       0.9610
 457.000       0.8071
 458.000       0.8384
 459.000       0.9473
 460.000       0.9151
 461.000       0.7835
 462.000       0.9532
 463.000       1.1663
 464.000       1.1146
 465.000       1.2306
 466.000       1.3766
 467.000       1.3539
 468.000       1.0945
 469.000       1.1164
 470.000       1.1571
 471.000       1.1485
 472.000       1.0579
 473.000       0.8139
 474.000       0.9078
 475.000       0.9847
 476.000       0.7556
 477.000       0.7491
 478.000       1.1070
 479.000       0.9366
 480.000       0.8439
 481.000       0.7702
 482.000       0.8517
 483.000       0.8593
 484.000       0.7176
 485.000       0.7399
 486.000       0.8340
 487.000       0.7872
 488.000       0.7603
 489.000       0.8154
 490.000       0.8281
 491.000       0.8436
 492.000       0.9014
 493.000       0.9515
 494.000       1.1004
 495.000       1.2811
 496.000       1.3259
 497.000       1.9516
 498.000       2.1627
 499.000       2.1500
 500.000       2.2735
 501.000       2.1792
 502.000       2.3876
 503.000       2.3637
 504.000       1.8147
 505.000       1.9019
 506.000       1.6188
 507.000       1.7384
 508.000       1.9234
 509.000       1.6255
 510.000       1.2344
 511.000       1.4173
 512.000       1.3136
 513.000       0.9863
 514.000       0.9795
 515.000       0.9653
 516.000       0.8390
 517.000       0.8339
 518.000       0.9300
 519.000       0.9060
 520.000       0.8008
 521.000       0.6804
 522.000       0.7520
 523.000       0.8831
 524.000       0.8360
 525.000       0.7235
 526.000       0.8448
 527.000       0.9369
 528.000       0.8442
 529.000       0.8717
 530.000       0.9624
 531.000       1.0655
 532.000       1.1342
 533.000       1.2133
 534.000       1.3501
 535.000       1.6063
 536.000       1.7386
 537.000       2.2153
 538.000       2.4085
 539.000       2.7831
 540.000       2.5790
 541.000       2.1810
 542.000       2.4278
 543.000       2.4446
 544.000       1.9629
 545.000       1.9021
 546.000       2.2420
 547.000       2.1038
 548.000       1.7049
 549.000       1.9001
 550.000       2.3105
 551.000       2.8367
 552.000      47.6735
