#Res        AtomicFlx
   1.000       1.9269
   2.000       1.9342
   3.000       1.2369
   4.000       0.9167
   5.000       1.2790
   6.000       0.9974
   7.000       0.8827
   8.000       0.8214
   9.000       0.8017
  10.000       0.6574
  11.000       0.5976
  12.000       0.6708
  13.000       0.5949
  14.000       0.5345
  15.000       0.5763
  16.000       0.6240
  17.000       0.5812
  18.000       0.5730
  19.000       0.5467
  20.000       0.6759
  21.000       0.8300
  22.000       0.9663
  23.000       0.6545
  24.000       0.8641
  25.000       1.3003
  26.000       0.6694
  27.000       0.5249
  28.000       0.5748
  29.000       0.6001
  30.000       0.5442
  31.000       0.5701
  32.000       0.6442
  33.000       0.7076
  34.000       0.6577
  35.000       0.7450
  36.000       0.6988
  37.000       0.7437
  38.000       0.7330
  39.000       0.6458
  40.000       0.6701
  41.000       0.6901
  42.000       0.5694
  43.000       0.5262
  44.000       0.6026
  45.000       0.6007
  46.000       0.5692
  47.000       0.5561
  48.000       0.6444
  49.000       0.7656
  50.000       0.7733
  51.000       0.6203
  52.000       0.5445
  53.000       0.6119
  54.000       0.6206
  55.000       0.5695
  56.000       0.5798
  57.000       0.6396
  58.000       0.6579
  59.000       0.5999
  60.000       0.5818
  61.000       0.6017
  62.000       0.6916
  63.000       0.6185
  64.000       0.6762
  65.000       0.8557
  66.000       0.7853
  67.000       0.7885
  68.000       0.8438
  69.000       0.9856
  70.000       0.8988
  71.000       0.8659
  72.000       0.7273
  73.000       0.9119
  74.000       1.4700
  75.000       3.0832
  76.000       1.7523
  77.000       2.0168
  78.000       1.3775
  79.000       0.8665
  80.000       0.7026
  81.000       0.7152
  82.000       0.7225
  83.000       0.6881
  84.000       0.6520
  85.000       0.7457
  86.000       0.7591
  87.000       0.7356
  88.000       0.7147
  89.000       0.7757
  90.000       0.7892
  91.000       0.7772
  92.000       0.9606
  93.000       0.8674
  94.000       0.7724
  95.000       0.8191
  96.000       0.8938
  97.000       0.7548
  98.000       0.6632
  99.000       0.7696
 100.000       0.7211
 101.000       0.5538
 102.000       0.5919
 103.000       0.5917
 104.000       0.5007
 105.000       0.5408
 106.000       0.6785
 107.000       0.5961
 108.000       0.6278
 109.000       0.7964
 110.000       0.8993
 111.000       0.8936
 112.000       1.0312
 113.000       1.1507
 114.000       1.2746
 115.000       1.1535
 116.000       1.0336
 117.000       1.0777
 118.000       0.8690
 119.000       1.0713
 120.000       0.9959
 121.000       1.1238
 122.000       1.7317
 123.000       1.4149
 124.000       1.8399
 125.000       1.6276
 126.000       1.4446
 127.000       1.5700
 128.000       1.6922
 129.000       1.6902
 130.000       1.3303
 131.000       1.4946
 132.000       1.1471
 133.000       1.0093
 134.000       1.3290
 135.000       1.9118
 136.000       2.8156
 137.000       3.3892
 138.000       2.6768
 139.000       2.5146
 140.000       3.3339
 141.000       3.2351
 142.000       2.8950
 143.000       2.5108
 144.000       2.1047
 145.000       2.0386
 146.000       1.9037
 147.000       1.4357
 148.000       1.3230
 149.000       1.7842
 150.000       1.8294
 151.000       1.3173
 152.000       1.7533
 153.000       2.2519
 154.000       2.6224
 155.000       2.4025
 156.000       3.8911
 157.000       4.4584
 158.000       4.3854
 159.000       4.6275
 160.000       4.5672
 161.000       3.5360
 162.000       2.6860
 163.000       1.8728
 164.000       1.0871
 165.000       0.9189
 166.000       0.6675
 167.000       0.7305
 168.000       0.8530
 169.000       0.7496
 170.000       0.7087
 171.000       0.8184
 172.000       0.7938
 173.000       0.8020
 174.000       0.8637
 175.000       0.9243
 176.000       0.9725
 177.000       1.2276
 178.000       1.5122
 179.000       1.6375
 180.000       2.0762
 181.000       1.6630
 182.000       1.5537
 183.000       2.3496
 184.000       2.1742
 185.000       1.9470
 186.000       1.6406
 187.000       1.2342
 188.000       1.0885
 189.000       1.0511
 190.000       0.9710
 191.000       0.8797
 192.000       0.8849
 193.000       0.8341
 194.000       0.6916
 195.000       0.7029
 196.000       0.7484
 197.000       0.6587
 198.000       0.5939
 199.000       0.6231
 200.000       0.6447
 201.000       0.5802
 202.000       0.5662
 203.000       0.6041
 204.000       0.6726
 205.000       0.6648
 206.000       0.6660
 207.000       0.8004
 208.000       0.9566
 209.000       0.9574
 210.000       1.0395
 211.000       1.0730
 212.000       0.8257
 213.000       0.7441
 214.000       0.8675
 215.000       0.8043
 216.000       0.6747
 217.000       0.6500
 218.000       0.6778
 219.000       0.6024
 220.000       0.6049
 221.000       0.6683
 222.000       0.6585
 223.000       0.6473
 224.000       0.5823
 225.000       0.5633
 226.000       0.6177
 227.000       0.5702
 228.000       0.5572
 229.000       0.6376
 230.000       0.6732
 231.000       0.6554
 232.000       0.7514
 233.000       0.9582
 234.000       0.9864
 235.000       0.9952
 236.000       1.1638
 237.000       1.3595
 238.000       1.1608
 239.000       1.1175
 240.000       0.9340
 241.000       0.8841
 242.000       0.9080
 243.000       0.8398
 244.000       0.7534
 245.000       0.7496
 246.000       0.7759
 247.000       0.7066
 248.000       0.6433
 249.000       0.7304
 250.000       0.7439
 251.000       0.8160
 252.000       0.9677
 253.000       1.1562
 254.000       1.0293
 255.000       0.8043
 256.000       0.9169
 257.000       1.1804
 258.000       0.8767
 259.000       0.8100
 260.000       0.7760
 261.000       0.6508
 262.000       0.6096
 263.000       0.6474
 264.000       0.6032
 265.000       0.5569
 266.000       0.5828
 267.000       0.5850
 268.000       0.5166
 269.000       0.5798
 270.000       0.6105
 271.000       0.5710
 272.000       0.5011
 273.000       0.5284
 274.000       0.7367
 275.000       0.8386
 276.000       0.9459
 277.000       0.7479
 278.000       0.8357
 279.000       0.7423
 280.000       0.7431
 281.000       0.6695
 282.000       0.6101
 283.000       0.6571
 284.000       0.7134
 285.000       0.7004
 286.000       0.8125
 287.000       0.7541
 288.000       0.8671
 289.000       0.7706
 290.000       0.9409
 291.000       1.0183
 292.000       1.1359
 293.000       0.8716
 294.000       0.8930
 295.000       0.8047
 296.000       0.7097
 297.000       0.6674
 298.000       0.6558
 299.000       0.6369
 300.000       0.5575
 301.000       0.5951
 302.000       0.6421
 303.000       0.5674
 304.000       0.5138
 305.000       0.5698
 306.000       0.6150
 307.000       0.5287
 308.000       0.4859
 309.000       0.5638
 310.000       0.6054
 311.000       0.5866
 312.000       0.5924
 313.000       0.6263
 314.000       0.6092
 315.000       0.5770
 316.000       0.5961
 317.000       0.7328
 318.000       0.9814
 319.000       0.9462
 320.000       0.7668
 321.000       0.8865
 322.000       1.0196
 323.000       0.9179
 324.000       0.9122
 325.000       1.0629
 326.000       1.1146
 327.000       1.1508
 328.000       1.0561
 329.000       0.9997
 330.000       0.8795
 331.000       0.9310
 332.000       0.9516
 333.000       0.8444
 334.000       0.7928
 335.000       0.8283
 336.000       0.9180
 337.000       1.0362
 338.000       0.8401
 339.000       0.7132
 340.000       0.6594
 341.000       0.6981
 342.000       0.6145
 343.000       0.6309
 344.000       0.5893
 345.000       0.6406
 346.000       0.7687
 347.000       0.8384
 348.000       0.9272
 349.000       0.9664
 350.000       1.1265
 351.000       1.4451
 352.000       1.3487
 353.000       1.3063
 354.000       1.1114
 355.000       1.0466
 356.000       0.9592
 357.000       1.0443
 358.000       0.8993
 359.000       0.6617
 360.000       0.6995
 361.000       0.7082
 362.000       0.5803
 363.000       0.4865
 364.000       0.5078
 365.000       0.5487
 366.000       0.5004
 367.000       0.4631
 368.000       0.5357
 369.000       0.6054
 370.000       0.6238
 371.000       0.5437
 372.000       0.5826
 373.000       0.5971
 374.000       0.5358
 375.000       0.5099
 376.000       0.5540
 377.000       0.5767
 378.000       0.5382
 379.000       0.5771
 380.000       0.6040
 381.000       0.6083
 382.000       0.6581
 383.000       0.7364
 384.000       0.8080
 385.000       0.8626
 386.000       0.9460
 387.000       1.0437
 388.000       1.0362
 389.000       1.1626
 390.000       1.3066
 391.000       1.5700
 392.000       1.7845
 393.000       1.5186
 394.000       1.1583
 395.000       1.2787
 396.000       1.3108
 397.000       1.0524
 398.000       0.9172
 399.000       0.8939
 400.000       0.8938
 401.000       0.8021
 402.000       0.7000
 403.000       0.7399
 404.000       0.7871
 405.000       0.7270
 406.000       0.6991
 407.000       0.7788
 408.000       0.8485
 409.000       0.8317
 410.000       0.8159
 411.000       0.9339
 412.000       0.9705
 413.000       0.9119
 414.000       0.9685
 415.000       1.0170
 416.000       0.8579
 417.000       0.8762
 418.000       1.0385
 419.000       1.0909
 420.000       1.3633
 421.000       1.1731
 422.000       1.4103
 423.000       1.3853
 424.000       1.2067
 425.000       1.1762
 426.000       1.3498
 427.000       1.3270
 428.000       1.2158
 429.000       1.3798
 430.000       1.6836
 431.000       1.6995
 432.000       1.4696
 433.000       1.0290
 434.000       1.3553
 435.000       1.8286
 436.000       1.2700
 437.000       1.0949
 438.000       0.9276
 439.000       0.8977
 440.000       0.8590
 441.000       0.8002
 442.000       0.7228
 443.000       0.7683
 444.000       0.7521
 445.000       0.7543
 446.000       0.7824
 447.000       0.7346
 448.000       0.6979
 449.000       0.7059
 450.000       0.7620
 451.000       0.7999
 452.000       0.8029
 453.000       0.7596
 454.000       0.7764
 455.000       0.8523
 456.000       0.7710
 457.000       0.6723
 458.000       0.7457
 459.000       0.8065
 460.000       0.7481
 461.000       0.7311
 462.000       0.8420
 463.000       1.0175
 464.000       1.0128
 465.000       1.0960
 466.000       1.1641
 467.000       1.0754
 468.000       0.9753
 469.000       1.0865
 470.000       1.0832
 471.000       0.9808
 472.000       0.8949
 473.000       0.7730
 474.000       0.7525
 475.000       0.7791
 476.000       0.6522
 477.000       0.6509
 478.000       0.8062
 479.000       0.7931
 480.000       0.6999
 481.000       0.6922
 482.000       0.7764
 483.000       0.7858
 484.000       0.6636
 485.000       0.7215
 486.000       0.8486
 487.000       0.8442
 488.000       0.8507
 489.000       0.8507
 490.000       0.9833
 491.000       1.0580
 492.000       1.0680
 493.000       1.1700
 494.000       1.2566
 495.000       1.3049
 496.000       1.2615
 497.000       1.5838
 498.000       1.3457
 499.000       1.4185
 500.000       1.3041
 501.000       1.3677
 502.000       1.7016
 503.000       2.4642
 504.000       2.0526
 505.000       1.7410
 506.000       1.4846
 507.000       1.6186
 508.000       1.5150
 509.000       1.5392
 510.000       1.4907
 511.000       1.3918
 512.000       1.4410
 513.000       1.4765
 514.000       1.3895
 515.000       1.3826
 516.000       1.5621
 517.000       1.5192
 518.000       1.4551
 519.000       1.7023
 520.000       1.6668
 521.000       1.7033
 522.000       1.3720
 523.000       0.9765
 524.000       0.9610
 525.000       0.8979
 526.000       0.9775
 527.000       1.1119
 528.000       0.9686
 529.000       1.3694
 530.000       1.8126
 531.000       1.8643
 532.000       1.8707
 533.000       2.5284
 534.000       2.8923
 535.000       2.8333
 536.000       3.1220
 537.000       3.9926
 538.000       4.6628
 539.000       4.6896
 540.000       4.6581
 541.000       4.2693
 542.000       4.4132
 543.000       4.1904
 544.000       3.6168
 545.000       3.5694
 546.000       3.7452
 547.000       3.3776
 548.000       3.0548
 549.000       3.1545
 550.000       3.3497
 551.000       3.9029
 553.000      50.1912
