#Res        AtomicFlx
   1.000       2.1263
   2.000       1.8062
   3.000       1.1643
   4.000       0.9549
   5.000       1.3394
   6.000       1.1105
   7.000       0.9621
   8.000       0.9439
   9.000       0.8681
  10.000       0.6695
  11.000       0.6769
  12.000       0.7431
  13.000       0.5877
  14.000       0.4560
  15.000       0.5181
  16.000       0.5612
  17.000       0.4741
  18.000       0.4856
  19.000       0.4734
  20.000       0.6038
  21.000       0.6865
  22.000       0.6673
  23.000       0.5196
  24.000       0.5878
  25.000       0.6326
  26.000       0.5726
  27.000       0.5297
  28.000       0.5788
  29.000       0.5867
  30.000       0.5460
  31.000       0.5762
  32.000       0.6399
  33.000       0.6550
  34.000       0.6381
  35.000       0.7605
  36.000       0.7375
  37.000       0.7373
  38.000       0.7146
  39.000       0.6483
  40.000       0.6908
  41.000       0.7580
  42.000       0.6274
  43.000       0.5448
  44.000       0.6268
  45.000       0.6639
  46.000       0.5885
  47.000       0.5647
  48.000       0.6856
  49.000       0.7653
  50.000       0.7220
  51.000       0.5704
  52.000       0.5406
  53.000       0.5731
  54.000       0.5572
  55.000       0.4945
  56.000       0.5329
  57.000       0.5831
  58.000       0.5476
  59.000       0.5733
  60.000       0.5948
  61.000       0.6634
  62.000       0.6763
  63.000       0.7063
  64.000       0.8798
  65.000       1.1459
  66.000       0.9132
  67.000       0.8787
  68.000       0.9456
  69.000       0.8204
  70.000       0.7909
  71.000       0.8252
  72.000       0.6906
  73.000       0.7502
  74.000       1.1460
  75.000       1.2117
  76.000       0.8809
  77.000       0.9140
  78.000       0.6961
  79.000       0.7284
  80.000       0.5884
  81.000       0.6219
  82.000       0.5417
  83.000       0.5371
  84.000       0.5581
  85.000       0.5373
  86.000       0.5132
  87.000       0.5867
  88.000       0.5716
  89.000       0.5508
  90.000       0.6215
  91.000       0.6672
  92.000       0.6562
  93.000       0.7132
  94.000       0.6984
  95.000       0.6693
  96.000       0.7055
  97.000       0.6018
  98.000       0.5475
  99.000       0.5820
 100.000       0.5708
 101.000       0.4855
 102.000       0.4807
 103.000       0.4982
 104.000       0.4854
 105.000       0.4723
 106.000       0.5042
 107.000       0.4961
 108.000       0.4973
 109.000       0.5600
 110.000       0.6155
 111.000       0.6242
 112.000       0.7370
 113.000       0.8174
 114.000       0.9485
 115.000       0.8756
 116.000       0.7275
 117.000       0.7416
 118.000       0.7605
 119.000       0.8390
 120.000       0.7667
 121.000       0.8341
 122.000       1.2113
 123.000       1.3415
 124.000       1.6279
 125.000       1.5675
 126.000       1.2139
 127.000       1.2445
 128.000       1.3763
 129.000       1.3042
 130.000       0.9129
 131.000       0.9733
 132.000       1.2068
 133.000       1.6135
 134.000       2.3687
 135.000       2.4718
 136.000       3.5657
 137.000       4.3059
 138.000       5.2359
 139.000       5.5532
 140.000       4.7528
 141.000       5.4800
 142.000       4.3766
 143.000       3.6112
 144.000       3.0089
 145.000       3.2337
 146.000       3.0527
 147.000       2.7175
 148.000       2.8388
 149.000       3.1910
 150.000       2.5825
 151.000       1.9865
 152.000       3.1262
 153.000       3.5934
 154.000       3.4786
 155.000       4.1597
 156.000       4.2187
 157.000       4.3038
 158.000       4.9598
 159.000       4.7380
 160.000       4.1442
 161.000       2.2483
 162.000       1.4039
 163.000       1.0997
 164.000       0.7686
 165.000       0.6744
 166.000       0.6330
 167.000       0.7186
 168.000       0.7579
 169.000       0.7151
 170.000       0.8029
 171.000       0.9004
 172.000       0.8447
 173.000       0.8414
 174.000       1.0166
 175.000       1.3175
 176.000       1.2671
 177.000       0.8499
 178.000       0.7336
 179.000       0.9110
 180.000       0.9496
 181.000       0.8295
 182.000       1.0175
 183.000       1.0993
 184.000       0.8611
 185.000       0.8958
 186.000       0.8844
 187.000       0.7875
 188.000       0.7845
 189.000       0.7967
 190.000       0.7479
 191.000       0.6236
 192.000       0.6373
 193.000       0.6406
 194.000       0.5428
 195.000       0.5561
 196.000       0.6345
 197.000       0.6053
 198.000       0.5838
 199.000       0.5954
 200.000       0.6375
 201.000       0.6202
 202.000       0.5874
 203.000       0.6169
 204.000       0.7004
 205.000       0.6716
 206.000       0.6249
 207.000       0.8011
 208.000       0.8846
 209.000       0.8781
 210.000       0.9811
 211.000       1.0166
 212.000       0.8156
 213.000       0.7646
 214.000       0.8647
 215.000       0.8347
 216.000       0.7053
 217.000       0.6825
 218.000       0.6729
 219.000       0.6223
 220.000       0.5907
 221.000       0.6496
 222.000       0.6626
 223.000       0.6625
 224.000       0.5878
 225.000       0.5604
 226.000       0.6203
 227.000       0.6116
 228.000       0.5840
 229.000       0.6031
 230.000       0.6572
 231.000       0.6371
 232.000       0.6695
 233.000       0.7108
 234.000       0.6869
 235.000       0.7438
 236.000       0.8282
 237.000       0.8595
 238.000       0.8184
 239.000       0.8638
 240.000       0.8537
 241.000       0.7640
 242.000       0.8257
 243.000       0.8234
 244.000       0.7163
 245.000       0.7065
 246.000       0.7804
 247.000       0.7369
 248.000       0.6518
 249.000       0.7273
 250.000       0.7719
 251.000       0.8239
 252.000       0.9458
 253.000       1.1073
 254.000       1.0461
 255.000       0.7818
 256.000       0.8131
 257.000       1.0202
 258.000       0.8003
 259.000       0.8269
 260.000       0.7500
 261.000       0.6296
 262.000       0.6280
 263.000       0.6318
 264.000       0.5609
 265.000       0.5359
 266.000       0.5509
 267.000       0.5267
 268.000       0.4741
 269.000       0.4708
 270.000       0.4760
 271.000       0.4876
 272.000       0.4596
 273.000       0.5049
 274.000       0.7194
 275.000       0.6562
 276.000       0.5698
 277.000       0.5818
 278.000       0.6138
 279.000       0.5267
 280.000       0.4963
 281.000       0.5203
 282.000       0.5489
 283.000       0.5849
 284.000       0.6104
 285.000       0.6222
 286.000       0.6587
 287.000       0.7269
 288.000       0.8820
 289.000       0.9037
 290.000       0.9995
 291.000       1.0072
 292.000       1.0935
 293.000       0.8437
 294.000       0.7891
 295.000       0.7085
 296.000       0.6586
 297.000       0.6373
 298.000       0.6023
 299.000       0.5814
 300.000       0.5023
 301.000       0.5238
 302.000       0.5692
 303.000       0.5126
 304.000       0.4633
 305.000       0.5137
 306.000       0.5584
 307.000       0.5064
 308.000       0.4936
 309.000       0.5502
 310.000       0.5761
 311.000       0.5785
 312.000       0.5797
 313.000       0.6218
 314.000       0.6206
 315.000       0.5586
 316.000       0.5838
 317.000       0.6006
 318.000       0.6464
 319.000       0.7157
 320.000       0.7334
 321.000       0.7303
 322.000       0.7833
 323.000       0.8321
 324.000       0.8951
 325.000       0.9879
 326.000       1.0894
 327.000       1.1366
 328.000       1.1137
 329.000       1.0466
 330.000       0.8442
 331.000       0.8594
 332.000       0.9047
 333.000       0.8261
 334.000       0.7551
 335.000       0.7692
 336.000       0.8226
 337.000       0.9912
 338.000       0.8898
 339.000       0.8197
 340.000       0.7851
 341.000       0.7778
 342.000       0.7131
 343.000       0.7612
 344.000       0.8175
 345.000       0.8585
 346.000       0.9321
 347.000       0.8517
 348.000       0.7778
 349.000       1.0077
 350.000       1.2178
 351.000       1.1071
 352.000       0.9359
 353.000       0.9980
 354.000       0.9441
 355.000       0.7713
 356.000       0.7422
 357.000       0.7574
 358.000       0.6771
 359.000       0.6092
 360.000       0.6040
 361.000       0.6070
 362.000       0.5342
 363.000       0.4921
 364.000       0.5285
 365.000       0.5476
 366.000       0.5364
 367.000       0.4952
 368.000       0.5524
 369.000       0.5925
 370.000       0.6115
 371.000       0.5129
 372.000       0.5826
 373.000       0.5737
 374.000       0.4890
 375.000       0.5150
 376.000       0.5106
 377.000       0.5191
 378.000       0.5035
 379.000       0.5306
 380.000       0.5155
 381.000       0.6022
 382.000       0.6768
 383.000       0.7132
 384.000       0.7635
 385.000       0.8345
 386.000       0.9159
 387.000       0.9274
 388.000       0.9593
 389.000       1.0794
 390.000       1.2458
 391.000       1.7524
 392.000       1.5171
 393.000       1.3188
 394.000       1.0767
 395.000       1.1767
 396.000       1.1880
 397.000       0.9881
 398.000       0.8570
 399.000       0.8496
 400.000       0.8178
 401.000       0.7364
 402.000       0.6903
 403.000       0.7019
 404.000       0.7165
 405.000       0.6525
 406.000       0.6517
 407.000       0.6688
 408.000       0.6796
 409.000       0.6658
 410.000       0.6387
 411.000       0.6937
 412.000       0.7142
 413.000       0.6794
 414.000       0.7445
 415.000       0.7716
 416.000       0.6528
 417.000       0.6406
 418.000       0.6335
 419.000       0.6310
 420.000       0.6260
 421.000       0.6527
 422.000       0.6801
 423.000       0.6238
 424.000       0.6266
 425.000       0.6853
 426.000       0.7089
 427.000       0.6771
 428.000       0.7256
 429.000       0.7541
 430.000       0.7182
 431.000       0.6829
 432.000       0.9060
 433.000       0.8207
 434.000       0.8780
 435.000       0.8303
 436.000       0.6008
 437.000       0.5362
 438.000       0.5757
 439.000       0.5773
 440.000       0.5341
 441.000       0.5515
 442.000       0.6283
 443.000       0.6028
 444.000       0.6019
 445.000       0.6851
 446.000       0.7465
 447.000       0.7186
 448.000       0.7452
 449.000       0.7994
 450.000       0.8643
 451.000       0.8604
 452.000       0.8897
 453.000       1.0451
 454.000       1.2410
 455.000       1.1683
 456.000       1.2959
 457.000       1.1230
 458.000       1.0394
 459.000       1.2079
 460.000       1.3528
 461.000       1.0625
 462.000       1.2035
 463.000       1.4760
 464.000       1.3300
 465.000       1.3709
 466.000       1.5552
 467.000       1.4382
 468.000       1.3659
 469.000       1.5668
 470.000       1.3979
 471.000       1.1423
 472.000       1.2800
 473.000       1.3145
 474.000       1.0600
 475.000       0.8765
 476.000       0.9461
 477.000       1.1702
 478.000       1.1058
 479.000       0.9122
 480.000       0.8200
 481.000       0.8547
 482.000       0.8833
 483.000       0.8097
 484.000       0.6566
 485.000       0.6532
 486.000       0.7622
 487.000       0.7083
 488.000       0.6446
 489.000       0.7306
 490.000       0.7566
 491.000       0.7114
 492.000       0.7303
 493.000       0.8000
 494.000       0.8975
 495.000       0.9544
 496.000       0.9317
 497.000       1.2160
 498.000       1.0939
 499.000       0.9826
 500.000       1.1655
 501.000       1.3217
 502.000       1.7367
 503.000       1.7544
 504.000       1.3141
 505.000       1.2922
 506.000       1.0186
 507.000       1.1447
 508.000       1.2575
 509.000       1.1489
 510.000       0.9331
 511.000       0.9407
 512.000       0.9606
 513.000       0.8707
 514.000       0.7591
 515.000       0.7341
 516.000       0.7584
 517.000       0.7358
 518.000       0.6535
 519.000       0.6409
 520.000       0.6226
 521.000       0.5546
 522.000       0.5998
 523.000       0.6425
 524.000       0.6289
 525.000       0.6301
 526.000       0.6962
 527.000       0.7679
 528.000       0.6686
 529.000       0.7134
 530.000       0.8776
 531.000       0.9234
 532.000       0.8578
 533.000       1.1526
 534.000       1.4123
 535.000       1.4248
 536.000       1.4990
 537.000       2.0283
 538.000       2.6425
 539.000       3.3335
 540.000       3.2850
 541.000       2.7149
 542.000       2.9636
 543.000       2.8860
 544.000       2.1856
 545.000       2.1174
 546.000       2.5962
 547.000       2.2066
 548.000       1.7869
 549.000       2.1147
 550.000       2.8498
 551.000       3.6619
 555.000      51.7709
