#Res        AtomicFlx
   1.000       2.7728
   2.000       2.4383
   3.000       1.5831
   4.000       1.1609
   5.000       1.5229
   6.000       1.0408
   7.000       0.8866
   8.000       0.8718
   9.000       0.8469
  10.000       0.6887
  11.000       0.5998
  12.000       0.6815
  13.000       0.6228
  14.000       0.5260
  15.000       0.5469
  16.000       0.6602
  17.000       0.6279
  18.000       0.5463
  19.000       0.4898
  20.000       0.6046
  21.000       0.7230
  22.000       0.7694
  23.000       0.5954
  24.000       0.7741
  25.000       1.0214
  26.000       0.6712
  27.000       0.5706
  28.000       0.7286
  29.000       0.9904
  30.000       0.5841
  31.000       0.8767
  32.000       1.2850
  33.000       0.9961
  34.000       0.7192
  35.000       1.0306
  36.000       0.9883
  37.000       1.0123
  38.000       0.9850
  39.000       0.7767
  40.000       0.7721
  41.000       0.8563
  42.000       0.7125
  43.000       0.6309
  44.000       0.7847
  45.000       0.8310
  46.000       0.7561
  47.000       0.8018
  48.000       1.0742
  49.000       1.2354
  50.000       1.1616
  51.000       0.8928
  52.000       0.9083
  53.000       0.9985
  54.000       0.9935
  55.000       0.8499
  56.000       0.8193
  57.000       0.8715
  58.000       1.0038
  59.000       0.7938
  60.000       0.8581
  61.000       0.9903
  62.000       0.8387
  63.000       1.0421
  64.000       1.5337
  65.000       1.1414
  66.000       1.0903
  67.000       0.9202
  68.000       1.0716
  69.000       1.0767
  70.000       0.9010
  71.000       1.0131
  72.000       0.9039
  73.000       1.0583
  74.000       1.7700
  75.000       1.6871
  76.000       1.1674
  77.000       1.0580
  78.000       0.7970
  79.000       0.7684
  80.000       0.6704
  81.000       0.6549
  82.000       0.6706
  83.000       0.6215
  84.000       0.6027
  85.000       0.6725
  86.000       0.6834
  87.000       0.6673
  88.000       0.6428
  89.000       0.7984
  90.000       0.9196
  91.000       0.8529
  92.000       0.8217
  93.000       1.0353
  94.000       1.0789
  95.000       0.9094
  96.000       0.9225
  97.000       0.8451
  98.000       0.8170
  99.000       0.8781
 100.000       0.7966
 101.000       0.5984
 102.000       0.5834
 103.000       0.5449
 104.000       0.5031
 105.000       0.4977
 106.000       0.5218
 107.000       0.4744
 108.000       0.4720
 109.000       0.5456
 110.000       0.5785
 111.000       0.5607
 112.000       0.6711
 113.000       0.7623
 114.000       0.8660
 115.000       0.7641
 116.000       0.6214
 117.000       0.6582
 118.000       0.6912
 119.000       0.7600
 120.000       0.7616
 121.000       1.0471
 122.000       2.0365
 123.000       2.4976
 124.000       4.3416
 125.000       5.1520
 126.000       5.7938
 127.000       4.3734
 128.000       3.5784
 129.000       3.5705
 130.000       2.3780
 131.000       1.9090
 132.000       1.3017
 133.000       0.8771
 134.000       0.8535
 135.000       1.0887
 136.000       1.4760
 137.000       1.5519
 138.000       1.2529
 139.000       1.3996
 140.000       1.8018
 141.000       1.7051
 142.000       1.7501
 143.000       1.5729
 144.000       1.4257
 145.000       1.4010
 146.000       1.2246
 147.000       0.9887
 148.000       0.8474
 149.000       0.9500
 150.000       0.9881
 151.000       0.8141
 152.000       0.8523
 153.000       1.0467
 154.000       1.0525
 155.000       0.9278
 156.000       0.8426
 157.000       1.2184
 158.000       2.4767
 159.000       1.9085
 160.000       1.8807
 161.000       1.7686
 162.000       2.2749
 163.000       1.6436
 164.000       0.9337
 165.000       0.7509
 166.000       0.6508
 167.000       0.7413
 168.000       0.7980
 169.000       0.7194
 170.000       0.6903
 171.000       0.8303
 172.000       0.9004
 173.000       0.9157
 174.000       0.9070
 175.000       0.8674
 176.000       0.9056
 177.000       1.0177
 178.000       1.0843
 179.000       1.1950
 180.000       1.2609
 181.000       1.2379
 182.000       1.4380
 183.000       1.7472
 184.000       1.3881
 185.000       1.3374
 186.000       1.0702
 187.000       0.8709
 188.000       1.0259
 189.000       0.9632
 190.000       0.8603
 191.000       0.7512
 192.000       0.7276
 193.000       0.6861
 194.000       0.5754
 195.000       0.5944
 196.000       0.6332
 197.000       0.5854
 198.000       0.5369
 199.000       0.5481
 200.000       0.6136
 201.000       0.5887
 202.000       0.6063
 203.000       0.6565
 204.000       0.8079
 205.000       0.8389
 206.000       0.7420
 207.000       0.8973
 208.000       1.1487
 209.000       1.1504
 210.000       1.5582
 211.000       1.6538
 212.000       1.3895
 213.000       1.3921
 214.000       1.3788
 215.000       1.2879
 216.000       1.1146
 217.000       1.3882
 218.000       1.2808
 219.000       1.1186
 220.000       1.1306
 221.000       1.3617
 222.000       0.8591
 223.000       0.6674
 224.000       0.5867
 225.000       0.5716
 226.000       0.6131
 227.000       0.5959
 228.000       0.5646
 229.000       0.5589
 230.000       0.5689
 231.000       0.5639
 232.000       0.6030
 233.000       0.6553
 234.000       0.6420
 235.000       0.6641
 236.000       0.7494
 237.000       0.8674
 238.000       0.6936
 239.000       0.7422
 240.000       0.7355
 241.000       0.6373
 242.000       0.7206
 243.000       0.7276
 244.000       0.6431
 245.000       0.6694
 246.000       0.7361
 247.000       0.7100
 248.000       0.6904
 249.000       0.7391
 250.000       0.7674
 251.000       0.8389
 252.000       0.9857
 253.000       1.1506
 254.000       1.1202
 255.000       0.9136
 256.000       1.0195
 257.000       1.2743
 258.000       0.9991
 259.000       0.8784
 260.000       0.7775
 261.000       0.6614
 262.000       0.6247
 263.000       0.6465
 264.000       0.6114
 265.000       0.5557
 266.000       0.5747
 267.000       0.6056
 268.000       0.5818
 269.000       0.5904
 270.000       0.6141
 271.000       0.6829
 272.000       0.6215
 273.000       0.8056
 274.000       0.9785
 275.000       1.0103
 276.000       1.2372
 277.000       1.1945
 278.000       0.9967
 279.000       0.8216
 280.000       0.7661
 281.000       0.6635
 282.000       0.6874
 283.000       0.7933
 284.000       0.7664
 285.000       0.7801
 286.000       0.9173
 287.000       0.9364
 288.000       1.1327
 289.000       1.1352
 290.000       1.1328
 291.000       1.1012
 292.000       0.9014
 293.000       0.7843
 294.000       0.8967
 295.000       0.7760
 296.000       0.6430
 297.000       0.6457
 298.000       0.6795
 299.000       0.6390
 300.000       0.5309
 301.000       0.5862
 302.000       0.6051
 303.000       0.5678
 304.000       0.5333
 305.000       0.5511
 306.000       0.5784
 307.000       0.5559
 308.000       0.5389
 309.000       0.5830
 310.000       0.5865
 311.000       0.5709
 312.000       0.5693
 313.000       0.5611
 314.000       0.5451
 315.000       0.4986
 316.000       0.5187
 317.000       0.5246
 318.000       0.5980
 319.000       0.6586
 320.000       0.6060
 321.000       0.5737
 322.000       0.6154
 323.000       0.6479
 324.000       0.6363
 325.000       0.6487
 326.000       0.6710
 327.000       0.8068
 328.000       0.8018
 329.000       0.8402
 330.000       0.7488
 331.000       0.8496
 332.000       0.8404
 333.000       0.7060
 334.000       0.6974
 335.000       0.7456
 336.000       0.9140
 337.000       0.9115
 338.000       0.8212
 339.000       0.6890
 340.000       0.6678
 341.000       0.6711
 342.000       0.5776
 343.000       0.5716
 344.000       0.6406
 345.000       0.6073
 346.000       0.6249
 347.000       0.5940
 348.000       0.5966
 349.000       0.6123
 350.000       0.6625
 351.000       0.6909
 352.000       0.7347
 353.000       0.7829
 354.000       0.8055
 355.000       0.6419
 356.000       0.6706
 357.000       0.7212
 358.000       0.6047
 359.000       0.5252
 360.000       0.5556
 361.000       0.5724
 362.000       0.4920
 363.000       0.4599
 364.000       0.5000
 365.000       0.5264
 366.000       0.5160
 367.000       0.4838
 368.000       0.5526
 369.000       0.5784
 370.000       0.6105
 371.000       0.5327
 372.000       0.5840
 373.000       0.6209
 374.000       0.5661
 375.000       0.7152
 376.000       0.6242
 377.000       0.6201
 378.000       0.6336
 379.000       0.6939
 380.000       0.6638
 381.000       0.6867
 382.000       0.7304
 383.000       0.7794
 384.000       0.8343
 385.000       0.7806
 386.000       0.8706
 387.000       0.9600
 388.000       0.9685
 389.000       1.0637
 390.000       1.1970
 391.000       1.6184
 392.000       1.3720
 393.000       1.3756
 394.000       0.9783
 395.000       1.1830
 396.000       1.1564
 397.000       0.9264
 398.000       0.8502
 399.000       0.8810
 400.000       0.8020
 401.000       0.7170
 402.000       0.6872
 403.000       0.6630
 404.000       0.7149
 405.000       0.6831
 406.000       0.6250
 407.000       0.6572
 408.000       0.7313
 409.000       0.7025
 410.000       0.6400
 411.000       0.7479
 412.000       0.7986
 413.000       0.7139
 414.000       0.7617
 415.000       0.7860
 416.000       0.6817
 417.000       0.7514
 418.000       0.7651
 419.000       0.9134
 420.000       0.8801
 421.000       0.7785
 422.000       0.8361
 423.000       0.8262
 424.000       0.7682
 425.000       0.8024
 426.000       0.9250
 427.000       0.9313
 428.000       0.8914
 429.000       0.9680
 430.000       1.0665
 431.000       0.9828
 432.000       1.0621
 433.000       1.1517
 434.000       1.1473
 435.000       1.0335
 436.000       0.8600
 437.000       0.8317
 438.000       0.7401
 439.000       0.7173
 440.000       0.6976
 441.000       0.8048
 442.000       0.7975
 443.000       0.7169
 444.000       0.7466
 445.000       0.9224
 446.000       0.9347
 447.000       0.8370
 448.000       0.9612
 449.000       1.0543
 450.000       1.0204
 451.000       1.1052
 452.000       1.2226
 453.000       1.1591
 454.000       1.1634
 455.000       1.2652
 456.000       1.1991
 457.000       1.0372
 458.000       1.0195
 459.000       1.1135
 460.000       1.0946
 461.000       0.9679
 462.000       1.0754
 463.000       1.3674
 464.000       1.4127
 465.000       1.3661
 466.000       1.4299
 467.000       1.2664
 468.000       1.2125
 469.000       1.1645
 470.000       1.1746
 471.000       1.2289
 472.000       1.3727
 473.000       1.0757
 474.000       0.8641
 475.000       1.0398
 476.000       0.9916
 477.000       0.9316
 478.000       1.0321
 479.000       0.9878
 480.000       0.9037
 481.000       0.9799
 482.000       0.9433
 483.000       0.8908
 484.000       0.7798
 485.000       0.7548
 486.000       0.7815
 487.000       0.7043
 488.000       0.6668
 489.000       0.7519
 490.000       0.7461
 491.000       0.6899
 492.000       0.7643
 493.000       0.8483
 494.000       0.9099
 495.000       0.9754
 496.000       1.0101
 497.000       1.2664
 498.000       1.1779
 499.000       1.1074
 500.000       1.1831
 501.000       1.2361
 502.000       1.6141
 503.000       1.9051
 504.000       1.6463
 505.000       1.5272
 506.000       1.1773
 507.000       1.2971
 508.000       1.3876
 509.000       1.2621
 510.000       1.0166
 511.000       1.0699
 512.000       1.1388
 513.000       0.9381
 514.000       0.8615
 515.000       0.9801
 516.000       0.9230
 517.000       0.8115
 518.000       1.0005
 519.000       1.1582
 520.000       0.9305
 521.000       0.9575
 522.000       0.9977
 523.000       1.0869
 524.000       0.9760
 525.000       0.8308
 526.000       1.0766
 527.000       1.1759
 528.000       0.9773
 529.000       1.0578
 530.000       1.3783
 531.000       1.4056
 532.000       1.2822
 533.000       1.5780
 534.000       1.8811
 535.000       1.8773
 536.000       1.8750
 537.000       2.3992
 538.000       2.7806
 539.000       3.4386
 540.000       3.4803
 541.000       3.0833
 542.000       3.2526
 543.000       2.9771
 544.000       2.4051
 545.000       2.4150
 546.000       2.6229
 547.000       2.1557
 548.000       1.8463
 549.000       2.1370
 550.000       2.3153
 551.000       2.8844
 553.000      52.0775
