#Res        AtomicFlx
   1.000       2.2726
   2.000       1.7145
   3.000       1.1466
   4.000       1.0965
   5.000       1.6206
   6.000       1.3952
   7.000       1.3622
   8.000       1.1322
   9.000       1.0845
  10.000       0.8302
  11.000       0.7586
  12.000       0.8986
  13.000       0.8149
  14.000       0.5780
  15.000       0.6180
  16.000       0.7800
  17.000       0.6927
  18.000       0.5515
  19.000       0.5429
  20.000       0.6664
  21.000       0.7611
  22.000       0.7110
  23.000       0.5577
  24.000       0.6667
  25.000       0.6947
  26.000       0.5907
  27.000       0.5418
  28.000       0.6062
  29.000       0.6089
  30.000       0.5451
  31.000       0.5777
  32.000       0.6374
  33.000       0.6510
  34.000       0.6276
  35.000       0.7482
  36.000       0.7168
  37.000       0.7346
  38.000       0.7288
  39.000       0.6517
  40.000       0.6876
  41.000       0.7026
  42.000       0.5597
  43.000       0.5082
  44.000       0.5929
  45.000       0.5916
  46.000       0.5379
  47.000       0.5293
  48.000       0.6115
  49.000       0.6626
  50.000       0.6551
  51.000       0.5597
  52.000       0.5477
  53.000       0.5911
  54.000       0.5715
  55.000       0.5149
  56.000       0.5479
  57.000       0.5911
  58.000       0.5696
  59.000       0.5630
  60.000       0.5772
  61.000       0.5663
  62.000       0.5803
  63.000       0.6405
  64.000       0.7723
  65.000       0.9181
  66.000       0.8202
  67.000       0.7695
  68.000       0.7494
  69.000       0.7252
  70.000       0.6557
  71.000       0.6785
  72.000       0.6322
  73.000       0.6738
  74.000       0.9936
  75.000       0.8959
  76.000       0.9160
  77.000       0.9400
  78.000       0.7093
  79.000       0.6421
  80.000       0.6113
  81.000       0.5552
  82.000       0.5200
  83.000       0.5524
  84.000       0.5599
  85.000       0.5593
  86.000       0.6490
  87.000       0.7131
  88.000       0.5915
  89.000       0.6463
  90.000       0.8607
  91.000       0.8002
  92.000       0.6457
  93.000       0.7631
  94.000       0.8243
  95.000       0.7251
  96.000       0.7344
  97.000       0.6462
  98.000       0.5963
  99.000       0.6192
 100.000       0.5965
 101.000       0.5374
 102.000       0.5114
 103.000       0.5190
 104.000       0.4901
 105.000       0.4664
 106.000       0.5054
 107.000       0.4741
 108.000       0.4697
 109.000       0.5396
 110.000       0.5848
 111.000       0.5666
 112.000       0.6904
 113.000       0.7792
 114.000       0.8785
 115.000       0.7454
 116.000       0.6155
 117.000       0.6671
 118.000       0.6506
 119.000       0.7083
 120.000       0.8413
 121.000       0.9597
 122.000       1.4361
 123.000       2.0143
 124.000       3.1077
 125.000       3.6883
 126.000       3.3060
 127.000       2.5739
 128.000       2.3979
 129.000       1.9174
 130.000       1.3293
 131.000       1.6094
 132.000       1.8814
 133.000       1.8899
 134.000       2.0630
 135.000       2.6092
 136.000       3.6520
 137.000       5.4351
 138.000       5.7311
 139.000       4.5403
 140.000       5.0103
 141.000       5.9367
 142.000       5.9555
 143.000       4.0364
 144.000       2.9399
 145.000       2.8956
 146.000       1.8898
 147.000       1.4476
 148.000       1.4590
 149.000       1.6207
 150.000       1.4098
 151.000       1.0770
 152.000       1.1839
 153.000       1.4416
 154.000       1.3411
 155.000       1.2297
 156.000       1.4792
 157.000       1.6872
 158.000       2.4164
 159.000       2.8664
 160.000       2.4324
 161.000       1.7440
 162.000       1.4204
 163.000       1.0644
 164.000       0.7912
 165.000       0.7227
 166.000       0.5974
 167.000       0.7985
 168.000       0.9366
 169.000       0.8004
 170.000       0.7895
 171.000       1.2042
 172.000       1.4296
 173.000       0.9753
 174.000       0.8733
 175.000       0.8708
 176.000       1.0915
 177.000       1.1357
 178.000       1.0779
 179.000       1.1921
 180.000       1.1424
 181.000       0.9769
 182.000       1.2575
 183.000       1.5650
 184.000       1.7421
 185.000       1.8366
 186.000       1.4547
 187.000       1.2772
 188.000       0.9617
 189.000       0.8914
 190.000       0.7918
 191.000       0.6920
 192.000       0.7073
 193.000       0.6919
 194.000       0.5802
 195.000       0.5795
 196.000       0.6544
 197.000       0.6239
 198.000       0.6037
 199.000       0.5915
 200.000       0.6523
 201.000       0.6515
 202.000       0.6056
 203.000       0.6462
 204.000       0.7240
 205.000       0.7213
 206.000       0.7074
 207.000       0.9815
 208.000       1.3212
 209.000       1.2220
 210.000       1.4652
 211.000       1.5934
 212.000       1.1423
 213.000       0.8896
 214.000       1.2479
 215.000       0.9823
 216.000       0.8167
 217.000       0.7856
 218.000       0.7833
 219.000       0.6398
 220.000       0.5724
 221.000       0.6454
 222.000       0.6943
 223.000       0.7129
 224.000       0.6365
 225.000       0.5877
 226.000       0.6429
 227.000       0.6374
 228.000       0.6042
 229.000       0.6108
 230.000       0.6760
 231.000       0.6556
 232.000       0.6888
 233.000       0.7493
 234.000       0.9039
 235.000       0.7859
 236.000       0.9448
 237.000       1.1252
 238.000       0.8288
 239.000       0.8801
 240.000       0.8137
 241.000       0.7666
 242.000       0.7671
 243.000       0.7283
 244.000       0.6616
 245.000       0.6463
 246.000       0.7024
 247.000       0.6694
 248.000       0.6173
 249.000       0.6971
 250.000       0.7249
 251.000       0.7895
 252.000       0.9137
 253.000       1.0762
 254.000       0.9894
 255.000       0.7716
 256.000       0.8552
 257.000       1.1612
 258.000       0.8189
 259.000       0.7750
 260.000       0.6944
 261.000       0.5820
 262.000       0.5574
 263.000       0.5673
 264.000       0.5306
 265.000       0.5026
 266.000       0.4942
 267.000       0.4992
 268.000       0.4658
 269.000       0.4824
 270.000       0.4693
 271.000       0.4701
 272.000       0.4681
 273.000       0.5129
 274.000       0.7210
 275.000       0.8717
 276.000       0.7771
 277.000       0.8932
 278.000       0.6636
 279.000       0.5977
 280.000       0.6109
 281.000       0.5206
 282.000       0.5945
 283.000       0.6662
 284.000       0.6452
 285.000       0.6849
 286.000       0.7647
 287.000       0.7924
 288.000       0.9866
 289.000       0.9509
 290.000       0.9968
 291.000       1.0453
 292.000       1.0437
 293.000       1.0009
 294.000       0.8784
 295.000       0.7961
 296.000       0.7775
 297.000       0.6648
 298.000       0.6032
 299.000       0.6321
 300.000       0.5502
 301.000       0.5536
 302.000       0.5939
 303.000       0.5611
 304.000       0.5132
 305.000       0.5566
 306.000       0.6062
 307.000       0.5710
 308.000       0.5347
 309.000       0.5791
 310.000       0.6267
 311.000       0.6299
 312.000       0.6018
 313.000       0.6158
 314.000       0.6247
 315.000       0.5653
 316.000       0.5672
 317.000       0.6165
 318.000       0.6949
 319.000       0.7034
 320.000       0.6871
 321.000       0.6921
 322.000       0.7277
 323.000       0.7415
 324.000       0.8168
 325.000       0.9584
 326.000       1.0032
 327.000       1.0209
 328.000       0.9509
 329.000       0.9035
 330.000       0.7745
 331.000       0.8386
 332.000       0.8506
 333.000       0.7511
 334.000       0.7245
 335.000       0.7444
 336.000       0.7592
 337.000       0.9056
 338.000       0.8361
 339.000       0.7358
 340.000       0.7001
 341.000       0.6714
 342.000       0.6164
 343.000       0.6527
 344.000       0.7295
 345.000       0.6922
 346.000       0.6926
 347.000       0.6977
 348.000       0.7115
 349.000       0.7088
 350.000       0.6656
 351.000       0.7075
 352.000       0.7845
 353.000       0.9715
 354.000       0.9852
 355.000       0.7195
 356.000       0.6537
 357.000       0.6821
 358.000       0.6247
 359.000       0.5380
 360.000       0.5511
 361.000       0.5780
 362.000       0.5101
 363.000       0.4648
 364.000       0.5163
 365.000       0.5434
 366.000       0.5249
 367.000       0.4780
 368.000       0.5499
 369.000       0.6659
 370.000       0.7015
 371.000       0.6452
 372.000       0.7851
 373.000       0.7673
 374.000       0.5501
 375.000       0.5035
 376.000       0.5338
 377.000       0.6692
 378.000       0.6236
 379.000       0.6485
 380.000       0.7131
 381.000       0.6783
 382.000       0.7434
 383.000       0.8979
 384.000       0.9785
 385.000       1.1130
 386.000       1.2344
 387.000       1.3476
 388.000       1.3223
 389.000       1.4998
 390.000       1.6461
 391.000       2.2437
 392.000       1.8494
 393.000       1.8486
 394.000       1.4052
 395.000       1.5555
 396.000       1.3256
 397.000       1.0356
 398.000       0.9077
 399.000       0.8874
 400.000       0.8489
 401.000       0.7574
 402.000       0.7066
 403.000       0.7092
 404.000       0.7096
 405.000       0.6469
 406.000       0.6372
 407.000       0.6745
 408.000       0.6857
 409.000       0.6593
 410.000       0.6555
 411.000       0.7746
 412.000       0.7889
 413.000       0.7073
 414.000       0.8027
 415.000       0.8586
 416.000       0.7922
 417.000       0.8061
 418.000       0.8209
 419.000       0.9868
 420.000       0.8411
 421.000       0.8097
 422.000       0.8634
 423.000       0.8419
 424.000       0.8000
 425.000       0.8410
 426.000       0.8761
 427.000       0.8705
 428.000       0.8512
 429.000       0.8891
 430.000       0.8965
 431.000       0.8841
 432.000       1.0728
 433.000       1.3841
 434.000       1.3249
 435.000       0.9950
 436.000       0.7757
 437.000       0.7037
 438.000       0.7129
 439.000       0.7863
 440.000       0.6831
 441.000       0.6885
 442.000       0.7946
 443.000       0.7446
 444.000       0.7237
 445.000       0.7778
 446.000       0.8498
 447.000       0.8455
 448.000       0.7833
 449.000       0.8033
 450.000       0.9236
 451.000       0.9679
 452.000       0.9429
 453.000       0.9683
 454.000       0.9190
 455.000       0.9687
 456.000       1.0006
 457.000       0.9033
 458.000       0.8911
 459.000       1.0711
 460.000       1.1443
 461.000       0.8659
 462.000       1.1280
 463.000       1.4217
 464.000       1.2811
 465.000       1.3382
 466.000       1.4758
 467.000       1.3114
 468.000       1.1458
 469.000       1.1194
 470.000       1.0967
 471.000       0.9609
 472.000       0.8525
 473.000       0.8081
 474.000       0.8105
 475.000       0.7829
 476.000       0.6743
 477.000       0.6478
 478.000       0.7387
 479.000       0.7535
 480.000       0.6880
 481.000       0.6395
 482.000       0.6957
 483.000       0.6933
 484.000       0.5792
 485.000       0.6106
 486.000       0.6968
 487.000       0.6460
 488.000       0.6154
 489.000       0.7263
 490.000       0.7582
 491.000       0.7353
 492.000       0.7531
 493.000       0.8099
 494.000       0.9162
 495.000       0.9783
 496.000       0.9431
 497.000       1.2589
 498.000       1.0895
 499.000       1.1145
 500.000       1.2209
 501.000       1.2596
 502.000       1.5537
 503.000       2.0887
 504.000       1.3908
 505.000       1.3999
 506.000       1.1163
 507.000       1.2070
 508.000       1.3523
 509.000       1.2321
 510.000       0.9682
 511.000       1.0203
 512.000       1.0557
 513.000       0.8648
 514.000       0.7800
 515.000       0.8143
 516.000       0.7724
 517.000       0.7397
 518.000       0.7281
 519.000       0.8380
 520.000       0.6597
 521.000       0.6773
 522.000       0.7303
 523.000       0.7569
 524.000       0.7287
 525.000       0.6095
 526.000       0.8012
 527.000       0.9669
 528.000       0.8100
 529.000       0.7867
 530.000       1.0357
 531.000       1.1260
 532.000       1.0010
 533.000       1.1107
 534.000       1.3776
 535.000       1.4341
 536.000       1.3585
 537.000       1.6665
 538.000       1.7869
 539.000       2.1329
 540.000       2.0120
 541.000       1.7808
 542.000       1.7722
 543.000       1.6915
 544.000       1.4393
 545.000       1.3111
 546.000       1.3887
 547.000       1.3181
 548.000       1.1366
 549.000       1.1672
 550.000       1.3004
 551.000       1.5677
 555.000      50.9598
