#Res        AtomicFlx
   1.000       5.0673
   2.000       3.6748
   3.000       1.7914
   4.000       1.4085
   5.000       1.5339
   6.000       1.1400
   7.000       1.0030
   8.000       0.9271
   9.000       0.8821
  10.000       0.7704
  11.000       0.7389
  12.000       0.7177
  13.000       0.6341
  14.000       0.6266
  15.000       0.6416
  16.000       0.6235
  17.000       0.6034
  18.000       0.6447
  19.000       0.6173
  20.000       0.7458
  21.000       0.6725
  22.000       0.7485
  23.000       0.6491
  24.000       0.7098
  25.000       0.8131
  26.000       0.7106
  27.000       0.6048
  28.000       0.6571
  29.000       1.0658
  30.000       0.6636
  31.000       1.0343
  32.000       1.4330
  33.000       1.1503
  34.000       0.8152
  35.000       1.1769
  36.000       0.9796
  37.000       1.1008
  38.000       1.2152
  39.000       0.9202
  40.000       0.9969
  41.000       1.0317
  42.000       0.8769
  43.000       0.7923
  44.000       1.0257
  45.000       1.1236
  46.000       0.9939
  47.000       0.9634
  48.000       1.2160
  49.000       1.3711
  50.000       1.1804
  51.000       0.8984
  52.000       0.8807
  53.000       0.9256
  54.000       0.8971
  55.000       0.7763
  56.000       0.7944
  57.000       0.8257
  58.000       0.7792
  59.000       0.6955
  60.000       0.7646
  61.000       0.8495
  62.000       0.8142
  63.000       0.8355
  64.000       1.0026
  65.000       1.3336
  66.000       0.9804
  67.000       0.9378
  68.000       1.0641
  69.000       1.2657
  70.000       1.0017
  71.000       0.9329
  72.000       0.9232
  73.000       1.0706
  74.000       1.4995
  75.000       2.2367
  76.000       1.5955
  77.000       1.7446
  78.000       1.5474
  79.000       0.9916
  80.000       0.8007
  81.000       0.8218
  82.000       0.8425
  83.000       0.8327
  84.000       0.7590
  85.000       0.7847
  86.000       0.7574
  87.000       0.7317
  88.000       0.7075
  89.000       0.6430
  90.000       0.6864
  91.000       0.6795
  92.000       0.5999
  93.000       0.6442
  94.000       0.6345
  95.000       0.6289
  96.000       0.6499
  97.000       0.6127
  98.000       0.5635
  99.000       0.5608
 100.000       0.6023
 101.000       0.5982
 102.000       0.5686
 103.000       0.5658
 104.000       0.5598
 105.000       0.5699
 106.000       0.5723
 107.000       0.5329
 108.000       0.5561
 109.000       0.6126
 110.000       0.6145
 111.000       0.5999
 112.000       0.7232
 113.000       0.8532
 114.000       0.9870
 115.000       0.8479
 116.000       0.6589
 117.000       0.7282
 118.000       0.7616
 119.000       0.8610
 120.000       0.9580
 121.000       0.9537
 122.000       1.1942
 123.000       1.0298
 124.000       1.2565
 125.000       1.1648
 126.000       1.0369
 127.000       1.1776
 128.000       1.2489
 129.000       1.3681
 130.000       1.3310
 131.000       1.7848
 132.000       2.8874
 133.000       2.9825
 134.000       3.0810
 135.000       3.5752
 136.000       4.0662
 137.000       5.4359
 138.000       6.3559
 139.000       5.4832
 140.000       3.8793
 141.000       4.1807
 142.000       3.5891
 143.000       2.7744
 144.000       1.8245
 145.000       1.9539
 146.000       2.3823
 147.000       2.2124
 148.000       2.2005
 149.000       2.7546
 150.000       2.7218
 151.000       2.4791
 152.000       2.9321
 153.000       3.1584
 154.000       2.7485
 155.000       3.0102
 156.000       2.5183
 157.000       2.9737
 158.000       3.9318
 159.000       2.9953
 160.000       3.1024
 161.000       2.0322
 162.000       1.3781
 163.000       1.0497
 164.000       0.7784
 165.000       0.6962
 166.000       0.6376
 167.000       0.7514
 168.000       0.7940
 169.000       0.7933
 170.000       1.0687
 171.000       0.8319
 172.000       0.8080
 173.000       0.8804
 174.000       1.1933
 175.000       0.8292
 176.000       0.8652
 177.000       0.9641
 178.000       0.9455
 179.000       1.2571
 180.000       1.1643
 181.000       0.9219
 182.000       1.0271
 183.000       1.0360
 184.000       0.9244
 185.000       1.1057
 186.000       1.2945
 187.000       1.2118
 188.000       0.8723
 189.000       0.8601
 190.000       0.8441
 191.000       0.7050
 192.000       0.7027
 193.000       0.7233
 194.000       0.6272
 195.000       0.6229
 196.000       0.6999
 197.000       0.7212
 198.000       0.6756
 199.000       0.7062
 200.000       0.7673
 201.000       0.7949
 202.000       0.8001
 203.000       0.8257
 204.000       0.9877
 205.000       1.0161
 206.000       0.9164
 207.000       1.0722
 208.000       1.1443
 209.000       1.0422
 210.000       1.0864
 211.000       1.1163
 212.000       0.9781
 213.000       0.9731
 214.000       0.8659
 215.000       0.7889
 216.000       0.8448
 217.000       0.9438
 218.000       0.8688
 219.000       0.7271
 220.000       1.0180
 221.000       1.3868
 222.000       1.2359
 223.000       0.9686
 224.000       0.8127
 225.000       0.6960
 226.000       0.7599
 227.000       0.7400
 228.000       0.6766
 229.000       0.6840
 230.000       0.7556
 231.000       0.7183
 232.000       0.7556
 233.000       0.8686
 234.000       0.9327
 235.000       0.9473
 236.000       1.0879
 237.000       1.4077
 238.000       1.2535
 239.000       1.2710
 240.000       1.0274
 241.000       0.7755
 242.000       1.0034
 243.000       1.0040
 244.000       0.7722
 245.000       0.7980
 246.000       0.9840
 247.000       0.8608
 248.000       0.7493
 249.000       0.9940
 250.000       1.0280
 251.000       1.0489
 252.000       1.1714
 253.000       1.3106
 254.000       1.3025
 255.000       1.1358
 256.000       1.2196
 257.000       1.3379
 258.000       1.0946
 259.000       1.0156
 260.000       0.8833
 261.000       0.7777
 262.000       0.8031
 263.000       0.8194
 264.000       0.7893
 265.000       0.7619
 266.000       0.7457
 267.000       0.8497
 268.000       0.9765
 269.000       0.8366
 270.000       0.6765
 271.000       0.6350
 272.000       0.7440
 273.000       0.9912
 274.000       1.1768
 275.000       1.0866
 276.000       1.3696
 277.000       1.0047
 278.000       1.0606
 279.000       0.8105
 280.000       0.7018
 281.000       0.6690
 282.000       0.7123
 283.000       0.6778
 284.000       0.6877
 285.000       0.7667
 286.000       0.8755
 287.000       0.8915
 288.000       1.0119
 289.000       1.1058
 290.000       0.9475
 291.000       0.8785
 292.000       0.7963
 293.000       0.7707
 294.000       0.7780
 295.000       0.7887
 296.000       0.7519
 297.000       0.7527
 298.000       0.7936
 299.000       0.7542
 300.000       0.6747
 301.000       0.7571
 302.000       0.8234
 303.000       0.6769
 304.000       0.6210
 305.000       0.7102
 306.000       0.6965
 307.000       0.5888
 308.000       0.5731
 309.000       0.6182
 310.000       0.6094
 311.000       0.5919
 312.000       0.6102
 313.000       0.6150
 314.000       0.6277
 315.000       0.5644
 316.000       0.5805
 317.000       0.6409
 318.000       0.7279
 319.000       0.7090
 320.000       0.7063
 321.000       0.7981
 322.000       0.8583
 323.000       0.8747
 324.000       1.0021
 325.000       1.1379
 326.000       1.1175
 327.000       1.2026
 328.000       1.1357
 329.000       1.1448
 330.000       0.9215
 331.000       1.1265
 332.000       1.1465
 333.000       0.9096
 334.000       0.9363
 335.000       1.0385
 336.000       1.2268
 337.000       1.4802
 338.000       1.0292
 339.000       0.8938
 340.000       0.8787
 341.000       0.7811
 342.000       0.6462
 343.000       0.6711
 344.000       0.8096
 345.000       0.8478
 346.000       0.8085
 347.000       0.7585
 348.000       0.9128
 349.000       1.2295
 350.000       1.2194
 351.000       1.5105
 352.000       2.0371
 353.000       1.6293
 354.000       1.6758
 355.000       1.1438
 356.000       0.8356
 357.000       0.7987
 358.000       0.7646
 359.000       0.6138
 360.000       0.5884
 361.000       0.6054
 362.000       0.5373
 363.000       0.5295
 364.000       0.5622
 365.000       0.5920
 366.000       0.6500
 367.000       0.6072
 368.000       0.5794
 369.000       0.6621
 370.000       0.7340
 371.000       0.6647
 372.000       0.6329
 373.000       0.7208
 374.000       0.7665
 375.000       0.7209
 376.000       0.6329
 377.000       0.7996
 378.000       0.8662
 379.000       0.7275
 380.000       0.6861
 381.000       0.8931
 382.000       0.9753
 383.000       0.8332
 384.000       0.7816
 385.000       1.0921
 386.000       1.2429
 387.000       1.0626
 388.000       1.0133
 389.000       1.3038
 390.000       1.3498
 391.000       1.9375
 392.000       1.9712
 393.000       1.5740
 394.000       1.1588
 395.000       1.5441
 396.000       1.4814
 397.000       1.1214
 398.000       1.0521
 399.000       1.1233
 400.000       1.0709
 401.000       0.9747
 402.000       0.8887
 403.000       0.9309
 404.000       0.9480
 405.000       0.8628
 406.000       0.8498
 407.000       0.8767
 408.000       0.8524
 409.000       0.7945
 410.000       0.7754
 411.000       0.7779
 412.000       0.7253
 413.000       0.7038
 414.000       0.7461
 415.000       0.7616
 416.000       0.6715
 417.000       0.6356
 418.000       0.7039
 419.000       0.7491
 420.000       0.7348
 421.000       0.6738
 422.000       0.7072
 423.000       0.7239
 424.000       0.6588
 425.000       0.6584
 426.000       0.7010
 427.000       0.6879
 428.000       0.6752
 429.000       0.7122
 430.000       0.7201
 431.000       0.6938
 432.000       0.7116
 433.000       0.7774
 434.000       1.0449
 435.000       0.8514
 436.000       0.9471
 437.000       0.8683
 438.000       0.6791
 439.000       0.7335
 440.000       0.7966
 441.000       0.7216
 442.000       0.7407
 443.000       0.7576
 444.000       0.7575
 445.000       0.8393
 446.000       0.9562
 447.000       0.9459
 448.000       0.8971
 449.000       0.9590
 450.000       1.1418
 451.000       1.2347
 452.000       1.1608
 453.000       1.1508
 454.000       1.0702
 455.000       1.1889
 456.000       1.1652
 457.000       0.9845
 458.000       1.0300
 459.000       1.1711
 460.000       1.1787
 461.000       0.9883
 462.000       1.2041
 463.000       1.4545
 464.000       1.3849
 465.000       1.4288
 466.000       1.5821
 467.000       1.6563
 468.000       1.3902
 469.000       1.4918
 470.000       1.4483
 471.000       1.3477
 472.000       1.2434
 473.000       1.1239
 474.000       1.1942
 475.000       1.1658
 476.000       1.0471
 477.000       1.0698
 478.000       1.2214
 479.000       1.0954
 480.000       0.9441
 481.000       0.9462
 482.000       0.8912
 483.000       0.8841
 484.000       0.8033
 485.000       0.7247
 486.000       0.8152
 487.000       0.8350
 488.000       0.7543
 489.000       0.8082
 490.000       0.8922
 491.000       0.8556
 492.000       0.8286
 493.000       0.9361
 494.000       1.0641
 495.000       1.0803
 496.000       1.0268
 497.000       1.2171
 498.000       1.4551
 499.000       2.0727
 500.000       1.6101
 501.000       1.4393
 502.000       1.3098
 503.000       2.2940
 504.000       1.4645
 505.000       1.3184
 506.000       1.0169
 507.000       0.9982
 508.000       1.0753
 509.000       0.9721
 510.000       0.8468
 511.000       0.9120
 512.000       0.9246
 513.000       0.8419
 514.000       0.7952
 515.000       0.8230
 516.000       0.8864
 517.000       0.8763
 518.000       0.8133
 519.000       0.8513
 520.000       0.7555
 521.000       0.8071
 522.000       0.8548
 523.000       0.8451
 524.000       0.8507
 525.000       0.8830
 526.000       1.0201
 527.000       1.0349
 528.000       0.9583
 529.000       1.4693
 530.000       1.6840
 531.000       1.7691
 532.000       1.9149
 533.000       2.6416
 534.000       3.0118
 535.000       2.9727
 536.000       3.5193
 537.000       4.8234
 538.000       4.6810
 539.000       4.8895
 540.000       4.7605
 541.000       4.1757
 542.000       4.3376
 543.000       4.2577
 544.000       3.6959
 545.000       3.4687
 546.000       3.7470
 547.000       3.6059
 548.000       3.0031
 549.000       2.9877
 550.000       3.5475
 551.000       3.9793
 552.000      51.3438
