#Res        AtomicFlx
   1.000       3.4156
   2.000       2.2780
   3.000       1.3738
   4.000       1.2515
   5.000       1.7665
   6.000       1.4444
   7.000       1.2846
   8.000       1.1136
   9.000       1.0188
  10.000       0.8278
  11.000       0.7444
  12.000       0.7285
  13.000       0.6517
  14.000       0.5437
  15.000       0.5517
  16.000       0.6345
  17.000       0.6018
  18.000       0.5410
  19.000       0.4952
  20.000       0.5521
  21.000       0.6275
  22.000       0.6989
  23.000       0.5686
  24.000       0.7383
  25.000       0.9948
  26.000       0.5851
  27.000       0.5297
  28.000       0.5768
  29.000       0.5822
  30.000       0.5476
  31.000       0.5850
  32.000       0.6404
  33.000       0.6561
  34.000       0.6388
  35.000       0.7674
  36.000       0.7568
  37.000       0.7752
  38.000       0.7630
  39.000       0.6742
  40.000       0.7558
  41.000       0.8539
  42.000       0.7469
  43.000       0.6608
  44.000       0.7838
  45.000       0.8461
  46.000       0.7922
  47.000       0.7861
  48.000       0.7800
  49.000       0.8356
  50.000       0.8551
  51.000       0.6332
  52.000       0.5863
  53.000       0.6288
  54.000       0.6603
  55.000       0.6107
  56.000       0.6045
  57.000       0.7565
  58.000       0.8501
  59.000       0.7136
  60.000       0.7241
  61.000       0.7678
  62.000       0.6938
  63.000       0.7151
  64.000       0.8624
  65.000       0.7836
  66.000       0.7227
  67.000       0.6548
  68.000       0.6673
  69.000       0.6411
  70.000       0.6754
  71.000       0.6916
  72.000       0.6654
  73.000       0.8497
  74.000       1.5771
  75.000       1.6669
  76.000       1.2760
  77.000       1.4583
  78.000       1.1149
  79.000       0.8656
  80.000       0.7591
  81.000       0.6332
  82.000       0.6264
  83.000       0.6689
  84.000       0.6301
  85.000       0.6389
  86.000       0.6734
  87.000       0.6898
  88.000       0.6970
  89.000       0.7618
  90.000       0.7474
  91.000       0.7532
  92.000       0.7564
  93.000       0.7288
  94.000       0.7210
  95.000       0.7022
  96.000       0.7299
  97.000       0.6998
  98.000       0.6766
  99.000       0.6903
 100.000       0.6475
 101.000       0.5293
 102.000       0.5092
 103.000       0.4880
 104.000       0.4596
 105.000       0.4603
 106.000       0.4994
 107.000       0.4640
 108.000       0.4701
 109.000       0.5446
 110.000       0.5972
 111.000       0.5971
 112.000       0.6997
 113.000       0.7736
 114.000       0.9057
 115.000       0.9411
 116.000       0.6757
 117.000       0.7642
 118.000       0.7241
 119.000       0.7380
 120.000       0.7251
 121.000       0.7371
 122.000       1.3643
 123.000       1.2277
 124.000       1.5778
 125.000       1.4753
 126.000       1.1484
 127.000       1.3270
 128.000       1.4009
 129.000       1.3361
 130.000       0.9538
 131.000       0.8939
 132.000       0.9843
 133.000       1.0326
 134.000       1.3380
 135.000       2.0791
 136.000       2.9674
 137.000       2.9938
 138.000       2.1787
 139.000       2.4105
 140.000       2.8230
 141.000       2.8950
 142.000       2.6377
 143.000       2.5734
 144.000       2.2057
 145.000       2.1555
 146.000       1.9366
 147.000       1.2657
 148.000       1.4080
 149.000       1.6363
 150.000       1.3323
 151.000       1.0679
 152.000       1.6864
 153.000       2.3788
 154.000       3.3833
 155.000       3.1747
 156.000       3.1535
 157.000       3.6553
 158.000       3.2786
 159.000       3.5435
 160.000       3.1896
 161.000       1.9514
 162.000       1.3264
 163.000       1.0703
 164.000       0.7158
 165.000       0.6222
 166.000       0.5324
 167.000       0.5920
 168.000       0.7237
 169.000       0.6423
 170.000       0.5698
 171.000       0.7043
 172.000       0.7497
 173.000       0.6683
 174.000       0.7044
 175.000       0.8014
 176.000       1.3163
 177.000       1.1703
 178.000       1.3364
 179.000       1.2352
 180.000       1.4245
 181.000       1.0280
 182.000       1.3501
 183.000       1.1763
 184.000       0.8739
 185.000       0.8374
 186.000       0.8428
 187.000       0.8132
 188.000       0.7632
 189.000       0.7632
 190.000       0.7202
 191.000       0.6295
 192.000       0.6294
 193.000       0.6101
 194.000       0.5209
 195.000       0.5463
 196.000       0.6133
 197.000       0.5867
 198.000       0.5534
 199.000       0.5605
 200.000       0.6182
 201.000       0.6148
 202.000       0.5964
 203.000       0.6257
 204.000       0.7126
 205.000       0.6933
 206.000       0.6959
 207.000       0.9613
 208.000       1.1856
 209.000       1.1280
 210.000       1.4931
 211.000       1.6322
 212.000       1.2070
 213.000       0.9741
 214.000       1.2480
 215.000       1.1628
 216.000       0.8229
 217.000       0.7202
 218.000       0.7794
 219.000       0.7482
 220.000       0.7365
 221.000       0.8150
 222.000       0.7457
 223.000       0.7018
 224.000       0.6139
 225.000       0.6275
 226.000       0.7107
 227.000       0.6384
 228.000       0.5843
 229.000       0.6934
 230.000       0.7791
 231.000       0.7221
 232.000       0.7590
 233.000       0.8745
 234.000       0.9166
 235.000       0.8759
 236.000       0.8879
 237.000       0.9873
 238.000       0.7846
 239.000       0.8626
 240.000       0.8084
 241.000       0.7379
 242.000       0.8165
 243.000       0.7726
 244.000       0.6609
 245.000       0.6824
 246.000       0.7696
 247.000       0.7005
 248.000       0.6287
 249.000       0.7334
 250.000       0.7968
 251.000       0.8380
 252.000       1.0097
 253.000       1.1866
 254.000       1.1568
 255.000       0.8578
 256.000       0.9225
 257.000       1.2177
 258.000       0.8971
 259.000       0.8671
 260.000       0.7839
 261.000       0.6571
 262.000       0.6867
 263.000       0.7221
 264.000       0.6189
 265.000       0.5943
 266.000       0.6701
 267.000       0.6421
 268.000       0.5155
 269.000       0.5877
 270.000       0.6787
 271.000       0.5875
 272.000       0.4999
 273.000       0.6261
 274.000       0.7791
 275.000       0.6763
 276.000       0.9050
 277.000       0.6801
 278.000       0.8442
 279.000       0.7586
 280.000       0.9146
 281.000       0.6594
 282.000       0.6604
 283.000       0.8225
 284.000       0.7364
 285.000       0.6868
 286.000       0.8507
 287.000       0.9300
 288.000       1.0038
 289.000       0.9141
 290.000       1.1372
 291.000       1.2301
 292.000       1.3741
 293.000       0.9428
 294.000       0.9477
 295.000       0.7865
 296.000       0.7139
 297.000       0.6997
 298.000       0.7127
 299.000       0.6845
 300.000       0.5530
 301.000       0.6053
 302.000       0.6608
 303.000       0.5714
 304.000       0.5152
 305.000       0.5854
 306.000       0.6079
 307.000       0.5363
 308.000       0.5126
 309.000       0.5794
 310.000       0.6068
 311.000       0.5815
 312.000       0.5733
 313.000       0.6053
 314.000       0.5808
 315.000       0.5079
 316.000       0.5414
 317.000       0.5837
 318.000       0.6054
 319.000       0.6138
 320.000       0.6410
 321.000       0.6664
 322.000       0.7402
 323.000       0.7266
 324.000       0.8424
 325.000       1.0568
 326.000       1.0412
 327.000       1.0353
 328.000       0.9518
 329.000       0.8797
 330.000       0.7306
 331.000       0.7738
 332.000       0.8030
 333.000       0.7084
 334.000       0.6613
 335.000       0.6935
 336.000       0.7276
 337.000       0.7653
 338.000       0.7074
 339.000       0.5904
 340.000       0.5750
 341.000       0.6334
 342.000       0.5749
 343.000       0.5525
 344.000       0.5533
 345.000       0.5526
 346.000       0.5990
 347.000       0.5581
 348.000       0.5668
 349.000       0.5844
 350.000       0.6469
 351.000       0.7572
 352.000       0.8358
 353.000       0.8809
 354.000       0.8136
 355.000       0.6364
 356.000       0.6042
 357.000       0.6721
 358.000       0.6122
 359.000       0.5247
 360.000       0.5513
 361.000       0.5827
 362.000       0.5040
 363.000       0.4856
 364.000       0.5210
 365.000       0.5181
 366.000       0.5202
 367.000       0.4855
 368.000       0.5198
 369.000       0.5436
 370.000       0.6009
 371.000       0.5596
 372.000       0.5994
 373.000       0.4868
 374.000       0.4811
 375.000       0.5030
 376.000       0.4952
 377.000       0.5152
 378.000       0.5159
 379.000       0.5072
 380.000       0.5180
 381.000       0.5717
 382.000       0.5900
 383.000       0.6190
 384.000       0.6588
 385.000       0.7060
 386.000       0.7607
 387.000       0.8006
 388.000       0.8876
 389.000       1.0677
 390.000       1.4950
 391.000       1.7649
 392.000       1.4761
 393.000       1.4396
 394.000       1.0546
 395.000       1.0927
 396.000       1.3134
 397.000       1.1418
 398.000       0.8417
 399.000       0.9178
 400.000       0.9461
 401.000       0.7214
 402.000       0.6233
 403.000       0.6983
 404.000       0.7647
 405.000       0.6705
 406.000       0.6444
 407.000       0.7093
 408.000       0.7356
 409.000       0.6615
 410.000       0.6279
 411.000       0.7218
 412.000       0.7131
 413.000       0.6278
 414.000       0.6833
 415.000       0.7049
 416.000       0.6301
 417.000       0.6670
 418.000       0.6375
 419.000       0.6741
 420.000       0.7479
 421.000       0.6821
 422.000       0.6647
 423.000       0.6401
 424.000       0.6467
 425.000       0.6441
 426.000       0.7198
 427.000       0.7215
 428.000       0.7493
 429.000       0.8084
 430.000       0.9878
 431.000       1.2006
 432.000       1.4076
 433.000       1.4011
 434.000       1.3085
 435.000       1.4827
 436.000       1.1894
 437.000       1.0349
 438.000       0.7564
 439.000       0.6800
 440.000       0.5844
 441.000       0.6658
 442.000       0.6982
 443.000       0.6398
 444.000       0.6190
 445.000       0.6885
 446.000       0.8060
 447.000       0.8134
 448.000       0.8076
 449.000       0.8500
 450.000       0.9344
 451.000       0.9464
 452.000       1.0186
 453.000       1.0455
 454.000       1.0758
 455.000       1.2417
 456.000       1.2342
 457.000       1.0654
 458.000       1.0135
 459.000       1.1233
 460.000       1.1955
 461.000       0.8328
 462.000       0.9168
 463.000       1.3281
 464.000       1.2651
 465.000       1.2305
 466.000       1.3789
 467.000       1.1453
 468.000       0.9563
 469.000       1.0329
 470.000       1.1751
 471.000       1.2918
 472.000       1.1730
 473.000       0.8649
 474.000       1.0650
 475.000       1.1913
 476.000       0.9082
 477.000       1.0572
 478.000       1.4287
 479.000       1.2039
 480.000       0.8526
 481.000       0.9969
 482.000       0.9966
 483.000       0.8938
 484.000       0.8046
 485.000       0.8452
 486.000       0.8582
 487.000       0.7984
 488.000       0.8506
 489.000       0.9457
 490.000       0.9010
 491.000       0.8818
 492.000       0.9995
 493.000       1.0883
 494.000       1.1050
 495.000       1.1630
 496.000       1.1406
 497.000       1.3407
 498.000       1.1688
 499.000       0.9711
 500.000       1.0240
 501.000       1.0712
 502.000       1.4495
 503.000       1.9968
 504.000       1.3346
 505.000       1.3013
 506.000       0.9678
 507.000       1.0155
 508.000       1.1012
 509.000       1.0010
 510.000       0.8257
 511.000       0.8845
 512.000       0.9264
 513.000       0.8276
 514.000       0.7917
 515.000       0.8218
 516.000       0.8119
 517.000       0.7804
 518.000       0.7807
 519.000       0.7992
 520.000       0.7544
 521.000       0.7532
 522.000       0.7287
 523.000       0.6431
 524.000       0.6637
 525.000       0.7275
 526.000       0.9508
 527.000       1.0243
 528.000       0.8779
 529.000       1.1059
 530.000       1.5357
 531.000       1.5616
 532.000       1.4310
 533.000       1.9313
 534.000       2.3228
 535.000       2.2473
 536.000       2.3208
 537.000       2.9195
 538.000       3.3545
 539.000       4.0610
 540.000       3.9174
 541.000       3.4874
 542.000       3.6007
 543.000       3.3921
 544.000       2.8658
 545.000       2.7710
 546.000       2.9625
 547.000       2.5919
 548.000       2.2684
 549.000       2.3113
 550.000       2.7188
 551.000       3.4659
 554.000      52.1437
