#Res        AtomicFlx
   1.000       1.9486
   2.000       2.2025
   3.000       1.6552
   4.000       1.3737
   5.000       1.8120
   6.000       1.4163
   7.000       1.2589
   8.000       1.1364
   9.000       1.1075
  10.000       0.9349
  11.000       0.8380
  12.000       0.9282
  13.000       0.8784
  14.000       0.7011
  15.000       0.7264
  16.000       0.8897
  17.000       0.7986
  18.000       0.6663
  19.000       0.6146
  20.000       0.6629
  21.000       0.7394
  22.000       0.8002
  23.000       0.5930
  24.000       0.7094
  25.000       1.0050
  26.000       0.7603
  27.000       0.6439
  28.000       0.7200
  29.000       1.0964
  30.000       0.7203
  31.000       0.8658
  32.000       1.2833
  33.000       1.1343
  34.000       0.7852
  35.000       1.0441
  36.000       0.9563
  37.000       1.0085
  38.000       1.0420
  39.000       0.8348
  40.000       0.8225
  41.000       0.8401
  42.000       0.6715
  43.000       0.5923
  44.000       0.7226
  45.000       0.7425
  46.000       0.6775
  47.000       0.6798
  48.000       0.8252
  49.000       0.9242
  50.000       0.8655
  51.000       0.6850
  52.000       0.6595
  53.000       0.7103
  54.000       0.7171
  55.000       0.6700
  56.000       0.6622
  57.000       0.6854
  58.000       0.6749
  59.000       0.6383
  60.000       0.6810
  61.000       0.7312
  62.000       0.7619
  63.000       0.7791
  64.000       0.8941
  65.000       0.9358
  66.000       0.8400
  67.000       0.9010
  68.000       1.0484
  69.000       1.1717
  70.000       1.1884
  71.000       1.0087
  72.000       0.7924
  73.000       1.0255
  74.000       1.6391
  75.000       2.5170
  76.000       1.7695
  77.000       1.6818
  78.000       1.2672
  79.000       1.0079
  80.000       0.7267
  81.000       0.6895
  82.000       0.7554
  83.000       0.7030
  84.000       0.6720
  85.000       0.7179
  86.000       0.7911
  87.000       0.8055
  88.000       0.7391
  89.000       0.7534
  90.000       0.7984
  91.000       0.8367
  92.000       0.9302
  93.000       0.9427
  94.000       0.9209
  95.000       1.0186
  96.000       1.1307
  97.000       1.1042
  98.000       1.1196
  99.000       1.1135
 100.000       0.9728
 101.000       0.8661
 102.000       0.8359
 103.000       0.7101
 104.000       0.6432
 105.000       0.6623
 106.000       0.6374
 107.000       0.5467
 108.000       0.5550
 109.000       0.6315
 110.000       0.6316
 111.000       0.5779
 112.000       0.7154
 113.000       0.7709
 114.000       0.8890
 115.000       0.8047
 116.000       0.6017
 117.000       0.6830
 118.000       0.8856
 119.000       0.9376
 120.000       1.1692
 121.000       1.4852
 122.000       1.6173
 123.000       1.7635
 124.000       2.9480
 125.000       3.4601
 126.000       2.6100
 127.000       2.8949
 128.000       2.6458
 129.000       3.0486
 130.000       2.5291
 131.000       2.9779
 132.000       2.1455
 133.000       1.9715
 134.000       2.1565
 135.000       2.5287
 136.000       3.7934
 137.000       5.0502
 138.000       4.1249
 139.000       3.6972
 140.000       5.3027
 141.000       4.8778
 142.000       3.4785
 143.000       2.4497
 144.000       1.9545
 145.000       1.9184
 146.000       1.7987
 147.000       1.6414
 148.000       1.4729
 149.000       1.6092
 150.000       1.6600
 151.000       1.4986
 152.000       1.7343
 153.000       2.0332
 154.000       2.1558
 155.000       2.2479
 156.000       2.5649
 157.000       3.2064
 158.000       3.5329
 159.000       3.4424
 160.000       3.3069
 161.000       2.8048
 162.000       2.4245
 163.000       1.6857
 164.000       0.9482
 165.000       0.9132
 166.000       0.6390
 167.000       0.8227
 168.000       1.0794
 169.000       0.7953
 170.000       0.7849
 171.000       1.2627
 172.000       1.4140
 173.000       1.2724
 174.000       1.4153
 175.000       1.5253
 176.000       1.1145
 177.000       1.2439
 178.000       1.1544
 179.000       1.2322
 180.000       1.2934
 181.000       1.1045
 182.000       1.3083
 183.000       1.2587
 184.000       1.1888
 185.000       1.3574
 186.000       1.5336
 187.000       1.6793
 188.000       1.3651
 189.000       1.2330
 190.000       1.0390
 191.000       0.9658
 192.000       1.0043
 193.000       0.9398
 194.000       0.8026
 195.000       0.8462
 196.000       0.9178
 197.000       0.8203
 198.000       0.7566
 199.000       0.7759
 200.000       0.7999
 201.000       0.7487
 202.000       0.7317
 203.000       0.7643
 204.000       0.7833
 205.000       0.7670
 206.000       0.7702
 207.000       0.9189
 208.000       1.1379
 209.000       1.1616
 210.000       1.4769
 211.000       1.5028
 212.000       1.0827
 213.000       0.9581
 214.000       0.9816
 215.000       1.1430
 216.000       0.8917
 217.000       0.8074
 218.000       0.8460
 219.000       0.7312
 220.000       0.6992
 221.000       0.8249
 222.000       0.8095
 223.000       0.7301
 224.000       0.6560
 225.000       0.6288
 226.000       0.6589
 227.000       0.6307
 228.000       0.6055
 229.000       0.6445
 230.000       0.6977
 231.000       0.6758
 232.000       0.7108
 233.000       0.8181
 234.000       0.8917
 235.000       0.9489
 236.000       1.0046
 237.000       1.1036
 238.000       0.9095
 239.000       0.9785
 240.000       0.9061
 241.000       0.7422
 242.000       0.8484
 243.000       0.8944
 244.000       0.8362
 245.000       0.8394
 246.000       0.8669
 247.000       1.0184
 248.000       1.1329
 249.000       1.1082
 250.000       1.0215
 251.000       0.9923
 252.000       1.0445
 253.000       1.2286
 254.000       1.2013
 255.000       0.9919
 256.000       1.0561
 257.000       1.3111
 258.000       1.0274
 259.000       0.9323
 260.000       0.8772
 261.000       0.7440
 262.000       0.7053
 263.000       0.7318
 264.000       0.6792
 265.000       0.6292
 266.000       0.6557
 267.000       0.6940
 268.000       0.6209
 269.000       0.6480
 270.000       0.7101
 271.000       0.7189
 272.000       0.6259
 273.000       0.7473
 274.000       0.9926
 275.000       0.9708
 276.000       1.5825
 277.000       0.8700
 278.000       1.6180
 279.000       1.2180
 280.000       0.9861
 281.000       0.8132
 282.000       0.8276
 283.000       0.8623
 284.000       0.7743
 285.000       0.7785
 286.000       0.9827
 287.000       0.9782
 288.000       1.1205
 289.000       1.1623
 290.000       1.2602
 291.000       1.3413
 292.000       1.5851
 293.000       1.1298
 294.000       1.1306
 295.000       0.8831
 296.000       0.8251
 297.000       0.8095
 298.000       0.7639
 299.000       0.7175
 300.000       0.6414
 301.000       0.6629
 302.000       0.6949
 303.000       0.6706
 304.000       0.6168
 305.000       0.6254
 306.000       0.6508
 307.000       0.6215
 308.000       0.5788
 309.000       0.6073
 310.000       0.6147
 311.000       0.5985
 312.000       0.6339
 313.000       0.6386
 314.000       0.5713
 315.000       0.5454
 316.000       0.6316
 317.000       0.6367
 318.000       0.6860
 319.000       0.7688
 320.000       0.7592
 321.000       0.7834
 322.000       0.8723
 323.000       0.9196
 324.000       0.9423
 325.000       1.1659
 326.000       1.3100
 327.000       1.2171
 328.000       1.2593
 329.000       1.2128
 330.000       0.9610
 331.000       1.1528
 332.000       1.2066
 333.000       0.9466
 334.000       0.8963
 335.000       1.0157
 336.000       1.2704
 337.000       1.1438
 338.000       1.0187
 339.000       0.8421
 340.000       0.7660
 341.000       0.7857
 342.000       0.6837
 343.000       0.6455
 344.000       0.6602
 345.000       0.5822
 346.000       0.5896
 347.000       0.6284
 348.000       0.6332
 349.000       0.6098
 350.000       0.6172
 351.000       0.7360
 352.000       0.8365
 353.000       0.8707
 354.000       0.7595
 355.000       0.6099
 356.000       0.6005
 357.000       0.6453
 358.000       0.6103
 359.000       0.5755
 360.000       0.5934
 361.000       0.6020
 362.000       0.5508
 363.000       0.5305
 364.000       0.5567
 365.000       0.5665
 366.000       0.5861
 367.000       0.5526
 368.000       0.5949
 369.000       0.6876
 370.000       0.7409
 371.000       0.6997
 372.000       0.9022
 373.000       0.9463
 374.000       0.9065
 375.000       0.9689
 376.000       1.0911
 377.000       1.0331
 378.000       1.0629
 379.000       1.2441
 380.000       1.0059
 381.000       1.1457
 382.000       1.2805
 383.000       1.1320
 384.000       1.1419
 385.000       1.6215
 386.000       1.8042
 387.000       1.7475
 388.000       1.5661
 389.000       1.8233
 390.000       1.7239
 391.000       2.0409
 392.000       2.2706
 393.000       1.6617
 394.000       1.3908
 395.000       1.3126
 396.000       1.2174
 397.000       1.1558
 398.000       1.0665
 399.000       1.0444
 400.000       1.0909
 401.000       1.0503
 402.000       0.9297
 403.000       0.9165
 404.000       0.9995
 405.000       0.9285
 406.000       0.8858
 407.000       0.9551
 408.000       0.9954
 409.000       0.9454
 410.000       0.9571
 411.000       1.0766
 412.000       1.0675
 413.000       0.9983
 414.000       1.1061
 415.000       1.1375
 416.000       1.0151
 417.000       0.9920
 418.000       1.0276
 419.000       1.0652
 420.000       1.0506
 421.000       1.0452
 422.000       1.1290
 423.000       0.9932
 424.000       0.8648
 425.000       1.0642
 426.000       1.1494
 427.000       1.0033
 428.000       1.0721
 429.000       1.3188
 430.000       1.3500
 431.000       0.9272
 432.000       0.9901
 433.000       1.1666
 434.000       1.1577
 435.000       0.9754
 436.000       0.7182
 437.000       0.7136
 438.000       0.6080
 439.000       0.6487
 440.000       0.6658
 441.000       0.6456
 442.000       0.6994
 443.000       0.6392
 444.000       0.6183
 445.000       0.7636
 446.000       0.8127
 447.000       0.7362
 448.000       0.7320
 449.000       0.8119
 450.000       0.8722
 451.000       0.8853
 452.000       0.8676
 453.000       0.9132
 454.000       0.9310
 455.000       1.0383
 456.000       0.9270
 457.000       0.7763
 458.000       0.8364
 459.000       0.9182
 460.000       0.9195
 461.000       0.8388
 462.000       0.8823
 463.000       1.1204
 464.000       1.2110
 465.000       1.3026
 466.000       1.3467
 467.000       1.2445
 468.000       1.0580
 469.000       1.1828
 470.000       1.3199
 471.000       1.3724
 472.000       1.1829
 473.000       0.9023
 474.000       1.1168
 475.000       1.2064
 476.000       0.9425
 477.000       0.9550
 478.000       1.3312
 479.000       1.2086
 480.000       0.9467
 481.000       0.9750
 482.000       0.9793
 483.000       0.9031
 484.000       0.7555
 485.000       0.7789
 486.000       0.8648
 487.000       0.7981
 488.000       0.7549
 489.000       0.8264
 490.000       0.9422
 491.000       0.9135
 492.000       0.8991
 493.000       1.0275
 494.000       1.1968
 495.000       1.2551
 496.000       1.1602
 497.000       1.3839
 498.000       1.3559
 499.000       1.3118
 500.000       1.4877
 501.000       1.6076
 502.000       1.9152
 503.000       2.1245
 504.000       1.5863
 505.000       1.6009
 506.000       1.3284
 507.000       1.3832
 508.000       1.4715
 509.000       1.3339
 510.000       1.1778
 511.000       1.2715
 512.000       1.2291
 513.000       1.1437
 514.000       1.2230
 515.000       1.2258
 516.000       1.1608
 517.000       1.2738
 518.000       1.3501
 519.000       1.3735
 520.000       1.1785
 521.000       1.1313
 522.000       1.1242
 523.000       0.8143
 524.000       0.7021
 525.000       0.8469
 526.000       1.1395
 527.000       1.1576
 528.000       1.0291
 529.000       1.4615
 530.000       1.8386
 531.000       1.8367
 532.000       1.8581
 533.000       2.5534
 534.000       2.8721
 535.000       2.6768
 536.000       2.9292
 537.000       3.7625
 538.000       4.3297
 539.000       4.5576
 540.000       4.7253
 541.000       4.3334
 542.000       4.6010
 543.000       4.2829
 544.000       3.5912
 545.000       3.6759
 546.000       3.9312
 547.000       3.3898
 548.000       2.9397
 549.000       3.3088
 550.000       3.5016
 551.000       3.4988
 555.000      52.7236
