#Res        AtomicFlx
   1.000       1.6701
   2.000       1.3986
   3.000       1.1372
   4.000       1.0118
   5.000       1.4076
   6.000       1.2651
   7.000       1.5030
   8.000       1.4509
   9.000       1.1433
  10.000       1.0762
  11.000       1.1316
  12.000       1.0510
  13.000       0.9317
  14.000       0.9138
  15.000       0.8848
  16.000       0.9108
  17.000       0.8849
  18.000       0.8549
  19.000       0.7932
  20.000       0.8963
  21.000       0.8931
  22.000       0.8841
  23.000       0.8067
  24.000       0.8471
  25.000       1.1759
  26.000       0.9851
  27.000       0.8757
  28.000       0.8991
  29.000       1.0003
  30.000       0.9944
  31.000       0.9566
  32.000       1.0609
  33.000       1.1230
  34.000       1.0474
  35.000       1.2478
  36.000       1.1805
  37.000       1.1748
  38.000       1.1882
  39.000       0.9870
  40.000       0.9747
  41.000       0.9911
  42.000       0.9105
  43.000       0.8431
  44.000       0.9043
  45.000       0.8990
  46.000       0.8667
  47.000       0.8795
  48.000       1.0156
  49.000       1.1645
  50.000       1.1113
  51.000       0.7850
  52.000       0.7335
  53.000       0.7662
  54.000       0.7366
  55.000       0.6869
  56.000       0.7180
  57.000       0.7464
  58.000       0.7017
  59.000       0.7132
  60.000       0.7659
  61.000       0.8231
  62.000       0.8362
  63.000       0.8308
  64.000       0.9395
  65.000       1.4662
  66.000       0.9080
  67.000       0.9430
  68.000       0.8991
  69.000       0.8558
  70.000       0.8245
  71.000       0.8467
  72.000       0.8186
  73.000       0.9261
  74.000       1.3051
  75.000       1.4738
  76.000       1.1818
  77.000       1.3578
  78.000       1.0602
  79.000       0.7330
  80.000       0.7202
  81.000       0.7518
  82.000       0.8145
  83.000       0.7933
  84.000       0.6727
  85.000       0.6828
  86.000       0.7258
  87.000       0.7329
  88.000       0.6762
  89.000       0.7832
  90.000       0.9621
  91.000       0.7932
  92.000       0.8348
  93.000       0.9669
  94.000       0.8628
  95.000       0.7587
  96.000       0.8284
  97.000       0.7074
  98.000       0.6655
  99.000       0.7489
 100.000       0.7185
 101.000       0.6025
 102.000       0.6298
 103.000       0.6434
 104.000       0.5675
 105.000       0.5719
 106.000       0.6587
 107.000       0.5857
 108.000       0.5627
 109.000       0.7076
 110.000       0.8116
 111.000       0.7435
 112.000       0.8824
 113.000       1.0396
 114.000       1.1826
 115.000       1.1656
 116.000       0.9355
 117.000       0.9948
 118.000       1.0647
 119.000       1.0917
 120.000       1.2904
 121.000       1.4527
 122.000       1.6987
 123.000       1.6750
 124.000       1.9876
 125.000       1.7534
 126.000       1.5951
 127.000       1.9726
 128.000       2.3768
 129.000       2.2572
 130.000       1.7312
 131.000       2.0614
 132.000       2.3366
 133.000       2.6886
 134.000       3.1961
 135.000       3.0991
 136.000       4.1707
 137.000       4.7793
 138.000       5.4127
 139.000       5.7496
 140.000       6.8449
 141.000       6.5334
 142.000       5.2312
 143.000       4.3870
 144.000       3.8785
 145.000       3.8162
 146.000       3.0311
 147.000       2.4550
 148.000       2.3976
 149.000       2.0204
 150.000       1.7469
 151.000       1.9950
 152.000       1.8230
 153.000       1.7282
 154.000       1.8700
 155.000       2.3517
 156.000       2.9969
 157.000       3.8027
 158.000       4.1919
 159.000       4.0287
 160.000       3.4987
 161.000       3.3658
 162.000       2.0548
 163.000       1.5875
 164.000       1.1268
 165.000       0.9696
 166.000       0.7656
 167.000       0.9100
 168.000       1.0355
 169.000       0.8934
 170.000       0.8106
 171.000       0.8534
 172.000       0.9166
 173.000       0.9040
 174.000       0.9224
 175.000       0.9769
 176.000       1.1396
 177.000       1.0619
 178.000       1.0150
 179.000       1.0567
 180.000       1.2101
 181.000       1.1629
 182.000       1.1944
 183.000       1.0747
 184.000       1.0630
 185.000       1.2033
 186.000       1.2247
 187.000       1.1455
 188.000       1.0063
 189.000       0.9521
 190.000       0.9035
 191.000       0.8049
 192.000       0.7841
 193.000       0.7726
 194.000       0.6627
 195.000       0.6739
 196.000       0.7488
 197.000       0.7011
 198.000       0.7025
 199.000       0.7014
 200.000       0.7226
 201.000       0.7485
 202.000       0.7594
 203.000       0.7244
 204.000       0.8961
 205.000       0.9241
 206.000       0.7257
 207.000       0.9735
 208.000       1.0557
 209.000       0.8912
 210.000       0.9360
 211.000       1.1574
 212.000       1.0817
 213.000       1.0279
 214.000       1.0150
 215.000       0.9307
 216.000       1.0478
 217.000       1.0353
 218.000       0.8551
 219.000       0.8076
 220.000       1.0413
 221.000       1.1345
 222.000       0.9111
 223.000       0.8206
 224.000       0.7056
 225.000       0.7093
 226.000       0.7880
 227.000       0.7838
 228.000       0.7616
 229.000       0.7738
 230.000       0.8187
 231.000       0.8071
 232.000       0.8351
 233.000       0.8974
 234.000       0.9331
 235.000       0.9961
 236.000       1.0522
 237.000       1.0851
 238.000       0.9920
 239.000       1.1045
 240.000       1.0372
 241.000       0.9132
 242.000       0.9393
 243.000       0.9393
 244.000       0.8156
 245.000       0.8148
 246.000       0.8782
 247.000       0.8409
 248.000       0.8197
 249.000       0.9037
 250.000       0.9177
 251.000       0.9939
 252.000       1.1341
 253.000       1.3621
 254.000       1.3298
 255.000       1.0936
 256.000       1.1474
 257.000       1.3823
 258.000       1.1619
 259.000       1.1406
 260.000       1.0940
 261.000       0.9427
 262.000       0.8912
 263.000       0.8864
 264.000       0.8688
 265.000       0.8074
 266.000       0.7547
 267.000       0.7598
 268.000       0.7651
 269.000       0.7475
 270.000       0.6991
 271.000       0.8049
 272.000       0.8088
 273.000       0.9798
 274.000       1.1212
 275.000       0.7949
 276.000       1.3776
 277.000       1.1268
 278.000       1.2388
 279.000       0.8599
 280.000       0.7455
 281.000       0.6794
 282.000       0.7030
 283.000       0.7714
 284.000       0.7433
 285.000       0.7028
 286.000       0.8394
 287.000       0.8460
 288.000       1.0414
 289.000       0.9828
 290.000       1.1283
 291.000       1.0904
 292.000       1.0774
 293.000       1.0768
 294.000       1.0135
 295.000       0.9514
 296.000       0.9389
 297.000       0.9035
 298.000       0.8900
 299.000       0.8498
 300.000       0.7904
 301.000       0.8424
 302.000       0.8863
 303.000       0.7960
 304.000       0.7722
 305.000       0.8142
 306.000       0.8082
 307.000       0.7404
 308.000       0.7363
 309.000       0.7804
 310.000       0.7656
 311.000       0.7252
 312.000       0.7414
 313.000       0.7589
 314.000       0.7043
 315.000       0.6322
 316.000       0.6646
 317.000       0.7250
 318.000       0.7574
 319.000       0.7490
 320.000       0.7841
 321.000       0.8120
 322.000       0.8210
 323.000       0.8331
 324.000       0.9365
 325.000       1.0672
 326.000       1.1481
 327.000       1.2193
 328.000       1.0405
 329.000       0.9831
 330.000       0.9143
 331.000       1.0791
 332.000       1.1223
 333.000       1.0816
 334.000       1.8122
 335.000       2.0355
 336.000       2.5569
 337.000       3.3892
 338.000       2.1553
 339.000       0.8463
 340.000       0.7224
 341.000       0.8331
 342.000       0.7867
 343.000       0.7201
 344.000       0.6094
 345.000       0.5680
 346.000       0.6842
 347.000       0.7757
 348.000       0.7344
 349.000       0.7628
 350.000       0.8416
 351.000       0.9097
 352.000       0.9492
 353.000       1.0134
 354.000       0.9989
 355.000       0.8608
 356.000       0.7643
 357.000       0.7505
 358.000       0.6689
 359.000       0.6184
 360.000       0.6085
 361.000       0.6116
 362.000       0.5431
 363.000       0.5186
 364.000       0.5767
 365.000       0.6394
 366.000       0.6133
 367.000       0.5600
 368.000       0.6756
 369.000       0.7628
 370.000       0.7808
 371.000       0.7022
 372.000       0.7648
 373.000       0.7202
 374.000       0.6860
 375.000       0.8170
 376.000       0.6609
 377.000       0.6673
 378.000       0.6754
 379.000       0.6660
 380.000       0.6370
 381.000       0.6840
 382.000       0.7098
 383.000       0.7206
 384.000       0.7818
 385.000       0.8218
 386.000       0.8594
 387.000       0.9196
 388.000       1.0339
 389.000       1.1364
 390.000       1.2123
 391.000       1.3651
 392.000       1.3533
 393.000       1.3154
 394.000       1.0701
 395.000       1.0275
 396.000       1.1263
 397.000       1.0468
 398.000       0.8195
 399.000       0.8848
 400.000       1.0186
 401.000       0.8992
 402.000       0.7070
 403.000       0.8107
 404.000       0.9184
 405.000       0.7894
 406.000       0.7028
 407.000       0.8025
 408.000       0.8427
 409.000       0.7821
 410.000       0.7538
 411.000       0.8504
 412.000       0.8787
 413.000       0.8360
 414.000       0.9108
 415.000       1.0419
 416.000       1.0389
 417.000       1.0823
 418.000       1.0396
 419.000       1.0391
 420.000       1.0272
 421.000       0.9760
 422.000       0.8929
 423.000       0.8397
 424.000       0.8526
 425.000       0.8267
 426.000       0.8863
 427.000       0.9593
 428.000       0.8331
 429.000       0.8231
 430.000       0.9453
 431.000       1.0345
 432.000       1.0020
 433.000       1.6190
 434.000       1.6080
 435.000       1.2466
 436.000       1.0281
 437.000       0.8369
 438.000       0.7812
 439.000       0.8455
 440.000       0.6439
 441.000       0.6628
 442.000       0.8717
 443.000       0.8630
 444.000       0.7743
 445.000       0.9331
 446.000       1.2971
 447.000       1.3693
 448.000       1.2154
 449.000       1.2809
 450.000       1.7210
 451.000       2.0036
 452.000       1.9042
 453.000       1.6777
 454.000       1.3907
 455.000       1.5620
 456.000       1.5899
 457.000       1.3354
 458.000       1.2331
 459.000       1.4136
 460.000       1.4742
 461.000       1.1488
 462.000       1.2884
 463.000       1.7010
 464.000       1.5873
 465.000       1.5862
 466.000       1.7943
 467.000       1.4994
 468.000       1.2833
 469.000       1.2164
 470.000       1.1311
 471.000       1.1759
 472.000       1.0756
 473.000       0.8698
 474.000       0.9785
 475.000       1.0559
 476.000       0.8964
 477.000       0.9071
 478.000       1.0806
 479.000       0.9975
 480.000       0.9129
 481.000       0.9297
 482.000       0.8362
 483.000       0.8159
 484.000       0.7552
 485.000       0.6981
 486.000       0.7233
 487.000       0.7242
 488.000       0.7055
 489.000       0.7098
 490.000       0.7886
 491.000       0.8245
 492.000       0.8218
 493.000       0.8824
 494.000       1.0506
 495.000       1.1278
 496.000       1.1038
 497.000       1.3087
 498.000       1.1823
 499.000       1.1133
 500.000       1.1443
 501.000       1.1015
 502.000       1.4217
 503.000       1.9595
 504.000       1.3207
 505.000       1.3265
 506.000       1.1296
 507.000       1.2478
 508.000       1.3798
 509.000       1.2698
 510.000       1.0662
 511.000       1.1138
 512.000       1.1454
 513.000       1.0311
 514.000       0.9736
 515.000       1.0146
 516.000       0.9808
 517.000       0.9493
 518.000       0.9790
 519.000       0.9840
 520.000       0.8625
 521.000       0.8601
 522.000       0.9407
 523.000       0.8447
 524.000       0.7886
 525.000       1.0112
 526.000       1.3686
 527.000       1.3088
 528.000       1.0076
 529.000       1.5398
 530.000       1.9581
 531.000       1.7129
 532.000       1.6728
 533.000       2.4321
 534.000       2.6756
 535.000       2.2938
 536.000       2.6519
 537.000       3.4942
 538.000       4.0000
 539.000       3.2847
 540.000       3.7493
 541.000       3.6892
 542.000       3.8538
 543.000       3.4280
 544.000       3.0509
 545.000       3.2432
 546.000       3.2814
 547.000       2.8789
 548.000       2.7698
 549.000       2.8349
 550.000       2.9590
 551.000       3.2937
 554.000      51.1319
