#Res        AtomicFlx
   1.000       2.4066
   2.000       1.7275
   3.000       1.1117
   4.000       0.9575
   5.000       1.3719
   6.000       1.1721
   7.000       1.0814
   8.000       1.0229
   9.000       0.9853
  10.000       0.7687
  11.000       0.7233
  12.000       0.8615
  13.000       0.7736
  14.000       0.5816
  15.000       0.6411
  16.000       0.7761
  17.000       0.6729
  18.000       0.5809
  19.000       0.5471
  20.000       0.6864
  21.000       0.6839
  22.000       0.7019
  23.000       0.6409
  24.000       0.7571
  25.000       0.9669
  26.000       0.7123
  27.000       0.6329
  28.000       0.8705
  29.000       1.1334
  30.000       0.6836
  31.000       0.8887
  32.000       1.3885
  33.000       1.1678
  34.000       0.8095
  35.000       1.1068
  36.000       1.0205
  37.000       1.0383
  38.000       1.0896
  39.000       0.9004
  40.000       0.8945
  41.000       0.9291
  42.000       0.7072
  43.000       0.6255
  44.000       0.7798
  45.000       0.8022
  46.000       0.7412
  47.000       0.7678
  48.000       0.8179
  49.000       0.8329
  50.000       0.8006
  51.000       0.7518
  52.000       0.7005
  53.000       0.7222
  54.000       0.6978
  55.000       0.6459
  56.000       0.6446
  57.000       0.6564
  58.000       0.6481
  59.000       0.6211
  60.000       0.6254
  61.000       0.7103
  62.000       0.7385
  63.000       0.7273
  64.000       0.7748
  65.000       0.9424
  66.000       0.7783
  67.000       0.7768
  68.000       0.8069
  69.000       0.9471
  70.000       0.8871
  71.000       0.8948
  72.000       0.7965
  73.000       0.9713
  74.000       1.8246
  75.000       2.6706
  76.000       1.5636
  77.000       1.6525
  78.000       1.2521
  79.000       0.8181
  80.000       0.7062
  81.000       0.6604
  82.000       0.6584
  83.000       0.7159
  84.000       0.6899
  85.000       0.7135
  86.000       0.7680
  87.000       0.8102
  88.000       0.7056
  89.000       0.6813
  90.000       0.8344
  91.000       0.8193
  92.000       0.6915
  93.000       0.7272
  94.000       0.7420
  95.000       0.7074
  96.000       0.7093
  97.000       0.6418
  98.000       0.6324
  99.000       0.6800
 100.000       0.6490
 101.000       0.5389
 102.000       0.5145
 103.000       0.4877
 104.000       0.4660
 105.000       0.4477
 106.000       0.4721
 107.000       0.4516
 108.000       0.4535
 109.000       0.5250
 110.000       0.5837
 111.000       0.5739
 112.000       0.6868
 113.000       0.7779
 114.000       0.9731
 115.000       0.9165
 116.000       0.7006
 117.000       0.6762
 118.000       0.6719
 119.000       0.8909
 120.000       0.9183
 121.000       1.2562
 122.000       1.6972
 123.000       2.4151
 124.000       4.5861
 125.000       4.9580
 126.000       3.8982
 127.000       3.3209
 128.000       2.2517
 129.000       1.5894
 130.000       1.0428
 131.000       0.8494
 132.000       1.0124
 133.000       1.0559
 134.000       1.3540
 135.000       2.5237
 136.000       3.9044
 137.000       4.7811
 138.000       3.1252
 139.000       3.0156
 140.000       4.0697
 141.000       3.7902
 142.000       2.7396
 143.000       2.6266
 144.000       2.5639
 145.000       2.7869
 146.000       1.9858
 147.000       1.3489
 148.000       1.3118
 149.000       1.6958
 150.000       1.3975
 151.000       0.8774
 152.000       1.2116
 153.000       1.7842
 154.000       1.6273
 155.000       1.5354
 156.000       2.2437
 157.000       2.9666
 158.000       2.9357
 159.000       3.2372
 160.000       3.1497
 161.000       2.7228
 162.000       1.3804
 163.000       1.1307
 164.000       0.8049
 165.000       0.7085
 166.000       0.5675
 167.000       0.8002
 168.000       0.9498
 169.000       0.7763
 170.000       0.7501
 171.000       1.1728
 172.000       1.4276
 173.000       1.2228
 174.000       0.7351
 175.000       0.8842
 176.000       1.0762
 177.000       1.2278
 178.000       1.1896
 179.000       1.3908
 180.000       1.2809
 181.000       1.1110
 182.000       1.2458
 183.000       1.2518
 184.000       1.0351
 185.000       1.1230
 186.000       1.1017
 187.000       1.0132
 188.000       0.9535
 189.000       0.8935
 190.000       0.7632
 191.000       0.7125
 192.000       0.7532
 193.000       0.6669
 194.000       0.5402
 195.000       0.5792
 196.000       0.6382
 197.000       0.5636
 198.000       0.5537
 199.000       0.5798
 200.000       0.5997
 201.000       0.5714
 202.000       0.5631
 203.000       0.5999
 204.000       0.6543
 205.000       0.6159
 206.000       0.6108
 207.000       0.7482
 208.000       0.8520
 209.000       0.8779
 210.000       0.9874
 211.000       1.0021
 212.000       0.7676
 213.000       0.7056
 214.000       0.9786
 215.000       0.8777
 216.000       0.7709
 217.000       0.6494
 218.000       0.7045
 219.000       0.7164
 220.000       0.6503
 221.000       0.6528
 222.000       0.6633
 223.000       0.6816
 224.000       0.6506
 225.000       0.6065
 226.000       0.6331
 227.000       0.6514
 228.000       0.6561
 229.000       0.6533
 230.000       0.6910
 231.000       0.6113
 232.000       0.6494
 233.000       0.7006
 234.000       0.6766
 235.000       0.7350
 236.000       0.9019
 237.000       0.9570
 238.000       0.8297
 239.000       0.9207
 240.000       0.9116
 241.000       0.7805
 242.000       0.9886
 243.000       0.9791
 244.000       0.7443
 245.000       0.6924
 246.000       0.7943
 247.000       0.7632
 248.000       0.6316
 249.000       0.6870
 250.000       0.7590
 251.000       0.9066
 252.000       1.0709
 253.000       1.2312
 254.000       1.2382
 255.000       0.9903
 256.000       1.0547
 257.000       1.2509
 258.000       0.9443
 259.000       0.8849
 260.000       0.7729
 261.000       0.6715
 262.000       0.6558
 263.000       0.6511
 264.000       0.6122
 265.000       0.5894
 266.000       0.6007
 267.000       0.5996
 268.000       0.5747
 269.000       0.5621
 270.000       0.5862
 271.000       0.6280
 272.000       0.5467
 273.000       0.6175
 274.000       0.7843
 275.000       0.8757
 276.000       1.2534
 277.000       0.9171
 278.000       0.9899
 279.000       0.7880
 280.000       0.6570
 281.000       0.6363
 282.000       0.6411
 283.000       0.6589
 284.000       0.6847
 285.000       0.6838
 286.000       0.6934
 287.000       0.7110
 288.000       0.8216
 289.000       0.8013
 290.000       0.8663
 291.000       0.9148
 292.000       1.0682
 293.000       0.8725
 294.000       0.8974
 295.000       0.8122
 296.000       0.7788
 297.000       0.7126
 298.000       0.6865
 299.000       0.6803
 300.000       0.5894
 301.000       0.5963
 302.000       0.6268
 303.000       0.5793
 304.000       0.5343
 305.000       0.5748
 306.000       0.6022
 307.000       0.5458
 308.000       0.5341
 309.000       0.5904
 310.000       0.5910
 311.000       0.6033
 312.000       0.6136
 313.000       0.5797
 314.000       0.5597
 315.000       0.5105
 316.000       0.5439
 317.000       0.5681
 318.000       0.5967
 319.000       0.6437
 320.000       0.6411
 321.000       0.6518
 322.000       0.7113
 323.000       0.7310
 324.000       0.7968
 325.000       0.9198
 326.000       0.9545
 327.000       1.0180
 328.000       0.9397
 329.000       0.8801
 330.000       0.7616
 331.000       0.8689
 332.000       0.8850
 333.000       0.7918
 334.000       0.8320
 335.000       0.9343
 336.000       1.2145
 337.000       0.9598
 338.000       0.8767
 339.000       0.6903
 340.000       0.6731
 341.000       0.6986
 342.000       0.6327
 343.000       0.6201
 344.000       0.6350
 345.000       0.6235
 346.000       0.7250
 347.000       0.6777
 348.000       0.7171
 349.000       0.7279
 350.000       0.6358
 351.000       0.6624
 352.000       0.7124
 353.000       0.8972
 354.000       0.7470
 355.000       0.6901
 356.000       0.6294
 357.000       0.6494
 358.000       0.6180
 359.000       0.5281
 360.000       0.5280
 361.000       0.5711
 362.000       0.4936
 363.000       0.4406
 364.000       0.5224
 365.000       0.5740
 366.000       0.5449
 367.000       0.5017
 368.000       0.6161
 369.000       0.7442
 370.000       0.7643
 371.000       0.5966
 372.000       0.6326
 373.000       0.5772
 374.000       0.5102
 375.000       0.4950
 376.000       0.5446
 377.000       0.6098
 378.000       0.5964
 379.000       0.5591
 380.000       0.5855
 381.000       0.6730
 382.000       0.6651
 383.000       0.6639
 384.000       0.7359
 385.000       0.7772
 386.000       0.8009
 387.000       0.8857
 388.000       0.9568
 389.000       1.0874
 390.000       1.5883
 391.000       1.3882
 392.000       1.3569
 393.000       1.2054
 394.000       0.9623
 395.000       1.0829
 396.000       1.1595
 397.000       0.9807
 398.000       0.8210
 399.000       0.8259
 400.000       0.8051
 401.000       0.7472
 402.000       0.6964
 403.000       0.7169
 404.000       0.7753
 405.000       0.7435
 406.000       0.6839
 407.000       0.7379
 408.000       0.7949
 409.000       0.7469
 410.000       0.7098
 411.000       0.8380
 412.000       0.8693
 413.000       0.7716
 414.000       0.8502
 415.000       0.9147
 416.000       0.8451
 417.000       0.8441
 418.000       0.8975
 419.000       0.9594
 420.000       0.9794
 421.000       0.8657
 422.000       0.8983
 423.000       0.9493
 424.000       0.8822
 425.000       0.8648
 426.000       0.8979
 427.000       0.8767
 428.000       0.8586
 429.000       0.8756
 430.000       0.8586
 431.000       0.9741
 432.000       1.2980
 433.000       2.0303
 434.000       1.1613
 435.000       1.1126
 436.000       0.8864
 437.000       0.6084
 438.000       0.6512
 439.000       0.7958
 440.000       0.7003
 441.000       0.6325
 442.000       0.7854
 443.000       0.7934
 444.000       0.7342
 445.000       0.8172
 446.000       0.9651
 447.000       0.9761
 448.000       0.9378
 449.000       0.9805
 450.000       1.1036
 451.000       1.1242
 452.000       1.0987
 453.000       1.1298
 454.000       1.1371
 455.000       1.2561
 456.000       1.1905
 457.000       1.0510
 458.000       0.9979
 459.000       1.0926
 460.000       1.1701
 461.000       0.9111
 462.000       0.9716
 463.000       1.2857
 464.000       1.2200
 465.000       1.3074
 466.000       1.3977
 467.000       1.3820
 468.000       1.1825
 469.000       1.1506
 470.000       1.2306
 471.000       1.2852
 472.000       1.1947
 473.000       0.9180
 474.000       0.9819
 475.000       1.0797
 476.000       0.8889
 477.000       0.8460
 478.000       1.0863
 479.000       0.9849
 480.000       0.8571
 481.000       0.7803
 482.000       0.8482
 483.000       0.8118
 484.000       0.6827
 485.000       0.6976
 486.000       0.7833
 487.000       0.7215
 488.000       0.6640
 489.000       0.7535
 490.000       0.8033
 491.000       0.7583
 492.000       0.7688
 493.000       0.8840
 494.000       0.9961
 495.000       1.0301
 496.000       1.0507
 497.000       1.2890
 498.000       1.1429
 499.000       1.0670
 500.000       1.2014
 501.000       1.2855
 502.000       1.6002
 503.000       2.1553
 504.000       1.5261
 505.000       1.4956
 506.000       1.2008
 507.000       1.2667
 508.000       1.3060
 509.000       1.2418
 510.000       1.0513
 511.000       1.0394
 512.000       1.1040
 513.000       1.0342
 514.000       0.9300
 515.000       0.9652
 516.000       1.0654
 517.000       1.0483
 518.000       0.9860
 519.000       1.1626
 520.000       1.1089
 521.000       1.1834
 522.000       0.9942
 523.000       0.7572
 524.000       0.8104
 525.000       0.8631
 526.000       1.0980
 527.000       1.1677
 528.000       0.9997
 529.000       1.4102
 530.000       1.8463
 531.000       1.8291
 532.000       1.7341
 533.000       2.3046
 534.000       2.6272
 535.000       2.5095
 536.000       2.6417
 537.000       3.3411
 538.000       3.7621
 539.000       3.7882
 540.000       3.8300
 541.000       3.5026
 542.000       3.6371
 543.000       3.4323
 544.000       2.9931
 545.000       3.0194
 546.000       3.2003
 547.000       2.9006
 548.000       2.6519
 549.000       2.8383
 550.000       3.0948
 551.000       3.5670
 555.000      51.2382
