#Res        AtomicFlx
   1.000       2.7337
   2.000       2.2856
   3.000       1.4838
   4.000       1.1077
   5.000       1.6438
   6.000       1.2255
   7.000       1.1313
   8.000       0.9959
   9.000       0.9231
  10.000       0.7225
  11.000       0.6731
  12.000       0.7663
  13.000       0.7231
  14.000       0.5826
  15.000       0.6081
  16.000       0.7699
  17.000       0.6990
  18.000       0.6078
  19.000       0.5666
  20.000       0.6407
  21.000       0.8847
  22.000       1.0630
  23.000       0.7806
  24.000       0.9743
  25.000       1.3915
  26.000       0.9542
  27.000       0.7346
  28.000       0.7473
  29.000       0.8184
  30.000       0.6815
  31.000       0.7946
  32.000       1.0554
  33.000       1.0127
  34.000       0.8220
  35.000       0.9577
  36.000       0.8609
  37.000       0.9190
  38.000       0.9499
  39.000       0.7902
  40.000       0.7658
  41.000       0.7482
  42.000       0.6413
  43.000       0.5929
  44.000       0.6131
  45.000       0.6020
  46.000       0.5926
  47.000       0.5643
  48.000       0.6397
  49.000       0.7133
  50.000       0.7048
  51.000       0.5678
  52.000       0.5225
  53.000       0.5748
  54.000       0.5571
  55.000       0.5113
  56.000       0.5212
  57.000       0.5380
  58.000       0.5238
  59.000       0.5501
  60.000       0.6037
  61.000       0.6655
  62.000       0.6547
  63.000       0.7741
  64.000       1.0020
  65.000       1.0861
  66.000       0.9481
  67.000       0.8079
  68.000       0.8237
  69.000       0.7284
  70.000       0.7240
  71.000       0.7697
  72.000       0.6608
  73.000       0.7566
  74.000       1.1649
  75.000       1.2943
  76.000       1.2392
  77.000       1.1212
  78.000       0.7377
  79.000       0.8579
  80.000       0.7122
  81.000       0.6600
  82.000       0.6399
  83.000       0.6220
  84.000       0.6085
  85.000       0.6248
  86.000       0.5995
  87.000       0.5842
  88.000       0.5696
  89.000       0.6008
  90.000       0.5796
  91.000       0.5818
  92.000       0.5808
  93.000       0.6199
  94.000       0.6165
  95.000       0.6062
  96.000       0.6799
  97.000       0.7379
  98.000       0.6381
  99.000       0.5564
 100.000       0.6064
 101.000       0.6599
 102.000       0.6053
 103.000       0.5467
 104.000       0.6179
 105.000       0.6742
 106.000       0.6349
 107.000       0.6085
 108.000       0.6726
 109.000       0.7741
 110.000       0.7975
 111.000       0.8285
 112.000       0.9624
 113.000       1.0247
 114.000       1.1259
 115.000       1.0466
 116.000       0.8887
 117.000       0.7964
 118.000       0.8220
 119.000       1.1787
 120.000       1.1883
 121.000       1.2723
 122.000       1.7749
 123.000       1.5353
 124.000       1.7426
 125.000       1.5281
 126.000       1.5253
 127.000       1.5435
 128.000       1.6387
 129.000       1.7182
 130.000       1.3821
 131.000       1.3299
 132.000       1.6503
 133.000       1.4567
 134.000       2.1158
 135.000       4.1017
 136.000       5.5104
 137.000       5.3062
 138.000       4.9990
 139.000       5.6144
 140.000       5.2832
 141.000       5.0433
 142.000       3.9769
 143.000       3.7805
 144.000       3.5345
 145.000       3.4896
 146.000       3.0025
 147.000       2.1162
 148.000       1.8301
 149.000       1.7017
 150.000       1.4018
 151.000       1.3618
 152.000       1.4911
 153.000       1.6013
 154.000       1.4154
 155.000       1.2504
 156.000       1.2782
 157.000       1.4057
 158.000       1.8920
 159.000       2.6351
 160.000       3.8692
 161.000       2.7989
 162.000       1.8235
 163.000       1.5109
 164.000       1.0878
 165.000       1.0350
 166.000       0.8268
 167.000       0.8326
 168.000       0.9085
 169.000       0.7280
 170.000       0.6348
 171.000       0.7467
 172.000       0.7702
 173.000       0.7208
 174.000       0.6733
 175.000       0.8096
 176.000       0.7588
 177.000       0.9610
 178.000       1.5250
 179.000       1.7057
 180.000       1.5244
 181.000       1.7767
 182.000       1.7549
 183.000       1.2893
 184.000       1.0695
 185.000       1.0902
 186.000       0.9810
 187.000       0.8320
 188.000       0.8869
 189.000       0.9067
 190.000       0.8668
 191.000       0.7461
 192.000       0.7190
 193.000       0.7524
 194.000       0.6690
 195.000       0.6062
 196.000       0.6789
 197.000       0.7473
 198.000       0.6963
 199.000       0.6514
 200.000       0.7420
 201.000       0.8043
 202.000       0.7278
 203.000       0.7008
 204.000       0.7740
 205.000       0.7907
 206.000       0.8062
 207.000       0.9100
 208.000       1.0858
 209.000       1.1348
 210.000       1.4367
 211.000       1.4418
 212.000       0.9476
 213.000       0.7833
 214.000       0.8677
 215.000       0.8066
 216.000       0.7078
 217.000       0.8067
 218.000       0.8296
 219.000       0.7162
 220.000       0.8392
 221.000       1.0523
 222.000       0.9726
 223.000       0.9112
 224.000       0.8241
 225.000       0.7402
 226.000       0.8103
 227.000       0.8161
 228.000       0.7767
 229.000       0.7881
 230.000       0.8531
 231.000       0.8575
 232.000       0.9075
 233.000       0.9788
 234.000       1.0223
 235.000       1.0320
 236.000       1.0365
 237.000       1.0327
 238.000       0.9968
 239.000       1.0925
 240.000       1.0919
 241.000       1.0217
 242.000       1.0640
 243.000       1.0206
 244.000       0.9673
 245.000       0.9915
 246.000       1.0085
 247.000       1.0011
 248.000       1.0353
 249.000       1.0618
 250.000       0.9896
 251.000       0.9991
 252.000       1.0410
 253.000       1.1758
 254.000       1.1360
 255.000       0.9230
 256.000       0.9376
 257.000       1.2679
 258.000       0.9948
 259.000       0.9488
 260.000       0.9449
 261.000       0.7531
 262.000       0.6625
 263.000       0.7498
 264.000       0.7269
 265.000       0.5990
 266.000       0.5819
 267.000       0.6323
 268.000       0.5933
 269.000       0.5227
 270.000       0.5436
 271.000       0.6190
 272.000       0.5735
 273.000       0.6139
 274.000       0.7949
 275.000       0.7024
 276.000       1.2808
 277.000       0.9687
 278.000       0.8851
 279.000       0.9238
 280.000       0.7202
 281.000       0.5982
 282.000       0.7088
 283.000       0.7872
 284.000       0.6711
 285.000       0.8079
 286.000       0.9148
 287.000       0.8700
 288.000       1.0672
 289.000       1.1222
 290.000       1.1551
 291.000       1.1308
 292.000       1.1890
 293.000       0.9617
 294.000       0.8926
 295.000       0.7178
 296.000       0.7355
 297.000       0.7269
 298.000       0.6740
 299.000       0.6644
 300.000       0.5736
 301.000       0.6235
 302.000       0.6911
 303.000       0.6658
 304.000       0.6153
 305.000       0.6629
 306.000       0.7406
 307.000       0.7273
 308.000       0.6761
 309.000       0.7531
 310.000       0.8151
 311.000       0.8259
 312.000       0.8118
 313.000       0.9163
 314.000       0.9888
 315.000       0.9079
 316.000       0.9118
 317.000       0.8994
 318.000       1.0562
 319.000       1.1895
 320.000       1.0926
 321.000       1.0907
 322.000       1.3197
 323.000       1.4127
 324.000       1.6706
 325.000       1.8697
 326.000       1.5867
 327.000       1.2157
 328.000       1.1671
 329.000       1.2787
 330.000       1.3943
 331.000       1.3710
 332.000       1.3839
 333.000       1.4071
 334.000       1.5365
 335.000       1.5368
 336.000       2.0688
 337.000       1.6792
 338.000       1.0566
 339.000       1.1054
 340.000       1.0672
 341.000       0.8240
 342.000       0.7141
 343.000       0.7886
 344.000       0.7979
 345.000       0.8896
 346.000       0.9174
 347.000       0.8357
 348.000       0.9095
 349.000       0.8627
 350.000       0.8241
 351.000       1.0556
 352.000       1.1406
 353.000       1.3408
 354.000       1.1506
 355.000       0.9515
 356.000       0.8756
 357.000       0.9499
 358.000       0.9014
 359.000       0.7563
 360.000       0.7681
 361.000       0.7378
 362.000       0.6487
 363.000       0.6163
 364.000       0.6639
 365.000       0.6143
 366.000       0.6109
 367.000       0.5610
 368.000       0.6454
 369.000       0.8237
 370.000       0.7987
 371.000       0.6258
 372.000       0.7076
 373.000       0.6095
 374.000       0.6573
 375.000       0.6934
 376.000       0.7329
 377.000       0.6805
 378.000       0.5821
 379.000       0.6241
 380.000       0.6125
 381.000       0.5980
 382.000       0.6267
 383.000       0.6640
 384.000       0.6658
 385.000       0.7223
 386.000       0.7867
 387.000       0.8105
 388.000       0.8560
 389.000       0.9723
 390.000       1.0795
 391.000       1.2237
 392.000       1.2337
 393.000       1.1263
 394.000       0.9352
 395.000       1.0107
 396.000       1.0855
 397.000       0.9280
 398.000       0.7809
 399.000       0.7707
 400.000       0.7454
 401.000       0.7105
 402.000       0.6543
 403.000       0.6637
 404.000       0.7042
 405.000       0.6592
 406.000       0.6349
 407.000       0.6629
 408.000       0.6838
 409.000       0.6460
 410.000       0.6101
 411.000       0.6791
 412.000       0.6882
 413.000       0.6521
 414.000       0.7255
 415.000       0.7498
 416.000       0.6756
 417.000       0.6751
 418.000       0.7033
 419.000       0.7445
 420.000       0.8374
 421.000       0.8463
 422.000       0.9513
 423.000       0.9169
 424.000       0.8539
 425.000       0.9585
 426.000       1.0350
 427.000       0.9731
 428.000       1.0779
 429.000       1.2087
 430.000       1.0757
 431.000       1.3665
 432.000       2.5603
 433.000       2.4661
 434.000       1.5270
 435.000       1.3563
 436.000       1.0520
 437.000       0.8054
 438.000       0.6838
 439.000       0.7723
 440.000       0.6755
 441.000       0.7255
 442.000       0.7801
 443.000       0.7273
 444.000       0.7052
 445.000       0.8417
 446.000       0.9221
 447.000       0.8806
 448.000       0.8509
 449.000       0.8674
 450.000       0.9715
 451.000       1.0213
 452.000       1.0075
 453.000       1.0085
 454.000       0.9659
 455.000       1.0534
 456.000       0.9980
 457.000       0.9312
 458.000       0.9645
 459.000       1.0627
 460.000       1.1417
 461.000       1.0058
 462.000       1.0928
 463.000       1.2905
 464.000       1.3094
 465.000       1.4135
 466.000       1.4141
 467.000       1.4114
 468.000       1.3932
 469.000       1.4515
 470.000       1.2100
 471.000       1.0368
 472.000       0.8664
 473.000       0.8575
 474.000       0.8882
 475.000       0.8230
 476.000       0.6825
 477.000       0.6790
 478.000       0.7551
 479.000       0.8001
 480.000       0.8483
 481.000       0.8698
 482.000       0.8865
 483.000       0.8751
 484.000       0.7433
 485.000       0.7705
 486.000       0.8822
 487.000       0.8240
 488.000       0.7754
 489.000       0.8991
 490.000       0.9479
 491.000       0.8926
 492.000       0.9309
 493.000       1.0914
 494.000       1.1532
 495.000       1.2085
 496.000       1.2821
 497.000       1.6862
 498.000       1.6275
 499.000       1.4467
 500.000       1.5152
 501.000       1.7342
 502.000       2.3059
 503.000       2.1823
 504.000       1.9756
 505.000       1.7000
 506.000       1.2976
 507.000       1.5005
 508.000       1.6210
 509.000       1.5054
 510.000       1.1555
 511.000       1.1795
 512.000       1.2799
 513.000       1.0517
 514.000       0.8931
 515.000       0.9750
 516.000       0.8971
 517.000       0.8156
 518.000       0.8046
 519.000       0.7404
 520.000       0.6603
 521.000       0.6820
 522.000       0.7092
 523.000       0.7368
 524.000       0.7296
 525.000       0.7199
 526.000       0.8629
 527.000       0.9530
 528.000       0.8682
 529.000       0.8973
 530.000       1.0349
 531.000       1.1415
 532.000       1.1418
 533.000       1.2049
 534.000       1.4333
 535.000       1.5838
 536.000       1.6110
 537.000       2.0688
 538.000       2.3028
 539.000       2.7373
 540.000       2.4190
 541.000       2.0572
 542.000       2.1367
 543.000       2.1741
 544.000       1.7982
 545.000       1.6008
 546.000       1.9063
 547.000       1.8650
 548.000       1.5367
 549.000       1.6025
 550.000       2.0760
 551.000       2.5271
 554.000      20.5867
