#Res        AtomicFlx
   1.000       3.2949
   2.000       2.3987
   3.000       2.7827
   4.000       1.6398
   5.000       1.6007
   6.000       1.2746
   7.000       1.0852
   8.000       0.9573
   9.000       0.9122
  10.000       0.7297
  11.000       0.6530
  12.000       0.7327
  13.000       0.6506
  14.000       0.5473
  15.000       0.6013
  16.000       0.6513
  17.000       0.5807
  18.000       0.6270
  19.000       0.6295
  20.000       0.7992
  21.000       0.6673
  22.000       0.9502
  23.000       0.8117
  24.000       0.7418
  25.000       0.8592
  26.000       0.8342
  27.000       0.6330
  28.000       0.6422
  29.000       0.8273
  30.000       0.6883
  31.000       0.7250
  32.000       0.9758
  33.000       0.9359
  34.000       0.7173
  35.000       0.8459
  36.000       0.7485
  37.000       0.7935
  38.000       0.8096
  39.000       0.6813
  40.000       0.7191
  41.000       0.7767
  42.000       0.6603
  43.000       0.5868
  44.000       0.6472
  45.000       0.6570
  46.000       0.5906
  47.000       0.5625
  48.000       0.6142
  49.000       0.7016
  50.000       0.7557
  51.000       0.5573
  52.000       0.5215
  53.000       0.5341
  54.000       0.5489
  55.000       0.5194
  56.000       0.5167
  57.000       0.5198
  58.000       0.5097
  59.000       0.5148
  60.000       0.5365
  61.000       0.5919
  62.000       0.5939
  63.000       0.5734
  64.000       0.6173
  65.000       0.7618
  66.000       0.6882
  67.000       0.7164
  68.000       0.7443
  69.000       0.6770
  70.000       0.6305
  71.000       0.7011
  72.000       0.6207
  73.000       0.6541
  74.000       1.1448
  75.000       1.8101
  76.000       1.1161
  77.000       1.1862
  78.000       1.0288
  79.000       0.7275
  80.000       0.5548
  81.000       0.5566
  82.000       0.5196
  83.000       0.5241
  84.000       0.5177
  85.000       0.5332
  86.000       0.5013
  87.000       0.5491
  88.000       0.5698
  89.000       0.6245
  90.000       0.6258
  91.000       0.7296
  92.000       0.9018
  93.000       0.8027
  94.000       0.6837
  95.000       0.7297
  96.000       0.7567
  97.000       0.6287
  98.000       0.5863
  99.000       0.6159
 100.000       0.6004
 101.000       0.5065
 102.000       0.4945
 103.000       0.4992
 104.000       0.4873
 105.000       0.4791
 106.000       0.5078
 107.000       0.4779
 108.000       0.4816
 109.000       0.5271
 110.000       0.5585
 111.000       0.5582
 112.000       0.6692
 113.000       0.6917
 114.000       0.8406
 115.000       0.7763
 116.000       0.5758
 117.000       0.6525
 118.000       0.7363
 119.000       0.7461
 120.000       0.7589
 121.000       0.8701
 122.000       1.7788
 123.000       2.4645
 124.000       2.4947
 125.000       2.7563
 126.000       2.5820
 127.000       1.7116
 128.000       2.2983
 129.000       1.3334
 130.000       0.9005
 131.000       1.0248
 132.000       1.1285
 133.000       0.9744
 134.000       1.2082
 135.000       1.6988
 136.000       2.5915
 137.000       3.1750
 138.000       2.6497
 139.000       2.6131
 140.000       3.6839
 141.000       3.6097
 142.000       2.5275
 143.000       2.3206
 144.000       2.2359
 145.000       2.3292
 146.000       1.8795
 147.000       1.3093
 148.000       1.2113
 149.000       1.2809
 150.000       1.1184
 151.000       0.8604
 152.000       1.0274
 153.000       1.2250
 154.000       1.1399
 155.000       1.0191
 156.000       1.4424
 157.000       1.7732
 158.000       1.8512
 159.000       2.1069
 160.000       2.5027
 161.000       1.7710
 162.000       1.0761
 163.000       0.9167
 164.000       0.7615
 165.000       0.6233
 166.000       0.5512
 167.000       0.6219
 168.000       0.6792
 169.000       0.6707
 170.000       0.6891
 171.000       0.6817
 172.000       0.7101
 173.000       0.8198
 174.000       0.8511
 175.000       0.8653
 176.000       0.9976
 177.000       1.0897
 178.000       1.3099
 179.000       1.1914
 180.000       1.1012
 181.000       1.0177
 182.000       1.5342
 183.000       2.0931
 184.000       1.5070
 185.000       1.4742
 186.000       1.2853
 187.000       1.1046
 188.000       0.9413
 189.000       0.8650
 190.000       0.8299
 191.000       0.7197
 192.000       0.6798
 193.000       0.6532
 194.000       0.5581
 195.000       0.5740
 196.000       0.6183
 197.000       0.6002
 198.000       0.6159
 199.000       0.5830
 200.000       0.6232
 201.000       0.6287
 202.000       0.6029
 203.000       0.6051
 204.000       0.6928
 205.000       0.6968
 206.000       0.6577
 207.000       0.8498
 208.000       1.0338
 209.000       0.9920
 210.000       1.1013
 211.000       1.1353
 212.000       0.8710
 213.000       0.7633
 214.000       0.8731
 215.000       0.9347
 216.000       0.7120
 217.000       0.7173
 218.000       0.7357
 219.000       0.6306
 220.000       0.5991
 221.000       0.6475
 222.000       0.6438
 223.000       0.6567
 224.000       0.5757
 225.000       0.5365
 226.000       0.5880
 227.000       0.5592
 228.000       0.5270
 229.000       0.5681
 230.000       0.5928
 231.000       0.5513
 232.000       0.6250
 233.000       0.6908
 234.000       0.6553
 235.000       0.7154
 236.000       0.8614
 237.000       0.8962
 238.000       0.7094
 239.000       0.8077
 240.000       0.7895
 241.000       0.6697
 242.000       0.8354
 243.000       0.8421
 244.000       0.6906
 245.000       0.6643
 246.000       0.8201
 247.000       0.8133
 248.000       0.6718
 249.000       0.7404
 250.000       0.8224
 251.000       0.8698
 252.000       0.9622
 253.000       1.1136
 254.000       1.1586
 255.000       0.9067
 256.000       0.9782
 257.000       1.1426
 258.000       0.9165
 259.000       0.8952
 260.000       0.8247
 261.000       0.6948
 262.000       0.6676
 263.000       0.7003
 264.000       0.6487
 265.000       0.6045
 266.000       0.6147
 267.000       0.6564
 268.000       0.6131
 269.000       0.5740
 270.000       0.5980
 271.000       0.5991
 272.000       0.6504
 273.000       0.9385
 274.000       0.9013
 275.000       0.8983
 276.000       0.9444
 277.000       0.6606
 278.000       0.5930
 279.000       0.6391
 280.000       0.6039
 281.000       0.5378
 282.000       0.6159
 283.000       0.6645
 284.000       0.6491
 285.000       0.6489
 286.000       0.7431
 287.000       0.7525
 288.000       0.8376
 289.000       0.7815
 290.000       0.8508
 291.000       0.8875
 292.000       0.8629
 293.000       0.7851
 294.000       0.7334
 295.000       0.6777
 296.000       0.6701
 297.000       0.6437
 298.000       0.6128
 299.000       0.5991
 300.000       0.5064
 301.000       0.5402
 302.000       0.5962
 303.000       0.5461
 304.000       0.5207
 305.000       0.5970
 306.000       0.6136
 307.000       0.5527
 308.000       0.5514
 309.000       0.5871
 310.000       0.5652
 311.000       0.5515
 312.000       0.5751
 313.000       0.5657
 314.000       0.5270
 315.000       0.4973
 316.000       0.5167
 317.000       0.5427
 318.000       0.5744
 319.000       0.6121
 320.000       0.6303
 321.000       0.6303
 322.000       0.6413
 323.000       0.7190
 324.000       0.7900
 325.000       0.9051
 326.000       0.9819
 327.000       0.9608
 328.000       0.9816
 329.000       0.9695
 330.000       0.8135
 331.000       1.0275
 332.000       1.0538
 333.000       0.8376
 334.000       0.8167
 335.000       0.8440
 336.000       1.1266
 337.000       0.9771
 338.000       0.8077
 339.000       0.7066
 340.000       0.6775
 341.000       0.6442
 342.000       0.5942
 343.000       0.5936
 344.000       0.6378
 345.000       0.5875
 346.000       0.5866
 347.000       0.5717
 348.000       0.5988
 349.000       0.5655
 350.000       0.6033
 351.000       0.6963
 352.000       0.6600
 353.000       0.7070
 354.000       0.6523
 355.000       0.5881
 356.000       0.5590
 357.000       0.5823
 358.000       0.5488
 359.000       0.5284
 360.000       0.5468
 361.000       0.5605
 362.000       0.5184
 363.000       0.5003
 364.000       0.5490
 365.000       0.5985
 366.000       0.5726
 367.000       0.5262
 368.000       0.5887
 369.000       0.6260
 370.000       0.6380
 371.000       0.5507
 372.000       0.5705
 373.000       0.5428
 374.000       0.5025
 375.000       0.5595
 376.000       0.5352
 377.000       0.5412
 378.000       0.5312
 379.000       0.5635
 380.000       0.5538
 381.000       0.5540
 382.000       0.5964
 383.000       0.6597
 384.000       0.6657
 385.000       0.6924
 386.000       0.7945
 387.000       0.8215
 388.000       0.8147
 389.000       0.9453
 390.000       1.1126
 391.000       1.8250
 392.000       2.0579
 393.000       1.4053
 394.000       1.0279
 395.000       1.2328
 396.000       1.1759
 397.000       0.9313
 398.000       0.8007
 399.000       0.8111
 400.000       0.7789
 401.000       0.6858
 402.000       0.6174
 403.000       0.6586
 404.000       0.7005
 405.000       0.6439
 406.000       0.6317
 407.000       0.6868
 408.000       0.7274
 409.000       0.6955
 410.000       0.6824
 411.000       0.7919
 412.000       0.8275
 413.000       0.8671
 414.000       0.9758
 415.000       0.9605
 416.000       0.9271
 417.000       1.1850
 418.000       1.6708
 419.000       1.0979
 420.000       1.0690
 421.000       0.8995
 422.000       0.7743
 423.000       0.6546
 424.000       0.6643
 425.000       0.7176
 426.000       0.7406
 427.000       0.7859
 428.000       0.7904
 429.000       0.8638
 430.000       0.7830
 431.000       0.6558
 432.000       0.8807
 433.000       1.2078
 434.000       1.2047
 435.000       0.7951
 436.000       0.5933
 437.000       0.5532
 438.000       0.5761
 439.000       0.5862
 440.000       0.5274
 441.000       0.5390
 442.000       0.5905
 443.000       0.5982
 444.000       0.5934
 445.000       0.6158
 446.000       0.7052
 447.000       0.7384
 448.000       0.6633
 449.000       0.6947
 450.000       0.8245
 451.000       0.8793
 452.000       0.8381
 453.000       0.8212
 454.000       0.8106
 455.000       0.8728
 456.000       0.8173
 457.000       0.7092
 458.000       0.7577
 459.000       0.8568
 460.000       0.8134
 461.000       0.8157
 462.000       0.9134
 463.000       1.0767
 464.000       1.0859
 465.000       1.1475
 466.000       1.2117
 467.000       1.1654
 468.000       1.0743
 469.000       1.0215
 470.000       0.9868
 471.000       0.9311
 472.000       0.8879
 473.000       0.7160
 474.000       0.7064
 475.000       0.7494
 476.000       0.6273
 477.000       0.6137
 478.000       0.7906
 479.000       0.7582
 480.000       0.7297
 481.000       0.9407
 482.000       0.8661
 483.000       0.7363
 484.000       0.6314
 485.000       0.6099
 486.000       0.6806
 487.000       0.6374
 488.000       0.6116
 489.000       0.6902
 490.000       0.7201
 491.000       0.7209
 492.000       0.7442
 493.000       0.8053
 494.000       0.8994
 495.000       0.9854
 496.000       0.9941
 497.000       1.4418
 498.000       1.3117
 499.000       1.1285
 500.000       0.9503
 501.000       1.0252
 502.000       1.1510
 503.000       1.4122
 504.000       1.3047
 505.000       1.1298
 506.000       0.9840
 507.000       1.1347
 508.000       1.2574
 509.000       1.2252
 510.000       0.9981
 511.000       0.9934
 512.000       1.1057
 513.000       1.0598
 514.000       1.0612
 515.000       1.0941
 516.000       1.0819
 517.000       1.2187
 518.000       1.2849
 519.000       1.0158
 520.000       0.9777
 521.000       1.0112
 522.000       0.8805
 523.000       0.7226
 524.000       0.7444
 525.000       0.7169
 526.000       0.8244
 527.000       0.8465
 528.000       0.7409
 529.000       0.8815
 530.000       1.1231
 531.000       1.1402
 532.000       1.0576
 533.000       1.2707
 534.000       1.4801
 535.000       1.4779
 536.000       1.5016
 537.000       1.8586
 538.000       1.9961
 539.000       2.4345
 540.000       2.2381
 541.000       1.9685
 542.000       2.0242
 543.000       1.9196
 544.000       1.7059
 545.000       1.6769
 546.000       1.7599
 547.000       1.6663
 548.000       1.4755
 549.000       1.6517
 550.000       1.8193
 551.000       3.0449
 555.000      52.4971
