#Res        AtomicFlx
   1.000       3.7960
   2.000       2.1593
   3.000       1.6370
   4.000       1.5651
   5.000       2.0494
   6.000       1.7364
   7.000       1.5483
   8.000       1.2569
   9.000       1.2271
  10.000       1.0105
  11.000       0.8257
  12.000       0.8826
  13.000       0.8844
  14.000       0.6731
  15.000       0.6634
  16.000       0.8645
  17.000       0.8061
  18.000       0.7089
  19.000       0.6252
  20.000       0.6986
  21.000       0.6672
  22.000       0.7239
  23.000       0.6437
  24.000       0.7541
  25.000       0.9336
  26.000       0.7637
  27.000       0.6885
  28.000       0.7264
  29.000       0.8687
  30.000       0.7932
  31.000       0.8580
  32.000       0.9992
  33.000       1.0244
  34.000       0.9799
  35.000       1.1001
  36.000       0.9899
  37.000       0.9649
  38.000       1.0090
  39.000       0.8943
  40.000       0.8508
  41.000       0.9537
  42.000       0.8941
  43.000       0.7392
  44.000       0.7605
  45.000       0.8339
  46.000       0.7681
  47.000       0.6923
  48.000       0.7476
  49.000       0.7414
  50.000       0.7433
  51.000       0.7117
  52.000       0.6636
  53.000       0.7004
  54.000       0.6514
  55.000       0.5657
  56.000       0.5974
  57.000       0.6268
  58.000       0.6366
  59.000       0.6888
  60.000       0.7394
  61.000       0.7000
  62.000       0.8153
  63.000       0.9452
  64.000       1.0264
  65.000       1.0474
  66.000       1.0305
  67.000       0.9720
  68.000       0.8524
  69.000       0.8209
  70.000       0.7252
  71.000       0.7625
  72.000       0.7108
  73.000       0.8266
  74.000       1.1747
  75.000       1.6630
  76.000       1.2924
  77.000       1.5728
  78.000       1.4566
  79.000       0.8536
  80.000       0.6987
  81.000       0.6902
  82.000       0.6183
  83.000       0.6557
  84.000       0.6295
  85.000       0.6402
  86.000       0.6262
  87.000       0.6211
  88.000       0.6225
  89.000       0.6730
  90.000       0.6716
  91.000       0.6609
  92.000       0.6872
  93.000       0.7134
  94.000       0.6829
  95.000       0.6297
  96.000       0.6977
  97.000       0.6573
  98.000       0.6124
  99.000       0.6473
 100.000       0.6033
 101.000       0.5161
 102.000       0.5325
 103.000       0.5452
 104.000       0.4959
 105.000       0.4927
 106.000       0.5242
 107.000       0.4839
 108.000       0.4855
 109.000       0.5589
 110.000       0.6039
 111.000       0.5793
 112.000       0.7106
 113.000       0.7311
 114.000       0.7971
 115.000       0.6983
 116.000       0.5649
 117.000       0.6105
 118.000       0.6644
 119.000       0.7357
 120.000       0.7784
 121.000       0.8349
 122.000       0.9277
 123.000       0.9263
 124.000       1.1135
 125.000       1.0389
 126.000       0.9389
 127.000       1.2687
 128.000       1.6758
 129.000       1.9915
 130.000       1.6523
 131.000       2.4401
 132.000       2.3459
 133.000       1.8130
 134.000       1.4987
 135.000       1.8229
 136.000       2.0845
 137.000       2.5057
 138.000       2.1427
 139.000       1.9605
 140.000       2.0081
 141.000       1.9404
 142.000       1.7250
 143.000       1.6098
 144.000       1.7988
 145.000       2.2113
 146.000       2.1993
 147.000       2.2864
 148.000       2.3115
 149.000       2.5504
 150.000       2.7841
 151.000       3.0744
 152.000       3.4914
 153.000       4.1149
 154.000       4.4264
 155.000       4.9682
 156.000       4.9665
 157.000       5.4826
 158.000       6.5539
 159.000       6.1110
 160.000       5.5269
 161.000       4.1469
 162.000       2.7290
 163.000       1.5444
 164.000       0.9544
 165.000       0.7911
 166.000       0.6785
 167.000       0.7256
 168.000       0.7015
 169.000       0.6434
 170.000       0.6356
 171.000       0.7736
 172.000       0.7532
 173.000       0.7213
 174.000       0.6728
 175.000       0.7477
 176.000       0.7755
 177.000       0.8404
 178.000       1.0441
 179.000       1.1153
 180.000       1.3009
 181.000       1.0790
 182.000       1.3121
 183.000       1.4711
 184.000       1.2374
 185.000       1.2713
 186.000       1.4726
 187.000       1.4477
 188.000       1.3628
 189.000       1.1681
 190.000       1.0062
 191.000       0.9204
 192.000       0.8094
 193.000       0.7261
 194.000       0.6240
 195.000       0.6148
 196.000       0.6097
 197.000       0.5946
 198.000       0.5989
 199.000       0.5665
 200.000       0.6705
 201.000       0.6843
 202.000       0.6522
 203.000       0.6999
 204.000       0.8869
 205.000       0.8482
 206.000       0.8816
 207.000       1.2128
 208.000       1.6147
 209.000       1.4707
 210.000       1.7848
 211.000       1.9655
 212.000       1.5011
 213.000       1.2407
 214.000       1.4228
 215.000       1.2868
 216.000       0.9394
 217.000       0.9133
 218.000       0.8155
 219.000       0.7421
 220.000       1.0895
 221.000       1.4585
 222.000       1.1806
 223.000       0.9382
 224.000       0.8385
 225.000       0.7070
 226.000       0.7189
 227.000       0.7182
 228.000       0.6611
 229.000       0.6321
 230.000       0.6769
 231.000       0.6713
 232.000       0.6619
 233.000       0.7155
 234.000       0.7889
 235.000       0.8165
 236.000       0.8740
 237.000       0.9456
 238.000       0.7818
 239.000       0.8838
 240.000       0.8973
 241.000       0.7752
 242.000       0.8719
 243.000       0.9133
 244.000       0.8342
 245.000       0.8035
 246.000       0.8450
 247.000       0.9640
 248.000       1.0058
 249.000       0.9467
 250.000       0.9253
 251.000       1.0345
 252.000       1.2501
 253.000       1.4003
 254.000       1.3736
 255.000       1.1416
 256.000       1.1624
 257.000       1.4164
 258.000       1.2579
 259.000       1.2876
 260.000       1.2103
 261.000       1.0101
 262.000       1.0074
 263.000       1.0476
 264.000       0.9249
 265.000       0.8359
 266.000       0.9224
 267.000       0.9185
 268.000       0.7325
 269.000       0.8176
 270.000       0.8823
 271.000       0.7522
 272.000       0.7240
 273.000       0.6279
 274.000       0.7489
 275.000       0.7777
 276.000       0.6703
 277.000       0.5677
 278.000       0.6511
 279.000       0.6636
 280.000       0.5842
 281.000       0.6072
 282.000       0.7314
 283.000       0.8743
 284.000       0.8437
 285.000       0.8451
 286.000       1.0324
 287.000       1.0970
 288.000       1.1550
 289.000       1.1089
 290.000       1.2266
 291.000       1.2693
 292.000       1.2427
 293.000       0.9295
 294.000       0.8288
 295.000       0.7133
 296.000       0.6929
 297.000       0.6260
 298.000       0.6091
 299.000       0.6346
 300.000       0.5794
 301.000       0.5778
 302.000       0.6358
 303.000       0.5969
 304.000       0.5810
 305.000       0.6039
 306.000       0.6357
 307.000       0.6072
 308.000       0.6077
 309.000       0.6507
 310.000       0.6539
 311.000       0.6350
 312.000       0.6440
 313.000       0.6766
 314.000       0.5968
 315.000       0.5482
 316.000       0.5967
 317.000       0.5857
 318.000       0.6133
 319.000       0.8092
 320.000       0.8133
 321.000       0.6924
 322.000       0.7991
 323.000       1.0330
 324.000       1.0703
 325.000       1.0623
 326.000       1.4836
 327.000       1.8200
 328.000       2.1207
 329.000       2.0642
 330.000       1.6472
 331.000       1.7188
 332.000       1.8680
 333.000       1.5841
 334.000       1.7807
 335.000       1.9760
 336.000       2.6416
 337.000       2.8255
 338.000       2.1577
 339.000       0.7924
 340.000       0.7158
 341.000       0.7946
 342.000       0.6334
 343.000       0.5980
 344.000       0.6850
 345.000       0.5901
 346.000       0.5771
 347.000       0.5556
 348.000       0.6618
 349.000       0.6561
 350.000       0.6801
 351.000       0.7689
 352.000       0.7924
 353.000       0.8175
 354.000       0.7610
 355.000       0.6282
 356.000       0.5884
 357.000       0.6337
 358.000       0.5599
 359.000       0.4976
 360.000       0.5284
 361.000       0.5648
 362.000       0.4999
 363.000       0.4797
 364.000       0.5247
 365.000       0.5761
 366.000       0.5899
 367.000       0.5448
 368.000       0.5577
 369.000       0.7013
 370.000       0.7041
 371.000       0.6347
 372.000       0.7463
 373.000       0.6596
 374.000       0.5681
 375.000       0.6774
 376.000       0.6579
 377.000       0.6702
 378.000       0.6125
 379.000       0.6830
 380.000       0.7431
 381.000       0.6657
 382.000       0.6471
 383.000       0.7595
 384.000       0.7408
 385.000       0.7789
 386.000       0.8766
 387.000       0.9789
 388.000       1.0535
 389.000       1.3836
 390.000       1.6221
 391.000       1.9848
 392.000       2.0844
 393.000       1.8912
 394.000       1.3261
 395.000       1.4483
 396.000       1.5001
 397.000       1.1895
 398.000       0.9676
 399.000       1.0237
 400.000       0.9758
 401.000       0.7453
 402.000       0.6563
 403.000       0.7089
 404.000       0.7158
 405.000       0.6091
 406.000       0.6074
 407.000       0.6783
 408.000       0.6955
 409.000       0.6419
 410.000       0.6524
 411.000       0.7699
 412.000       0.7746
 413.000       0.7167
 414.000       0.8342
 415.000       0.8642
 416.000       0.7513
 417.000       0.8223
 418.000       0.7953
 419.000       0.7708
 420.000       0.8177
 421.000       0.7745
 422.000       0.7699
 423.000       0.7849
 424.000       0.7561
 425.000       0.7369
 426.000       0.8050
 427.000       0.8409
 428.000       0.8319
 429.000       0.8666
 430.000       0.9763
 431.000       0.9787
 432.000       0.9863
 433.000       1.0969
 434.000       1.3268
 435.000       1.0625
 436.000       0.8322
 437.000       0.8882
 438.000       0.8452
 439.000       0.8328
 440.000       0.7440
 441.000       0.7902
 442.000       0.8048
 443.000       0.8379
 444.000       0.8001
 445.000       0.8337
 446.000       0.9413
 447.000       0.9150
 448.000       0.8511
 449.000       0.8835
 450.000       0.9492
 451.000       0.9744
 452.000       0.9633
 453.000       0.9705
 454.000       1.0066
 455.000       1.1426
 456.000       1.0961
 457.000       0.9491
 458.000       1.0285
 459.000       1.1367
 460.000       1.0563
 461.000       0.9547
 462.000       1.2081
 463.000       1.3297
 464.000       1.2031
 465.000       1.3584
 466.000       1.4251
 467.000       1.6145
 468.000       1.3317
 469.000       1.2826
 470.000       1.1348
 471.000       1.0354
 472.000       0.8963
 473.000       0.8013
 474.000       0.9062
 475.000       0.9454
 476.000       0.7484
 477.000       0.8053
 478.000       0.9302
 479.000       0.8579
 480.000       0.7477
 481.000       0.7306
 482.000       0.7794
 483.000       0.8000
 484.000       0.8169
 485.000       0.8025
 486.000       0.8035
 487.000       1.0126
 488.000       1.0783
 489.000       0.8474
 490.000       1.0001
 491.000       1.2326
 492.000       1.1555
 493.000       1.1066
 494.000       1.5187
 495.000       1.7244
 496.000       1.3755
 497.000       1.4751
 498.000       1.2200
 499.000       1.2346
 500.000       1.3228
 501.000       1.2452
 502.000       1.5330
 503.000       1.9321
 504.000       1.4393
 505.000       1.4546
 506.000       1.2566
 507.000       1.3774
 508.000       1.5055
 509.000       1.3843
 510.000       1.1239
 511.000       1.1764
 512.000       1.2011
 513.000       1.0246
 514.000       0.9733
 515.000       1.0029
 516.000       0.9242
 517.000       0.9149
 518.000       0.9517
 519.000       0.9026
 520.000       0.8256
 521.000       0.8488
 522.000       0.8125
 523.000       0.7493
 524.000       0.7361
 525.000       0.7130
 526.000       0.9116
 527.000       1.0147
 528.000       0.9024
 529.000       1.0408
 530.000       1.3221
 531.000       1.4143
 532.000       1.3869
 533.000       1.6695
 534.000       1.9985
 535.000       2.0062
 536.000       1.9705
 537.000       2.4750
 538.000       2.7349
 539.000       3.2338
 540.000       3.0646
 541.000       2.6414
 542.000       2.7138
 543.000       2.6888
 544.000       2.2340
 545.000       2.0355
 546.000       2.2746
 547.000       2.1274
 548.000       1.6933
 549.000       1.8383
 550.000       2.5466
 551.000       3.4272
 555.000      52.3503
