#Res        AtomicFlx
   1.000       3.0536
   2.000       1.9982
   3.000       1.4655
   4.000       1.1899
   5.000       1.5484
   6.000       1.3065
   7.000       1.1115
   8.000       1.0338
   9.000       0.9521
  10.000       0.8410
  11.000       0.7956
  12.000       0.7675
  13.000       0.6991
  14.000       0.6198
  15.000       0.5930
  16.000       0.6612
  17.000       0.6104
  18.000       0.5721
  19.000       0.4864
  20.000       0.5415
  21.000       0.6333
  22.000       0.6522
  23.000       0.5062
  24.000       0.6158
  25.000       0.6421
  26.000       0.6207
  27.000       0.5578
  28.000       0.7325
  29.000       0.9582
  30.000       0.6743
  31.000       0.8031
  32.000       1.1930
  33.000       1.1440
  34.000       0.9033
  35.000       1.1272
  36.000       1.0291
  37.000       1.0310
  38.000       1.0526
  39.000       0.8326
  40.000       0.7986
  41.000       0.8033
  42.000       0.6526
  43.000       0.5650
  44.000       0.6588
  45.000       0.6447
  46.000       0.5914
  47.000       0.5857
  48.000       0.6589
  49.000       0.8038
  50.000       0.8860
  51.000       0.5406
  52.000       0.5523
  53.000       0.5845
  54.000       0.5396
  55.000       0.4965
  56.000       0.5942
  57.000       0.5981
  58.000       0.6073
  59.000       0.7353
  60.000       0.8390
  61.000       0.8714
  62.000       0.9509
  63.000       1.0302
  64.000       1.1331
  65.000       1.5454
  66.000       1.0253
  67.000       1.1618
  68.000       1.1747
  69.000       1.3204
  70.000       1.1349
  71.000       1.5047
  72.000       1.4746
  73.000       1.3038
  74.000       1.4966
  75.000       1.4148
  76.000       1.1784
  77.000       1.1078
  78.000       0.9332
  79.000       1.0043
  80.000       1.2802
  81.000       1.6261
  82.000       1.4851
  83.000       1.0313
  84.000       1.1550
  85.000       1.4847
  86.000       1.1860
  87.000       0.7966
  88.000       1.2096
  89.000       1.2142
  90.000       0.8485
  91.000       0.9491
  92.000       1.2571
  93.000       0.9823
  94.000       0.7527
  95.000       0.8234
  96.000       0.7711
  97.000       0.5920
  98.000       0.5960
  99.000       0.6388
 100.000       0.6322
 101.000       0.5971
 102.000       0.5359
 103.000       0.5268
 104.000       0.5225
 105.000       0.5021
 106.000       0.5102
 107.000       0.4905
 108.000       0.5057
 109.000       0.5423
 110.000       0.6007
 111.000       0.6113
 112.000       0.7230
 113.000       0.7439
 114.000       0.7908
 115.000       0.7254
 116.000       0.5871
 117.000       0.7176
 118.000       0.6450
 119.000       0.9438
 120.000       0.8300
 121.000       0.7593
 122.000       0.9137
 123.000       0.9541
 124.000       1.2478
 125.000       1.0586
 126.000       0.8782
 127.000       1.3723
 128.000       2.5145
 129.000       2.0422
 130.000       1.2860
 131.000       1.6039
 132.000       1.2831
 133.000       1.2703
 134.000       1.5673
 135.000       2.0132
 136.000       2.5316
 137.000       3.2044
 138.000       3.1613
 139.000       3.1316
 140.000       3.8908
 141.000       3.3498
 142.000       2.6381
 143.000       1.8213
 144.000       1.4542
 145.000       1.3475
 146.000       1.0285
 147.000       0.9657
 148.000       1.0925
 149.000       1.2084
 150.000       1.1861
 151.000       1.3252
 152.000       1.6484
 153.000       1.8831
 154.000       1.9519
 155.000       2.2879
 156.000       3.6984
 157.000       3.5985
 158.000       4.0920
 159.000       3.5887
 160.000       4.4846
 161.000       4.3030
 162.000       3.7839
 163.000       2.4415
 164.000       1.1972
 165.000       0.7470
 166.000       0.5865
 167.000       0.5646
 168.000       0.6223
 169.000       0.5673
 170.000       0.6009
 171.000       0.9056
 172.000       0.9210
 173.000       0.7908
 174.000       0.6876
 175.000       0.9356
 176.000       1.0209
 177.000       1.1976
 178.000       1.4248
 179.000       2.4453
 180.000       2.4811
 181.000       2.7388
 182.000       2.9251
 183.000       2.0515
 184.000       1.3513
 185.000       1.1316
 186.000       1.1099
 187.000       0.9247
 188.000       0.7936
 189.000       0.7464
 190.000       0.7020
 191.000       0.6594
 192.000       0.6522
 193.000       0.6218
 194.000       0.5734
 195.000       0.6440
 196.000       0.6860
 197.000       0.6767
 198.000       0.7152
 199.000       0.7126
 200.000       0.7152
 201.000       0.6964
 202.000       0.7418
 203.000       0.7638
 204.000       0.7763
 205.000       0.8437
 206.000       0.9415
 207.000       1.0068
 208.000       0.9299
 209.000       0.9650
 210.000       1.0177
 211.000       0.9243
 212.000       0.7878
 213.000       1.0840
 214.000       0.8628
 215.000       0.8188
 216.000       0.9430
 217.000       0.7938
 218.000       0.7474
 219.000       0.7741
 220.000       0.7826
 221.000       0.7943
 222.000       0.7805
 223.000       0.7305
 224.000       0.6473
 225.000       0.6486
 226.000       0.7001
 227.000       0.6358
 228.000       0.6050
 229.000       0.6755
 230.000       0.6889
 231.000       0.6489
 232.000       0.7093
 233.000       0.7603
 234.000       0.7433
 235.000       0.8092
 236.000       0.8176
 237.000       0.9055
 238.000       0.8621
 239.000       0.9021
 240.000       0.9053
 241.000       0.7786
 242.000       0.8930
 243.000       0.9313
 244.000       0.7454
 245.000       0.6778
 246.000       0.8148
 247.000       0.7949
 248.000       0.6391
 249.000       0.7081
 250.000       0.8230
 251.000       1.0164
 252.000       1.2029
 253.000       1.3286
 254.000       1.2156
 255.000       0.9142
 256.000       0.8939
 257.000       1.0558
 258.000       0.8305
 259.000       0.8067
 260.000       0.7819
 261.000       0.6866
 262.000       0.6231
 263.000       0.6347
 264.000       0.6176
 265.000       0.5601
 266.000       0.5574
 267.000       0.5623
 268.000       0.5297
 269.000       0.5411
 270.000       0.5336
 271.000       0.5078
 272.000       0.4634
 273.000       0.4611
 274.000       0.7154
 275.000       0.5628
 276.000       0.6220
 277.000       0.9057
 278.000       0.9846
 279.000       0.7585
 280.000       0.6775
 281.000       0.8003
 282.000       0.9497
 283.000       0.8465
 284.000       0.9052
 285.000       1.0344
 286.000       1.0103
 287.000       1.0478
 288.000       1.1309
 289.000       1.1942
 290.000       1.3726
 291.000       1.3424
 292.000       1.6202
 293.000       1.2151
 294.000       1.2645
 295.000       0.7921
 296.000       0.8215
 297.000       0.7272
 298.000       0.6359
 299.000       0.6637
 300.000       0.5639
 301.000       0.5373
 302.000       0.5934
 303.000       0.5570
 304.000       0.4687
 305.000       0.5128
 306.000       0.5627
 307.000       0.5228
 308.000       0.4772
 309.000       0.5325
 310.000       0.5693
 311.000       0.5658
 312.000       0.5777
 313.000       0.5949
 314.000       0.5814
 315.000       0.5614
 316.000       0.6189
 317.000       0.6561
 318.000       0.6356
 319.000       0.6946
 320.000       0.7573
 321.000       0.7773
 322.000       0.7830
 323.000       0.8540
 324.000       0.9723
 325.000       1.0825
 326.000       1.1361
 327.000       1.1208
 328.000       1.0505
 329.000       0.9628
 330.000       0.8157
 331.000       0.8658
 332.000       0.8736
 333.000       0.7635
 334.000       0.7874
 335.000       0.8359
 336.000       1.0210
 337.000       0.8911
 338.000       0.7981
 339.000       0.6522
 340.000       0.6344
 341.000       0.6615
 342.000       0.5535
 343.000       0.5472
 344.000       0.5622
 345.000       0.5578
 346.000       0.5577
 347.000       0.5145
 348.000       0.5852
 349.000       0.6433
 350.000       0.7195
 351.000       0.7800
 352.000       0.7490
 353.000       0.7718
 354.000       0.6949
 355.000       0.5966
 356.000       0.5537
 357.000       0.5887
 358.000       0.5458
 359.000       0.5123
 360.000       0.5380
 361.000       0.5351
 362.000       0.4831
 363.000       0.4701
 364.000       0.5072
 365.000       0.5213
 366.000       0.5412
 367.000       0.5511
 368.000       0.6019
 369.000       0.6439
 370.000       0.7279
 371.000       0.6118
 372.000       0.7076
 373.000       0.8025
 374.000       0.9176
 375.000       1.0249
 376.000       0.9481
 377.000       0.7062
 378.000       0.7672
 379.000       1.0004
 380.000       1.0081
 381.000       0.9359
 382.000       0.9939
 383.000       1.0896
 384.000       1.1401
 385.000       1.2398
 386.000       1.2995
 387.000       1.3966
 388.000       1.5125
 389.000       1.6086
 390.000       1.6290
 391.000       1.7003
 392.000       1.8425
 393.000       1.5062
 394.000       1.6005
 395.000       1.7888
 396.000       1.7269
 397.000       1.8454
 398.000       1.5322
 399.000       1.3967
 400.000       1.4490
 401.000       1.3670
 402.000       1.0802
 403.000       1.0367
 404.000       1.1033
 405.000       1.0243
 406.000       0.8767
 407.000       0.8996
 408.000       0.9225
 409.000       0.8274
 410.000       0.7588
 411.000       0.8491
 412.000       0.8409
 413.000       0.7392
 414.000       0.7621
 415.000       0.8331
 416.000       0.8213
 417.000       0.7124
 418.000       0.6907
 419.000       0.9067
 420.000       1.2650
 421.000       1.0641
 422.000       1.2944
 423.000       1.2901
 424.000       0.8839
 425.000       0.8635
 426.000       0.8785
 427.000       0.8044
 428.000       0.9845
 429.000       0.9431
 430.000       0.8894
 431.000       0.8580
 432.000       0.9603
 433.000       0.9644
 434.000       0.8947
 435.000       0.8065
 436.000       0.8382
 437.000       0.8007
 438.000       0.7837
 439.000       0.8290
 440.000       0.8523
 441.000       0.8185
 442.000       0.8309
 443.000       0.9032
 444.000       0.8706
 445.000       0.9104
 446.000       1.0996
 447.000       1.1773
 448.000       1.2122
 449.000       1.1790
 450.000       1.3590
 451.000       1.5030
 452.000       1.4307
 453.000       1.2012
 454.000       1.0465
 455.000       1.0704
 456.000       1.1608
 457.000       1.0096
 458.000       0.9305
 459.000       1.1384
 460.000       1.2143
 461.000       0.9960
 462.000       1.0943
 463.000       1.3416
 464.000       1.2262
 465.000       1.1929
 466.000       1.3577
 467.000       1.2690
 468.000       1.1887
 469.000       1.2138
 470.000       1.1704
 471.000       1.1062
 472.000       0.9941
 473.000       0.7966
 474.000       0.8299
 475.000       0.8832
 476.000       0.7556
 477.000       0.7324
 478.000       0.8608
 479.000       0.9461
 480.000       1.0434
 481.000       1.1719
 482.000       1.1150
 483.000       1.0562
 484.000       0.8528
 485.000       0.8548
 486.000       0.9285
 487.000       0.8033
 488.000       0.7436
 489.000       0.8621
 490.000       0.8813
 491.000       0.7818
 492.000       0.8517
 493.000       0.9591
 494.000       0.9492
 495.000       0.9423
 496.000       0.9802
 497.000       1.2888
 498.000       1.5537
 499.000       1.3690
 500.000       1.1942
 501.000       2.2065
 502.000       2.7281
 503.000       2.3110
 504.000       2.4792
 505.000       1.8464
 506.000       1.2946
 507.000       1.3304
 508.000       1.3260
 509.000       1.2072
 510.000       0.9624
 511.000       0.9719
 512.000       1.0683
 513.000       0.9361
 514.000       0.8325
 515.000       0.9706
 516.000       1.2253
 517.000       1.1971
 518.000       1.1540
 519.000       1.5551
 520.000       1.8538
 521.000       1.7963
 522.000       1.6709
 523.000       1.8270
 524.000       1.8051
 525.000       1.4330
 526.000       1.4773
 527.000       1.6702
 528.000       1.5510
 529.000       1.3643
 530.000       1.5660
 531.000       1.6621
 532.000       1.5280
 533.000       1.6432
 534.000       1.8783
 535.000       1.9336
 536.000       2.0802
 537.000       2.5056
 538.000       2.5911
 539.000       2.9061
 540.000       2.7467
 541.000       2.4203
 542.000       2.5005
 543.000       2.5030
 544.000       2.2032
 545.000       2.1275
 546.000       2.3287
 547.000       2.2599
 548.000       2.1363
 549.000       2.2738
 550.000       2.4480
 551.000       3.6045
 554.000       4.2666
