#Res        AtomicFlx
   1.000       2.8838
   2.000       2.5814
   3.000       1.6769
   4.000       1.4395
   5.000       2.1391
   6.000       1.7626
   7.000       1.6453
   8.000       1.6039
   9.000       1.4623
  10.000       1.1658
  11.000       1.0039
  12.000       1.0182
  13.000       0.9024
  14.000       0.6447
  15.000       0.6107
  16.000       0.7025
  17.000       0.6887
  18.000       0.6102
  19.000       0.5515
  20.000       0.6552
  21.000       0.6247
  22.000       0.7344
  23.000       0.6038
  24.000       0.7299
  25.000       0.8448
  26.000       0.6015
  27.000       0.5393
  28.000       0.6047
  29.000       0.6570
  30.000       0.5933
  31.000       0.6462
  32.000       0.7096
  33.000       0.7221
  34.000       0.7220
  35.000       0.9070
  36.000       0.8462
  37.000       0.7976
  38.000       0.7860
  39.000       0.6896
  40.000       0.7229
  41.000       0.8192
  42.000       0.7141
  43.000       0.6264
  44.000       0.7290
  45.000       0.7783
  46.000       0.7230
  47.000       0.7235
  48.000       0.9313
  49.000       1.0811
  50.000       0.9898
  51.000       0.7649
  52.000       0.7473
  53.000       0.8169
  54.000       0.8620
  55.000       0.7926
  56.000       0.7069
  57.000       0.8533
  58.000       1.0364
  59.000       0.7412
  60.000       0.6795
  61.000       0.8959
  62.000       0.7962
  63.000       0.9416
  64.000       1.3408
  65.000       1.1066
  66.000       0.9984
  67.000       1.0585
  68.000       1.1992
  69.000       1.3311
  70.000       0.9951
  71.000       0.9622
  72.000       1.0072
  73.000       1.1109
  74.000       1.7553
  75.000       2.4513
  76.000       1.4826
  77.000       1.5596
  78.000       1.1996
  79.000       0.8534
  80.000       0.7408
  81.000       0.7104
  82.000       0.7318
  83.000       0.7231
  84.000       0.6376
  85.000       0.6593
  86.000       0.7004
  87.000       0.7054
  88.000       0.6401
  89.000       0.7621
  90.000       0.8717
  91.000       0.7889
  92.000       0.9028
  93.000       0.8989
  94.000       0.8986
  95.000       0.8705
  96.000       0.8747
  97.000       0.7744
  98.000       0.7650
  99.000       0.7789
 100.000       0.7462
 101.000       0.6685
 102.000       0.6527
 103.000       0.6052
 104.000       0.5167
 105.000       0.5194
 106.000       0.6111
 107.000       0.5414
 108.000       0.5146
 109.000       0.6254
 110.000       0.6961
 111.000       0.6556
 112.000       0.7560
 113.000       0.8406
 114.000       0.8385
 115.000       0.6859
 116.000       0.5981
 117.000       0.6696
 118.000       0.7015
 119.000       0.7243
 120.000       0.8837
 121.000       1.1039
 122.000       1.6049
 123.000       1.9884
 124.000       2.1709
 125.000       2.6396
 126.000       2.7086
 127.000       2.2074
 128.000       2.2093
 129.000       2.0614
 130.000       1.5363
 131.000       1.3987
 132.000       1.5060
 133.000       1.8834
 134.000       2.5287
 135.000       2.5171
 136.000       2.0442
 137.000       2.7333
 138.000       2.7550
 139.000       2.1006
 140.000       2.1500
 141.000       2.7938
 142.000       2.8480
 143.000       2.7915
 144.000       2.7808
 145.000       3.1681
 146.000       3.9408
 147.000       2.6761
 148.000       2.3189
 149.000       2.5054
 150.000       1.9744
 151.000       1.6068
 152.000       1.9813
 153.000       2.5891
 154.000       3.6816
 155.000       4.2208
 156.000       4.4907
 157.000       6.1595
 158.000       6.7851
 159.000       5.3511
 160.000       5.2756
 161.000       3.7668
 162.000       2.7286
 163.000       1.8001
 164.000       1.0993
 165.000       0.8134
 166.000       0.5894
 167.000       0.6567
 168.000       0.7505
 169.000       0.7148
 170.000       0.6744
 171.000       0.7681
 172.000       0.8830
 173.000       1.0161
 174.000       0.9499
 175.000       0.9490
 176.000       1.2185
 177.000       1.3980
 178.000       1.7794
 179.000       1.7406
 180.000       1.6826
 181.000       1.6922
 182.000       1.7477
 183.000       1.6217
 184.000       1.5037
 185.000       1.2315
 186.000       1.3442
 187.000       1.6214
 188.000       1.2184
 189.000       0.9968
 190.000       0.8414
 191.000       0.7386
 192.000       0.7807
 193.000       0.7207
 194.000       0.6062
 195.000       0.6469
 196.000       0.7430
 197.000       0.7270
 198.000       0.7156
 199.000       0.7901
 200.000       0.8422
 201.000       0.8690
 202.000       0.9977
 203.000       0.9597
 204.000       0.9584
 205.000       1.0262
 206.000       1.1134
 207.000       1.1215
 208.000       1.3306
 209.000       1.3814
 210.000       1.6975
 211.000       1.7857
 212.000       1.4483
 213.000       1.5227
 214.000       1.9080
 215.000       1.6575
 216.000       1.3128
 217.000       1.4058
 218.000       1.3883
 219.000       1.1819
 220.000       1.1321
 221.000       0.9634
 222.000       0.8561
 223.000       0.8550
 224.000       0.7202
 225.000       0.6359
 226.000       0.7096
 227.000       0.6626
 228.000       0.5822
 229.000       0.6275
 230.000       0.7187
 231.000       0.6578
 232.000       0.6981
 233.000       0.8158
 234.000       0.8077
 235.000       0.8341
 236.000       1.0400
 237.000       1.1532
 238.000       0.9259
 239.000       0.9200
 240.000       0.8508
 241.000       0.7589
 242.000       0.8470
 243.000       0.8079
 244.000       0.6796
 245.000       0.7235
 246.000       0.7786
 247.000       0.7192
 248.000       0.6693
 249.000       0.7641
 250.000       0.8177
 251.000       0.9874
 252.000       1.3604
 253.000       1.6068
 254.000       1.3932
 255.000       0.9523
 256.000       0.9165
 257.000       1.1805
 258.000       0.9120
 259.000       0.8747
 260.000       0.8342
 261.000       0.7403
 262.000       0.6874
 263.000       0.6985
 264.000       0.6596
 265.000       0.6117
 266.000       0.6011
 267.000       0.6049
 268.000       0.5522
 269.000       0.5783
 270.000       0.6016
 271.000       0.5898
 272.000       0.5294
 273.000       0.5607
 274.000       0.8489
 275.000       0.8477
 276.000       1.2015
 277.000       0.7957
 278.000       0.8661
 279.000       0.9044
 280.000       0.9933
 281.000       0.7728
 282.000       0.6871
 283.000       0.8211
 284.000       0.7997
 285.000       0.8128
 286.000       1.0585
 287.000       1.0192
 288.000       1.1639
 289.000       1.3253
 290.000       1.2240
 291.000       1.1491
 292.000       1.0997
 293.000       0.8955
 294.000       0.8932
 295.000       0.8633
 296.000       0.7383
 297.000       0.6779
 298.000       0.7067
 299.000       0.7740
 300.000       0.6608
 301.000       0.6140
 302.000       0.7460
 303.000       0.6836
 304.000       0.5589
 305.000       0.6387
 306.000       0.6909
 307.000       0.5805
 308.000       0.5229
 309.000       0.5856
 310.000       0.6010
 311.000       0.5833
 312.000       0.5834
 313.000       0.6171
 314.000       0.5910
 315.000       0.5182
 316.000       0.5254
 317.000       0.6025
 318.000       0.5994
 319.000       0.6032
 320.000       0.6636
 321.000       0.7114
 322.000       0.7003
 323.000       0.7331
 324.000       0.8543
 325.000       1.0205
 326.000       1.0747
 327.000       1.0438
 328.000       0.9477
 329.000       0.9002
 330.000       0.7759
 331.000       0.8493
 332.000       0.8838
 333.000       0.7822
 334.000       0.7417
 335.000       0.8190
 336.000       0.9658
 337.000       1.0119
 338.000       0.8118
 339.000       0.6981
 340.000       0.6633
 341.000       0.6739
 342.000       0.6134
 343.000       0.5867
 344.000       0.5973
 345.000       0.5854
 346.000       0.6070
 347.000       0.5902
 348.000       0.5816
 349.000       0.5903
 350.000       0.6187
 351.000       0.7727
 352.000       0.8231
 353.000       1.0316
 354.000       0.9918
 355.000       1.1063
 356.000       0.9840
 357.000       0.9044
 358.000       0.7147
 359.000       0.6710
 360.000       0.7123
 361.000       0.6562
 362.000       0.5039
 363.000       0.4832
 364.000       0.5809
 365.000       0.5781
 366.000       0.5263
 367.000       0.5414
 368.000       0.7297
 369.000       0.7182
 370.000       0.8862
 371.000       1.0944
 372.000       0.9460
 373.000       0.6407
 374.000       0.6798
 375.000       0.8849
 376.000       0.9559
 377.000       0.7415
 378.000       0.8933
 379.000       1.0082
 380.000       0.8633
 381.000       0.8043
 382.000       0.9859
 383.000       1.0191
 384.000       0.9663
 385.000       1.0222
 386.000       1.1453
 387.000       1.1413
 388.000       1.1102
 389.000       1.2970
 390.000       1.4466
 391.000       1.7829
 392.000       1.9685
 393.000       1.8707
 394.000       1.4766
 395.000       1.5570
 396.000       1.7182
 397.000       1.4978
 398.000       1.2858
 399.000       1.1697
 400.000       1.1481
 401.000       1.1479
 402.000       0.9860
 403.000       0.9264
 404.000       1.0072
 405.000       0.9901
 406.000       0.8486
 407.000       0.8734
 408.000       0.9691
 409.000       0.8848
 410.000       0.7987
 411.000       0.9539
 412.000       0.9794
 413.000       0.8247
 414.000       0.9299
 415.000       0.9553
 416.000       0.8446
 417.000       0.8766
 418.000       0.9680
 419.000       1.2210
 420.000       1.2579
 421.000       1.0168
 422.000       0.9620
 423.000       0.9707
 424.000       0.9531
 425.000       0.8835
 426.000       0.9346
 427.000       1.0165
 428.000       0.9621
 429.000       0.9223
 430.000       1.0279
 431.000       1.1690
 432.000       1.3644
 433.000       1.7365
 434.000       1.7303
 435.000       1.4748
 436.000       1.3275
 437.000       1.0938
 438.000       0.8593
 439.000       1.0012
 440.000       0.8028
 441.000       0.7847
 442.000       0.8572
 443.000       0.8530
 444.000       0.7805
 445.000       0.8534
 446.000       0.9518
 447.000       0.9212
 448.000       0.8592
 449.000       0.8840
 450.000       0.9966
 451.000       1.0482
 452.000       1.0573
 453.000       1.0355
 454.000       1.0454
 455.000       1.1175
 456.000       1.0648
 457.000       0.9346
 458.000       0.9585
 459.000       1.0605
 460.000       1.0894
 461.000       1.0083
 462.000       1.1120
 463.000       1.2898
 464.000       1.3348
 465.000       1.4319
 466.000       1.5262
 467.000       1.5334
 468.000       1.2191
 469.000       1.4121
 470.000       1.4826
 471.000       1.3549
 472.000       1.3000
 473.000       1.1411
 474.000       1.0252
 475.000       1.0083
 476.000       0.8816
 477.000       0.9567
 478.000       1.0247
 479.000       0.8658
 480.000       0.8966
 481.000       0.9890
 482.000       0.9125
 483.000       0.8745
 484.000       0.7611
 485.000       0.7440
 486.000       0.8012
 487.000       0.7336
 488.000       0.6700
 489.000       0.7529
 490.000       0.8071
 491.000       0.7559
 492.000       0.8271
 493.000       0.9359
 494.000       1.0133
 495.000       1.0847
 496.000       1.1531
 497.000       1.4904
 498.000       1.3710
 499.000       1.1325
 500.000       1.0799
 501.000       1.1182
 502.000       1.3772
 503.000       2.1240
 504.000       1.4885
 505.000       1.3881
 506.000       1.1134
 507.000       1.2288
 508.000       1.3141
 509.000       1.2919
 510.000       1.1249
 511.000       1.1353
 512.000       1.2242
 513.000       1.1862
 514.000       1.1280
 515.000       1.1799
 516.000       1.2202
 517.000       1.2081
 518.000       1.2198
 519.000       1.2753
 520.000       1.2030
 521.000       1.2144
 522.000       1.0599
 523.000       0.8401
 524.000       0.8506
 525.000       0.9636
 526.000       1.1171
 527.000       1.0880
 528.000       1.0070
 529.000       1.3784
 530.000       1.6263
 531.000       1.4847
 532.000       1.5634
 533.000       2.1426
 534.000       2.3264
 535.000       2.1133
 536.000       2.4984
 537.000       3.2176
 538.000       3.8839
 539.000       3.7857
 540.000       3.8794
 541.000       3.5555
 542.000       3.6279
 543.000       3.5000
 544.000       3.0657
 545.000       2.9998
 546.000       3.1744
 547.000       2.9727
 548.000       2.6749
 549.000       2.7541
 550.000       3.2539
 551.000       4.4339
 556.000      50.8542
