#Res        AtomicFlx
   1.000       1.7896
   2.000       1.5952
   3.000       1.0922
   4.000       0.9816
   5.000       1.3764
   6.000       1.2070
   7.000       1.2579
   8.000       1.1491
   9.000       0.9630
  10.000       0.8220
  11.000       0.8022
  12.000       0.7885
  13.000       0.6371
  14.000       0.5733
  15.000       0.6016
  16.000       0.6263
  17.000       0.5362
  18.000       0.5216
  19.000       0.4796
  20.000       0.5074
  21.000       0.5828
  22.000       0.6176
  23.000       0.5308
  24.000       0.6473
  25.000       0.8048
  26.000       0.6431
  27.000       0.5612
  28.000       0.6455
  29.000       0.6694
  30.000       0.5832
  31.000       0.6140
  32.000       0.7019
  33.000       0.6929
  34.000       0.6483
  35.000       0.8763
  36.000       0.9493
  37.000       0.7500
  38.000       0.7654
  39.000       0.6927
  40.000       0.7540
  41.000       0.8773
  42.000       0.6780
  43.000       0.6115
  44.000       0.7509
  45.000       0.8304
  46.000       0.7174
  47.000       0.6993
  48.000       0.9041
  49.000       1.0229
  50.000       0.9165
  51.000       0.7286
  52.000       0.7480
  53.000       0.8527
  54.000       0.8018
  55.000       0.6603
  56.000       0.6952
  57.000       0.7992
  58.000       0.7681
  59.000       0.6630
  60.000       0.7129
  61.000       0.9047
  62.000       0.9217
  63.000       0.7343
  64.000       0.8779
  65.000       1.2532
  66.000       1.5453
  67.000       1.3131
  68.000       1.3382
  69.000       1.3123
  70.000       0.8797
  71.000       0.7932
  72.000       0.7254
  73.000       1.1181
  74.000       1.9176
  75.000       1.8544
  76.000       1.6300
  77.000       1.7921
  78.000       1.2839
  79.000       0.8624
  80.000       0.6313
  81.000       0.6750
  82.000       0.6578
  83.000       0.6776
  84.000       0.6297
  85.000       0.6405
  86.000       0.7128
  87.000       0.7633
  88.000       0.6884
  89.000       0.7276
  90.000       0.8206
  91.000       0.8034
  92.000       0.8013
  93.000       0.8133
  94.000       0.8076
  95.000       0.7735
  96.000       0.7282
  97.000       0.6136
  98.000       0.6378
  99.000       0.6446
 100.000       0.6195
 101.000       0.5843
 102.000       0.6123
 103.000       0.6045
 104.000       0.5706
 105.000       0.5897
 106.000       0.6245
 107.000       0.5987
 108.000       0.5997
 109.000       0.6774
 110.000       0.7361
 111.000       0.7164
 112.000       0.8185
 113.000       0.9508
 114.000       1.1628
 115.000       1.2482
 116.000       0.9480
 117.000       1.0085
 118.000       0.9790
 119.000       1.1501
 120.000       1.3577
 121.000       1.3927
 122.000       1.5558
 123.000       1.4023
 124.000       1.6102
 125.000       1.4238
 126.000       1.2506
 127.000       1.7063
 128.000       2.0764
 129.000       2.6599
 130.000       2.2732
 131.000       3.3781
 132.000       4.2646
 133.000       5.3330
 134.000       6.8303
 135.000       6.0657
 136.000       5.9363
 137.000       5.2145
 138.000       4.9019
 139.000       5.9205
 140.000       5.3470
 141.000       4.3118
 142.000       4.2382
 143.000       3.7042
 144.000       2.7672
 145.000       2.9738
 146.000       3.0111
 147.000       2.0340
 148.000       1.7628
 149.000       1.8273
 150.000       2.1532
 151.000       2.3095
 152.000       1.9376
 153.000       2.6576
 154.000       3.0324
 155.000       2.8212
 156.000       4.0540
 157.000       4.6807
 158.000       4.0912
 159.000       3.9503
 160.000       4.1700
 161.000       3.8905
 162.000       3.2306
 163.000       2.2382
 164.000       1.0789
 165.000       0.9228
 166.000       0.7722
 167.000       0.7655
 168.000       0.8491
 169.000       0.7909
 170.000       0.6810
 171.000       0.7876
 172.000       0.8074
 173.000       0.8687
 174.000       0.7827
 175.000       0.8347
 176.000       1.3138
 177.000       1.1135
 178.000       1.2096
 179.000       1.3072
 180.000       1.2714
 181.000       1.0848
 182.000       1.2722
 183.000       1.4924
 184.000       1.1304
 185.000       1.1272
 186.000       1.0547
 187.000       0.9478
 188.000       1.0176
 189.000       1.0235
 190.000       0.9337
 191.000       0.8145
 192.000       0.8020
 193.000       0.7656
 194.000       0.6430
 195.000       0.6521
 196.000       0.7040
 197.000       0.6502
 198.000       0.6278
 199.000       0.6538
 200.000       0.6606
 201.000       0.6482
 202.000       0.6229
 203.000       0.6515
 204.000       0.7184
 205.000       0.6688
 206.000       0.6546
 207.000       0.8199
 208.000       0.9371
 209.000       0.9044
 210.000       0.9816
 211.000       1.0349
 212.000       0.8271
 213.000       0.7224
 214.000       0.8556
 215.000       0.7978
 216.000       0.7056
 217.000       0.6731
 218.000       0.6736
 219.000       0.6526
 220.000       0.8221
 221.000       0.9425
 222.000       0.7814
 223.000       0.7193
 224.000       0.6181
 225.000       0.6198
 226.000       0.7017
 227.000       0.6487
 228.000       0.6060
 229.000       0.6900
 230.000       0.7364
 231.000       0.6997
 232.000       0.7491
 233.000       0.8182
 234.000       0.8250
 235.000       0.9015
 236.000       1.0332
 237.000       1.1938
 238.000       0.9735
 239.000       1.0801
 240.000       1.0302
 241.000       0.8845
 242.000       0.9169
 243.000       0.8720
 244.000       0.7657
 245.000       0.7577
 246.000       0.8260
 247.000       0.7450
 248.000       0.6596
 249.000       0.7630
 250.000       0.8117
 251.000       0.9149
 252.000       1.2591
 253.000       1.5231
 254.000       1.3152
 255.000       1.0498
 256.000       1.2768
 257.000       1.4902
 258.000       1.1302
 259.000       0.9866
 260.000       0.8710
 261.000       0.7026
 262.000       0.7286
 263.000       0.7150
 264.000       0.6036
 265.000       0.6172
 266.000       0.6593
 267.000       0.6170
 268.000       0.5515
 269.000       0.5757
 270.000       0.5465
 271.000       0.5521
 272.000       0.5220
 273.000       0.5380
 274.000       0.5733
 275.000       0.5586
 276.000       0.5565
 277.000       0.6383
 278.000       0.6069
 279.000       0.4931
 280.000       0.5287
 281.000       0.5926
 282.000       0.5517
 283.000       0.6416
 284.000       0.7422
 285.000       0.7766
 286.000       0.8230
 287.000       0.8347
 288.000       1.0221
 289.000       1.1103
 290.000       0.9223
 291.000       0.8593
 292.000       0.8625
 293.000       0.8515
 294.000       0.8716
 295.000       0.7951
 296.000       0.6924
 297.000       0.7035
 298.000       0.7353
 299.000       0.6603
 300.000       0.5461
 301.000       0.6282
 302.000       0.6819
 303.000       0.5872
 304.000       0.5248
 305.000       0.6090
 306.000       0.6434
 307.000       0.5529
 308.000       0.5345
 309.000       0.6277
 310.000       0.6467
 311.000       0.6065
 312.000       0.6334
 313.000       0.6607
 314.000       0.6332
 315.000       0.5970
 316.000       0.6346
 317.000       0.7026
 318.000       0.7424
 319.000       0.7698
 320.000       0.7957
 321.000       0.8113
 322.000       0.8185
 323.000       0.8236
 324.000       0.8935
 325.000       0.9776
 326.000       0.9982
 327.000       0.9960
 328.000       0.8930
 329.000       0.8661
 330.000       0.8076
 331.000       0.8069
 332.000       0.8656
 333.000       0.8398
 334.000       0.7505
 335.000       0.7668
 336.000       0.7944
 337.000       0.8011
 338.000       0.6796
 339.000       0.6268
 340.000       0.6210
 341.000       0.6529
 342.000       0.6165
 343.000       0.6357
 344.000       0.6465
 345.000       0.6439
 346.000       0.7093
 347.000       0.7366
 348.000       0.7449
 349.000       0.7561
 350.000       0.8069
 351.000       0.8557
 352.000       0.8533
 353.000       0.9170
 354.000       0.8494
 355.000       0.8277
 356.000       0.7587
 357.000       0.7548
 358.000       0.6722
 359.000       0.6386
 360.000       0.6420
 361.000       0.6187
 362.000       0.5542
 363.000       0.5285
 364.000       0.5371
 365.000       0.5357
 366.000       0.5377
 367.000       0.5076
 368.000       0.5362
 369.000       0.5781
 370.000       0.6447
 371.000       0.6245
 372.000       0.7284
 373.000       0.5652
 374.000       0.5272
 375.000       0.5204
 376.000       0.5257
 377.000       0.5207
 378.000       0.5425
 379.000       0.5521
 380.000       0.5332
 381.000       0.5960
 382.000       0.6582
 383.000       0.7016
 384.000       0.7494
 385.000       0.7882
 386.000       0.8281
 387.000       0.8953
 388.000       0.9234
 389.000       1.0300
 390.000       1.1897
 391.000       1.4945
 392.000       1.5799
 393.000       1.3640
 394.000       1.0579
 395.000       1.1015
 396.000       1.1769
 397.000       0.9924
 398.000       0.8383
 399.000       0.8352
 400.000       0.8256
 401.000       0.7374
 402.000       0.6740
 403.000       0.7155
 404.000       0.7506
 405.000       0.6845
 406.000       0.6623
 407.000       0.7122
 408.000       0.7490
 409.000       0.7059
 410.000       0.6833
 411.000       0.7804
 412.000       0.7971
 413.000       0.7220
 414.000       0.8132
 415.000       0.8477
 416.000       0.7916
 417.000       0.8279
 418.000       0.8612
 419.000       0.9458
 420.000       0.9481
 421.000       0.8760
 422.000       0.8457
 423.000       0.8018
 424.000       0.8007
 425.000       0.8067
 426.000       0.8629
 427.000       0.8691
 428.000       0.8843
 429.000       0.9820
 430.000       1.1205
 431.000       0.9535
 432.000       0.8831
 433.000       1.1448
 434.000       1.3092
 435.000       1.2156
 436.000       0.8481
 437.000       0.8068
 438.000       0.8628
 439.000       0.9176
 440.000       0.7273
 441.000       0.7871
 442.000       0.9127
 443.000       0.8848
 444.000       0.8419
 445.000       0.9607
 446.000       1.0197
 447.000       0.9989
 448.000       1.0278
 449.000       1.0185
 450.000       1.0138
 451.000       1.0866
 452.000       1.1186
 453.000       1.0823
 454.000       0.9358
 455.000       1.0069
 456.000       1.0309
 457.000       0.8901
 458.000       0.8075
 459.000       1.0933
 460.000       1.1406
 461.000       0.8516
 462.000       1.3987
 463.000       1.8046
 464.000       1.6967
 465.000       1.8760
 466.000       1.7506
 467.000       1.3545
 468.000       1.0057
 469.000       1.2071
 470.000       1.3916
 471.000       1.7458
 472.000       1.7711
 473.000       1.6328
 474.000       1.5899
 475.000       1.5204
 476.000       1.4832
 477.000       1.5096
 478.000       1.4704
 479.000       1.3361
 480.000       1.1148
 481.000       0.9458
 482.000       1.0171
 483.000       1.0046
 484.000       0.8354
 485.000       0.7973
 486.000       0.8894
 487.000       0.8874
 488.000       0.8222
 489.000       0.8258
 490.000       0.9809
 491.000       0.9714
 492.000       0.8825
 493.000       1.0274
 494.000       1.1912
 495.000       1.1606
 496.000       1.0822
 497.000       1.2939
 498.000       1.1033
 499.000       1.0610
 500.000       1.1408
 501.000       1.1335
 502.000       1.4042
 503.000       2.0022
 504.000       1.3965
 505.000       1.3245
 506.000       1.0651
 507.000       1.1169
 508.000       1.1901
 509.000       1.1196
 510.000       0.9753
 511.000       0.9967
 512.000       1.0369
 513.000       0.9805
 514.000       0.9409
 515.000       0.9677
 516.000       1.0171
 517.000       1.0090
 518.000       1.0268
 519.000       1.1287
 520.000       0.8871
 521.000       0.9079
 522.000       0.9888
 523.000       0.9200
 524.000       0.8810
 525.000       0.8744
 526.000       1.2069
 527.000       1.1815
 528.000       1.1998
 529.000       1.4802
 530.000       1.5004
 531.000       1.5291
 532.000       1.7264
 533.000       2.0950
 534.000       2.3280
 535.000       2.3846
 536.000       2.7161
 537.000       3.6488
 538.000       4.0421
 539.000       3.4068
 540.000       3.4701
 541.000       3.1772
 542.000       3.2456
 543.000       2.9050
 544.000       2.5888
 545.000       2.7118
 546.000       2.8068
 547.000       2.5395
 548.000       2.4645
 549.000       2.8603
 550.000       3.2042
 551.000       4.1013
 555.000      51.9463
