#Res        AtomicFlx
   1.000       2.2489
   2.000       1.6711
   3.000       1.8872
   4.000       1.2201
   5.000       1.2613
   6.000       1.0459
   7.000       0.9199
   8.000       0.8721
   9.000       0.7453
  10.000       0.6411
  11.000       0.6244
  12.000       0.6316
  13.000       0.5260
  14.000       0.4786
  15.000       0.5301
  16.000       0.5484
  17.000       0.4940
  18.000       0.5099
  19.000       0.5158
  20.000       0.6170
  21.000       0.7902
  22.000       0.8123
  23.000       0.6937
  24.000       0.8557
  25.000       1.0699
  26.000       0.7372
  27.000       0.6642
  28.000       0.7517
  29.000       0.7668
  30.000       0.6721
  31.000       0.7205
  32.000       0.8339
  33.000       0.8238
  34.000       0.7532
  35.000       0.8795
  36.000       0.8258
  37.000       0.8517
  38.000       0.8679
  39.000       0.7470
  40.000       0.7851
  41.000       0.7809
  42.000       0.5823
  43.000       0.5363
  44.000       0.6646
  45.000       0.6623
  46.000       0.5841
  47.000       0.6076
  48.000       0.7400
  49.000       0.8132
  50.000       0.7044
  51.000       0.5616
  52.000       0.5340
  53.000       0.5588
  54.000       0.5330
  55.000       0.4902
  56.000       0.5124
  57.000       0.5237
  58.000       0.5535
  59.000       0.6085
  60.000       0.6179
  61.000       0.6506
  62.000       0.6937
  63.000       0.7850
  64.000       0.7707
  65.000       0.8413
  66.000       0.8901
  67.000       1.2524
  68.000       1.1118
  69.000       0.8090
  70.000       0.9240
  71.000       0.8565
  72.000       0.7613
  73.000       0.8044
  74.000       0.9668
  75.000       1.2214
  76.000       1.2286
  77.000       1.2367
  78.000       1.7494
  79.000       1.1009
  80.000       0.8436
  81.000       0.8129
  82.000       0.7090
  83.000       0.6896
  84.000       0.6943
  85.000       0.6652
  86.000       0.6253
  87.000       0.6705
  88.000       0.6661
  89.000       0.6033
  90.000       0.6428
  91.000       0.6946
  92.000       0.6667
  93.000       0.6531
  94.000       0.7012
  95.000       0.6898
  96.000       0.6706
  97.000       0.6007
  98.000       0.6219
  99.000       0.6863
 100.000       0.6544
 101.000       0.6339
 102.000       0.6999
 103.000       0.7670
 104.000       0.7229
 105.000       0.7503
 106.000       0.8480
 107.000       0.8436
 108.000       0.8425
 109.000       0.9533
 110.000       1.0533
 111.000       1.0522
 112.000       1.2044
 113.000       1.2600
 114.000       1.3742
 115.000       1.3005
 116.000       1.0976
 117.000       1.1896
 118.000       1.1459
 119.000       1.2261
 120.000       2.6862
 121.000       3.6541
 122.000       5.9153
 123.000       6.4704
 124.000       6.7421
 125.000       6.5275
 126.000       6.5634
 127.000       8.0238
 128.000       9.0198
 129.000       8.8043
 130.000       6.5450
 131.000       6.8714
 132.000       5.1518
 133.000       4.5012
 134.000       5.4213
 135.000       6.0571
 136.000       7.0935
 137.000       8.2250
 138.000       8.6147
 139.000       7.6748
 140.000       7.7347
 141.000       8.9859
 142.000       8.8569
 143.000       7.8043
 144.000       6.5577
 145.000       6.4044
 146.000       5.0227
 147.000       2.7728
 148.000       2.8035
 149.000       2.4795
 150.000       3.0815
 151.000       2.9253
 152.000       1.9775
 153.000       2.6141
 154.000       3.0044
 155.000       3.3253
 156.000       4.2673
 157.000       5.2465
 158.000       4.8582
 159.000       3.8921
 160.000       3.3956
 161.000       3.4368
 162.000       2.5444
 163.000       1.6345
 164.000       1.1199
 165.000       1.0515
 166.000       0.9428
 167.000       0.9720
 168.000       1.0446
 169.000       0.9665
 170.000       0.8991
 171.000       1.0278
 172.000       1.1287
 173.000       1.0489
 174.000       0.9565
 175.000       1.0077
 176.000       1.2559
 177.000       1.3516
 178.000       1.4105
 179.000       1.5323
 180.000       1.5375
 181.000       1.5117
 182.000       1.6852
 183.000       1.5594
 184.000       1.5645
 185.000       1.7712
 186.000       1.5408
 187.000       1.1802
 188.000       1.0853
 189.000       1.1592
 190.000       1.0610
 191.000       0.8978
 192.000       0.9277
 193.000       0.9152
 194.000       0.7944
 195.000       0.7444
 196.000       0.7791
 197.000       0.7416
 198.000       0.6724
 199.000       0.6357
 200.000       0.6590
 201.000       0.6898
 202.000       0.6406
 203.000       0.6352
 204.000       0.7268
 205.000       0.7514
 206.000       0.8020
 207.000       0.8725
 208.000       0.8915
 209.000       1.0538
 210.000       1.0660
 211.000       1.0387
 212.000       0.9032
 213.000       0.7640
 214.000       0.7867
 215.000       0.7294
 216.000       0.6255
 217.000       0.6329
 218.000       0.6934
 219.000       0.6622
 220.000       0.5877
 221.000       0.6561
 222.000       0.7079
 223.000       0.7737
 224.000       0.7086
 225.000       0.6827
 226.000       0.7637
 227.000       0.7805
 228.000       0.7609
 229.000       0.8093
 230.000       0.8907
 231.000       0.9059
 232.000       0.9400
 233.000       1.0951
 234.000       1.1818
 235.000       1.1522
 236.000       1.1474
 237.000       1.2578
 238.000       1.0794
 239.000       1.0854
 240.000       1.0289
 241.000       0.9289
 242.000       1.0004
 243.000       1.0212
 244.000       0.9171
 245.000       0.8980
 246.000       0.9716
 247.000       0.9362
 248.000       0.8637
 249.000       0.9123
 250.000       0.9460
 251.000       0.9257
 252.000       0.9788
 253.000       1.1520
 254.000       1.1590
 255.000       0.8861
 256.000       0.9900
 257.000       1.2334
 258.000       0.9009
 259.000       0.8100
 260.000       0.7673
 261.000       0.6406
 262.000       0.5874
 263.000       0.6215
 264.000       0.5846
 265.000       0.5215
 266.000       0.5209
 267.000       0.5408
 268.000       0.5056
 269.000       0.5240
 270.000       0.4877
 271.000       0.5067
 272.000       0.5052
 273.000       0.4930
 274.000       0.5952
 275.000       0.5406
 276.000       0.5731
 277.000       0.5859
 278.000       0.6660
 279.000       0.7747
 280.000       0.6803
 281.000       0.6443
 282.000       0.7971
 283.000       0.7696
 284.000       0.6874
 285.000       0.8058
 286.000       0.9811
 287.000       0.8593
 288.000       1.0264
 289.000       1.0480
 290.000       1.1354
 291.000       1.2579
 292.000       1.2980
 293.000       0.8778
 294.000       0.8406
 295.000       0.7090
 296.000       0.6785
 297.000       0.6463
 298.000       0.6301
 299.000       0.6199
 300.000       0.5353
 301.000       0.5359
 302.000       0.6028
 303.000       0.5762
 304.000       0.5212
 305.000       0.5860
 306.000       0.6577
 307.000       0.6117
 308.000       0.5960
 309.000       0.6749
 310.000       0.7284
 311.000       0.7232
 312.000       0.7471
 313.000       0.8312
 314.000       0.8437
 315.000       0.7941
 316.000       0.8637
 317.000       0.8422
 318.000       0.8813
 319.000       0.9542
 320.000       0.9468
 321.000       0.9449
 322.000       1.0100
 323.000       1.0404
 324.000       1.0551
 325.000       1.1576
 326.000       1.1833
 327.000       1.1489
 328.000       1.1010
 329.000       1.0570
 330.000       0.9972
 331.000       1.0116
 332.000       1.0456
 333.000       0.9536
 334.000       1.1234
 335.000       1.3062
 336.000       1.6076
 337.000       2.0708
 338.000       1.3131
 339.000       1.0856
 340.000       1.2173
 341.000       1.2660
 342.000       1.0592
 343.000       0.9382
 344.000       1.0450
 345.000       1.2402
 346.000       1.3380
 347.000       1.1595
 348.000       1.0386
 349.000       1.4824
 350.000       1.9403
 351.000       1.7110
 352.000       1.1955
 353.000       1.3182
 354.000       1.1580
 355.000       1.0785
 356.000       1.1052
 357.000       1.1339
 358.000       0.9853
 359.000       0.9045
 360.000       0.9496
 361.000       0.9172
 362.000       0.8035
 363.000       0.7547
 364.000       0.7676
 365.000       0.7432
 366.000       0.6779
 367.000       0.6487
 368.000       0.6609
 369.000       0.6216
 370.000       0.6274
 371.000       0.6208
 372.000       0.6317
 373.000       0.6204
 374.000       0.5999
 375.000       0.6260
 376.000       0.6524
 377.000       0.6672
 378.000       0.6183
 379.000       0.6389
 380.000       0.7562
 381.000       0.7635
 382.000       0.6832
 383.000       0.8065
 384.000       0.9691
 385.000       0.9107
 386.000       1.0360
 387.000       1.2994
 388.000       1.3363
 389.000       1.4288
 390.000       1.5882
 391.000       1.8250
 392.000       1.8392
 393.000       1.7011
 394.000       1.3425
 395.000       1.3836
 396.000       1.4728
 397.000       1.1811
 398.000       0.9704
 399.000       0.8571
 400.000       0.8271
 401.000       0.7727
 402.000       0.6481
 403.000       0.6586
 404.000       0.7265
 405.000       0.6811
 406.000       0.6502
 407.000       0.7270
 408.000       0.7889
 409.000       0.7447
 410.000       0.7600
 411.000       0.8679
 412.000       0.8527
 413.000       0.8099
 414.000       0.9318
 415.000       0.9571
 416.000       0.8413
 417.000       0.8961
 418.000       1.0295
 419.000       1.0565
 420.000       1.0675
 421.000       1.0398
 422.000       0.9186
 423.000       0.9020
 424.000       0.8277
 425.000       0.7428
 426.000       0.7670
 427.000       0.7873
 428.000       0.7088
 429.000       0.6993
 430.000       0.7573
 431.000       0.7464
 432.000       0.7105
 433.000       0.7064
 434.000       0.8310
 435.000       0.7530
 436.000       0.6206
 437.000       0.5453
 438.000       0.5445
 439.000       0.5938
 440.000       0.5889
 441.000       0.5579
 442.000       0.6533
 443.000       0.7006
 444.000       0.6279
 445.000       0.6777
 446.000       0.8108
 447.000       0.8172
 448.000       0.7588
 449.000       0.8694
 450.000       1.0896
 451.000       1.0936
 452.000       0.9149
 453.000       0.9831
 454.000       1.1668
 455.000       1.2025
 456.000       1.6849
 457.000       1.2799
 458.000       1.1119
 459.000       1.4301
 460.000       1.5170
 461.000       1.3072
 462.000       1.4403
 463.000       1.6744
 464.000       1.5226
 465.000       1.5169
 466.000       1.6955
 467.000       1.6249
 468.000       1.6421
 469.000       1.9062
 470.000       1.7656
 471.000       1.5053
 472.000       1.4672
 473.000       1.6747
 474.000       1.5158
 475.000       1.1977
 476.000       1.2360
 477.000       1.5068
 478.000       1.4209
 479.000       1.1215
 480.000       0.9220
 481.000       1.0058
 482.000       1.0539
 483.000       0.9225
 484.000       0.7061
 485.000       0.7411
 486.000       0.8763
 487.000       0.7792
 488.000       0.7234
 489.000       0.8276
 490.000       0.9477
 491.000       0.8737
 492.000       0.9334
 493.000       1.0811
 494.000       1.1925
 495.000       1.2441
 496.000       1.2182
 497.000       1.3814
 498.000       1.2350
 499.000       1.0352
 500.000       1.1268
 501.000       1.1594
 502.000       1.6063
 503.000       1.6212
 504.000       1.5017
 505.000       1.4020
 506.000       1.1930
 507.000       1.3235
 508.000       1.3566
 509.000       1.3001
 510.000       1.1385
 511.000       1.0969
 512.000       1.1593
 513.000       1.0869
 514.000       0.9568
 515.000       1.0114
 516.000       1.0856
 517.000       0.9920
 518.000       0.9350
 519.000       1.0399
 520.000       0.9307
 521.000       0.8518
 522.000       0.9747
 523.000       0.9716
 524.000       0.8267
 525.000       0.8421
 526.000       0.9130
 527.000       0.9653
 528.000       0.8009
 529.000       0.9808
 530.000       1.2493
 531.000       1.2631
 532.000       1.2042
 533.000       1.7096
 534.000       2.0262
 535.000       2.0462
 536.000       2.2792
 537.000       3.2973
 538.000       3.8082
 539.000       3.0719
 540.000       3.1954
 541.000       3.0500
 542.000       3.1156
 543.000       2.7771
 544.000       2.4293
 545.000       2.5928
 546.000       2.6365
 547.000       2.3084
 548.000       2.2809
 549.000       2.6815
 550.000       2.6246
 551.000       3.6309
 554.000      51.2259
