#Res        AtomicFlx
   1.000       4.7923
   2.000       2.3306
   3.000       0.8261
   4.000       1.2903
   5.000       0.9146
   6.000       0.7061
   7.000       0.9549
   8.000       1.2216
   9.000       0.8878
  10.000       1.1116
  11.000       0.9081
  12.000       0.6154
  13.000       0.9627
  14.000       0.7636
  15.000       0.6349
  16.000       0.7388
  17.000       0.9049
  18.000       0.6413
  19.000       0.6698
  20.000       0.8019
  21.000       0.8398
  22.000       1.2096
  23.000       1.2216
  24.000       1.2262
  25.000       1.8656
  26.000       1.8883
  27.000       1.7188
  28.000       1.5289
  29.000       0.8353
  30.000       0.9242
  31.000       1.0747
  32.000       0.9585
  33.000       1.0414
  34.000       1.5083
  35.000       1.7711
  36.000       1.0055
  37.000       1.3174
  38.000       0.9708
  39.000       0.9157
  40.000       0.9592
  41.000       0.7675
  42.000       1.0365
  43.000       1.0034
  44.000       0.8507
  45.000       0.9167
  46.000       1.2545
  47.000       1.1231
  48.000       0.7475
  49.000       0.9071
  50.000       0.9692
  51.000       1.0788
  52.000       0.7649
  53.000       0.6504
  54.000       1.2164
  55.000       0.5860
  56.000       0.7279
  57.000       0.9241
  58.000       0.6353
  59.000       0.8236
  60.000       0.5343
  61.000       0.7177
  62.000       0.6410
  63.000       0.8435
  64.000       0.4872
  65.000       0.5917
  66.000       0.6475
  67.000       0.6420
  68.000       0.9711
  69.000       0.7537
  70.000       0.4942
  71.000       0.6309
  72.000       0.7214
  73.000       0.6216
  74.000       0.7346
  75.000       0.8025
  76.000       1.6484
  77.000       1.4696
  78.000       1.1538
  79.000       0.9159
  80.000       1.1627
  81.000       1.2093
  82.000       0.9614
  83.000       0.6095
  84.000       0.7693
  85.000       0.5896
  86.000       0.9233
  87.000       0.6720
  88.000       0.7106
  89.000       1.0207
  90.000       0.8881
  91.000       0.7961
  92.000       0.6535
  93.000       0.9877
  94.000       1.0667
  95.000       0.8042
  96.000       0.7958
  97.000       1.2966
  98.000       1.0059
  99.000       0.7050
 100.000       0.7870
 101.000       0.8419
 102.000       0.8749
 103.000       0.7123
 104.000       0.6631
 105.000       0.8187
 106.000       0.7521
 107.000       0.9180
 108.000       0.8686
 109.000       1.0527
 110.000       0.8915
 111.000       1.1836
 112.000       1.0127
 113.000       0.9693
 114.000       1.4755
 115.000       1.6819
 116.000       2.3809
 117.000       2.1816
 118.000       1.2313
 119.000       1.0907
 120.000       1.1825
 121.000       1.3756
 122.000       1.6040
 123.000       1.2680
 124.000       1.5775
 125.000       1.3571
 126.000       1.6119
 127.000       1.2249
 128.000       1.2799
 129.000       1.4510
 130.000       1.7719
 131.000       1.8440
 132.000       1.2590
 133.000       1.8453
 134.000       3.7569
 135.000       5.0494
 136.000       7.9776
 137.000       7.8852
 138.000       9.1381
 139.000      10.4268
 140.000      11.3115
 141.000      12.1288
 142.000      12.8018
 143.000      13.5155
 144.000      11.6152
 145.000      10.7066
 146.000       9.9437
 147.000       9.7748
 148.000       9.4356
 149.000       8.1264
 150.000       6.0312
 151.000       5.1562
 152.000       2.3121
 153.000       1.4709
 154.000       1.1528
 155.000       0.9403
 156.000       0.8754
 157.000       0.9171
 158.000       1.1220
 159.000       0.8682
 160.000       1.1527
 161.000       1.4554
 162.000       1.7268
 163.000       0.9249
 164.000       0.9964
 165.000       1.0759
 166.000       1.5044
 167.000       1.3979
 168.000       2.6396
 169.000       2.9022
 170.000       2.4357
 171.000       2.2354
 172.000       1.6402
 173.000       1.6616
 174.000       1.8046
 175.000       1.7258
 176.000       1.2460
 177.000       0.9544
 178.000       1.0087
 179.000       0.8197
 180.000       0.9188
 181.000       1.2579
 182.000       1.2464
 183.000       0.8224
 184.000       0.7062
 185.000       0.7537
 186.000       0.6702
 187.000       0.7072
 188.000       0.7805
 189.000       1.1556
 190.000       0.7463
 191.000       0.7641
 192.000       0.9014
 193.000       1.1300
 194.000       0.9280
 195.000       0.9025
 196.000       1.4519
 197.000       0.8424
 198.000       0.9443
 199.000       1.4587
 200.000       1.5554
 201.000       0.9682
 202.000       1.1235
 203.000       1.8805
 204.000       1.4950
 205.000       0.9896
 206.000       0.8205
 207.000       1.4874
 208.000       0.9783
 209.000       0.7775
 210.000       1.2233
 211.000       1.0788
 212.000       0.7668
 213.000       0.9179
 214.000       1.0193
 215.000       1.6770
 216.000       0.8314
 217.000       1.1368
 218.000       1.0372
 219.000       0.8940
 220.000       0.9422
 221.000       0.9065
 222.000       0.8757
 223.000       1.0823
 224.000       1.0945
 225.000       1.2595
 226.000       0.9023
 227.000       0.8396
 228.000       1.1894
 229.000       1.0377
 230.000       1.0324
 231.000       1.0902
 232.000       0.9502
 233.000       0.9522
 234.000       1.2032
 235.000       1.2419
 236.000       0.9160
 237.000       1.2266
 238.000       1.6121
 239.000       1.0752
 240.000       0.9320
 241.000       1.1568
 242.000       1.2208
 243.000       1.2763
 244.000       1.6893
 245.000       2.0980
 246.000       2.4074
 247.000       1.8993
 248.000       1.6129
 249.000       1.5891
 250.000       1.8017
 251.000       1.2538
 252.000       1.1739
 253.000       1.1595
 254.000       1.0030
 255.000       1.2516
 256.000       0.9174
 257.000       0.7645
 258.000       0.7716
 259.000       0.9334
 260.000       0.7947
 261.000       0.7844
 262.000       0.8453
 263.000       1.1185
 264.000       1.0545
 265.000       1.0832
 266.000       0.7538
 267.000       0.9886
 268.000       0.6106
 269.000       0.6379
 270.000       0.4809
 271.000       0.7373
 272.000       0.7843
 273.000       0.5815
 274.000       0.5279
 275.000       0.5430
 276.000       0.4494
 277.000       0.5270
 278.000       0.6206
 279.000       0.6554
 280.000       1.3447
 281.000       0.9880
 282.000       0.9026
 283.000       1.1339
 284.000       1.3018
 285.000       1.1939
 286.000       1.3766
 287.000       1.7620
 288.000       0.9716
 289.000       0.7714
 290.000       1.2587
 291.000       1.1062
 292.000       0.9556
 293.000       0.9213
 294.000       0.9419
 295.000       1.0154
 296.000       0.9500
 297.000       1.0121
 298.000       1.0421
 299.000       0.9140
 300.000       0.8562
 301.000       1.1409
 302.000       0.8325
 303.000       0.9068
 304.000       0.7900
 305.000       1.2059
 306.000       0.9139
 307.000       0.8581
 308.000       0.9581
 309.000       0.8312
 310.000       1.0924
 311.000       1.0492
 312.000       0.8668
 313.000       1.0223
 314.000       1.1182
 315.000       1.0797
 316.000       1.7361
 317.000       1.7615
 318.000       1.5494
 319.000       1.5693
 320.000       1.5766
 321.000       1.3776
 322.000       1.4349
 323.000       1.2833
 324.000       1.5266
 325.000       1.3253
 326.000       1.2965
 327.000       2.5246
 328.000       1.6997
 329.000       1.0731
 330.000       1.2029
 331.000       0.9597
 332.000       1.2043
 333.000       1.5038
 334.000       1.0961
 335.000       0.9667
 336.000       1.2649
 337.000       1.4534
 338.000       1.1669
 339.000       1.2873
 340.000       1.0813
 341.000       1.4574
 342.000       1.3393
 343.000       1.4454
 344.000       1.2446
 345.000       1.1852
 346.000       1.3180
 347.000       0.9676
 348.000       1.1351
 349.000       0.9821
 350.000       0.9062
 351.000       0.8814
 352.000       0.9198
 353.000       1.1319
 354.000       1.0263
 355.000       0.8394
 356.000       1.0700
 357.000       0.9501
 358.000       1.0552
 359.000       1.2448
 360.000       0.9419
 361.000       0.9089
 362.000       0.6538
 363.000       0.8703
 364.000       0.5976
 365.000       0.6128
 366.000       0.6260
 367.000       0.9317
 368.000       0.5231
 369.000       0.5375
 370.000       0.8514
 371.000       0.6951
 372.000       0.4822
 373.000       0.6727
 374.000       0.7546
 375.000       0.6568
 376.000       0.6093
 377.000       0.8231
 378.000       0.8551
 379.000       0.7017
 380.000       0.9848
 381.000       1.1616
 382.000       1.7678
 383.000       1.5495
 384.000       1.1552
 385.000       1.4111
 386.000       2.3211
 387.000       1.5042
 388.000       1.4684
 389.000       1.3594
 390.000       1.4524
 391.000       0.8331
 392.000       0.7885
 393.000       0.9972
 394.000       1.5628
 395.000       0.8287
 396.000       0.8060
 397.000       1.2478
 398.000       0.8112
 399.000       0.9302
 400.000       0.7081
 401.000       1.0359
 402.000       0.9742
 403.000       0.7031
 404.000       1.1317
 405.000       1.3878
 406.000       1.0307
 407.000       1.0447
 408.000       0.8935
 409.000       1.0546
 410.000       1.1106
 411.000       1.2444
 412.000       1.4781
 413.000       1.4696
 414.000       1.2236
 415.000       1.4531
 416.000       1.2575
 417.000       1.2928
 418.000       1.0291
 419.000       1.0935
 420.000       1.2971
 421.000       1.1475
 422.000       0.9218
 423.000       0.9322
 424.000       0.8009
 425.000       1.0468
 426.000       0.8526
 427.000       1.1832
 428.000       0.9042
 429.000       1.1486
 430.000       0.7622
 431.000       0.8271
 432.000       0.7717
 433.000       1.1816
 434.000       0.9194
 435.000       0.7340
 436.000       0.9210
 437.000       0.6956
 438.000       0.9547
 439.000       0.8880
 440.000       1.1277
 441.000       1.4515
 442.000       1.2943
 443.000       0.6683
 444.000       0.8065
 445.000       0.6984
 446.000       1.1989
 447.000       0.6288
 448.000       0.6503
 449.000       0.9387
 450.000       0.6496
 451.000       0.7466
 452.000       0.9170
 453.000       1.3785
 454.000       0.8802
 455.000       0.9996
 456.000       1.0336
 457.000       1.7030
 458.000       1.5470
 459.000       0.8090
 460.000       0.9964
 461.000       1.0135
 462.000       0.8043
 463.000       0.7354
 464.000       0.7938
 465.000       1.0448
 466.000       0.6639
 467.000       0.6429
 468.000       1.0653
 469.000       1.2121
 470.000       0.8443
 471.000       0.8316
 472.000       0.7915
 473.000       1.0333
 474.000       0.7777
 475.000       0.9888
 476.000       1.1246
 477.000       1.6141
 478.000       1.0492
 479.000       0.9122
 480.000       1.0562
 481.000       1.2505
 482.000       1.0779
 483.000       1.2906
 484.000       1.5185
 485.000       1.4264
 486.000       1.5465
 487.000       2.7446
 488.000       1.5401
 489.000       1.4844
 490.000       2.2013
 491.000       1.8556
 492.000       1.7931
 493.000       2.0172
 494.000       2.0331
 495.000       1.9771
 496.000       1.5930
 497.000       1.4813
 498.000       1.7036
 499.000       2.3419
 500.000       1.3522
 501.000       1.5664
 502.000       1.3646
 503.000       1.5818
 504.000       1.0404
 505.000       1.2250
 506.000       1.1945
 507.000       1.1336
 508.000       1.0054
 509.000       1.1898
 510.000       0.8612
 511.000       0.9020
 512.000       0.9570
 513.000       0.8676
 514.000       1.0155
 515.000       0.8183
 516.000       0.8859
 517.000       1.2525
 518.000       1.1985
 519.000       0.9512
 520.000       1.1993
 521.000       1.4699
 522.000       1.2183
 523.000       1.7391
 524.000       1.6246
 525.000       1.4847
 526.000       1.4738
 527.000       1.8374
 528.000       2.0738
 529.000       2.2741
 530.000       2.4337
 531.000       3.0897
 532.000       2.1987
 533.000       1.6999
 534.000       2.0790
 535.000       1.9551
 536.000       1.9634
 537.000       1.3382
 538.000       1.9176
 539.000       1.4540
 540.000       1.5997
 541.000       2.1258
 542.000       3.7856
 543.000       5.9042
 544.000       8.2043
 545.000       3.7050
 546.000      12.9607
 547.000       0.9673
 548.000       0.6253
 549.000       4.6228
 550.000      51.9189
 551.000      52.1101
 552.000      51.7925
 553.000      52.9649
 554.000      52.3486
 555.000      49.5458
 556.000      50.1762
 557.000      51.0131
 558.000      50.9066
 559.000      51.4880
 560.000      52.2465
 561.000      53.0002
 562.000      52.0065
 563.000      51.6053
 564.000      52.0222
 565.000      51.9291
 566.000      51.8491
 567.000      51.3595
 568.000      52.3008
 569.000      52.8296
 570.000      52.0484
 571.000      51.5903
 572.000      50.9750
 573.000      50.2289
 574.000      51.9285
 575.000      52.9193
 576.000      51.0861
 577.000      51.1066
 578.000      51.5997
 579.000      50.7070
 580.000      51.7480
 581.000      52.4287
 582.000      52.0376
 583.000      52.5873
 584.000      52.4620
 585.000      51.3562
 586.000      52.3399
 587.000      52.5584
 588.000      51.7670
 589.000      52.7784
 590.000      51.5186
 591.000      52.5361
 592.000      16.4293
 593.000      51.4244
 594.000      53.2140
 595.000      51.7583
 596.000      51.2091
 597.000       3.4036
 598.000      53.4184
 599.000      54.2056
 600.000      53.3190
 601.000      53.3219
 602.000      53.7826
 603.000      54.2608
 604.000      53.5745
 605.000      54.0627
 606.000      53.5500
 607.000      53.2409
 608.000      53.1882
 609.000      53.2298
 610.000      52.9317
 611.000      53.2883
 612.000      53.2629
 613.000      53.4775
 614.000      53.5561
 615.000      53.4236
 616.000      53.7744
 617.000      53.2860
 618.000      54.0299
 619.000      53.6052
 620.000      54.0613
 621.000      54.0016
 622.000      54.1957
 623.000      54.0219
 624.000      53.6754
 625.000      52.7847
 626.000      53.7394
 627.000      53.4867
 628.000      52.7655
 629.000      53.7411
 630.000      53.6386
 631.000      54.0746
 632.000      53.4615
 633.000      53.4787
 634.000      53.8908
 635.000      53.3709
 636.000      53.5468
 637.000      53.8270
 638.000      53.7391
 639.000      53.3537
 640.000      53.8245
 641.000      53.5330
 642.000      54.2201
