#Res        AtomicFlx
   1.000       6.9121
   2.000       4.6586
   3.000       2.6804
   4.000       2.0056
   5.000       1.3820
   6.000       1.2324
   7.000       1.2366
   8.000       1.6480
   9.000       1.4544
  10.000       1.1589
  11.000       1.0153
  12.000       0.8863
  13.000       0.9679
  14.000       0.8621
  15.000       0.7133
  16.000       0.7170
  17.000       0.6953
  18.000       0.5046
  19.000       0.5597
  20.000       0.5862
  21.000       0.6800
  22.000       0.7235
  23.000       0.9063
  24.000       0.6140
  25.000       0.5167
  26.000       0.8232
  27.000       0.6080
  28.000       1.3405
  29.000       0.6068
  30.000       0.6094
  31.000       1.1488
  32.000       1.0437
  33.000       0.7375
  34.000       0.9154
  35.000       1.6285
  36.000       0.8865
  37.000       0.8883
  38.000       0.8927
  39.000       1.1023
  40.000       1.1222
  41.000       0.7805
  42.000       0.9880
  43.000       0.9477
  44.000       0.7497
  45.000       0.6068
  46.000       1.1169
  47.000       0.9939
  48.000       1.3599
  49.000       0.7671
  50.000       0.9771
  51.000       1.0900
  52.000       0.6794
  53.000       0.5394
  54.000       1.2526
  55.000       0.5470
  56.000       0.8140
  57.000       0.7992
  58.000       0.9078
  59.000       0.7590
  60.000       0.5460
  61.000       0.6542
  62.000       0.6054
  63.000       0.9108
  64.000       0.5242
  65.000       0.9175
  66.000       0.9495
  67.000       0.6490
  68.000       0.7006
  69.000       0.8280
  70.000       0.6037
  71.000       0.7265
  72.000       0.7799
  73.000       0.6395
  74.000       0.7103
  75.000       0.8205
  76.000       1.3561
  77.000       1.2673
  78.000       0.8843
  79.000       0.8844
  80.000       1.2758
  81.000       1.0010
  82.000       1.0195
  83.000       0.5606
  84.000       0.6915
  85.000       0.5588
  86.000       1.2521
  87.000       0.6028
  88.000       0.6451
  89.000       0.7780
  90.000       0.9953
  91.000       0.7002
  92.000       0.6295
  93.000       0.9725
  94.000       1.0058
  95.000       0.6965
  96.000       0.5995
  97.000       0.7807
  98.000       1.0323
  99.000       0.5695
 100.000       0.7441
 101.000       0.8616
 102.000       0.8460
 103.000       0.8358
 104.000       0.6169
 105.000       0.6562
 106.000       0.6665
 107.000       0.9942
 108.000       0.6587
 109.000       0.6818
 110.000       0.7452
 111.000       1.1107
 112.000       0.8739
 113.000       0.7104
 114.000       1.3022
 115.000       1.1093
 116.000       1.5553
 117.000       1.8775
 118.000       1.0530
 119.000       1.0600
 120.000       0.9419
 121.000       1.6522
 122.000       1.6767
 123.000       1.6820
 124.000       2.3719
 125.000       1.5845
 126.000       1.8298
 127.000       1.5959
 128.000       1.4533
 129.000       2.4334
 130.000       3.0522
 131.000       2.9220
 132.000       2.1984
 133.000       3.1519
 134.000       3.9473
 135.000       4.2896
 136.000       5.4636
 137.000       6.9937
 138.000       7.5315
 139.000       7.5551
 140.000       8.5399
 141.000       9.5845
 142.000       9.8290
 143.000      10.7206
 144.000       9.6695
 145.000      10.1002
 146.000       9.6517
 147.000       9.6055
 148.000       9.4804
 149.000       7.8101
 150.000       6.4221
 151.000       5.4849
 152.000       3.4953
 153.000       2.4463
 154.000       1.4535
 155.000       1.1000
 156.000       0.8582
 157.000       0.8229
 158.000       1.1326
 159.000       0.8532
 160.000       0.7501
 161.000       1.2126
 162.000       1.4270
 163.000       1.0862
 164.000       0.9538
 165.000       1.0366
 166.000       1.4360
 167.000       1.5762
 168.000       3.0119
 169.000       3.4596
 170.000       2.5894
 171.000       2.6649
 172.000       1.9352
 173.000       1.9359
 174.000       2.1425
 175.000       1.5495
 176.000       1.2226
 177.000       0.9123
 178.000       1.0409
 179.000       0.8302
 180.000       1.1099
 181.000       1.6535
 182.000       1.1992
 183.000       1.0319
 184.000       0.6718
 185.000       0.6762
 186.000       0.6022
 187.000       0.7074
 188.000       0.8106
 189.000       1.1206
 190.000       0.7903
 191.000       0.8411
 192.000       0.8221
 193.000       1.0651
 194.000       0.8395
 195.000       1.1411
 196.000       1.1348
 197.000       0.8825
 198.000       1.1726
 199.000       1.5643
 200.000       1.3038
 201.000       0.9403
 202.000       1.3005
 203.000       1.9529
 204.000       2.3778
 205.000       3.3010
 206.000       2.0145
 207.000       1.9459
 208.000       1.2374
 209.000       1.2100
 210.000       1.7581
 211.000       1.2372
 212.000       0.8714
 213.000       1.0089
 214.000       1.2808
 215.000       1.3423
 216.000       0.7011
 217.000       0.9294
 218.000       0.8579
 219.000       0.7168
 220.000       0.9816
 221.000       0.7351
 222.000       0.7032
 223.000       0.8721
 224.000       0.8939
 225.000       1.1703
 226.000       0.7859
 227.000       0.7436
 228.000       1.1978
 229.000       0.9457
 230.000       0.9588
 231.000       1.0238
 232.000       0.8136
 233.000       0.8093
 234.000       1.1152
 235.000       1.1416
 236.000       0.7456
 237.000       1.0092
 238.000       1.4798
 239.000       0.9091
 240.000       0.7854
 241.000       1.2168
 242.000       1.0751
 243.000       1.2526
 244.000       1.4324
 245.000       1.9949
 246.000       2.9746
 247.000       2.2299
 248.000       1.8026
 249.000       1.9883
 250.000       1.8471
 251.000       1.3969
 252.000       1.2973
 253.000       1.2347
 254.000       1.2312
 255.000       1.1342
 256.000       0.9453
 257.000       0.7457
 258.000       0.7944
 259.000       0.8858
 260.000       0.6668
 261.000       0.7981
 262.000       1.0395
 263.000       0.9530
 264.000       0.6718
 265.000       1.0274
 266.000       0.6450
 267.000       0.6847
 268.000       0.5145
 269.000       0.6181
 270.000       0.5003
 271.000       0.5888
 272.000       0.6185
 273.000       0.6341
 274.000       0.6099
 275.000       0.9604
 276.000       0.5224
 277.000       0.6687
 278.000       1.3634
 279.000       0.8682
 280.000       1.5324
 281.000       1.2171
 282.000       1.3240
 283.000       1.4478
 284.000       1.4944
 285.000       1.1500
 286.000       1.4268
 287.000       1.9169
 288.000       0.9235
 289.000       0.6713
 290.000       0.9399
 291.000       0.7655
 292.000       0.6498
 293.000       0.8106
 294.000       0.7047
 295.000       0.7502
 296.000       0.5882
 297.000       0.7138
 298.000       0.9338
 299.000       0.5981
 300.000       0.5215
 301.000       0.8144
 302.000       0.6759
 303.000       0.6039
 304.000       0.5674
 305.000       1.0386
 306.000       0.7692
 307.000       0.6872
 308.000       0.6565
 309.000       0.7266
 310.000       1.0169
 311.000       0.7971
 312.000       0.6934
 313.000       0.9050
 314.000       1.0964
 315.000       0.8922
 316.000       1.6603
 317.000       1.9159
 318.000       1.5816
 319.000       1.4233
 320.000       1.3607
 321.000       1.0739
 322.000       1.2483
 323.000       0.9762
 324.000       1.2995
 325.000       1.1842
 326.000       0.8826
 327.000       1.2450
 328.000       0.9551
 329.000       0.6207
 330.000       0.7066
 331.000       0.6896
 332.000       0.7244
 333.000       0.7255
 334.000       0.6766
 335.000       0.8024
 336.000       0.9919
 337.000       1.1089
 338.000       0.8539
 339.000       1.1680
 340.000       0.8175
 341.000       0.9732
 342.000       0.9901
 343.000       1.2096
 344.000       1.1098
 345.000       1.0135
 346.000       1.1504
 347.000       0.8365
 348.000       0.9170
 349.000       0.7988
 350.000       0.7220
 351.000       0.7033
 352.000       0.7415
 353.000       1.0106
 354.000       0.6448
 355.000       0.6543
 356.000       1.0316
 357.000       0.8931
 358.000       1.0224
 359.000       1.0618
 360.000       0.8142
 361.000       0.7816
 362.000       0.5309
 363.000       0.7541
 364.000       0.8039
 365.000       0.4814
 366.000       0.5762
 367.000       0.6628
 368.000       0.5308
 369.000       0.5790
 370.000       1.1376
 371.000       1.0449
 372.000       0.9278
 373.000       0.8406
 374.000       1.2151
 375.000       1.4554
 376.000       1.1470
 377.000       1.3969
 378.000       1.5993
 379.000       1.7805
 380.000       1.6161
 381.000       2.2838
 382.000       2.7777
 383.000       1.8881
 384.000       1.6346
 385.000       1.8511
 386.000       2.4012
 387.000       1.6338
 388.000       2.5237
 389.000       1.5730
 390.000       1.8036
 391.000       2.6487
 392.000       1.2299
 393.000       1.2914
 394.000       2.3342
 395.000       1.4524
 396.000       1.1756
 397.000       1.2631
 398.000       1.0231
 399.000       1.0029
 400.000       0.8726
 401.000       1.1403
 402.000       0.9613
 403.000       0.8814
 404.000       1.0536
 405.000       1.0769
 406.000       0.9294
 407.000       1.0033
 408.000       0.8529
 409.000       1.1997
 410.000       1.1093
 411.000       1.0126
 412.000       1.1302
 413.000       1.2949
 414.000       1.0438
 415.000       1.2872
 416.000       1.0465
 417.000       1.1623
 418.000       0.8367
 419.000       1.0916
 420.000       1.5965
 421.000       0.8339
 422.000       0.8817
 423.000       0.9877
 424.000       0.7863
 425.000       0.9408
 426.000       0.7081
 427.000       0.9725
 428.000       0.9316
 429.000       1.0927
 430.000       0.6140
 431.000       0.9264
 432.000       0.7094
 433.000       1.0061
 434.000       0.7044
 435.000       0.6475
 436.000       0.8500
 437.000       0.5849
 438.000       0.7800
 439.000       0.8092
 440.000       0.8741
 441.000       1.1640
 442.000       0.6937
 443.000       0.6478
 444.000       0.9135
 445.000       0.6988
 446.000       1.1005
 447.000       0.6242
 448.000       0.6701
 449.000       0.9094
 450.000       0.8300
 451.000       0.8337
 452.000       1.2507
 453.000       1.4551
 454.000       1.2671
 455.000       1.5940
 456.000       1.3615
 457.000       1.9245
 458.000       1.6628
 459.000       0.9508
 460.000       1.0503
 461.000       1.1143
 462.000       1.2637
 463.000       0.9339
 464.000       0.8987
 465.000       1.1091
 466.000       0.6300
 467.000       0.6172
 468.000       0.9494
 469.000       1.2166
 470.000       0.8352
 471.000       0.8194
 472.000       0.7259
 473.000       1.0889
 474.000       1.5640
 475.000       0.8941
 476.000       0.9590
 477.000       1.4879
 478.000       1.0434
 479.000       0.9976
 480.000       1.0172
 481.000       1.0674
 482.000       1.2549
 483.000       1.6524
 484.000       1.4041
 485.000       1.5052
 486.000       1.5234
 487.000       2.8956
 488.000       1.7947
 489.000       1.7250
 490.000       2.2345
 491.000       1.8562
 492.000       1.9274
 493.000       2.0601
 494.000       1.6415
 495.000       1.9701
 496.000       1.6970
 497.000       1.7100
 498.000       1.8819
 499.000       2.3839
 500.000       1.3013
 501.000       1.4799
 502.000       1.2046
 503.000       1.4299
 504.000       0.8702
 505.000       1.0711
 506.000       0.9915
 507.000       0.9682
 508.000       0.8271
 509.000       1.0040
 510.000       0.7718
 511.000       0.7986
 512.000       0.7694
 513.000       0.8055
 514.000       0.9573
 515.000       0.7913
 516.000       0.8223
 517.000       1.1617
 518.000       1.2171
 519.000       0.9935
 520.000       1.0968
 521.000       1.2863
 522.000       1.2115
 523.000       1.5307
 524.000       1.4407
 525.000       1.5043
 526.000       1.4254
 527.000       1.8647
 528.000       1.9753
 529.000       2.0194
 530.000       2.6391
 531.000       2.6391
 532.000       1.7747
 533.000       1.4306
 534.000       1.6677
 535.000       1.3060
 536.000       1.5889
 537.000       1.0816
 538.000       1.5589
 539.000       1.2138
 540.000       1.4872
 541.000       2.0219
 542.000       3.8494
 543.000       5.4491
 544.000       7.8202
 545.000       4.6380
 546.000      12.2428
 547.000       0.7059
 548.000       0.4861
 549.000       0.5688
 550.000      51.4731
 551.000      51.6317
 552.000      52.3079
 553.000      52.3506
 554.000      52.4707
 555.000      52.8822
 556.000      51.6003
 557.000      52.6022
 558.000      51.0772
 559.000      52.5548
 560.000      50.5939
 561.000      51.4453
 562.000      50.6148
 563.000      50.3059
 564.000      51.6167
 565.000      52.4026
 566.000      51.5642
 567.000      51.6224
 568.000      51.8337
 569.000      51.7550
 570.000      52.4231
 571.000      51.6463
 572.000      51.8277
 573.000      51.4683
 574.000      51.5237
 575.000      51.3210
 576.000      51.5268
 577.000      51.8180
 578.000      52.7118
 579.000      50.1825
 580.000      51.4425
 581.000      52.3593
 582.000      51.9795
 583.000      13.6911
 584.000      52.2074
 585.000      49.8436
 586.000      51.1896
 587.000      52.1217
 588.000      52.8302
 589.000      49.7607
 590.000      50.3279
 591.000      50.6191
 592.000      51.7149
 593.000      50.2654
 594.000      52.0566
 595.000      49.1421
 596.000      50.5771
 597.000       0.6373
 598.000      53.7713
 599.000      53.4150
 600.000      53.4750
 601.000      53.1836
 602.000      52.4164
 603.000      52.7136
 604.000      53.6287
 605.000      53.9093
 606.000      53.2116
 607.000      53.4549
 608.000      53.2341
 609.000      52.7266
 610.000      52.8075
 611.000      52.7098
 612.000      53.8442
 613.000      53.4951
 614.000      53.4730
 615.000      52.7515
 616.000      53.6198
 617.000      53.7589
 618.000      53.0548
 619.000      52.0349
 620.000      53.2133
 621.000      53.8927
 622.000      53.4309
 623.000      53.1888
 624.000      53.2163
 625.000      52.8015
 626.000      53.1356
 627.000      52.8856
 628.000      53.2637
 629.000      53.6701
 630.000      53.6899
 631.000      53.7294
 632.000      53.0895
 633.000      53.5335
 634.000      52.6164
 635.000      53.0393
 636.000      53.1596
 637.000      53.2712
 638.000      53.9442
 639.000      52.5812
 640.000      53.7570
 641.000      53.7648
 642.000      53.0524
