#Res        AtomicFlx
   1.000       5.0292
   2.000       2.6098
   3.000       0.9337
   4.000       1.3933
   5.000       1.0897
   6.000       0.8915
   7.000       1.1647
   8.000       1.3625
   9.000       1.3594
  10.000       1.1537
  11.000       0.9997
  12.000       0.7357
  13.000       1.0561
  14.000       0.8359
  15.000       0.6695
  16.000       0.8470
  17.000       0.7300
  18.000       0.5565
  19.000       0.6109
  20.000       0.6506
  21.000       0.6891
  22.000       0.8205
  23.000       1.0114
  24.000       0.8325
  25.000       0.6722
  26.000       1.1236
  27.000       1.1879
  28.000       1.8707
  29.000       0.9067
  30.000       1.2699
  31.000       2.3618
  32.000       1.4775
  33.000       1.6927
  34.000       3.1268
  35.000       2.4534
  36.000       1.6560
  37.000       2.1344
  38.000       1.6860
  39.000       1.6753
  40.000       1.6638
  41.000       1.3123
  42.000       1.5860
  43.000       1.3310
  44.000       1.0075
  45.000       0.8739
  46.000       1.2699
  47.000       1.2761
  48.000       0.8928
  49.000       0.9728
  50.000       1.1716
  51.000       1.4257
  52.000       0.9996
  53.000       0.6871
  54.000       0.8604
  55.000       0.6178
  56.000       0.6909
  57.000       0.7569
  58.000       0.6267
  59.000       0.7531
  60.000       0.6759
  61.000       0.7491
  62.000       0.6143
  63.000       0.9029
  64.000       0.5111
  65.000       0.7578
  66.000       0.6320
  67.000       0.5995
  68.000       1.3354
  69.000       0.7951
  70.000       0.5915
  71.000       0.7526
  72.000       0.8630
  73.000       0.6685
  74.000       0.8585
  75.000       1.0058
  76.000       1.7884
  77.000       1.6355
  78.000       1.2923
  79.000       1.5444
  80.000       1.7111
  81.000       1.2112
  82.000       1.3797
  83.000       0.7583
  84.000       0.8377
  85.000       0.6775
  86.000       1.0388
  87.000       0.7553
  88.000       0.7067
  89.000       0.7621
  90.000       1.0839
  91.000       1.0259
  92.000       0.6559
  93.000       1.0136
  94.000       1.1473
  95.000       0.8079
  96.000       0.9326
  97.000       1.6910
  98.000       1.1426
  99.000       0.9589
 100.000       0.7890
 101.000       0.8501
 102.000       0.7773
 103.000       0.8105
 104.000       0.6118
 105.000       0.6232
 106.000       0.6272
 107.000       1.0044
 108.000       0.6918
 109.000       0.9290
 110.000       0.7171
 111.000       1.0776
 112.000       0.7707
 113.000       0.6894
 114.000       1.2306
 115.000       1.1478
 116.000       1.6481
 117.000       1.8405
 118.000       0.9702
 119.000       0.9032
 120.000       0.9091
 121.000       1.2711
 122.000       1.5158
 123.000       1.2136
 124.000       1.9101
 125.000       2.0204
 126.000       2.4372
 127.000       2.3034
 128.000       1.5259
 129.000       1.7470
 130.000       2.0737
 131.000       3.4293
 132.000       1.9937
 133.000       2.0252
 134.000       2.4499
 135.000       3.1650
 136.000       4.7531
 137.000       6.4336
 138.000       8.6627
 139.000      10.5405
 140.000      11.2709
 141.000      12.2888
 142.000      12.5618
 143.000      13.4867
 144.000      11.8316
 145.000      10.7618
 146.000       9.4621
 147.000       9.1131
 148.000       7.4549
 149.000       6.6936
 150.000       5.2286
 151.000       5.2420
 152.000       2.5392
 153.000       1.7798
 154.000       1.0426
 155.000       0.8221
 156.000       0.7545
 157.000       0.7456
 158.000       1.0116
 159.000       0.8110
 160.000       0.7599
 161.000       1.0697
 162.000       1.3661
 163.000       0.9879
 164.000       0.9588
 165.000       0.8919
 166.000       1.3365
 167.000       1.2257
 168.000       1.7650
 169.000       2.1478
 170.000       2.0533
 171.000       2.5699
 172.000       1.7247
 173.000       1.8593
 174.000       2.2216
 175.000       1.5676
 176.000       1.1316
 177.000       0.8248
 178.000       0.9468
 179.000       0.7449
 180.000       1.4007
 181.000       1.1416
 182.000       1.2295
 183.000       1.0259
 184.000       0.6779
 185.000       0.6772
 186.000       0.5976
 187.000       0.7211
 188.000       0.8062
 189.000       1.1562
 190.000       0.8433
 191.000       0.8613
 192.000       0.8654
 193.000       1.0928
 194.000       0.9501
 195.000       0.7568
 196.000       1.3683
 197.000       0.7745
 198.000       0.7704
 199.000       1.0598
 200.000       1.1389
 201.000       0.7093
 202.000       1.0812
 203.000       1.4414
 204.000       0.8432
 205.000       0.8858
 206.000       0.8098
 207.000       1.3953
 208.000       1.0325
 209.000       1.0202
 210.000       1.7539
 211.000       1.2287
 212.000       1.4578
 213.000       1.2458
 214.000       1.4205
 215.000       1.2613
 216.000       0.7854
 217.000       1.0797
 218.000       1.0308
 219.000       0.8625
 220.000       1.1392
 221.000       0.9773
 222.000       0.9618
 223.000       1.1063
 224.000       1.1968
 225.000       1.4076
 226.000       1.0818
 227.000       1.0974
 228.000       1.5428
 229.000       1.3103
 230.000       1.2886
 231.000       1.3727
 232.000       1.2670
 233.000       1.2305
 234.000       1.4828
 235.000       1.5305
 236.000       1.1011
 237.000       1.3947
 238.000       1.9839
 239.000       1.2889
 240.000       0.9748
 241.000       1.4422
 242.000       1.5307
 243.000       1.7877
 244.000       1.8327
 245.000       2.6953
 246.000       3.4616
 247.000       2.2095
 248.000       1.6185
 249.000       1.8708
 250.000       2.0331
 251.000       1.3196
 252.000       1.4948
 253.000       1.4726
 254.000       1.5641
 255.000       1.3848
 256.000       1.2692
 257.000       0.9616
 258.000       0.8590
 259.000       1.0960
 260.000       0.9309
 261.000       0.8958
 262.000       0.8602
 263.000       0.9443
 264.000       0.7814
 265.000       0.8649
 266.000       0.6075
 267.000       0.9156
 268.000       0.5813
 269.000       0.8935
 270.000       0.5355
 271.000       0.6831
 272.000       0.8771
 273.000       0.6396
 274.000       0.5991
 275.000       0.8339
 276.000       0.5210
 277.000       0.5441
 278.000       0.8362
 279.000       0.8091
 280.000       1.4758
 281.000       0.9979
 282.000       1.0495
 283.000       1.5170
 284.000       1.3201
 285.000       1.1307
 286.000       1.0416
 287.000       2.0610
 288.000       0.9001
 289.000       0.6626
 290.000       1.0566
 291.000       0.8541
 292.000       0.7940
 293.000       0.8208
 294.000       0.6588
 295.000       0.8493
 296.000       0.6149
 297.000       0.7894
 298.000       1.1015
 299.000       0.7145
 300.000       0.6668
 301.000       1.1432
 302.000       0.8660
 303.000       0.8237
 304.000       0.9549
 305.000       1.5416
 306.000       1.1084
 307.000       0.9605
 308.000       1.0870
 309.000       1.1707
 310.000       1.3412
 311.000       1.2284
 312.000       1.1813
 313.000       1.2666
 314.000       1.3431
 315.000       1.3944
 316.000       2.0534
 317.000       2.0584
 318.000       1.6613
 319.000       2.0025
 320.000       1.8862
 321.000       1.6203
 322.000       1.7072
 323.000       1.5380
 324.000       1.8683
 325.000       1.6573
 326.000       1.8811
 327.000       2.4765
 328.000       2.9691
 329.000       2.3114
 330.000       1.3072
 331.000       0.8685
 332.000       1.2696
 333.000       1.3321
 334.000       0.7922
 335.000       0.8304
 336.000       1.0144
 337.000       1.6812
 338.000       0.9181
 339.000       1.3017
 340.000       1.0591
 341.000       1.2787
 342.000       1.2412
 343.000       1.3875
 344.000       1.2044
 345.000       1.1386
 346.000       1.1654
 347.000       0.8292
 348.000       0.8502
 349.000       0.8497
 350.000       0.8594
 351.000       0.7180
 352.000       0.7395
 353.000       0.9773
 354.000       0.9246
 355.000       0.6372
 356.000       0.8647
 357.000       0.8517
 358.000       0.8975
 359.000       1.0007
 360.000       0.6685
 361.000       0.9844
 362.000       0.6245
 363.000       0.8028
 364.000       0.7500
 365.000       0.7129
 366.000       0.6628
 367.000       0.9663
 368.000       0.5637
 369.000       0.6069
 370.000       0.9014
 371.000       0.7431
 372.000       0.5912
 373.000       0.7027
 374.000       0.8062
 375.000       0.6623
 376.000       0.6761
 377.000       0.8719
 378.000       0.8742
 379.000       0.6724
 380.000       0.9407
 381.000       1.0616
 382.000       1.7046
 383.000       1.4261
 384.000       1.0756
 385.000       1.3676
 386.000       2.0527
 387.000       1.2503
 388.000       1.1552
 389.000       1.1665
 390.000       1.2778
 391.000       0.7835
 392.000       0.7715
 393.000       0.9288
 394.000       1.7832
 395.000       0.8645
 396.000       1.0151
 397.000       1.1698
 398.000       0.8120
 399.000       0.8587
 400.000       0.9101
 401.000       1.0321
 402.000       1.0496
 403.000       0.6685
 404.000       1.0413
 405.000       1.2852
 406.000       0.7755
 407.000       0.8275
 408.000       0.6799
 409.000       0.8986
 410.000       0.7090
 411.000       0.6524
 412.000       0.7837
 413.000       0.9239
 414.000       0.8016
 415.000       0.7996
 416.000       0.7215
 417.000       1.0182
 418.000       0.7909
 419.000       0.8922
 420.000       1.2452
 421.000       1.0683
 422.000       0.7447
 423.000       0.7649
 424.000       0.6879
 425.000       0.9985
 426.000       0.7408
 427.000       1.0507
 428.000       0.8749
 429.000       1.2340
 430.000       0.7101
 431.000       0.9253
 432.000       0.7575
 433.000       1.2540
 434.000       0.8383
 435.000       0.6369
 436.000       0.8695
 437.000       0.6241
 438.000       0.8370
 439.000       0.7956
 440.000       1.1165
 441.000       1.1257
 442.000       1.0367
 443.000       0.6511
 444.000       0.7975
 445.000       0.6944
 446.000       1.3037
 447.000       0.6339
 448.000       0.8433
 449.000       0.9105
 450.000       0.6949
 451.000       0.7727
 452.000       1.1483
 453.000       1.4480
 454.000       0.9612
 455.000       1.2579
 456.000       1.1952
 457.000       1.8467
 458.000       1.7899
 459.000       0.9096
 460.000       1.1142
 461.000       1.0635
 462.000       1.0152
 463.000       0.8742
 464.000       0.8640
 465.000       1.1943
 466.000       0.7439
 467.000       0.6417
 468.000       1.1344
 469.000       1.2401
 470.000       0.8663
 471.000       0.8243
 472.000       0.7681
 473.000       1.0510
 474.000       0.9816
 475.000       0.7954
 476.000       1.1228
 477.000       1.7495
 478.000       0.9934
 479.000       0.9697
 480.000       1.1699
 481.000       1.1639
 482.000       1.1607
 483.000       1.4006
 484.000       1.5784
 485.000       1.3763
 486.000       1.5883
 487.000       2.6745
 488.000       1.4266
 489.000       1.3786
 490.000       1.8964
 491.000       1.4693
 492.000       1.6532
 493.000       1.7782
 494.000       1.4348
 495.000       1.5732
 496.000       1.3630
 497.000       1.3236
 498.000       1.6996
 499.000       1.4003
 500.000       1.1105
 501.000       1.4387
 502.000       1.2215
 503.000       1.3161
 504.000       0.9231
 505.000       1.2216
 506.000       1.2223
 507.000       1.1331
 508.000       1.0456
 509.000       1.3998
 510.000       1.2011
 511.000       1.1752
 512.000       1.1822
 513.000       1.2429
 514.000       1.2935
 515.000       0.9513
 516.000       1.0425
 517.000       1.5600
 518.000       1.5706
 519.000       1.1125
 520.000       1.3506
 521.000       1.7537
 522.000       1.5802
 523.000       1.8565
 524.000       1.9796
 525.000       2.2619
 526.000       2.2029
 527.000       2.8431
 528.000       2.9225
 529.000       2.9245
 530.000       3.0998
 531.000       3.6362
 532.000       3.0381
 533.000       2.2441
 534.000       2.5432
 535.000       2.7042
 536.000       2.8345
 537.000       1.9792
 538.000       2.8355
 539.000       2.6765
 540.000       3.0255
 541.000       3.5263
 542.000       5.4231
 543.000       5.6871
 544.000       7.5289
 545.000       4.4989
 546.000       9.9458
 547.000       0.9910
 548.000       0.6252
 549.000       0.6265
 550.000      50.3327
 551.000      52.3505
 552.000      49.2208
 553.000      50.4583
 554.000      49.7498
 555.000      51.1461
 556.000      51.6264
 557.000      51.2973
 558.000      50.8818
 559.000      51.5439
 560.000      51.7276
 561.000      50.9749
 562.000      51.6464
 563.000      53.1005
 564.000      52.0717
 565.000      52.8189
 566.000      52.7979
 567.000      52.4376
 568.000      51.4943
 569.000      51.9794
 570.000      51.3441
 571.000      50.1138
 572.000      52.5468
 573.000      49.7231
 574.000      51.6566
 575.000      49.8022
 576.000      51.3237
 577.000      52.4655
 578.000      50.0294
 579.000      51.1373
 580.000      51.1730
 581.000      51.0837
 582.000      50.7951
 583.000      51.6389
 584.000      51.4952
 585.000      52.2873
 586.000      51.7886
 587.000      51.2876
 588.000      51.2264
 589.000      51.1052
 590.000      50.8229
 591.000      52.5669
 592.000      49.4103
 593.000      51.2379
 594.000      52.1657
 595.000      51.2116
 596.000      50.5072
 597.000       0.8577
 598.000      53.7270
 599.000      53.3627
 600.000      52.8985
 601.000      53.9272
 602.000      54.2596
 603.000      52.9607
 604.000      53.5841
 605.000      53.4695
 606.000      53.3374
 607.000      53.3861
 608.000      53.2438
 609.000      53.8822
 610.000      53.8139
 611.000      53.2317
 612.000      53.9596
 613.000      53.7919
 614.000      52.6609
 615.000      53.6410
 616.000      53.2688
 617.000      53.6109
 618.000      53.3038
 619.000      53.9698
 620.000      53.7935
 621.000      53.3046
 622.000      53.8911
 623.000      53.6469
 624.000      53.5308
 625.000      53.5247
 626.000      54.3071
 627.000      53.7411
 628.000      54.0534
 629.000      53.1487
 630.000      53.9140
 631.000      53.8163
 632.000      52.4034
 633.000      53.4383
 634.000      53.4807
 635.000      53.7239
 636.000      53.1872
 637.000      53.3305
 638.000      53.5665
 639.000      53.9066
 640.000      53.3471
 641.000      53.8354
 642.000      53.1448
