#Res        AtomicFlx
   1.000       6.7428
   2.000       5.5294
   3.000       4.4681
   4.000       2.7165
   5.000       1.6597
   6.000       1.4932
   7.000       1.9128
   8.000       1.6702
   9.000       2.0869
  10.000       1.0296
  11.000       0.7792
  12.000       0.6541
  13.000       0.8825
  14.000       1.0503
  15.000       0.6783
  16.000       0.7380
  17.000       0.6951
  18.000       0.5842
  19.000       0.5749
  20.000       0.5866
  21.000       0.6584
  22.000       0.8752
  23.000       0.8984
  24.000       0.6426
  25.000       0.5524
  26.000       1.0628
  27.000       0.7474
  28.000       0.9782
  29.000       0.6403
  30.000       0.7193
  31.000       1.0906
  32.000       0.8001
  33.000       0.9205
  34.000       1.5528
  35.000       1.1946
  36.000       0.9460
  37.000       1.3478
  38.000       0.9947
  39.000       0.8840
  40.000       0.9445
  41.000       0.8008
  42.000       1.1925
  43.000       0.9253
  44.000       0.8247
  45.000       0.7031
  46.000       1.2398
  47.000       1.1452
  48.000       0.8727
  49.000       0.9501
  50.000       1.2573
  51.000       1.4712
  52.000       0.9859
  53.000       0.7363
  54.000       0.9889
  55.000       0.6866
  56.000       0.8124
  57.000       0.9050
  58.000       0.6617
  59.000       0.7856
  60.000       0.8063
  61.000       0.9119
  62.000       0.6438
  63.000       0.7002
  64.000       0.5269
  65.000       0.8944
  66.000       1.5009
  67.000       0.7251
  68.000       1.1625
  69.000       0.8358
  70.000       0.5386
  71.000       0.6522
  72.000       0.7377
  73.000       0.5837
  74.000       0.7221
  75.000       0.9431
  76.000       1.2552
  77.000       1.0205
  78.000       0.9258
  79.000       0.8722
  80.000       1.0327
  81.000       0.9479
  82.000       1.1451
  83.000       0.6132
  84.000       0.8027
  85.000       0.5626
  86.000       0.9760
  87.000       0.6579
  88.000       0.6819
  89.000       0.7703
  90.000       0.9931
  91.000       0.8160
  92.000       0.6911
  93.000       0.9917
  94.000       0.9814
  95.000       0.8236
  96.000       0.7397
  97.000       1.1867
  98.000       0.9324
  99.000       0.8278
 100.000       0.8339
 101.000       0.9386
 102.000       1.1382
 103.000       0.9127
 104.000       0.7485
 105.000       0.7364
 106.000       0.7615
 107.000       1.0579
 108.000       0.8051
 109.000       0.8163
 110.000       0.8456
 111.000       1.1952
 112.000       0.9466
 113.000       0.8287
 114.000       1.3860
 115.000       1.4083
 116.000       2.0273
 117.000       2.7538
 118.000       1.3757
 119.000       1.2386
 120.000       1.0093
 121.000       1.3364
 122.000       1.5665
 123.000       1.4608
 124.000       2.3048
 125.000       1.4801
 126.000       1.7730
 127.000       1.7552
 128.000       1.2952
 129.000       2.0967
 130.000       2.7417
 131.000       3.2211
 132.000       2.1054
 133.000       2.9826
 134.000       3.8965
 135.000       4.8378
 136.000       7.1892
 137.000       8.5064
 138.000      10.0392
 139.000      11.8680
 140.000      10.9072
 141.000      11.6027
 142.000      11.7233
 143.000      12.6178
 144.000      11.5593
 145.000      11.3924
 146.000       9.9437
 147.000       8.5085
 148.000       8.0100
 149.000       7.1419
 150.000       5.4949
 151.000       4.8584
 152.000       2.4841
 153.000       2.0058
 154.000       1.2366
 155.000       1.0002
 156.000       0.8852
 157.000       0.8548
 158.000       1.0581
 159.000       0.8731
 160.000       0.8062
 161.000       1.2689
 162.000       1.8058
 163.000       0.9776
 164.000       0.9163
 165.000       0.9550
 166.000       1.2216
 167.000       1.3730
 168.000       1.7789
 169.000       2.6267
 170.000       2.0424
 171.000       1.9063
 172.000       1.2573
 173.000       1.1930
 174.000       1.6154
 175.000       1.6446
 176.000       1.2137
 177.000       0.9870
 178.000       1.0950
 179.000       0.9341
 180.000       0.9497
 181.000       1.4470
 182.000       1.3054
 183.000       1.1457
 184.000       0.8930
 185.000       0.8608
 186.000       0.7666
 187.000       0.9037
 188.000       0.9544
 189.000       1.2147
 190.000       0.8954
 191.000       0.9428
 192.000       0.9500
 193.000       1.2217
 194.000       1.0754
 195.000       1.1518
 196.000       1.4708
 197.000       0.9257
 198.000       1.1801
 199.000       1.5566
 200.000       1.3825
 201.000       0.8786
 202.000       1.3592
 203.000       1.5781
 204.000       1.1497
 205.000       0.9988
 206.000       0.9965
 207.000       1.6909
 208.000       1.2977
 209.000       0.9842
 210.000       0.9618
 211.000       1.2561
 212.000       1.1264
 213.000       0.9366
 214.000       1.0953
 215.000       1.2091
 216.000       0.8273
 217.000       1.1184
 218.000       1.0130
 219.000       0.7966
 220.000       1.0657
 221.000       0.8780
 222.000       0.7925
 223.000       0.9679
 224.000       1.0846
 225.000       1.2978
 226.000       0.9377
 227.000       0.8293
 228.000       1.2756
 229.000       1.0880
 230.000       1.0691
 231.000       1.1979
 232.000       1.0469
 233.000       1.0228
 234.000       1.3172
 235.000       1.2806
 236.000       0.9540
 237.000       1.1584
 238.000       1.8846
 239.000       1.0672
 240.000       0.8957
 241.000       1.1347
 242.000       1.2178
 243.000       1.2569
 244.000       1.6057
 245.000       1.8856
 246.000       2.2196
 247.000       1.8397
 248.000       1.4975
 249.000       1.7337
 250.000       1.6671
 251.000       1.1763
 252.000       1.2346
 253.000       1.1139
 254.000       1.4898
 255.000       1.1874
 256.000       0.8979
 257.000       0.7934
 258.000       0.8025
 259.000       0.9112
 260.000       0.6320
 261.000       0.9410
 262.000       0.8780
 263.000       1.2940
 264.000       0.5374
 265.000       0.7380
 266.000       0.5577
 267.000       0.9123
 268.000       0.6024
 269.000       0.9328
 270.000       0.5061
 271.000       0.6664
 272.000       0.7822
 273.000       0.6246
 274.000       0.5753
 275.000       0.8896
 276.000       0.5438
 277.000       0.7725
 278.000       0.9709
 279.000       0.7885
 280.000       1.5289
 281.000       1.2602
 282.000       1.1015
 283.000       1.1132
 284.000       0.8795
 285.000       1.0274
 286.000       0.7772
 287.000       1.7277
 288.000       0.8434
 289.000       0.6465
 290.000       0.7982
 291.000       0.7451
 292.000       0.6274
 293.000       0.7954
 294.000       0.6334
 295.000       0.9254
 296.000       0.5643
 297.000       0.7967
 298.000       0.9156
 299.000       0.6571
 300.000       0.5806
 301.000       1.1265
 302.000       0.8090
 303.000       0.8238
 304.000       0.7156
 305.000       1.4292
 306.000       0.9897
 307.000       0.8592
 308.000       0.9156
 309.000       0.9475
 310.000       1.1548
 311.000       1.0585
 312.000       0.9772
 313.000       1.0742
 314.000       1.4379
 315.000       1.1895
 316.000       1.9884
 317.000       1.9643
 318.000       1.7164
 319.000       1.6171
 320.000       1.5822
 321.000       1.2635
 322.000       1.4595
 323.000       1.2731
 324.000       1.4501
 325.000       1.3246
 326.000       1.0844
 327.000       1.3699
 328.000       1.1623
 329.000       0.8829
 330.000       0.8512
 331.000       0.7806
 332.000       1.2087
 333.000       1.2581
 334.000       0.7804
 335.000       0.9100
 336.000       1.0473
 337.000       1.2414
 338.000       0.9119
 339.000       1.2801
 340.000       0.9878
 341.000       1.0497
 342.000       1.0905
 343.000       1.3404
 344.000       1.1179
 345.000       1.0905
 346.000       1.1851
 347.000       0.9869
 348.000       0.9973
 349.000       0.8869
 350.000       0.8263
 351.000       0.8147
 352.000       0.8461
 353.000       1.0023
 354.000       0.7733
 355.000       0.7479
 356.000       0.9618
 357.000       0.9222
 358.000       0.9068
 359.000       1.1080
 360.000       0.9872
 361.000       1.1284
 362.000       0.7309
 363.000       1.2292
 364.000       1.0884
 365.000       0.9121
 366.000       0.7272
 367.000       0.9973
 368.000       0.5870
 369.000       0.6697
 370.000       1.1479
 371.000       0.8232
 372.000       0.6074
 373.000       0.7027
 374.000       0.8533
 375.000       0.8320
 376.000       0.7177
 377.000       0.9455
 378.000       1.1698
 379.000       1.8747
 380.000       1.4236
 381.000       1.9295
 382.000       2.8956
 383.000       2.3213
 384.000       1.3540
 385.000       1.8468
 386.000       1.3013
 387.000       1.2593
 388.000       1.0199
 389.000       1.4583
 390.000       1.5220
 391.000       1.1899
 392.000       1.0045
 393.000       1.1871
 394.000       1.5211
 395.000       0.9481
 396.000       1.0908
 397.000       1.2815
 398.000       0.8368
 399.000       1.0027
 400.000       1.1037
 401.000       1.2271
 402.000       0.9841
 403.000       0.8540
 404.000       1.2014
 405.000       1.2440
 406.000       0.8992
 407.000       0.8658
 408.000       0.8438
 409.000       1.0792
 410.000       0.8759
 411.000       0.7768
 412.000       0.8822
 413.000       1.0560
 414.000       0.8784
 415.000       0.7535
 416.000       0.8664
 417.000       0.9716
 418.000       0.9153
 419.000       0.9307
 420.000       1.1960
 421.000       0.8413
 422.000       0.8034
 423.000       0.8345
 424.000       0.9189
 425.000       1.1438
 426.000       0.7618
 427.000       0.8687
 428.000       0.9664
 429.000       1.5204
 430.000       0.6482
 431.000       0.9186
 432.000       0.7871
 433.000       1.0675
 434.000       0.9159
 435.000       0.7348
 436.000       0.9663
 437.000       0.6962
 438.000       0.9248
 439.000       0.8650
 440.000       0.9067
 441.000       1.1721
 442.000       1.0771
 443.000       0.7243
 444.000       0.9813
 445.000       0.7782
 446.000       1.2700
 447.000       0.7182
 448.000       0.7127
 449.000       1.0395
 450.000       0.9900
 451.000       0.8737
 452.000       1.1079
 453.000       1.5438
 454.000       1.1364
 455.000       1.2057
 456.000       1.2240
 457.000       1.8916
 458.000       1.8037
 459.000       0.9797
 460.000       1.2192
 461.000       1.2471
 462.000       1.2355
 463.000       0.9249
 464.000       1.0509
 465.000       1.1963
 466.000       0.8306
 467.000       0.6843
 468.000       0.9656
 469.000       1.2734
 470.000       0.9620
 471.000       0.9055
 472.000       0.8106
 473.000       1.1402
 474.000       1.3000
 475.000       0.9996
 476.000       1.0921
 477.000       1.4362
 478.000       1.0083
 479.000       1.2096
 480.000       1.0993
 481.000       1.1080
 482.000       1.0857
 483.000       1.4304
 484.000       1.4744
 485.000       1.3912
 486.000       1.6344
 487.000       2.8611
 488.000       1.5546
 489.000       1.3513
 490.000       1.8049
 491.000       1.4704
 492.000       1.6561
 493.000       1.7497
 494.000       1.4340
 495.000       1.7263
 496.000       1.3696
 497.000       1.2900
 498.000       1.6925
 499.000       1.3881
 500.000       1.0798
 501.000       1.4099
 502.000       1.1509
 503.000       1.1995
 504.000       0.8293
 505.000       1.1176
 506.000       1.0166
 507.000       0.9555
 508.000       0.8580
 509.000       1.0456
 510.000       0.7366
 511.000       0.8302
 512.000       1.0486
 513.000       0.8684
 514.000       1.0227
 515.000       0.8815
 516.000       0.9025
 517.000       1.3063
 518.000       1.4209
 519.000       0.8977
 520.000       1.0892
 521.000       1.5181
 522.000       1.1017
 523.000       1.7144
 524.000       1.5062
 525.000       1.4377
 526.000       1.4649
 527.000       1.9650
 528.000       1.8238
 529.000       1.8346
 530.000       2.4134
 531.000       2.6036
 532.000       1.7655
 533.000       1.4804
 534.000       1.7624
 535.000       1.3763
 536.000       1.9175
 537.000       1.1486
 538.000       1.5338
 539.000       1.1082
 540.000       1.2135
 541.000       2.0524
 542.000       3.6490
 543.000       4.5686
 544.000       7.2890
 545.000       4.7956
 546.000      10.9366
 547.000       1.2512
 548.000       2.4160
 549.000       0.4937
 550.000      51.4497
 551.000      51.1586
 552.000      51.8215
 553.000      52.0431
 554.000      52.1628
 555.000      51.8659
 556.000      50.7728
 557.000      51.1898
 558.000      50.9526
 559.000      52.4510
 560.000      52.1401
 561.000      51.8570
 562.000      51.0073
 563.000      53.0861
 564.000      52.8387
 565.000      52.0448
 566.000      50.8381
 567.000      51.8316
 568.000      51.8399
 569.000      51.1591
 570.000      51.5359
 571.000      51.5782
 572.000      51.9545
 573.000      51.7131
 574.000      52.2959
 575.000      51.7544
 576.000      51.7719
 577.000      51.2050
 578.000      51.0310
 579.000      52.5598
 580.000      52.2349
 581.000      51.8741
 582.000      51.5172
 583.000      52.7342
 584.000      50.9534
 585.000      50.9172
 586.000      51.7627
 587.000      51.3230
 588.000      50.6389
 589.000      52.3376
 590.000      52.1682
 591.000      51.4489
 592.000      51.8714
 593.000      50.4026
 594.000      52.5227
 595.000      51.4934
 596.000      49.8882
 597.000       0.6219
 598.000      53.9308
 599.000      53.5617
 600.000      52.8874
 601.000      53.7229
 602.000      54.0429
 603.000      53.0095
 604.000      52.8222
 605.000      53.8935
 606.000      53.5392
 607.000      52.7583
 608.000      53.2356
 609.000      53.3781
 610.000      53.2566
 611.000      54.1340
 612.000      52.8939
 613.000      53.8362
 614.000      53.9694
 615.000      53.5255
 616.000      54.1169
 617.000      54.3316
 618.000      53.3864
 619.000      53.4218
 620.000      52.8480
 621.000      53.1356
 622.000      53.6988
 623.000      53.0133
 624.000      53.8357
 625.000      53.2344
 626.000      53.1078
 627.000      53.4675
 628.000      53.7869
 629.000      53.2144
 630.000      52.9476
 631.000      53.4990
 632.000      52.8585
 633.000      54.1033
 634.000      53.6518
 635.000      53.3047
 636.000      53.8077
 637.000      53.6634
 638.000      53.6177
 639.000      53.3896
 640.000      53.3867
 641.000      53.3839
 642.000      53.4991
