#Res        AtomicFlx
   1.000       5.1118
   2.000       3.8003
   3.000       2.4012
   4.000       1.6159
   5.000       1.1069
   6.000       0.9076
   7.000       0.9780
   8.000       1.2588
   9.000       0.9801
  10.000       0.9584
  11.000       0.8516
  12.000       0.5845
  13.000       1.0166
  14.000       0.7543
  15.000       0.5990
  16.000       0.6636
  17.000       0.8918
  18.000       0.6047
  19.000       0.6738
  20.000       0.6937
  21.000       0.7501
  22.000       0.9288
  23.000       0.9407
  24.000       0.9467
  25.000       1.2954
  26.000       1.3022
  27.000       1.3941
  28.000       1.8957
  29.000       1.0836
  30.000       1.1297
  31.000       1.7337
  32.000       1.2962
  33.000       1.2757
  34.000       2.3482
  35.000       1.8383
  36.000       1.0756
  37.000       1.2014
  38.000       1.0924
  39.000       1.1188
  40.000       1.2034
  41.000       0.9715
  42.000       1.3503
  43.000       1.1783
  44.000       0.9653
  45.000       1.1707
  46.000       1.4189
  47.000       1.3723
  48.000       1.1319
  49.000       1.0178
  50.000       1.2895
  51.000       1.5083
  52.000       0.8992
  53.000       0.6701
  54.000       0.8498
  55.000       0.7008
  56.000       0.7739
  57.000       0.8633
  58.000       0.8027
  59.000       0.9671
  60.000       0.6775
  61.000       1.0042
  62.000       0.7320
  63.000       0.7698
  64.000       0.6130
  65.000       0.6390
  66.000       1.0290
  67.000       0.7539
  68.000       0.6975
  69.000       1.1675
  70.000       1.0357
  71.000       1.4765
  72.000       1.5257
  73.000       1.3115
  74.000       1.2529
  75.000       1.6595
  76.000       4.6522
  77.000       2.7162
  78.000       1.9020
  79.000       1.5240
  80.000       2.1024
  81.000       2.1337
  82.000       2.1726
  83.000       1.3178
  84.000       1.5456
  85.000       1.2034
  86.000       1.6638
  87.000       1.2109
  88.000       1.1004
  89.000       1.0314
  90.000       1.1782
  91.000       0.8203
  92.000       0.6496
  93.000       0.8640
  94.000       1.1128
  95.000       0.7617
  96.000       0.7315
  97.000       1.1979
  98.000       0.7537
  99.000       0.6646
 100.000       0.8642
 101.000       1.0057
 102.000       0.7545
 103.000       0.7632
 104.000       0.7600
 105.000       0.7743
 106.000       0.7794
 107.000       1.1327
 108.000       0.8720
 109.000       1.1125
 110.000       0.8784
 111.000       1.2294
 112.000       0.9825
 113.000       1.0497
 114.000       1.4897
 115.000       1.2710
 116.000       1.8520
 117.000       1.8722
 118.000       1.0795
 119.000       1.0079
 120.000       0.9956
 121.000       1.3990
 122.000       1.7147
 123.000       1.4287
 124.000       1.9832
 125.000       1.7883
 126.000       2.1777
 127.000       2.0146
 128.000       1.5565
 129.000       2.2039
 130.000       2.6145
 131.000       2.9770
 132.000       1.9665
 133.000       3.4071
 134.000       4.8733
 135.000       5.2574
 136.000       6.0871
 137.000       7.6831
 138.000       8.6596
 139.000       9.8757
 140.000      10.8924
 141.000      11.9275
 142.000      13.4727
 143.000      15.7628
 144.000      15.8914
 145.000      16.1932
 146.000      14.6026
 147.000      13.8603
 148.000      11.5878
 149.000       8.8941
 150.000       7.6008
 151.000       5.7411
 152.000       2.7562
 153.000       2.1995
 154.000       1.3863
 155.000       1.0814
 156.000       0.9326
 157.000       0.9409
 158.000       1.3452
 159.000       1.0083
 160.000       0.8924
 161.000       1.2695
 162.000       1.5183
 163.000       1.0207
 164.000       1.0666
 165.000       1.0466
 166.000       1.4662
 167.000       1.4197
 168.000       2.2421
 169.000       2.5789
 170.000       2.9109
 171.000       3.6075
 172.000       2.8611
 173.000       3.5681
 174.000       2.2070
 175.000       1.8482
 176.000       1.2014
 177.000       1.0732
 178.000       1.1967
 179.000       0.9647
 180.000       1.9519
 181.000       1.4344
 182.000       1.3738
 183.000       1.1247
 184.000       0.8468
 185.000       0.8559
 186.000       0.7742
 187.000       0.8766
 188.000       0.9508
 189.000       1.2277
 190.000       1.0048
 191.000       0.9396
 192.000       0.9192
 193.000       1.0567
 194.000       1.0388
 195.000       1.1854
 196.000       1.5061
 197.000       0.8757
 198.000       1.1807
 199.000       1.6049
 200.000       1.2541
 201.000       0.9855
 202.000       1.3664
 203.000       1.5596
 204.000       0.7983
 205.000       0.9143
 206.000       0.8646
 207.000       1.4788
 208.000       1.1462
 209.000       0.8950
 210.000       1.2489
 211.000       1.3502
 212.000       0.9607
 213.000       0.9350
 214.000       1.1986
 215.000       1.3300
 216.000       0.8265
 217.000       0.9093
 218.000       1.0287
 219.000       0.8746
 220.000       1.0891
 221.000       0.9459
 222.000       0.9187
 223.000       1.0257
 224.000       1.2223
 225.000       1.4210
 226.000       1.0515
 227.000       1.0796
 228.000       1.5032
 229.000       1.2868
 230.000       1.2570
 231.000       1.3144
 232.000       1.1919
 233.000       1.1737
 234.000       1.4579
 235.000       1.4012
 236.000       1.0621
 237.000       1.3614
 238.000       1.6620
 239.000       1.2018
 240.000       0.9304
 241.000       1.1900
 242.000       1.2609
 243.000       1.3667
 244.000       1.6386
 245.000       2.2688
 246.000       2.8258
 247.000       1.6293
 248.000       1.5578
 249.000       1.6649
 250.000       1.7044
 251.000       1.2105
 252.000       1.2808
 253.000       1.1081
 254.000       1.1200
 255.000       1.3206
 256.000       1.0535
 257.000       0.8317
 258.000       0.8148
 259.000       1.0204
 260.000       1.2079
 261.000       0.8676
 262.000       0.8250
 263.000       1.1881
 264.000       1.1781
 265.000       1.1080
 266.000       0.7811
 267.000       1.0282
 268.000       0.6062
 269.000       0.6989
 270.000       0.5297
 271.000       0.8502
 272.000       0.7229
 273.000       0.6351
 274.000       0.6097
 275.000       0.8897
 276.000       0.5468
 277.000       0.7867
 278.000       0.7079
 279.000       0.7748
 280.000       1.2883
 281.000       1.3180
 282.000       1.2648
 283.000       1.2150
 284.000       1.1103
 285.000       0.6999
 286.000       0.8982
 287.000       1.9015
 288.000       0.6360
 289.000       0.6366
 290.000       1.0858
 291.000       0.9850
 292.000       0.8879
 293.000       0.9066
 294.000       0.7723
 295.000       0.9107
 296.000       0.7481
 297.000       0.8260
 298.000       0.9330
 299.000       0.7565
 300.000       0.8291
 301.000       1.0749
 302.000       0.7800
 303.000       0.9636
 304.000       0.8537
 305.000       1.3355
 306.000       1.0907
 307.000       1.0877
 308.000       1.0830
 309.000       1.0790
 310.000       1.3663
 311.000       1.3759
 312.000       1.1047
 313.000       1.2472
 314.000       1.3829
 315.000       1.2816
 316.000       1.8976
 317.000       1.8788
 318.000       1.9338
 319.000       1.6449
 320.000       1.6268
 321.000       1.4418
 322.000       1.6182
 323.000       1.4026
 324.000       1.6146
 325.000       1.4956
 326.000       1.4216
 327.000       1.6098
 328.000       1.7164
 329.000       0.9973
 330.000       1.3007
 331.000       1.1652
 332.000       1.3313
 333.000       1.4120
 334.000       0.9345
 335.000       0.8992
 336.000       1.2171
 337.000       1.2645
 338.000       0.9266
 339.000       1.2143
 340.000       0.9464
 341.000       1.2253
 342.000       1.1499
 343.000       1.3143
 344.000       1.1609
 345.000       1.1370
 346.000       1.2288
 347.000       0.9362
 348.000       1.0106
 349.000       0.9416
 350.000       0.9211
 351.000       0.8650
 352.000       0.8746
 353.000       0.9494
 354.000       0.8523
 355.000       0.8398
 356.000       0.9384
 357.000       0.9047
 358.000       0.9022
 359.000       0.9768
 360.000       0.8460
 361.000       0.9250
 362.000       0.5955
 363.000       0.9321
 364.000       0.8290
 365.000       0.5706
 366.000       0.6520
 367.000       0.9513
 368.000       0.5448
 369.000       0.5985
 370.000       0.8847
 371.000       0.8487
 372.000       0.8056
 373.000       0.7790
 374.000       0.9915
 375.000       1.0509
 376.000       0.9742
 377.000       1.3395
 378.000       1.3408
 379.000       1.7590
 380.000       1.9083
 381.000       1.7884
 382.000       2.3044
 383.000       2.0077
 384.000       1.5139
 385.000       1.8940
 386.000       2.7418
 387.000       1.7372
 388.000       1.3931
 389.000       1.6190
 390.000       1.6655
 391.000       1.1298
 392.000       1.0619
 393.000       1.2908
 394.000       2.1476
 395.000       1.1382
 396.000       1.1770
 397.000       1.2929
 398.000       0.9621
 399.000       0.9657
 400.000       1.0527
 401.000       1.1399
 402.000       1.1568
 403.000       0.8804
 404.000       1.1519
 405.000       1.1194
 406.000       0.7512
 407.000       0.8058
 408.000       0.8094
 409.000       1.1034
 410.000       0.8862
 411.000       0.7548
 412.000       0.8942
 413.000       1.1574
 414.000       0.8852
 415.000       0.7732
 416.000       0.8512
 417.000       1.0221
 418.000       0.8351
 419.000       0.9426
 420.000       1.3047
 421.000       0.7841
 422.000       0.8321
 423.000       0.8639
 424.000       0.7488
 425.000       0.9683
 426.000       0.7703
 427.000       0.8847
 428.000       0.9256
 429.000       1.1996
 430.000       0.7393
 431.000       1.0222
 432.000       0.8152
 433.000       1.1139
 434.000       0.8199
 435.000       0.7569
 436.000       1.1001
 437.000       0.7725
 438.000       1.0069
 439.000       0.9246
 440.000       1.2658
 441.000       1.5243
 442.000       1.4017
 443.000       0.9253
 444.000       1.1445
 445.000       0.9535
 446.000       1.3793
 447.000       1.0116
 448.000       0.8535
 449.000       1.1931
 450.000       0.8792
 451.000       0.8518
 452.000       1.3317
 453.000       1.3685
 454.000       1.1448
 455.000       1.6383
 456.000       1.4607
 457.000       2.0071
 458.000       1.4676
 459.000       0.8638
 460.000       1.0418
 461.000       1.0868
 462.000       1.0300
 463.000       0.8066
 464.000       1.0859
 465.000       1.2417
 466.000       0.9319
 467.000       0.6948
 468.000       1.0956
 469.000       1.2869
 470.000       1.0598
 471.000       0.9331
 472.000       0.8503
 473.000       1.1600
 474.000       1.0616
 475.000       0.9544
 476.000       1.1395
 477.000       1.5831
 478.000       1.0601
 479.000       1.0821
 480.000       1.0489
 481.000       1.1206
 482.000       1.0948
 483.000       1.2636
 484.000       1.2464
 485.000       1.1795
 486.000       1.4747
 487.000       2.6222
 488.000       1.3355
 489.000       1.2503
 490.000       1.5997
 491.000       1.4613
 492.000       1.7003
 493.000       1.9056
 494.000       1.6298
 495.000       1.5143
 496.000       1.2525
 497.000       1.3063
 498.000       1.5563
 499.000       1.5727
 500.000       1.1459
 501.000       1.3763
 502.000       1.2097
 503.000       1.3848
 504.000       0.8892
 505.000       1.1700
 506.000       1.2705
 507.000       1.1874
 508.000       1.1218
 509.000       1.4513
 510.000       1.2856
 511.000       1.7510
 512.000       1.8437
 513.000       1.4198
 514.000       1.6268
 515.000       1.3121
 516.000       1.3873
 517.000       1.6712
 518.000       1.6103
 519.000       1.3916
 520.000       2.0044
 521.000       2.4737
 522.000       2.0205
 523.000       2.8782
 524.000       3.1448
 525.000       3.1000
 526.000       2.8366
 527.000       3.6792
 528.000       4.4918
 529.000       4.8667
 530.000       4.6856
 531.000       5.4303
 532.000       4.4008
 533.000       3.5047
 534.000       3.6803
 535.000       3.3058
 536.000       3.1969
 537.000       2.2319
 538.000       3.0851
 539.000       2.2561
 540.000       2.1954
 541.000       2.6550
 542.000       4.7273
 543.000       4.7571
 544.000       7.5231
 545.000       4.5325
 546.000      15.1077
 547.000       0.8428
 548.000       0.5959
 549.000      52.2423
 550.000      50.2811
 551.000      50.5379
 552.000      50.6627
 553.000      49.7525
 554.000      51.1887
 555.000      51.6394
 556.000      51.1125
 557.000      50.8424
 558.000      50.9103
 559.000      50.6619
 560.000      51.7157
 561.000      51.8583
 562.000      49.9386
 563.000      52.0581
 564.000      50.8286
 565.000      51.0733
 566.000      50.9666
 567.000      50.6485
 568.000      51.3880
 569.000      51.8456
 570.000      51.9736
 571.000      50.2631
 572.000      51.8408
 573.000      49.6296
 574.000      52.3062
 575.000      52.2215
 576.000      51.7718
 577.000      51.8152
 578.000      51.3521
 579.000      51.7128
 580.000      51.2946
 581.000      52.1332
 582.000      51.5043
 583.000      49.0030
 584.000      51.5135
 585.000      49.9207
 586.000      50.6955
 587.000      52.0823
 588.000      51.8275
 589.000      51.5907
 590.000      53.3134
 591.000      52.8661
 592.000      51.0169
 593.000      50.8819
 594.000      51.0797
 595.000      51.3019
 596.000      51.4065
 597.000      52.8684
 598.000      53.3965
 599.000      52.9679
 600.000      53.5601
 601.000      54.2603
 602.000      53.6013
 603.000      53.0018
 604.000      53.2099
 605.000      53.0313
 606.000      53.4995
 607.000      53.1446
 608.000      53.0705
 609.000      53.0562
 610.000      52.9331
 611.000      53.8901
 612.000      53.9666
 613.000      53.6446
 614.000      53.0870
 615.000      52.8101
 616.000      52.3584
 617.000      53.0737
 618.000      53.5315
 619.000      53.4530
 620.000      53.6935
 621.000      53.6771
 622.000      53.5306
 623.000      53.7619
 624.000      53.4467
 625.000      54.4551
 626.000      53.0441
 627.000      53.6022
 628.000      53.8415
 629.000      53.7100
 630.000      53.7070
 631.000      53.0859
 632.000      52.9658
 633.000      52.7775
 634.000      53.0144
 635.000      53.1504
 636.000      52.9083
 637.000      53.7245
 638.000      53.5123
 639.000      53.6806
 640.000      53.0034
 641.000      53.6542
 642.000      54.0890
