#Res        AtomicFlx
   1.000       5.7638
   2.000       4.6695
   3.000       2.9105
   4.000       1.6908
   5.000       1.0127
   6.000       0.8725
   7.000       0.9059
   8.000       1.2661
   9.000       0.9748
  10.000       0.9823
  11.000       0.8539
  12.000       0.7327
  13.000       0.6011
  14.000       0.5858
  15.000       0.6413
  16.000       0.5788
  17.000       0.4757
  18.000       0.4685
  19.000       0.5207
  20.000       0.4326
  21.000       0.4397
  22.000       0.4511
  23.000       0.4951
  24.000       0.6320
  25.000       0.5920
  26.000       0.5054
  27.000       0.6052
  28.000       0.7643
  29.000       0.6040
  30.000       0.5604
  31.000       0.6195
  32.000       0.6294
  33.000       0.6313
  34.000       0.6226
  35.000       0.6372
  36.000       0.7163
  37.000       0.7350
  38.000       0.8901
  39.000       0.8258
  40.000       0.8798
  41.000       0.8382
  42.000       0.6752
  43.000       0.6473
  44.000       0.6963
  45.000       0.6123
  46.000       0.5333
  47.000       0.5862
  48.000       0.5769
  49.000       0.5200
  50.000       0.5123
  51.000       0.5662
  52.000       0.6141
  53.000       0.5890
  54.000       0.5672
  55.000       0.4965
  56.000       0.4649
  57.000       0.4649
  58.000       0.4388
  59.000       0.4617
  60.000       0.4825
  61.000       0.4467
  62.000       0.5070
  63.000       0.6874
  64.000       0.6609
  65.000       0.5340
  66.000       0.8457
  67.000       1.0398
  68.000       0.7445
  69.000       0.7716
  70.000       0.6806
  71.000       0.6849
  72.000       0.6077
  73.000       0.6222
  74.000       0.6566
  75.000       0.6755
  76.000       0.6606
  77.000       0.7194
  78.000       0.8490
  79.000       0.8498
  80.000       0.7644
  81.000       0.8015
  82.000       0.8144
  83.000       0.6614
  84.000       0.6501
  85.000       0.5976
  86.000       0.5042
  87.000       0.5231
  88.000       0.5265
  89.000       0.4893
  90.000       0.4664
  91.000       0.5350
  92.000       0.5617
  93.000       0.5193
  94.000       0.5345
  95.000       0.5842
  96.000       0.5774
  97.000       0.5557
  98.000       0.5347
  99.000       0.5829
 100.000       0.6045
 101.000       0.6315
 102.000       0.5532
 103.000       0.5719
 104.000       0.5936
 105.000       0.5314
 106.000       0.5044
 107.000       0.5320
 108.000       0.5536
 109.000       0.5313
 110.000       0.5319
 111.000       0.5388
 112.000       0.5665
 113.000       0.6182
 114.000       0.6473
 115.000       0.7083
 116.000       0.9320
 117.000       1.0695
 118.000       1.3559
 119.000       1.2837
 120.000       0.8272
 121.000       0.8592
 122.000       0.9704
 123.000       1.0479
 124.000       1.1694
 125.000       1.5582
 126.000       2.1877
 127.000       2.5664
 128.000       3.4240
 129.000       3.2459
 130.000       2.3223
 131.000       2.7728
 132.000       3.1180
 133.000       3.0442
 134.000       2.1671
 135.000       3.0740
 136.000       3.4635
 137.000       4.5780
 138.000       5.6891
 139.000       5.7229
 140.000       6.6281
 141.000       6.3627
 142.000       5.6303
 143.000       4.7302
 144.000       4.6861
 145.000       4.0604
 146.000       3.4723
 147.000       3.6029
 148.000       3.0673
 149.000       2.0834
 150.000       1.5150
 151.000       0.9123
 152.000       0.7512
 153.000       0.6480
 154.000       0.6955
 155.000       0.7006
 156.000       0.6269
 157.000       0.6086
 158.000       0.6988
 159.000       0.6792
 160.000       0.8134
 161.000       0.9430
 162.000       1.0118
 163.000       0.8735
 164.000       1.0655
 165.000       1.1083
 166.000       0.9387
 167.000       0.9827
 168.000       1.2578
 169.000       0.9639
 170.000       0.9464
 171.000       1.1507
 172.000       1.1425
 173.000       0.9503
 174.000       1.1406
 175.000       1.0398
 176.000       0.7832
 177.000       0.7560
 178.000       0.7502
 179.000       0.7572
 180.000       0.6252
 181.000       0.6103
 182.000       0.6244
 183.000       0.5525
 184.000       0.5345
 185.000       0.5744
 186.000       0.5853
 187.000       0.5525
 188.000       0.5619
 189.000       0.6205
 190.000       0.5759
 191.000       0.5515
 192.000       0.6088
 193.000       0.6378
 194.000       0.5703
 195.000       0.5962
 196.000       0.7114
 197.000       0.7936
 198.000       0.7497
 199.000       0.7670
 200.000       0.8074
 201.000       0.7023
 202.000       0.7648
 203.000       1.1138
 204.000       1.2249
 205.000       0.9850
 206.000       0.8553
 207.000       0.9464
 208.000       0.7374
 209.000       0.7287
 210.000       1.0044
 211.000       0.8069
 212.000       0.7260
 213.000       0.6879
 214.000       0.6461
 215.000       0.6396
 216.000       0.5784
 217.000       0.6176
 218.000       0.7003
 219.000       0.6596
 220.000       0.6209
 221.000       0.6946
 222.000       0.7503
 223.000       0.6904
 224.000       0.7219
 225.000       0.7952
 226.000       0.8158
 227.000       0.8099
 228.000       0.8576
 229.000       0.8032
 230.000       0.7664
 231.000       0.7821
 232.000       0.7768
 233.000       0.7565
 234.000       0.7074
 235.000       0.7216
 236.000       0.6988
 237.000       0.6475
 238.000       0.8076
 239.000       1.0262
 240.000       1.4215
 241.000       1.3885
 242.000       1.3324
 243.000       1.5229
 244.000       1.6008
 245.000       1.2893
 246.000       1.4316
 247.000       1.2098
 248.000       0.8192
 249.000       0.8004
 250.000       0.7105
 251.000       0.6247
 252.000       0.5782
 253.000       0.5481
 254.000       0.5261
 255.000       0.4927
 256.000       0.4768
 257.000       0.4503
 258.000       0.4232
 259.000       0.4407
 260.000       0.4406
 261.000       0.4151
 262.000       0.4353
 263.000       0.5004
 264.000       0.4416
 265.000       0.5175
 266.000       0.4775
 267.000       0.4986
 268.000       0.4179
 269.000       0.4699
 270.000       0.5574
 271.000       0.6181
 272.000       0.5526
 273.000       0.6222
 274.000       0.7415
 275.000       0.6965
 276.000       0.7504
 277.000       0.8460
 278.000       0.9202
 279.000       1.1170
 280.000       0.9475
 281.000       0.8224
 282.000       0.7586
 283.000       0.7334
 284.000       0.6655
 285.000       0.5903
 286.000       0.5624
 287.000       0.5858
 288.000       0.5562
 289.000       0.4617
 290.000       0.5358
 291.000       0.5739
 292.000       0.4945
 293.000       0.4385
 294.000       0.4773
 295.000       0.5252
 296.000       0.4867
 297.000       0.4701
 298.000       0.5424
 299.000       0.5777
 300.000       0.5718
 301.000       0.6341
 302.000       0.6039
 303.000       0.5510
 304.000       0.5363
 305.000       0.5437
 306.000       0.5885
 307.000       0.7143
 308.000       0.7141
 309.000       0.6678
 310.000       0.7402
 311.000       0.8361
 312.000       0.8522
 313.000       1.0461
 314.000       1.3191
 315.000       1.4262
 316.000       1.8637
 317.000       1.8269
 318.000       1.1646
 319.000       0.8478
 320.000       0.9408
 321.000       1.0377
 322.000       0.8195
 323.000       0.9116
 324.000       1.1610
 325.000       1.0330
 326.000       1.1564
 327.000       1.2623
 328.000       0.9439
 329.000       0.8744
 330.000       0.7729
 331.000       0.7331
 332.000       0.6283
 333.000       0.6316
 334.000       0.6765
 335.000       0.6448
 336.000       0.6194
 337.000       0.6614
 338.000       0.7278
 339.000       0.7519
 340.000       0.7727
 341.000       0.9299
 342.000       0.9396
 343.000       0.9340
 344.000       0.8599
 345.000       0.7108
 346.000       0.7185
 347.000       0.7156
 348.000       0.6399
 349.000       0.6150
 350.000       0.6052
 351.000       0.5782
 352.000       0.5642
 353.000       0.5650
 354.000       0.5754
 355.000       0.5726
 356.000       0.5945
 357.000       0.5774
 358.000       0.5541
 359.000       0.5902
 360.000       0.5183
 361.000       0.5033
 362.000       0.4588
 363.000       0.4097
 364.000       0.4506
 365.000       0.4916
 366.000       0.4439
 367.000       0.5028
 368.000       0.4902
 369.000       0.4716
 370.000       0.5109
 371.000       0.5216
 372.000       0.4981
 373.000       0.5035
 374.000       0.6081
 375.000       0.7674
 376.000       1.0153
 377.000       1.2403
 378.000       1.2240
 379.000       1.3655
 380.000       1.9361
 381.000       3.2783
 382.000       3.7106
 383.000       2.4198
 384.000       1.5185
 385.000       2.0945
 386.000       1.0414
 387.000       0.7832
 388.000       0.8343
 389.000       0.9670
 390.000       0.9469
 391.000       0.6900
 392.000       0.7535
 393.000       0.8527
 394.000       0.7194
 395.000       0.6465
 396.000       0.7310
 397.000       0.7145
 398.000       0.6025
 399.000       0.6201
 400.000       0.7326
 401.000       0.6804
 402.000       0.6013
 403.000       0.6391
 404.000       0.6444
 405.000       0.6074
 406.000       0.5768
 407.000       0.5973
 408.000       0.6562
 409.000       0.6835
 410.000       0.6595
 411.000       0.6851
 412.000       0.6902
 413.000       0.6501
 414.000       0.6211
 415.000       0.6678
 416.000       0.7333
 417.000       0.7531
 418.000       0.7310
 419.000       0.7089
 420.000       0.6938
 421.000       0.6965
 422.000       0.6560
 423.000       0.7429
 424.000       0.6459
 425.000       0.6035
 426.000       0.5015
 427.000       0.5043
 428.000       0.5458
 429.000       0.5050
 430.000       0.4741
 431.000       0.4898
 432.000       0.5042
 433.000       0.4732
 434.000       0.5130
 435.000       0.5923
 436.000       0.6558
 437.000       0.6804
 438.000       0.6629
 439.000       0.8098
 440.000       0.8749
 441.000       0.8463
 442.000       0.7011
 443.000       0.6192
 444.000       0.7184
 445.000       0.8088
 446.000       0.7614
 447.000       0.7786
 448.000       0.9115
 449.000       0.9964
 450.000       0.9949
 451.000       1.0811
 452.000       1.2686
 453.000       1.3463
 454.000       1.2518
 455.000       1.2464
 456.000       1.1244
 457.000       1.0261
 458.000       0.8645
 459.000       0.9524
 460.000       0.8862
 461.000       0.7657
 462.000       0.6731
 463.000       0.6755
 464.000       0.6565
 465.000       0.5583
 466.000       0.5503
 467.000       0.6417
 468.000       0.6720
 469.000       0.5941
 470.000       0.6443
 471.000       0.6084
 472.000       0.5739
 473.000       0.5203
 474.000       0.5039
 475.000       0.5690
 476.000       0.6022
 477.000       0.6172
 478.000       0.6633
 479.000       0.7525
 480.000       0.7867
 481.000       0.7820
 482.000       0.9288
 483.000       0.9907
 484.000       1.0609
 485.000       0.9788
 486.000       0.9948
 487.000       1.2110
 488.000       1.0632
 489.000       1.2369
 490.000       1.1143
 491.000       1.1686
 492.000       1.5534
 493.000       1.1613
 494.000       1.2034
 495.000       0.9995
 496.000       1.1678
 497.000       1.1738
 498.000       1.0706
 499.000       0.9263
 500.000       0.9576
 501.000       0.9993
 502.000       0.8894
 503.000       0.8372
 504.000       0.8996
 505.000       0.9101
 506.000       0.8503
 507.000       0.8575
 508.000       0.8982
 509.000       0.8545
 510.000       0.7284
 511.000       0.7852
 512.000       0.8379
 513.000       0.7532
 514.000       0.6046
 515.000       0.7415
 516.000       0.8386
 517.000       0.7754
 518.000       0.8103
 519.000       0.9597
 520.000       0.9880
 521.000       1.0112
 522.000       1.1563
 523.000       1.3386
 524.000       1.4024
 525.000       1.4442
 526.000       1.8036
 527.000       1.9441
 528.000       2.0143
 529.000       1.8972
 530.000       1.9827
 531.000       1.8153
 532.000       1.4972
 533.000       1.3925
 534.000       1.5486
 535.000       1.5379
 536.000       1.2642
 537.000       1.4006
 538.000       1.7190
 539.000       2.0928
 540.000       2.7481
 541.000       3.8846
 542.000       5.4865
