#Res        AtomicFlx
   1.000       8.3904
   2.000       6.7621
   3.000       4.8856
   4.000       3.6264
   5.000       2.2531
   6.000       1.4904
   7.000       1.1056
   8.000       1.0054
   9.000       1.1662
  10.000       1.3824
  11.000       1.6365
  12.000       1.3016
  13.000       0.9073
  14.000       0.9768
  15.000       1.1243
  16.000       0.9361
  17.000       0.7397
  18.000       0.8122
  19.000       0.8425
  20.000       0.7277
  21.000       0.7040
  22.000       0.7198
  23.000       0.7453
  24.000       0.8700
  25.000       1.4668
  26.000       1.7839
  27.000       1.0271
  28.000       0.6080
  29.000       0.6115
  30.000       0.5337
  31.000       0.5258
  32.000       0.5423
  33.000       0.5920
  34.000       0.5826
  35.000       0.7227
  36.000       0.8326
  37.000       0.7298
  38.000       0.8976
  39.000       0.7943
  40.000       0.9854
  41.000       0.9917
  42.000       0.7276
  43.000       0.7595
  44.000       0.7850
  45.000       0.7539
  46.000       0.6408
  47.000       0.6878
  48.000       0.6895
  49.000       0.6199
  50.000       0.6148
  51.000       0.7212
  52.000       0.8127
  53.000       0.7430
  54.000       0.6808
  55.000       0.6198
  56.000       0.6018
  57.000       0.5545
  58.000       0.5241
  59.000       0.5719
  60.000       0.5671
  61.000       0.4933
  62.000       0.5512
  63.000       0.6764
  64.000       0.6562
  65.000       0.6368
  66.000       0.7313
  67.000       1.0661
  68.000       1.0465
  69.000       0.7212
  70.000       0.8399
  71.000       0.9059
  72.000       0.7543
  73.000       0.6805
  74.000       0.6689
  75.000       0.5950
  76.000       0.5804
  77.000       0.6876
  78.000       0.8133
  79.000       0.8041
  80.000       0.7518
  81.000       0.7638
  82.000       0.7119
  83.000       0.6044
  84.000       0.5776
  85.000       0.6056
  86.000       0.6638
  87.000       0.6298
  88.000       0.6314
  89.000       0.7107
  90.000       0.7308
  91.000       0.7381
  92.000       0.7345
  93.000       0.7109
  94.000       0.6938
  95.000       0.6951
  96.000       0.6817
  97.000       0.6591
  98.000       0.6659
  99.000       0.6515
 100.000       0.5718
 101.000       0.5037
 102.000       0.5059
 103.000       0.5240
 104.000       0.5087
 105.000       0.4947
 106.000       0.4980
 107.000       0.4675
 108.000       0.4519
 109.000       0.4474
 110.000       0.4758
 111.000       0.4539
 112.000       0.4609
 113.000       0.5256
 114.000       0.5646
 115.000       0.6088
 116.000       0.8469
 117.000       1.4263
 118.000       1.1662
 119.000       1.1858
 120.000       0.7933
 121.000       0.7504
 122.000       0.7277
 123.000       0.9305
 124.000       0.9297
 125.000       0.8930
 126.000       1.1288
 127.000       1.0642
 128.000       1.2144
 129.000       1.0671
 130.000       0.9699
 131.000       1.2260
 132.000       1.4179
 133.000       1.2647
 134.000       0.9407
 135.000       1.1380
 136.000       1.0476
 137.000       1.3935
 138.000       2.2335
 139.000       2.7819
 140.000       3.4538
 141.000       3.9567
 142.000       4.0721
 143.000       4.4588
 144.000       4.4675
 145.000       4.1010
 146.000       3.5794
 147.000       3.0543
 148.000       1.6514
 149.000       1.3211
 150.000       0.9590
 151.000       0.7681
 152.000       0.6118
 153.000       0.5333
 154.000       0.6026
 155.000       0.6035
 156.000       0.5386
 157.000       0.5137
 158.000       0.6370
 159.000       0.7651
 160.000       0.8005
 161.000       0.7200
 162.000       0.7883
 163.000       0.9717
 164.000       0.9045
 165.000       1.1919
 166.000       1.3325
 167.000       1.4832
 168.000       1.5898
 169.000       1.4246
 170.000       1.1845
 171.000       1.3144
 172.000       1.0348
 173.000       0.9158
 174.000       0.9099
 175.000       1.0605
 176.000       1.0056
 177.000       0.9821
 178.000       0.9793
 179.000       0.8655
 180.000       0.7575
 181.000       0.8399
 182.000       0.7794
 183.000       0.6682
 184.000       0.7247
 185.000       0.7266
 186.000       0.7033
 187.000       0.7121
 188.000       0.7062
 189.000       0.7496
 190.000       0.7916
 191.000       0.7778
 192.000       0.7975
 193.000       0.9889
 194.000       1.1143
 195.000       1.1059
 196.000       1.3182
 197.000       2.0158
 198.000       1.9778
 199.000       1.5255
 200.000       1.4419
 201.000       1.5196
 202.000       1.3695
 203.000       1.1092
 204.000       1.0808
 205.000       1.1955
 206.000       1.1606
 207.000       0.9068
 208.000       0.8916
 209.000       1.1202
 210.000       1.1316
 211.000       0.8647
 212.000       0.7774
 213.000       0.6327
 214.000       0.6509
 215.000       0.6371
 216.000       0.5718
 217.000       0.5790
 218.000       0.6445
 219.000       0.6088
 220.000       0.5594
 221.000       0.6190
 222.000       0.6763
 223.000       0.6198
 224.000       0.6737
 225.000       0.7411
 226.000       0.7482
 227.000       0.7813
 228.000       0.7888
 229.000       0.7352
 230.000       0.6720
 231.000       0.8319
 232.000       0.8515
 233.000       0.7022
 234.000       0.6917
 235.000       0.7814
 236.000       0.7295
 237.000       0.6127
 238.000       0.7531
 239.000       0.8602
 240.000       0.9115
 241.000       1.0200
 242.000       1.0770
 243.000       1.1627
 244.000       1.0710
 245.000       1.1277
 246.000       1.3677
 247.000       1.1314
 248.000       0.9878
 249.000       0.8846
 250.000       0.7450
 251.000       0.6937
 252.000       0.6793
 253.000       0.6417
 254.000       0.6003
 255.000       0.5711
 256.000       0.5645
 257.000       0.5482
 258.000       0.5337
 259.000       0.5055
 260.000       0.5485
 261.000       0.5830
 262.000       0.5654
 263.000       0.5575
 264.000       0.5290
 265.000       0.6418
 266.000       0.6474
 267.000       0.6290
 268.000       0.5065
 269.000       0.4418
 270.000       0.5031
 271.000       0.5369
 272.000       0.5124
 273.000       0.5519
 274.000       0.6115
 275.000       0.6682
 276.000       0.6507
 277.000       0.8070
 278.000       0.8378
 279.000       1.0472
 280.000       0.9995
 281.000       1.1158
 282.000       0.8728
 283.000       0.8779
 284.000       0.9499
 285.000       0.8499
 286.000       0.7809
 287.000       0.8053
 288.000       0.7761
 289.000       0.6926
 290.000       0.7243
 291.000       0.7425
 292.000       0.7232
 293.000       0.6647
 294.000       0.7095
 295.000       0.7219
 296.000       0.6710
 297.000       0.6777
 298.000       0.7876
 299.000       0.8302
 300.000       0.6677
 301.000       0.5656
 302.000       0.5496
 303.000       0.5527
 304.000       0.4942
 305.000       0.4919
 306.000       0.5312
 307.000       0.5744
 308.000       0.5992
 309.000       0.6324
 310.000       0.6825
 311.000       0.7895
 312.000       0.7888
 313.000       0.9317
 314.000       1.0774
 315.000       1.0785
 316.000       1.1225
 317.000       1.0423
 318.000       0.9770
 319.000       0.7898
 320.000       0.8753
 321.000       0.8844
 322.000       0.7502
 323.000       0.6698
 324.000       0.7838
 325.000       0.7037
 326.000       0.7425
 327.000       0.7621
 328.000       0.7472
 329.000       0.7046
 330.000       0.5342
 331.000       0.5193
 332.000       0.4877
 333.000       0.4993
 334.000       0.5440
 335.000       0.5123
 336.000       0.5258
 337.000       0.5431
 338.000       0.5947
 339.000       0.6409
 340.000       0.7138
 341.000       0.7827
 342.000       0.8535
 343.000       0.9311
 344.000       0.8222
 345.000       0.6624
 346.000       0.7163
 347.000       0.6566
 348.000       0.5439
 349.000       0.5313
 350.000       0.5321
 351.000       0.5151
 352.000       0.4694
 353.000       0.4497
 354.000       0.4915
 355.000       0.5087
 356.000       0.5023
 357.000       0.4744
 358.000       0.5257
 359.000       0.5720
 360.000       0.6337
 361.000       0.5986
 362.000       0.7105
 363.000       0.7127
 364.000       0.6119
 365.000       0.6151
 366.000       0.8579
 367.000       0.9118
 368.000       0.8099
 369.000       0.9865
 370.000       1.3219
 371.000       1.3113
 372.000       1.1112
 373.000       1.3668
 374.000       1.5280
 375.000       1.2463
 376.000       1.0655
 377.000       1.2625
 378.000       1.3007
 379.000       1.2409
 380.000       1.3822
 381.000       1.7046
 382.000       1.5627
 383.000       1.5125
 384.000       1.9853
 385.000       2.3591
 386.000       1.9839
 387.000       1.3039
 388.000       1.2807
 389.000       1.1476
 390.000       1.0435
 391.000       0.9284
 392.000       0.9356
 393.000       0.9814
 394.000       0.8967
 395.000       0.8630
 396.000       0.9585
 397.000       1.0314
 398.000       0.9394
 399.000       0.9690
 400.000       1.0993
 401.000       1.1582
 402.000       1.1179
 403.000       1.0833
 404.000       0.9364
 405.000       0.6271
 406.000       0.6636
 407.000       0.6330
 408.000       0.6386
 409.000       0.7008
 410.000       0.6527
 411.000       0.6513
 412.000       0.6207
 413.000       0.5922
 414.000       0.6081
 415.000       0.6714
 416.000       0.6512
 417.000       0.6753
 418.000       0.7603
 419.000       0.7073
 420.000       0.6505
 421.000       0.7451
 422.000       0.9149
 423.000       0.9058
 424.000       0.8698
 425.000       0.8298
 426.000       0.6627
 427.000       0.5784
 428.000       0.6210
 429.000       0.6442
 430.000       0.5383
 431.000       0.5190
 432.000       0.6095
 433.000       0.5566
 434.000       0.6589
 435.000       0.7952
 436.000       0.8042
 437.000       0.9266
 438.000       1.1450
 439.000       1.3514
 440.000       1.1842
 441.000       1.0236
 442.000       0.8290
 443.000       0.8111
 444.000       0.9100
 445.000       0.9932
 446.000       0.9278
 447.000       0.8562
 448.000       1.0210
 449.000       1.2805
 450.000       1.2279
 451.000       1.1666
 452.000       1.6300
 453.000       2.1081
 454.000       2.1691
 455.000       1.7062
 456.000       1.6689
 457.000       1.1896
 458.000       1.0995
 459.000       1.2229
 460.000       1.1572
 461.000       1.1936
 462.000       0.9329
 463.000       0.8271
 464.000       0.8890
 465.000       0.7270
 466.000       0.6934
 467.000       0.7906
 468.000       0.7712
 469.000       0.6575
 470.000       0.6233
 471.000       0.6418
 472.000       0.6509
 473.000       0.5749
 474.000       0.5543
 475.000       0.6259
 476.000       0.6684
 477.000       0.6500
 478.000       0.6878
 479.000       0.7559
 480.000       0.7940
 481.000       0.8687
 482.000       0.9606
 483.000       0.9506
 484.000       1.0519
 485.000       1.6909
 486.000       1.9690
 487.000       2.0702
 488.000       1.3854
 489.000       1.1863
 490.000       1.0270
 491.000       1.2066
 492.000       1.9218
 493.000       1.3534
 494.000       1.0300
 495.000       0.8695
 496.000       1.0181
 497.000       0.9954
 498.000       0.9546
 499.000       0.8363
 500.000       0.8243
 501.000       0.8439
 502.000       0.8167
 503.000       0.8076
 504.000       0.8100
 505.000       0.8121
 506.000       0.8307
 507.000       0.9410
 508.000       0.9561
 509.000       0.9517
 510.000       0.9617
 511.000       1.1381
 512.000       1.1935
 513.000       0.9466
 514.000       0.8407
 515.000       0.9974
 516.000       1.0537
 517.000       0.8811
 518.000       0.8938
 519.000       1.0942
 520.000       1.1332
 521.000       1.0440
 522.000       1.2067
 523.000       1.4825
 524.000       1.5395
 525.000       1.4707
 526.000       1.9481
 527.000       2.0140
 528.000       2.0261
 529.000       1.8500
 530.000       1.8400
 531.000       1.7182
 532.000       1.4408
 533.000       1.3447
 534.000       1.4478
 535.000       1.3733
 536.000       1.1325
 537.000       1.2109
 538.000       1.3867
 539.000       1.5646
 540.000       1.9034
 541.000       2.9281
 542.000       4.5633
