#Res        AtomicFlx
   1.000       4.7862
   2.000       3.6865
   3.000       4.0726
   4.000       6.5364
   5.000       5.3004
   6.000       3.4668
   7.000       2.9597
   8.000       3.3178
   9.000       3.3695
  10.000       2.8346
  11.000       1.6421
  12.000       1.2811
  13.000       1.4145
  14.000       1.4564
  15.000       1.5562
  16.000       1.9505
  17.000       1.4056
  18.000       1.9986
  19.000       2.1294
  20.000       2.1903
  21.000       2.3707
  22.000       3.1640
  23.000       3.7474
  24.000       4.7990
  25.000       4.1372
  26.000       3.2597
  27.000       2.7825
  28.000       2.9869
  29.000       1.7568
  30.000       1.8307
  31.000       1.1277
  32.000       1.7683
  33.000       1.3544
  34.000       1.2487
  35.000       1.0670
  36.000       1.2184
  37.000       0.8801
  38.000       1.1412
  39.000       0.9614
  40.000       0.6946
  41.000       0.7075
  42.000       1.0459
  43.000       0.6121
  44.000       0.6616
  45.000       0.6753
  46.000       0.8588
  47.000       0.7802
  48.000       1.1224
  49.000       1.2194
  50.000       1.1131
  51.000       1.2533
  52.000       1.4947
  53.000       1.7154
  54.000       0.9781
  55.000       0.8228
  56.000       1.3657
  57.000       1.1969
  58.000       1.1250
  59.000       1.1342
  60.000       1.1219
  61.000       1.2257
  62.000       0.9551
  63.000       0.9029
  64.000       0.9888
  65.000       1.0526
  66.000       0.9308
  67.000       1.4799
  68.000       1.2425
  69.000       0.9386
  70.000       0.9355
  71.000       1.2159
  72.000       1.0375
  73.000       0.9863
  74.000       1.1542
  75.000       0.8955
  76.000       0.8991
  77.000       1.0539
  78.000       0.6332
  79.000       0.7974
  80.000       0.6278
  81.000       0.7546
  82.000       0.6999
  83.000       0.9710
  84.000       0.8665
  85.000       0.7125
  86.000       0.8108
  87.000       0.6696
  88.000       0.8741
  89.000       0.6907
  90.000       0.7719
  91.000       0.8750
  92.000       1.4712
  93.000       1.3852
  94.000       1.7113
  95.000       0.9900
  96.000       1.1035
  97.000       1.1463
  98.000       0.9165
  99.000       1.1368
 100.000       0.9351
 101.000       1.0633
 102.000       1.1006
 103.000       1.1518
 104.000       1.3519
 105.000       1.3272
 106.000       1.1961
 107.000       1.0456
 108.000       1.1915
 109.000       0.8278
 110.000       0.9701
 111.000       0.7677
 112.000       1.2071
 113.000       0.7369
 114.000       0.7420
 115.000       1.0820
 116.000       1.0829
 117.000       0.8837
 118.000       0.7643
 119.000       1.0374
 120.000       1.0171
 121.000       0.9452
 122.000       0.6896
 123.000       0.8524
 124.000       0.8894
 125.000       1.1818
 126.000       0.8922
 127.000       0.7562
 128.000       0.9244
 129.000       0.8912
 130.000       0.9583
 131.000       1.1859
 132.000       0.7869
 133.000       0.9824
 134.000       0.8366
 135.000       0.7021
 136.000       0.8858
 137.000       1.3328
 138.000       0.8739
 139.000       0.8289
 140.000       1.4411
 141.000       1.5014
 142.000       1.6713
 143.000       1.2900
 144.000       1.0299
 145.000       0.9652
 146.000       0.8967
 147.000       1.3375
 148.000       1.6858
 149.000       1.3237
 150.000       1.5582
 151.000       2.3230
 152.000       2.6886
 153.000       3.6922
 154.000       4.0411
 155.000       3.8147
 156.000       3.5853
 157.000       2.4947
 158.000       2.2602
 159.000       1.8474
 160.000       2.1037
 161.000       2.0822
 162.000       1.2563
 163.000       1.7495
 164.000       2.9090
 165.000       1.6029
 166.000       1.2007
 167.000       1.0743
 168.000       0.9985
 169.000       1.0994
 170.000       1.1067
 171.000       0.8760
 172.000       0.8008
 173.000       0.9186
 174.000       1.5817
 175.000       1.1994
 176.000       0.9412
 177.000       1.0962
 178.000       0.9418
 179.000       1.0848
 180.000       1.1100
 181.000       1.2506
 182.000       1.1981
 183.000       1.1349
 184.000       1.3888
 185.000       1.5173
 186.000       1.0971
 187.000       1.3351
 188.000       1.5183
 189.000       1.5650
 190.000       1.0225
 191.000       1.6596
 192.000       0.9552
 193.000       1.5902
 194.000       1.2085
 195.000       1.2603
 196.000       0.8702
 197.000       0.8915
 198.000       0.8401
 199.000       1.1074
 200.000       0.8093
 201.000       0.7405
 202.000       0.8642
 203.000       1.0471
 204.000       1.0426
 205.000       0.8960
 206.000       1.6748
 207.000       1.2812
 208.000       1.3662
 209.000       1.5090
 210.000       1.9410
 211.000       1.0693
 212.000       1.4325
 213.000       1.4943
 214.000       1.2369
 215.000       1.2961
 216.000       1.1390
 217.000       1.6947
 218.000       1.1010
 219.000       1.4928
 220.000       1.3859
 221.000       1.3880
 222.000       0.9420
 223.000       1.2687
 224.000       1.2373
 225.000       1.3301
 226.000       1.0434
 227.000       1.3434
 228.000       1.0350
 229.000       1.0161
 230.000       1.1928
 231.000       0.9782
 232.000       1.2881
 233.000       1.2604
 234.000       1.1399
 235.000       1.2001
 236.000       1.0021
 237.000       1.0156
 238.000       1.3546
 239.000       1.1679
 240.000       1.2042
 241.000       1.9303
 242.000       1.0171
 243.000       0.9911
 244.000       1.1913
 245.000       1.4412
 246.000       0.8701
 247.000       1.1964
 248.000       1.1858
 249.000       1.1108
 250.000       0.9610
 251.000       1.4868
 252.000       1.1652
 253.000       1.1496
 254.000       1.5158
 255.000       1.5246
 256.000       1.6075
 257.000       1.5695
 258.000       1.4945
 259.000       1.4877
 260.000       1.4200
 261.000       1.0953
 262.000       1.2105
 263.000       0.9306
 264.000       1.0442
 265.000       0.9290
 266.000       0.9900
 267.000       0.8079
 268.000       0.7561
 269.000       0.8019
 270.000       0.9780
 271.000       0.9002
 272.000       1.1101
 273.000       1.1368
 274.000       0.8407
 275.000       1.1526
 276.000       0.7761
 277.000       0.9436
 278.000       1.0557
 279.000       1.3921
 280.000       0.9668
 281.000       1.0860
 282.000       0.9749
 283.000       0.7738
 284.000       0.9806
 285.000       0.9606
 286.000       0.8279
 287.000       0.9741
 288.000       1.2105
 289.000       0.8556
 290.000       1.0957
 291.000       1.1157
 292.000       1.1500
 293.000       0.8637
 294.000       0.9850
 295.000       0.9071
 296.000       1.0311
 297.000       1.6361
 298.000       0.7622
 299.000       0.8460
 300.000       0.8770
 301.000       1.0040
 302.000       0.8110
 303.000       0.6151
 304.000       1.0989
 305.000       1.0369
 306.000       0.7604
 307.000       0.7606
 308.000       1.8245
 309.000       0.7972
 310.000       0.8715
 311.000       1.0555
 312.000       1.1256
 313.000       1.0016
 314.000       0.8273
 315.000       1.1963
 316.000       0.8804
 317.000       0.8452
 318.000       1.0022
 319.000       0.9276
 320.000       0.9880
 321.000       1.0851
 322.000       0.8532
 323.000       0.9067
 324.000       1.1540
 325.000       0.9354
 326.000       1.0713
 327.000       1.1181
 328.000       1.1702
 329.000       1.3475
 330.000       1.2460
 331.000       1.3384
 332.000       1.0250
 333.000       1.4996
 334.000       1.3315
 335.000       1.4346
 336.000       1.3368
 337.000       1.7179
 338.000       2.1287
 339.000       1.8757
 340.000       2.2069
 341.000       2.3900
 342.000       2.7480
 343.000       2.6066
 344.000       3.2276
 345.000       3.5329
 346.000       3.2927
 347.000       4.0865
 348.000       4.8410
 349.000       4.6194
 350.000       5.2587
 351.000       5.3977
 352.000       5.4651
 353.000       5.0637
 354.000       5.1359
 355.000       4.5154
 356.000       4.3581
 357.000       4.5593
 358.000       4.4230
 359.000       3.5876
 360.000       3.8047
 361.000       4.5545
 362.000       4.0865
 363.000       3.6768
 364.000       4.5794
 365.000       4.3562
 366.000       4.3524
 367.000       4.0720
 368.000       4.0835
 369.000       3.9019
 370.000       3.3187
 371.000       3.2626
 372.000       3.4686
 373.000       3.5766
 374.000       2.6080
 375.000       2.5469
 376.000       2.0438
 377.000       1.8900
 378.000       2.0896
 379.000       1.3354
 380.000       1.9967
 381.000       1.8419
 382.000       1.3239
 383.000       1.1975
 384.000       1.1118
 385.000       1.3323
 386.000       1.3513
 387.000       2.2128
 388.000       2.0595
 389.000       2.5242
 390.000       2.0093
 391.000       1.0537
 392.000       1.1704
 393.000       0.9397
 394.000       1.1651
 395.000       0.8507
 396.000       1.0241
 397.000       0.8985
 398.000       0.9672
 399.000       1.3241
 400.000       0.9554
 401.000       1.0119
 402.000       0.9090
 403.000       1.2538
 404.000       1.1700
 405.000       1.2414
 406.000       1.1111
 407.000       1.1244
 408.000       1.1656
 409.000       0.9911
 410.000       0.9371
 411.000       1.1540
 412.000       1.0166
 413.000       0.8761
 414.000       0.8870
 415.000       0.9954
 416.000       0.7342
 417.000       0.7014
 418.000       0.9961
 419.000       0.9177
 420.000       0.8156
 421.000       0.9984
 422.000       0.6812
 423.000       0.9946
 424.000       0.6123
 425.000       0.7512
 426.000       0.5908
 427.000       0.6398
 428.000       1.0163
 429.000       0.9384
 430.000       0.9911
 431.000       1.1508
 432.000       1.2402
 433.000       1.4968
 434.000       0.9482
 435.000       0.9913
 436.000       1.1450
 437.000       1.0776
 438.000       1.0476
 439.000       1.2971
 440.000       1.3596
 441.000       1.4561
 442.000       1.5837
 443.000       2.2215
 444.000       1.7115
 445.000       1.7369
 446.000       1.7761
 447.000       1.8813
 448.000       2.3789
 449.000       1.6521
 450.000       1.4552
 451.000       1.8182
 452.000       1.6395
 453.000       1.3274
 454.000       1.3567
 455.000       1.0949
 456.000       0.9168
 457.000       1.2112
 458.000       1.1807
 459.000       0.8004
 460.000       1.1360
 461.000       0.8791
 462.000       0.8584
 463.000       1.0374
 464.000       1.2180
 465.000       1.0829
 466.000       0.7607
 467.000       1.5250
 468.000       1.2443
 469.000       1.0871
 470.000       1.0178
 471.000       0.9531
 472.000       0.9342
 473.000       0.8749
 474.000       0.7898
 475.000       1.1479
 476.000       0.9198
 477.000       0.9303
 478.000       1.0048
 479.000       1.0627
 480.000       1.4629
 481.000       1.3704
 482.000       1.1688
 483.000       1.1883
 484.000       1.5320
 485.000       1.2052
 486.000       1.0150
 487.000       0.9913
 488.000       1.2228
 489.000       0.7966
 490.000       0.8516
 491.000       1.0597
 492.000       0.9520
 493.000       0.7325
 494.000       0.6700
 495.000       1.0184
 496.000       0.9481
 497.000       0.7121
 498.000       0.7362
 499.000       1.0701
 500.000       0.6867
 501.000       1.1191
 502.000       1.0738
 503.000       1.1842
 504.000       0.9961
 505.000       1.2220
 506.000       0.9486
 507.000       1.2916
 508.000       1.3719
 509.000       1.7374
 510.000       1.2087
 511.000       1.0913
 512.000       1.5687
 513.000       0.9094
 514.000       1.1216
 515.000       1.2582
 516.000       1.5148
 517.000       1.2182
 518.000       1.5734
 519.000       1.3676
 520.000       2.0486
 521.000       1.9356
 522.000       1.1996
 523.000       1.4396
 524.000       1.4350
 525.000       1.1124
 526.000       0.7858
 527.000       1.0272
 528.000       1.0249
 529.000       0.7535
 530.000       0.7241
 531.000       1.1643
 532.000       1.0660
 533.000       0.8947
 534.000       0.8096
 535.000       0.7857
 536.000       1.0990
 537.000       0.9762
 538.000       0.9166
 539.000       1.3307
 540.000       1.1690
 541.000       1.0254
 542.000       1.4201
 543.000       1.4795
 544.000       1.2441
 545.000       1.1241
 546.000       1.8096
 547.000       1.2193
 548.000       1.1678
 549.000       1.3847
 550.000       1.5033
 551.000       1.5557
 552.000       1.8894
 553.000       1.8499
 554.000       1.5442
 555.000       1.6063
 556.000       1.3904
 557.000       1.4504
 558.000       1.5581
 559.000       1.1459
 560.000       1.6974
 561.000       1.9391
 562.000       1.8231
 563.000       3.2973
 564.000       2.3077
 565.000       1.8126
 566.000       1.5577
 567.000       1.5798
 568.000       1.9618
 569.000       1.6468
 570.000       2.7192
 571.000       2.1045
 572.000       1.8616
 573.000       1.7280
 574.000       1.1681
 575.000       1.3118
 576.000       1.9500
 577.000       1.4399
 578.000       1.1001
 579.000       1.5845
 580.000       1.2550
 581.000       1.0479
 582.000       1.0170
 583.000       1.1295
 584.000       1.1511
 585.000       1.0891
 586.000       1.1608
 587.000       0.9959
 588.000       1.1739
 589.000       0.9936
 590.000       1.0531
 591.000       1.2115
 592.000       1.0421
 593.000       1.2753
 594.000       1.5372
 595.000       1.6342
 596.000       1.6828
 597.000       2.0318
 598.000       2.5878
 599.000       2.4364
 600.000       2.4556
 601.000       3.2811
 602.000       3.4472
 603.000       3.4336
 604.000       3.5121
 605.000       4.5779
 606.000       5.7210
 607.000       7.7465
 608.000      10.3137
 609.000      11.7499
 610.000      12.9821
 611.000       1.4411
 612.000       3.0920
 613.000       5.3289
 614.000       6.3454
 615.000       8.8365
 616.000       1.8292
 617.000       1.4200
 618.000       0.6387
 619.000      54.3148
 620.000      54.3328
 621.000      55.5098
 622.000      56.9254
 623.000      52.3676
 624.000      54.9492
 625.000      56.5452
 626.000      54.0682
 627.000      53.0977
 628.000      54.8326
 629.000      53.9637
 630.000      55.2559
 631.000      52.3165
 632.000      53.8096
 633.000      55.1963
 634.000      56.1021
 635.000      54.5929
 636.000      54.9919
 637.000      54.8916
 638.000      56.6809
 639.000      55.7921
 640.000      55.8886
 641.000      53.4209
 642.000      55.6059
 643.000      56.2664
 644.000      53.2043
 645.000      51.8581
 646.000      56.0002
 647.000      55.6833
 648.000      56.5815
 649.000      56.0935
 650.000      54.5505
 651.000      56.6308
 652.000      53.1531
 653.000      53.1378
 654.000      56.1277
 655.000      54.4922
 656.000      52.4572
 657.000      54.2650
 658.000      57.5670
 659.000      54.8755
 660.000      56.9449
 661.000      58.0897
 662.000      54.4216
 663.000      56.8606
 664.000      53.9141
 665.000      55.1447
 666.000      55.6015
 667.000      55.4995
 668.000      54.1885
 669.000      56.2208
 670.000      54.2520
 671.000      55.3279
 672.000      56.2253
 673.000      57.4419
 674.000      56.8145
 675.000      53.4476
 676.000      52.4207
 677.000      55.8029
 678.000      54.7317
 679.000      54.4775
 680.000      55.7613
 681.000      54.5796
 682.000      57.0162
 683.000      54.9966
 684.000      55.2792
 685.000      56.7672
 686.000      55.4611
 687.000      54.8450
 688.000      50.9619
 689.000      55.1815
 690.000      55.3506
 691.000      56.4317
 692.000      54.7455
 693.000      55.7044
 694.000      56.9604
 695.000      57.0016
 696.000      52.5824
 697.000      57.2748
 698.000      55.7350
 699.000      46.4491
 700.000      55.0969
 701.000      55.7447
 702.000      55.4167
 703.000      55.6703
 704.000      54.8741
 705.000      56.6275
 706.000      51.4743
 707.000      55.3083
 708.000      54.5316
 709.000      55.9049
 710.000      56.3001
 711.000      54.0807
 712.000      56.7048
 713.000      53.1236
 714.000      52.0487
 715.000      54.3565
 716.000      55.5912
 717.000      53.8732
 718.000      54.5559
 719.000      53.2087
 720.000      54.1183
 721.000      54.6171
 722.000      55.6054
 723.000      56.2061
 724.000      55.1950
 725.000      55.4432
 726.000      55.0040
 727.000      54.0262
 728.000      60.8805
 729.000      61.5578
 730.000      61.3193
 731.000      60.5911
 732.000      60.9297
 733.000      60.7641
 734.000      61.6168
 735.000      60.2140
 736.000      61.3473
 737.000      61.3229
 738.000      61.4524
 739.000      60.4400
 740.000      61.4844
 741.000      60.7868
 742.000      61.0219
 743.000      59.4529
 744.000      62.0003
 745.000      60.7323
 746.000      61.2418
 747.000      61.2016
 748.000      61.1700
 749.000      61.3554
 750.000      60.8897
 751.000      60.4183
 752.000      61.7415
 753.000      61.3069
 754.000      61.2096
 755.000      61.4830
 756.000      60.4808
 757.000      61.3346
 758.000      60.5355
 759.000      61.4038
 760.000      61.7584
 761.000      60.5624
 762.000      60.9180
 763.000      61.3073
 764.000      60.6017
 765.000      60.6159
 766.000      60.4211
 767.000      61.0875
 768.000      61.8729
 769.000      61.4077
 770.000      61.4731
 771.000      60.9384
 772.000      61.5353
 773.000      60.5757
 774.000      60.6937
 775.000      61.1913
 776.000      60.8875
 777.000      62.0419
 778.000      61.1417
 779.000      60.8379
 780.000      61.5778
 781.000      61.4398
 782.000      61.3777
 783.000      61.5096
 784.000      60.7145
 785.000      59.9690
 786.000      60.4568
 787.000      60.9668
 788.000      61.2775
 789.000      60.5109
 790.000      59.9698
 791.000      61.5030
