#Res        AtomicFlx
   1.000       4.8568
   2.000       4.5888
   3.000       4.6248
   4.000       5.1343
   5.000       5.8748
   6.000       5.5490
   7.000       4.9527
   8.000       4.0714
   9.000       3.8157
  10.000       3.9209
  11.000       2.0271
  12.000       2.0635
  13.000       1.9229
  14.000       2.6926
  15.000       2.8134
  16.000       2.9107
  17.000       2.9954
  18.000       3.6019
  19.000       3.5987
  20.000       3.6969
  21.000       3.8585
  22.000       4.2524
  23.000       4.6397
  24.000       4.5267
  25.000       4.7734
  26.000       4.0441
  27.000       2.6471
  28.000       2.5301
  29.000       1.5635
  30.000       2.2483
  31.000       1.2419
  32.000       2.1609
  33.000       1.5363
  34.000       1.4636
  35.000       1.2623
  36.000       1.7283
  37.000       0.9671
  38.000       1.2555
  39.000       1.2430
  40.000       0.9489
  41.000       0.7553
  42.000       1.1933
  43.000       0.7837
  44.000       0.8201
  45.000       0.7850
  46.000       0.8781
  47.000       0.8275
  48.000       1.1559
  49.000       1.0214
  50.000       0.9349
  51.000       1.3132
  52.000       1.2665
  53.000       1.8990
  54.000       1.1148
  55.000       1.1207
  56.000       1.3528
  57.000       1.4586
  58.000       1.4717
  59.000       1.5477
  60.000       1.4406
  61.000       1.7026
  62.000       1.6649
  63.000       2.2891
  64.000       3.0756
  65.000       2.7811
  66.000       1.6366
  67.000       1.7557
  68.000       2.0781
  69.000       1.8279
  70.000       1.5128
  71.000       1.6017
  72.000       1.6156
  73.000       1.4037
  74.000       1.4429
  75.000       1.1848
  76.000       1.0951
  77.000       1.2592
  78.000       0.7255
  79.000       0.8957
  80.000       0.6860
  81.000       0.7466
  82.000       0.7857
  83.000       0.9897
  84.000       0.8329
  85.000       0.5732
  86.000       0.9694
  87.000       0.7304
  88.000       0.9562
  89.000       0.7223
  90.000       1.0154
  91.000       1.0557
  92.000       1.1154
  93.000       1.5525
  94.000       1.6652
  95.000       0.7785
  96.000       0.8139
  97.000       0.9918
  98.000       0.8193
  99.000       0.8394
 100.000       0.7326
 101.000       1.0057
 102.000       1.0408
 103.000       1.0968
 104.000       1.3959
 105.000       1.1857
 106.000       1.0891
 107.000       1.1055
 108.000       1.2388
 109.000       0.7581
 110.000       0.7449
 111.000       0.6616
 112.000       1.0447
 113.000       0.7026
 114.000       0.5911
 115.000       1.0637
 116.000       1.1346
 117.000       0.8941
 118.000       0.7385
 119.000       1.1333
 120.000       1.1263
 121.000       1.0074
 122.000       0.6994
 123.000       1.1198
 124.000       1.0371
 125.000       1.0891
 126.000       0.9184
 127.000       0.8123
 128.000       0.9020
 129.000       0.9029
 130.000       0.9472
 131.000       0.8888
 132.000       0.9341
 133.000       1.1279
 134.000       1.0025
 135.000       1.0819
 136.000       1.1251
 137.000       1.5849
 138.000       1.0443
 139.000       1.0976
 140.000       1.4508
 141.000       1.5668
 142.000       1.8209
 143.000       1.5029
 144.000       1.3496
 145.000       1.2873
 146.000       1.1682
 147.000       1.6171
 148.000       1.9031
 149.000       1.5410
 150.000       1.6163
 151.000       2.0835
 152.000       2.3689
 153.000       3.2999
 154.000       3.4674
 155.000       3.7025
 156.000       2.9398
 157.000       2.2008
 158.000       2.1789
 159.000       1.8763
 160.000       2.0505
 161.000       1.7658
 162.000       1.4998
 163.000       1.7724
 164.000       2.5628
 165.000       1.5626
 166.000       1.5495
 167.000       1.4306
 168.000       1.4436
 169.000       1.4524
 170.000       1.3663
 171.000       1.1225
 172.000       1.0494
 173.000       1.2455
 174.000       1.3283
 175.000       1.3386
 176.000       1.0416
 177.000       1.0839
 178.000       1.1402
 179.000       1.3052
 180.000       1.4064
 181.000       1.9342
 182.000       1.7106
 183.000       1.8264
 184.000       1.9383
 185.000       2.0529
 186.000       1.9764
 187.000       1.4564
 188.000       1.5383
 189.000       1.8431
 190.000       1.2367
 191.000       2.4769
 192.000       1.1245
 193.000       1.2683
 194.000       1.2420
 195.000       1.4074
 196.000       0.9076
 197.000       0.9408
 198.000       0.9234
 199.000       1.1240
 200.000       0.8614
 201.000       0.7932
 202.000       0.8682
 203.000       1.0449
 204.000       1.0168
 205.000       0.9662
 206.000       1.5132
 207.000       1.0522
 208.000       1.1941
 209.000       1.5455
 210.000       2.1768
 211.000       1.5341
 212.000       1.6826
 213.000       2.0041
 214.000       1.4806
 215.000       1.3109
 216.000       1.1050
 217.000       1.7803
 218.000       0.9783
 219.000       1.2682
 220.000       1.8398
 221.000       1.2968
 222.000       0.8802
 223.000       0.9135
 224.000       1.0254
 225.000       1.2644
 226.000       0.9858
 227.000       1.5061
 228.000       1.2469
 229.000       1.1493
 230.000       1.3332
 231.000       1.1916
 232.000       1.5167
 233.000       1.4207
 234.000       1.2928
 235.000       1.3762
 236.000       1.2263
 237.000       1.2243
 238.000       1.4815
 239.000       1.3705
 240.000       1.4459
 241.000       2.2450
 242.000       1.2572
 243.000       1.2388
 244.000       1.3925
 245.000       1.6593
 246.000       1.1494
 247.000       1.3600
 248.000       1.4030
 249.000       1.4514
 250.000       1.2360
 251.000       1.6893
 252.000       1.8465
 253.000       1.7846
 254.000       1.8705
 255.000       2.0104
 256.000       2.0355
 257.000       1.8879
 258.000       2.1175
 259.000       1.7157
 260.000       1.6164
 261.000       1.2669
 262.000       1.4666
 263.000       1.2451
 264.000       1.5917
 265.000       1.0506
 266.000       1.2112
 267.000       1.0639
 268.000       0.9030
 269.000       0.9441
 270.000       1.0084
 271.000       1.0292
 272.000       1.1869
 273.000       1.1650
 274.000       0.9178
 275.000       1.1509
 276.000       0.8374
 277.000       0.9349
 278.000       0.7057
 279.000       1.0781
 280.000       0.6468
 281.000       0.6454
 282.000       0.8840
 283.000       0.8656
 284.000       1.3674
 285.000       1.1743
 286.000       0.9194
 287.000       1.1445
 288.000       1.3814
 289.000       1.2502
 290.000       1.2605
 291.000       1.5495
 292.000       1.8564
 293.000       1.4644
 294.000       1.2177
 295.000       1.0881
 296.000       1.1712
 297.000       1.9975
 298.000       1.0007
 299.000       0.8627
 300.000       1.0265
 301.000       1.2482
 302.000       0.9426
 303.000       0.9472
 304.000       1.1878
 305.000       1.0826
 306.000       1.0266
 307.000       1.0723
 308.000       2.0209
 309.000       1.0343
 310.000       1.1205
 311.000       1.2780
 312.000       1.4331
 313.000       1.2781
 314.000       1.1221
 315.000       1.3846
 316.000       1.1816
 317.000       1.1343
 318.000       1.1655
 319.000       1.1728
 320.000       1.2946
 321.000       1.4111
 322.000       1.1534
 323.000       1.2571
 324.000       1.9939
 325.000       1.2397
 326.000       1.3340
 327.000       1.8172
 328.000       1.7098
 329.000       1.6346
 330.000       1.6954
 331.000       1.8414
 332.000       1.4435
 333.000       1.9814
 334.000       2.2437
 335.000       2.4551
 336.000       2.1725
 337.000       2.9904
 338.000       3.5831
 339.000       3.3836
 340.000       3.7026
 341.000       4.3908
 342.000       4.7185
 343.000       4.9536
 344.000       6.3419
 345.000       6.5651
 346.000       5.9014
 347.000       6.5466
 348.000       8.6291
 349.000       7.4599
 350.000       7.4431
 351.000       6.7444
 352.000       6.2612
 353.000       5.1370
 354.000       5.0571
 355.000       4.0221
 356.000       2.6850
 357.000       3.5325
 358.000       4.3469
 359.000       4.0723
 360.000       3.5545
 361.000       4.7008
 362.000       5.6102
 363.000       4.5796
 364.000       5.1356
 365.000       6.1002
 366.000       6.4985
 367.000       5.9367
 368.000       5.3261
 369.000       5.6408
 370.000       5.0507
 371.000       4.0214
 372.000       4.2526
 373.000       4.8107
 374.000       3.7890
 375.000       3.4315
 376.000       2.7096
 377.000       2.4582
 378.000       2.2859
 379.000       1.5113
 380.000       2.1008
 381.000       2.2695
 382.000       1.7811
 383.000       1.5217
 384.000       1.3483
 385.000       1.5794
 386.000       1.5357
 387.000       1.7854
 388.000       1.5929
 389.000       1.8611
 390.000       2.2258
 391.000       1.1631
 392.000       1.1309
 393.000       1.0714
 394.000       1.2010
 395.000       1.1004
 396.000       1.0145
 397.000       1.2683
 398.000       1.2983
 399.000       1.4156
 400.000       1.2531
 401.000       1.5285
 402.000       1.2893
 403.000       1.4689
 404.000       1.5957
 405.000       1.8933
 406.000       1.4521
 407.000       1.5598
 408.000       1.4552
 409.000       1.3763
 410.000       1.2241
 411.000       1.2934
 412.000       1.2561
 413.000       1.0800
 414.000       1.0605
 415.000       1.1669
 416.000       0.9615
 417.000       0.9820
 418.000       1.0710
 419.000       1.1104
 420.000       1.0245
 421.000       1.0670
 422.000       0.8060
 423.000       1.1865
 424.000       0.7431
 425.000       0.8530
 426.000       0.7978
 427.000       0.7960
 428.000       1.0253
 429.000       0.8638
 430.000       0.7237
 431.000       0.9625
 432.000       0.9931
 433.000       1.1322
 434.000       0.6911
 435.000       0.9169
 436.000       0.9718
 437.000       0.9492
 438.000       0.8898
 439.000       1.1385
 440.000       1.5255
 441.000       1.2445
 442.000       1.3104
 443.000       2.2197
 444.000       1.8613
 445.000       1.8504
 446.000       1.9695
 447.000       2.3122
 448.000       3.8082
 449.000       2.1701
 450.000       1.5958
 451.000       1.8939
 452.000       1.4650
 453.000       1.3921
 454.000       1.4696
 455.000       0.9863
 456.000       0.9041
 457.000       1.5307
 458.000       1.1185
 459.000       0.7681
 460.000       1.1473
 461.000       0.8931
 462.000       0.8559
 463.000       0.9460
 464.000       1.3546
 465.000       1.2035
 466.000       0.9558
 467.000       1.7662
 468.000       1.4088
 469.000       1.1371
 470.000       1.1921
 471.000       1.2384
 472.000       1.1275
 473.000       1.1778
 474.000       0.9431
 475.000       1.1446
 476.000       1.1128
 477.000       1.2156
 478.000       1.1664
 479.000       1.0501
 480.000       1.3527
 481.000       1.2074
 482.000       1.1185
 483.000       1.1445
 484.000       1.3519
 485.000       1.0636
 486.000       1.0184
 487.000       0.9730
 488.000       1.0759
 489.000       0.8262
 490.000       1.0143
 491.000       1.1068
 492.000       0.9039
 493.000       0.7267
 494.000       0.6709
 495.000       1.0476
 496.000       0.7361
 497.000       0.6831
 498.000       0.7829
 499.000       1.2255
 500.000       0.8167
 501.000       1.0030
 502.000       1.0398
 503.000       1.3707
 504.000       1.1285
 505.000       1.3119
 506.000       0.9991
 507.000       1.3141
 508.000       1.6962
 509.000       2.0006
 510.000       1.0835
 511.000       1.2395
 512.000       1.8949
 513.000       1.3104
 514.000       1.3169
 515.000       1.4263
 516.000       2.2092
 517.000       1.8422
 518.000       1.9495
 519.000       1.7320
 520.000       2.2779
 521.000       2.3036
 522.000       1.5593
 523.000       1.4674
 524.000       1.5350
 525.000       1.1133
 526.000       0.9370
 527.000       1.2678
 528.000       1.2021
 529.000       0.9476
 530.000       0.7863
 531.000       1.2985
 532.000       1.1136
 533.000       1.0174
 534.000       0.8838
 535.000       0.8589
 536.000       1.1776
 537.000       1.1452
 538.000       1.0217
 539.000       1.3341
 540.000       1.1765
 541.000       1.0580
 542.000       1.2558
 543.000       1.3823
 544.000       1.3147
 545.000       1.0561
 546.000       1.6030
 547.000       1.2664
 548.000       1.2465
 549.000       2.1552
 550.000       2.7996
 551.000       2.7599
 552.000       2.5287
 553.000       2.5538
 554.000       2.0293
 555.000       1.6922
 556.000       1.5328
 557.000       1.6436
 558.000       1.9568
 559.000       1.6003
 560.000       2.2070
 561.000       2.5409
 562.000       3.1859
 563.000       5.9164
 564.000       4.2957
 565.000       6.0423
 566.000       7.6299
 567.000       7.1620
 568.000       5.5750
 569.000       3.4463
 570.000       3.0496
 571.000       2.2581
 572.000       1.9223
 573.000       1.7648
 574.000       1.6459
 575.000       1.6288
 576.000       2.0920
 577.000       1.5490
 578.000       1.2940
 579.000       2.3399
 580.000       1.5264
 581.000       1.2972
 582.000       1.4344
 583.000       1.3133
 584.000       1.2724
 585.000       1.2051
 586.000       1.0391
 587.000       0.9179
 588.000       1.0642
 589.000       0.8850
 590.000       0.9441
 591.000       1.2932
 592.000       0.9182
 593.000       0.9306
 594.000       1.0077
 595.000       1.0926
 596.000       1.1735
 597.000       1.2230
 598.000       1.4885
 599.000       1.5913
 600.000       1.7002
 601.000       1.8169
 602.000       1.9031
 603.000       2.1617
 604.000       2.2889
 605.000       3.1913
 606.000       6.0245
 607.000       8.8703
 608.000      12.2089
 609.000      12.1148
 610.000      14.9270
 611.000       1.6909
 612.000       2.5956
 613.000       3.6397
 614.000       4.1543
 615.000       6.1033
 616.000       1.4368
 617.000       0.8168
 618.000       0.8512
 619.000      53.9271
 620.000      55.9950
 621.000      53.8305
 622.000      55.8570
 623.000      53.7209
 624.000      56.6037
 625.000      55.3905
 626.000      55.7505
 627.000      55.9110
 628.000      52.8819
 629.000      56.3694
 630.000      55.6032
 631.000      52.6057
 632.000      54.9725
 633.000      55.2625
 634.000      55.2448
 635.000      55.2438
 636.000      55.0234
 637.000      55.8328
 638.000      52.9392
 639.000      53.5671
 640.000      57.9083
 641.000      55.7077
 642.000      55.0832
 643.000      52.7138
 644.000      54.4653
 645.000      55.0576
 646.000      55.3344
 647.000      56.1951
 648.000      57.1443
 649.000      54.9877
 650.000      55.1869
 651.000      54.0566
 652.000      54.5267
 653.000      54.6674
 654.000      55.8698
 655.000      55.4378
 656.000      56.8636
 657.000      55.1157
 658.000      55.8790
 659.000      55.0995
 660.000      56.5721
 661.000      56.2251
 662.000      56.5503
 663.000      55.2022
 664.000      54.4204
 665.000      56.0675
 666.000      55.0677
 667.000      53.2793
 668.000      55.7434
 669.000      55.9614
 670.000      56.2482
 671.000      51.3048
 672.000      53.8499
 673.000      54.4233
 674.000      55.7634
 675.000      55.8648
 676.000      55.8874
 677.000      54.6878
 678.000      55.3327
 679.000      55.6686
 680.000      56.0659
 681.000      54.8090
 682.000      55.9385
 683.000      56.8134
 684.000      57.6317
 685.000      57.1059
 686.000      56.4366
 687.000      54.6855
 688.000      53.1090
 689.000      56.0188
 690.000      54.7444
 691.000      54.8189
 692.000      56.9565
 693.000      57.2395
 694.000      56.1996
 695.000      50.8691
 696.000      53.5626
 697.000      55.8187
 698.000      55.4541
 699.000      54.9023
 700.000      56.3507
 701.000      56.3519
 702.000      56.7811
 703.000      55.3232
 704.000      57.1578
 705.000      57.5018
 706.000      54.3508
 707.000      56.6658
 708.000      54.4023
 709.000      49.8676
 710.000      55.5160
 711.000      55.2509
 712.000      56.7829
 713.000      54.4691
 714.000      53.7488
 715.000      52.5046
 716.000      55.4940
 717.000      54.3415
 718.000      54.3417
 719.000      56.8413
 720.000      57.2929
 721.000      47.7100
 722.000      56.1421
 723.000      57.0079
 724.000      54.2716
 725.000      53.8683
 726.000      56.7327
 727.000      57.3189
 728.000      61.9212
 729.000      61.0784
 730.000      60.5474
 731.000      60.8682
 732.000      60.5507
 733.000      61.3715
 734.000      60.7498
 735.000      60.9143
 736.000      60.0824
 737.000      61.6001
 738.000      60.5703
 739.000      61.1990
 740.000      60.5008
 741.000      61.2531
 742.000      61.2894
 743.000      61.1575
 744.000      61.0525
 745.000      61.5732
 746.000      61.1899
 747.000      60.7000
 748.000      60.2980
 749.000      61.3534
 750.000      60.7703
 751.000      60.8583
 752.000      59.6732
 753.000      60.9751
 754.000      61.8072
 755.000      60.2047
 756.000      61.1196
 757.000      61.5484
 758.000      60.6812
 759.000      60.3701
 760.000      60.3151
 761.000      61.2094
 762.000      60.5074
 763.000      61.0665
 764.000      60.7315
 765.000      60.6178
 766.000      60.3756
 767.000      60.7886
 768.000      60.6149
 769.000      61.1438
 770.000      60.6988
 771.000      61.3493
 772.000      61.6500
 773.000      60.9311
 774.000      60.6462
 775.000      61.0380
 776.000      61.3977
 777.000      60.9473
 778.000      60.7078
 779.000      61.0645
 780.000      61.7107
 781.000      61.4121
 782.000      60.2179
 783.000      60.9326
 784.000      60.6736
 785.000      60.0982
 786.000      60.9063
 787.000      61.3271
 788.000      61.4388
 789.000      60.7537
 790.000      61.1447
 791.000      61.4369
