#Res        AtomicFlx
   1.000       1.9825
   2.000       1.7139
   3.000       1.8267
   4.000       1.2251
   5.000       1.6853
   6.000       1.4787
   7.000       1.4732
   8.000       1.7170
   9.000       1.6160
  10.000       1.9263
  11.000       1.3397
  12.000       1.2966
  13.000       1.7398
  14.000       2.3552
  15.000       2.1845
  16.000       2.3024
  17.000       2.1459
  18.000       3.7024
  19.000       2.2104
  20.000       2.8876
  21.000       3.3521
  22.000       3.4722
  23.000       3.5522
  24.000       4.7217
  25.000       4.1224
  26.000       3.9051
  27.000       3.4450
  28.000       2.8855
  29.000       1.8565
  30.000       2.4491
  31.000       1.6490
  32.000       2.8716
  33.000       1.8096
  34.000       1.5400
  35.000       1.4369
  36.000       1.9110
  37.000       1.2843
  38.000       1.3664
  39.000       1.4033
  40.000       1.0700
  41.000       1.1002
  42.000       1.2092
  43.000       0.7308
  44.000       0.9854
  45.000       0.7049
  46.000       0.9500
  47.000       0.6467
  48.000       0.8151
  49.000       0.8278
  50.000       0.9186
  51.000       1.1008
  52.000       1.4018
  53.000       1.7788
  54.000       1.0902
  55.000       0.9555
  56.000       1.4316
  57.000       1.1388
  58.000       1.3211
  59.000       1.5627
  60.000       1.3263
  61.000       1.3241
  62.000       1.4148
  63.000       1.5718
  64.000       1.6016
  65.000       1.3474
  66.000       1.1141
  67.000       1.3192
  68.000       1.3214
  69.000       0.9792
  70.000       1.1719
  71.000       1.3475
  72.000       1.1070
  73.000       0.9492
  74.000       1.0442
  75.000       0.9860
  76.000       0.9809
  77.000       1.0171
  78.000       0.6805
  79.000       0.8979
  80.000       0.6989
  81.000       0.7768
  82.000       0.7810
  83.000       0.9329
  84.000       0.8496
  85.000       0.6850
  86.000       0.9026
  87.000       0.7015
  88.000       0.8853
  89.000       0.6849
  90.000       0.8411
  91.000       0.8117
  92.000       0.9494
  93.000       1.3597
  94.000       1.7385
  95.000       0.7990
  96.000       0.8558
  97.000       0.9929
  98.000       0.7952
  99.000       0.8009
 100.000       0.7316
 101.000       1.0602
 102.000       0.9995
 103.000       1.0252
 104.000       1.0512
 105.000       1.1792
 106.000       1.1241
 107.000       1.1194
 108.000       1.2600
 109.000       0.7610
 110.000       0.8054
 111.000       0.6968
 112.000       1.0161
 113.000       0.6860
 114.000       0.7874
 115.000       1.0819
 116.000       1.0212
 117.000       0.6853
 118.000       0.7272
 119.000       1.1324
 120.000       1.1939
 121.000       0.7860
 122.000       0.6557
 123.000       0.9516
 124.000       1.1886
 125.000       0.7415
 126.000       0.8873
 127.000       0.9392
 128.000       0.8551
 129.000       0.8600
 130.000       0.9714
 131.000       0.8634
 132.000       0.8363
 133.000       1.0692
 134.000       0.9028
 135.000       0.9627
 136.000       1.1275
 137.000       1.4780
 138.000       0.9202
 139.000       1.1057
 140.000       1.4820
 141.000       1.6715
 142.000       1.8047
 143.000       1.5017
 144.000       1.1679
 145.000       1.0990
 146.000       0.9507
 147.000       1.4632
 148.000       1.7443
 149.000       1.4389
 150.000       1.6074
 151.000       2.3239
 152.000       2.7181
 153.000       3.6250
 154.000       3.9652
 155.000       3.6115
 156.000       3.6162
 157.000       2.5856
 158.000       2.1884
 159.000       1.8322
 160.000       2.1051
 161.000       1.7454
 162.000       1.3158
 163.000       1.7541
 164.000       2.6970
 165.000       1.5766
 166.000       1.2832
 167.000       1.1240
 168.000       1.1203
 169.000       1.1766
 170.000       1.0739
 171.000       0.8802
 172.000       0.8607
 173.000       1.0468
 174.000       1.2922
 175.000       1.1310
 176.000       0.9056
 177.000       0.9990
 178.000       1.0384
 179.000       1.1926
 180.000       1.1498
 181.000       1.5507
 182.000       1.7594
 183.000       2.1264
 184.000       2.3666
 185.000       2.0275
 186.000       1.8725
 187.000       1.7428
 188.000       2.3767
 189.000       1.6991
 190.000       1.2781
 191.000       2.1636
 192.000       2.0379
 193.000       1.3762
 194.000       1.1777
 195.000       1.3579
 196.000       0.8921
 197.000       0.8672
 198.000       0.8731
 199.000       1.1111
 200.000       0.8362
 201.000       0.7569
 202.000       0.9044
 203.000       1.1134
 204.000       0.9358
 205.000       1.1152
 206.000       1.6006
 207.000       1.0736
 208.000       1.3208
 209.000       1.6724
 210.000       2.3709
 211.000       1.7550
 212.000       1.9371
 213.000       2.0952
 214.000       1.5519
 215.000       1.5037
 216.000       1.4941
 217.000       2.0340
 218.000       1.1651
 219.000       1.4236
 220.000       2.2844
 221.000       1.3582
 222.000       0.8812
 223.000       1.3878
 224.000       1.3688
 225.000       1.3278
 226.000       0.9584
 227.000       1.5065
 228.000       1.0407
 229.000       0.9473
 230.000       1.0349
 231.000       0.9572
 232.000       1.2469
 233.000       1.2527
 234.000       1.2305
 235.000       1.3822
 236.000       1.2564
 237.000       1.1741
 238.000       1.5191
 239.000       1.4424
 240.000       1.4653
 241.000       2.0924
 242.000       1.2517
 243.000       1.2435
 244.000       1.4155
 245.000       1.7106
 246.000       1.2134
 247.000       1.3496
 248.000       1.5233
 249.000       1.3475
 250.000       1.2901
 251.000       1.8283
 252.000       1.7112
 253.000       1.6985
 254.000       1.7370
 255.000       1.6458
 256.000       1.6607
 257.000       1.4916
 258.000       1.4920
 259.000       1.4575
 260.000       1.4765
 261.000       1.1488
 262.000       1.3065
 263.000       1.0607
 264.000       0.9900
 265.000       1.0381
 266.000       1.0143
 267.000       0.8545
 268.000       0.7956
 269.000       0.9002
 270.000       0.9797
 271.000       1.0279
 272.000       1.2813
 273.000       1.3378
 274.000       1.1189
 275.000       1.3699
 276.000       1.0830
 277.000       1.0805
 278.000       1.1370
 279.000       1.5658
 280.000       1.2743
 281.000       1.3404
 282.000       1.1886
 283.000       0.9311
 284.000       1.3158
 285.000       1.6208
 286.000       1.1315
 287.000       1.0587
 288.000       1.4419
 289.000       1.4303
 290.000       1.2637
 291.000       1.4085
 292.000       1.4218
 293.000       0.9497
 294.000       1.1170
 295.000       0.9863
 296.000       1.1018
 297.000       1.6180
 298.000       0.8708
 299.000       0.9322
 300.000       1.0005
 301.000       1.2031
 302.000       0.9848
 303.000       0.9003
 304.000       1.1559
 305.000       1.1984
 306.000       1.1293
 307.000       0.8936
 308.000       1.8609
 309.000       0.8940
 310.000       0.9087
 311.000       1.1048
 312.000       1.2567
 313.000       1.0635
 314.000       0.9537
 315.000       1.1997
 316.000       0.9881
 317.000       1.0414
 318.000       1.2427
 319.000       1.1007
 320.000       1.3027
 321.000       1.4341
 322.000       1.0214
 323.000       1.4219
 324.000       2.2404
 325.000       1.0659
 326.000       1.1710
 327.000       1.6206
 328.000       1.5705
 329.000       1.4810
 330.000       1.5715
 331.000       1.6638
 332.000       1.2226
 333.000       1.7959
 334.000       1.6312
 335.000       1.6814
 336.000       1.5074
 337.000       2.0110
 338.000       2.4276
 339.000       2.1813
 340.000       2.5368
 341.000       2.8807
 342.000       3.2317
 343.000       3.3921
 344.000       4.8679
 345.000       4.9521
 346.000       4.7676
 347.000       5.2807
 348.000       6.8691
 349.000       5.1565
 350.000       5.6496
 351.000       4.0193
 352.000       3.9245
 353.000       3.9383
 354.000       4.5830
 355.000       3.8043
 356.000       2.5637
 357.000       3.2161
 358.000       3.8899
 359.000       3.5020
 360.000       2.8472
 361.000       3.8608
 362.000       4.5421
 363.000       3.5226
 364.000       3.7831
 365.000       4.3584
 366.000       4.3936
 367.000       4.2594
 368.000       4.1465
 369.000       4.1136
 370.000       3.6454
 371.000       3.1693
 372.000       3.4569
 373.000       3.7566
 374.000       2.7662
 375.000       2.5817
 376.000       2.1478
 377.000       1.9846
 378.000       2.2003
 379.000       1.4444
 380.000       1.9074
 381.000       2.0512
 382.000       1.6278
 383.000       1.3122
 384.000       1.1904
 385.000       1.4609
 386.000       1.5096
 387.000       2.4297
 388.000       1.8130
 389.000       2.6207
 390.000       2.3594
 391.000       1.3805
 392.000       1.3597
 393.000       1.1697
 394.000       1.1756
 395.000       0.9616
 396.000       0.8933
 397.000       1.0425
 398.000       1.0220
 399.000       1.6231
 400.000       0.9444
 401.000       1.1835
 402.000       0.9359
 403.000       1.1482
 404.000       1.1767
 405.000       1.4318
 406.000       1.2951
 407.000       1.2725
 408.000       1.2914
 409.000       1.0823
 410.000       1.0215
 411.000       1.2456
 412.000       1.0783
 413.000       0.9371
 414.000       0.8882
 415.000       1.0818
 416.000       0.8687
 417.000       0.7947
 418.000       0.9609
 419.000       0.9433
 420.000       0.8296
 421.000       1.0077
 422.000       0.6678
 423.000       0.9275
 424.000       0.5988
 425.000       0.7854
 426.000       0.6183
 427.000       0.5967
 428.000       0.7537
 429.000       0.9025
 430.000       0.7912
 431.000       0.8321
 432.000       1.0031
 433.000       1.2682
 434.000       0.8531
 435.000       0.9569
 436.000       1.0423
 437.000       1.0355
 438.000       0.9151
 439.000       1.2945
 440.000       1.5988
 441.000       1.3265
 442.000       1.3975
 443.000       2.5615
 444.000       1.9284
 445.000       1.9103
 446.000       1.8741
 447.000       2.1702
 448.000       3.3784
 449.000       2.1142
 450.000       1.7876
 451.000       2.0282
 452.000       1.8026
 453.000       1.6514
 454.000       1.5032
 455.000       1.0902
 456.000       1.0628
 457.000       1.5516
 458.000       1.1948
 459.000       0.8543
 460.000       1.2716
 461.000       0.9971
 462.000       0.9184
 463.000       0.9495
 464.000       1.4240
 465.000       1.1801
 466.000       0.8398
 467.000       1.4690
 468.000       1.3129
 469.000       1.0613
 470.000       1.0959
 471.000       1.0585
 472.000       1.2639
 473.000       1.0080
 474.000       0.8993
 475.000       1.0438
 476.000       1.0959
 477.000       1.2617
 478.000       1.0033
 479.000       1.1424
 480.000       1.5607
 481.000       1.1145
 482.000       1.1708
 483.000       1.3656
 484.000       1.5779
 485.000       1.4278
 486.000       1.6068
 487.000       1.5412
 488.000       1.4498
 489.000       0.8026
 490.000       1.0194
 491.000       1.0835
 492.000       0.9337
 493.000       0.7701
 494.000       0.6852
 495.000       1.1076
 496.000       0.8040
 497.000       0.7429
 498.000       0.7810
 499.000       1.1838
 500.000       0.7347
 501.000       0.9532
 502.000       1.0373
 503.000       1.4023
 504.000       1.0179
 505.000       1.0271
 506.000       0.8765
 507.000       1.2923
 508.000       1.4404
 509.000       1.4429
 510.000       0.8481
 511.000       0.9565
 512.000       1.6081
 513.000       1.0077
 514.000       1.0870
 515.000       1.2284
 516.000       1.6348
 517.000       1.2634
 518.000       1.5623
 519.000       1.3274
 520.000       2.1105
 521.000       1.8783
 522.000       1.1474
 523.000       1.5165
 524.000       1.4414
 525.000       1.2696
 526.000       0.8840
 527.000       1.0780
 528.000       1.0976
 529.000       0.8235
 530.000       0.7943
 531.000       1.4709
 532.000       1.2126
 533.000       0.9451
 534.000       0.7864
 535.000       0.8273
 536.000       1.1587
 537.000       1.1167
 538.000       0.8289
 539.000       1.3408
 540.000       1.1732
 541.000       0.9818
 542.000       1.4893
 543.000       1.4172
 544.000       1.2075
 545.000       1.1365
 546.000       1.7667
 547.000       1.3531
 548.000       1.2108
 549.000       1.3517
 550.000       1.4408
 551.000       1.4925
 552.000       1.8707
 553.000       2.0611
 554.000       1.9598
 555.000       1.7539
 556.000       1.6109
 557.000       1.7842
 558.000       2.0576
 559.000       1.8161
 560.000       2.1373
 561.000       2.2223
 562.000       3.0104
 563.000       5.4832
 564.000       5.1032
 565.000       6.8394
 566.000       8.4907
 567.000       7.7634
 568.000       5.8971
 569.000       3.5118
 570.000       2.9459
 571.000       2.1802
 572.000       1.8891
 573.000       1.6802
 574.000       1.5006
 575.000       1.4210
 576.000       1.8356
 577.000       1.5474
 578.000       1.4039
 579.000       1.7421
 580.000       1.7257
 581.000       1.3167
 582.000       1.1898
 583.000       1.5881
 584.000       1.8065
 585.000       1.4243
 586.000       1.0821
 587.000       0.9981
 588.000       1.0978
 589.000       0.8931
 590.000       0.9921
 591.000       1.3313
 592.000       0.9565
 593.000       0.9723
 594.000       1.1033
 595.000       1.1743
 596.000       1.1922
 597.000       1.3034
 598.000       1.6653
 599.000       1.6325
 600.000       1.7607
 601.000       1.9285
 602.000       2.2190
 603.000       2.4035
 604.000       2.8507
 605.000       5.3368
 606.000       5.4241
 607.000       8.1007
 608.000      11.2653
 609.000      13.3535
 610.000      13.5276
 611.000       1.8410
 612.000       2.7802
 613.000       3.8554
 614.000       5.4451
 615.000       5.4464
 616.000       0.9772
 617.000       1.0060
 618.000       0.5807
 619.000      53.4639
 620.000      55.9967
 621.000      54.7425
 622.000      55.9071
 623.000      55.0302
 624.000      56.7488
 625.000      52.4561
 626.000      56.0548
 627.000      53.9752
 628.000      56.3827
 629.000      56.8209
 630.000      56.3971
 631.000      56.6246
 632.000      55.0872
 633.000      56.8574
 634.000      55.5452
 635.000      51.6056
 636.000      57.4326
 637.000      56.2881
 638.000      55.8701
 639.000      55.8150
 640.000      53.8924
 641.000      55.7372
 642.000      56.0844
 643.000      57.3767
 644.000      55.6952
 645.000      55.1790
 646.000      54.6039
 647.000      57.4913
 648.000      55.9883
 649.000      55.1546
 650.000      57.0426
 651.000      55.6830
 652.000      58.3143
 653.000      56.5174
 654.000      56.3017
 655.000      55.0351
 656.000      55.1535
 657.000      57.1292
 658.000      56.8985
 659.000      49.4675
 660.000      54.6422
 661.000      55.8465
 662.000      58.0789
 663.000      55.5759
 664.000      55.8006
 665.000      53.5702
 666.000      53.4527
 667.000      53.3554
 668.000      56.0376
 669.000      55.8980
 670.000      54.9446
 671.000      56.6018
 672.000      54.7788
 673.000      56.2928
 674.000      56.2692
 675.000      56.3021
 676.000      55.7902
 677.000      54.3241
 678.000      53.4575
 679.000      57.5186
 680.000      56.1001
 681.000      56.9046
 682.000      54.0392
 683.000      53.5289
 684.000      54.2918
 685.000      54.8105
 686.000      55.0998
 687.000      54.1735
 688.000      56.3357
 689.000      55.1211
 690.000      55.8438
 691.000      57.2484
 692.000      55.5595
 693.000      56.2331
 694.000      57.6696
 695.000      55.8192
 696.000      54.0933
 697.000      54.9544
 698.000      53.0636
 699.000      52.0532
 700.000      51.9753
 701.000      55.4503
 702.000      57.3794
 703.000      54.7714
 704.000      54.4428
 705.000      55.6786
 706.000      56.1347
 707.000      54.9490
 708.000      55.8877
 709.000      55.3870
 710.000      55.6374
 711.000      56.2629
 712.000      55.9310
 713.000      54.1914
 714.000      52.8130
 715.000      55.3815
 716.000      55.3759
 717.000      55.4837
 718.000      54.7319
 719.000      54.6812
 720.000      52.4965
 721.000      55.1380
 722.000      56.9196
 723.000      56.3469
 724.000      53.9765
 725.000      53.9593
 726.000      54.9174
 727.000      54.9862
 728.000      61.6557
 729.000      59.9280
 730.000      59.6708
 731.000      60.9876
 732.000      60.7097
 733.000      60.1186
 734.000      60.6819
 735.000      61.4289
 736.000      61.0176
 737.000      60.9842
 738.000      60.6725
 739.000      60.5659
 740.000      60.4966
 741.000      60.2457
 742.000      60.2245
 743.000      61.0233
 744.000      61.0307
 745.000      61.2828
 746.000      59.8658
 747.000      60.2872
 748.000      61.0939
 749.000      60.8876
 750.000      61.0985
 751.000      61.0098
 752.000      60.9918
 753.000      60.5359
 754.000      61.0977
 755.000      60.4777
 756.000      59.6799
 757.000      60.6492
 758.000      61.4537
 759.000      60.9309
 760.000      60.7090
 761.000      60.9095
 762.000      60.9923
 763.000      61.3632
 764.000      60.9944
 765.000      61.0179
 766.000      60.9606
 767.000      60.0873
 768.000      60.8177
 769.000      60.9186
 770.000      60.7844
 771.000      61.4913
 772.000      61.4314
 773.000      60.4178
 774.000      60.2696
 775.000      60.6201
 776.000      60.4199
 777.000      60.7297
 778.000      60.7426
 779.000      60.1510
 780.000      60.9594
 781.000      60.2453
 782.000      61.1248
 783.000      60.3424
 784.000      61.4406
 785.000      60.4303
 786.000      60.6548
 787.000      60.8613
 788.000      61.2362
 789.000      62.1603
 790.000      60.2166
 791.000      60.6671
