#Res        AtomicFlx
   1.000       5.8975
   2.000       4.7713
   3.000       4.4440
   4.000       4.7227
   5.000       3.9633
   6.000       2.6512
   7.000       2.2209
   8.000       2.7704
   9.000       2.3588
  10.000       2.7491
  11.000       2.0264
  12.000       1.8503
  13.000       1.7335
  14.000       1.8121
  15.000       2.1845
  16.000       2.3658
  17.000       1.8551
  18.000       2.3251
  19.000       2.3471
  20.000       2.2295
  21.000       2.2709
  22.000       2.9314
  23.000       3.3930
  24.000       2.9774
  25.000       3.5880
  26.000       2.7055
  27.000       2.2082
  28.000       1.4438
  29.000       0.9689
  30.000       1.8143
  31.000       0.7390
  32.000       1.2329
  33.000       0.8920
  34.000       1.0242
  35.000       0.8399
  36.000       1.0050
  37.000       0.5660
  38.000       1.3355
  39.000       0.8700
  40.000       0.7350
  41.000       0.5678
  42.000       1.0627
  43.000       0.5816
  44.000       0.5580
  45.000       0.6772
  46.000       0.9113
  47.000       0.9867
  48.000       1.3412
  49.000       1.2266
  50.000       2.0895
  51.000       1.9635
  52.000       2.2916
  53.000       1.8703
  54.000       1.1643
  55.000       1.1846
  56.000       1.4420
  57.000       1.2180
  58.000       1.4251
  59.000       2.0409
  60.000       1.3526
  61.000       1.4206
  62.000       1.4738
  63.000       1.8573
  64.000       1.6530
  65.000       1.3491
  66.000       1.2448
  67.000       1.7023
  68.000       1.4188
  69.000       1.1150
  70.000       1.0548
  71.000       1.5215
  72.000       1.3150
  73.000       1.0819
  74.000       1.1191
  75.000       1.2756
  76.000       1.1798
  77.000       1.2324
  78.000       0.7617
  79.000       0.8441
  80.000       0.6927
  81.000       1.0326
  82.000       0.6852
  83.000       0.8339
  84.000       0.7900
  85.000       0.6700
  86.000       0.8567
  87.000       0.6211
  88.000       0.6958
  89.000       0.5279
  90.000       0.6087
  91.000       0.8884
  92.000       0.8073
  93.000       0.8509
  94.000       0.9808
  95.000       0.6223
  96.000       0.7532
  97.000       0.8639
  98.000       0.6411
  99.000       0.7185
 100.000       0.6583
 101.000       0.8926
 102.000       0.8195
 103.000       0.9837
 104.000       1.2405
 105.000       1.0110
 106.000       0.9608
 107.000       0.9658
 108.000       1.1428
 109.000       0.6903
 110.000       0.6947
 111.000       0.5887
 112.000       0.9537
 113.000       0.6672
 114.000       0.7368
 115.000       0.9190
 116.000       1.1237
 117.000       0.9277
 118.000       0.7010
 119.000       1.0664
 120.000       1.1129
 121.000       0.8432
 122.000       0.6670
 123.000       1.0878
 124.000       1.2809
 125.000       1.3163
 126.000       0.9271
 127.000       0.8180
 128.000       0.8553
 129.000       0.8248
 130.000       0.8650
 131.000       0.8416
 132.000       0.8320
 133.000       1.0093
 134.000       0.8329
 135.000       1.0507
 136.000       1.0650
 137.000       1.1974
 138.000       0.9159
 139.000       1.0370
 140.000       1.1290
 141.000       1.8011
 142.000       1.6421
 143.000       1.3146
 144.000       1.1165
 145.000       1.0660
 146.000       0.9647
 147.000       1.3090
 148.000       1.7847
 149.000       1.4245
 150.000       1.5834
 151.000       2.1247
 152.000       2.4753
 153.000       3.4989
 154.000       3.6711
 155.000       3.8532
 156.000       3.2000
 157.000       2.2386
 158.000       2.0354
 159.000       1.9068
 160.000       2.0886
 161.000       1.6773
 162.000       1.4094
 163.000       1.7817
 164.000       2.3680
 165.000       1.5428
 166.000       1.4550
 167.000       1.2937
 168.000       1.3400
 169.000       1.3853
 170.000       1.2952
 171.000       1.0314
 172.000       0.9526
 173.000       1.1889
 174.000       1.2849
 175.000       1.3641
 176.000       1.0315
 177.000       1.0234
 178.000       1.3602
 179.000       1.2394
 180.000       1.2274
 181.000       1.6047
 182.000       1.3151
 183.000       1.4639
 184.000       1.5097
 185.000       1.7683
 186.000       1.5694
 187.000       1.5731
 188.000       1.6429
 189.000       1.4706
 190.000       1.2104
 191.000       1.3216
 192.000       1.0645
 193.000       1.0765
 194.000       1.1340
 195.000       1.1970
 196.000       0.7736
 197.000       0.8149
 198.000       0.8380
 199.000       1.0344
 200.000       0.7805
 201.000       0.7338
 202.000       0.8119
 203.000       1.0307
 204.000       0.9323
 205.000       0.9014
 206.000       1.6284
 207.000       0.9184
 208.000       0.9734
 209.000       1.3269
 210.000       1.8176
 211.000       1.0378
 212.000       1.4563
 213.000       1.5042
 214.000       1.0830
 215.000       1.0599
 216.000       0.9779
 217.000       1.6334
 218.000       0.8635
 219.000       0.9934
 220.000       1.6231
 221.000       1.2931
 222.000       0.8799
 223.000       1.1982
 224.000       1.3184
 225.000       1.2701
 226.000       0.8274
 227.000       1.3689
 228.000       1.0176
 229.000       0.8950
 230.000       0.9208
 231.000       0.9796
 232.000       1.1972
 233.000       1.1511
 234.000       1.0973
 235.000       1.2544
 236.000       1.0044
 237.000       0.9502
 238.000       1.2846
 239.000       1.1715
 240.000       1.2035
 241.000       1.8260
 242.000       1.1059
 243.000       1.0329
 244.000       1.1843
 245.000       1.5419
 246.000       1.0300
 247.000       1.1521
 248.000       1.3582
 249.000       1.3726
 250.000       1.2356
 251.000       1.6311
 252.000       1.6310
 253.000       1.9107
 254.000       2.0766
 255.000       1.9225
 256.000       1.8633
 257.000       1.6087
 258.000       1.5708
 259.000       1.6579
 260.000       1.6081
 261.000       1.3965
 262.000       1.4114
 263.000       1.0943
 264.000       1.1698
 265.000       1.2145
 266.000       1.0652
 267.000       0.9255
 268.000       0.8239
 269.000       0.8543
 270.000       1.0982
 271.000       0.9676
 272.000       0.7840
 273.000       1.1964
 274.000       1.1007
 275.000       1.0553
 276.000       0.7335
 277.000       0.7551
 278.000       0.6641
 279.000       0.9039
 280.000       0.5625
 281.000       0.5147
 282.000       0.6040
 283.000       0.6148
 284.000       0.6600
 285.000       0.5905
 286.000       0.5103
 287.000       0.6045
 288.000       0.6928
 289.000       0.6776
 290.000       0.9641
 291.000       1.0527
 292.000       1.3514
 293.000       0.7159
 294.000       0.8665
 295.000       0.6695
 296.000       0.9290
 297.000       1.5627
 298.000       0.6446
 299.000       0.7773
 300.000       0.9356
 301.000       1.1627
 302.000       0.7709
 303.000       0.7546
 304.000       1.1750
 305.000       1.1167
 306.000       0.8276
 307.000       0.9350
 308.000       1.7802
 309.000       0.9715
 310.000       1.0098
 311.000       1.1180
 312.000       1.2264
 313.000       1.0639
 314.000       0.9698
 315.000       1.2024
 316.000       1.0112
 317.000       1.0160
 318.000       1.4765
 319.000       1.0662
 320.000       1.0278
 321.000       1.2881
 322.000       1.0104
 323.000       1.3169
 324.000       2.1107
 325.000       1.1594
 326.000       1.2366
 327.000       1.6950
 328.000       1.8740
 329.000       2.0839
 330.000       1.6356
 331.000       1.7360
 332.000       1.4116
 333.000       2.0607
 334.000       1.9020
 335.000       2.0279
 336.000       1.8354
 337.000       2.3446
 338.000       2.8666
 339.000       2.6654
 340.000       2.9404
 341.000       3.3613
 342.000       3.8498
 343.000       3.8252
 344.000       4.2527
 345.000       5.4939
 346.000       4.9146
 347.000       6.1389
 348.000       8.1831
 349.000       6.1517
 350.000       5.9872
 351.000       4.0202
 352.000       4.2171
 353.000       4.1265
 354.000       4.9265
 355.000       4.0814
 356.000       2.7731
 357.000       3.4323
 358.000       4.1093
 359.000       3.7204
 360.000       3.0507
 361.000       4.0806
 362.000       4.8235
 363.000       3.7349
 364.000       4.0515
 365.000       4.5715
 366.000       4.5878
 367.000       4.5663
 368.000       4.5867
 369.000       4.6092
 370.000       4.0384
 371.000       3.6059
 372.000       4.0072
 373.000       4.4465
 374.000       3.2841
 375.000       3.1001
 376.000       2.5162
 377.000       2.3059
 378.000       2.3450
 379.000       1.5932
 380.000       2.1259
 381.000       2.2990
 382.000       1.7573
 383.000       1.5266
 384.000       1.4986
 385.000       1.6109
 386.000       1.6682
 387.000       2.0001
 388.000       1.8206
 389.000       1.6522
 390.000       2.3831
 391.000       2.0643
 392.000       1.4357
 393.000       0.9965
 394.000       1.2362
 395.000       0.9234
 396.000       1.1140
 397.000       1.0474
 398.000       1.0422
 399.000       0.9282
 400.000       0.8627
 401.000       1.1533
 402.000       0.9598
 403.000       0.9738
 404.000       1.0164
 405.000       1.3774
 406.000       1.1400
 407.000       1.1947
 408.000       1.2611
 409.000       0.9968
 410.000       0.9928
 411.000       1.1725
 412.000       0.9966
 413.000       0.9584
 414.000       0.9142
 415.000       0.9602
 416.000       0.7865
 417.000       0.8364
 418.000       1.0339
 419.000       0.9321
 420.000       0.9020
 421.000       1.0497
 422.000       0.6685
 423.000       0.9122
 424.000       0.6285
 425.000       0.7382
 426.000       0.5755
 427.000       0.6016
 428.000       0.7247
 429.000       0.6544
 430.000       0.5452
 431.000       0.9225
 432.000       0.9937
 433.000       0.9362
 434.000       0.5528
 435.000       0.8085
 436.000       0.9295
 437.000       0.7954
 438.000       0.7481
 439.000       1.0244
 440.000       1.3848
 441.000       1.0618
 442.000       1.1219
 443.000       2.2268
 444.000       1.5957
 445.000       1.8120
 446.000       2.0095
 447.000       2.3910
 448.000       3.9942
 449.000       1.8488
 450.000       1.4798
 451.000       1.9003
 452.000       1.4644
 453.000       1.2598
 454.000       1.2490
 455.000       1.0427
 456.000       0.8968
 457.000       1.3956
 458.000       1.1049
 459.000       0.7858
 460.000       1.1902
 461.000       0.9028
 462.000       0.8537
 463.000       0.8622
 464.000       1.3345
 465.000       1.2097
 466.000       0.7718
 467.000       1.2269
 468.000       1.3061
 469.000       1.2211
 470.000       1.1200
 471.000       1.1362
 472.000       1.1428
 473.000       0.9976
 474.000       0.8610
 475.000       1.0971
 476.000       1.0156
 477.000       1.0463
 478.000       1.1853
 479.000       1.1154
 480.000       1.2881
 481.000       1.2394
 482.000       1.2026
 483.000       1.3604
 484.000       1.3500
 485.000       1.2370
 486.000       1.2400
 487.000       1.0109
 488.000       1.0372
 489.000       0.8104
 490.000       1.0268
 491.000       0.8607
 492.000       0.9282
 493.000       0.7060
 494.000       0.7153
 495.000       1.0318
 496.000       0.6918
 497.000       0.7176
 498.000       1.0715
 499.000       1.1513
 500.000       0.7030
 501.000       0.8571
 502.000       0.9290
 503.000       1.2654
 504.000       0.9651
 505.000       1.2142
 506.000       0.8158
 507.000       1.1147
 508.000       1.4258
 509.000       1.7986
 510.000       0.9933
 511.000       1.1409
 512.000       1.6982
 513.000       0.9571
 514.000       1.0299
 515.000       1.2125
 516.000       1.9132
 517.000       1.2367
 518.000       1.5184
 519.000       1.2455
 520.000       1.9157
 521.000       1.8107
 522.000       1.1922
 523.000       1.5171
 524.000       1.4527
 525.000       1.2661
 526.000       0.9181
 527.000       1.3249
 528.000       1.2554
 529.000       0.9820
 530.000       0.8160
 531.000       1.8238
 532.000       1.3428
 533.000       1.0246
 534.000       0.9552
 535.000       0.9074
 536.000       1.3167
 537.000       1.1174
 538.000       1.1566
 539.000       1.0422
 540.000       1.1745
 541.000       1.0660
 542.000       1.1859
 543.000       1.3706
 544.000       1.6286
 545.000       1.2198
 546.000       1.3544
 547.000       1.2292
 548.000       1.2367
 549.000       1.4299
 550.000       1.5845
 551.000       1.5189
 552.000       2.1034
 553.000       2.1250
 554.000       2.1287
 555.000       1.6145
 556.000       1.5278
 557.000       1.7260
 558.000       1.8727
 559.000       1.4641
 560.000       2.3845
 561.000       3.0220
 562.000       3.9346
 563.000       5.1532
 564.000       5.7686
 565.000       5.9697
 566.000       7.0831
 567.000       6.8757
 568.000       6.0059
 569.000       3.7916
 570.000       3.5981
 571.000       2.3619
 572.000       1.6392
 573.000       1.5607
 574.000       1.4325
 575.000       1.3351
 576.000       1.6402
 577.000       1.3607
 578.000       1.1504
 579.000       1.7393
 580.000       1.2361
 581.000       1.2512
 582.000       1.2870
 583.000       1.1543
 584.000       1.3320
 585.000       1.3648
 586.000       1.0651
 587.000       1.0103
 588.000       1.1134
 589.000       0.8601
 590.000       0.9160
 591.000       1.2324
 592.000       0.9077
 593.000       0.8903
 594.000       0.9432
 595.000       1.0276
 596.000       1.1403
 597.000       1.1105
 598.000       1.4183
 599.000       1.5899
 600.000       1.5278
 601.000       1.7371
 602.000       2.0230
 603.000       2.3223
 604.000       2.8514
 605.000       3.5771
 606.000       5.8211
 607.000       8.2119
 608.000      10.8518
 609.000      12.2329
 610.000      12.9379
 611.000       2.9672
 612.000       5.1994
 613.000       7.0228
 614.000       9.2882
 615.000       9.1214
 616.000       2.4134
 617.000      49.9868
 618.000       0.6482
 619.000      52.6192
 620.000      56.1192
 621.000      56.1197
 622.000      55.2940
 623.000      55.4241
 624.000      56.0181
 625.000      52.5128
 626.000      54.2205
 627.000      56.7354
 628.000      57.0520
 629.000      55.7632
 630.000      57.0198
 631.000      55.8830
 632.000      57.7188
 633.000      56.5778
 634.000      54.4898
 635.000      56.3584
 636.000      53.8551
 637.000      55.7339
 638.000      57.3532
 639.000      52.8865
 640.000      55.9213
 641.000      56.2774
 642.000      55.3389
 643.000      53.5869
 644.000      54.2880
 645.000      51.0959
 646.000      53.5549
 647.000      56.0756
 648.000      56.0719
 649.000      54.4331
 650.000      55.2051
 651.000      56.2627
 652.000      54.8728
 653.000      53.5002
 654.000      54.5533
 655.000      50.9858
 656.000      55.6347
 657.000      54.6872
 658.000      55.7147
 659.000      56.9891
 660.000      56.9665
 661.000      55.3400
 662.000      53.9995
 663.000      51.5115
 664.000      55.3789
 665.000      54.9137
 666.000      56.7019
 667.000      57.7883
 668.000      56.7979
 669.000      56.5648
 670.000      56.1629
 671.000      55.1761
 672.000      53.8418
 673.000      55.3092
 674.000      57.3549
 675.000      55.1440
 676.000      55.9381
 677.000      55.6972
 678.000      56.4029
 679.000      54.7955
 680.000      55.7202
 681.000      56.9863
 682.000      54.6968
 683.000      52.0549
 684.000      56.2686
 685.000      52.9623
 686.000      52.7158
 687.000      55.7994
 688.000      54.4673
 689.000      55.4457
 690.000      55.5953
 691.000      52.7389
 692.000      56.7393
 693.000      57.2108
 694.000      55.0476
 695.000      55.6824
 696.000      54.6633
 697.000      53.3472
 698.000      56.3785
 699.000      56.6904
 700.000      55.8497
 701.000      55.8317
 702.000      53.9460
 703.000      53.9205
 704.000      56.4598
 705.000      56.3533
 706.000      57.3981
 707.000      56.3277
 708.000      55.7486
 709.000      52.9561
 710.000      52.9305
 711.000      55.4253
 712.000      55.9154
 713.000      57.0878
 714.000      55.7541
 715.000      53.8614
 716.000      56.6762
 717.000      56.0576
 718.000      56.5213
 719.000      53.5210
 720.000      53.7980
 721.000      56.4866
 722.000      52.8443
 723.000      55.7547
 724.000      55.9064
 725.000      53.5794
 726.000      55.0527
 727.000      55.6605
 728.000      61.5628
 729.000      60.3560
 730.000      61.9600
 731.000      61.3364
 732.000      60.6086
 733.000      60.3615
 734.000      61.0085
 735.000      60.9831
 736.000      60.4030
 737.000      60.6745
 738.000      60.3974
 739.000      61.9718
 740.000      61.3939
 741.000      60.9220
 742.000      61.1082
 743.000      61.1639
 744.000      61.3551
 745.000      61.8981
 746.000      61.6313
 747.000      60.8865
 748.000      60.7947
 749.000      61.3526
 750.000      60.3269
 751.000      61.6065
 752.000      60.7456
 753.000      61.8099
 754.000      60.5139
 755.000      61.7525
 756.000      61.5690
 757.000      61.0731
 758.000      60.4814
 759.000      60.8689
 760.000      60.3496
 761.000      61.6064
 762.000      61.2625
 763.000      60.6577
 764.000      61.7723
 765.000      61.3107
 766.000      61.5723
 767.000      60.6689
 768.000      60.9293
 769.000      60.8606
 770.000      61.5324
 771.000      61.0773
 772.000      61.1724
 773.000      60.7665
 774.000      60.4650
 775.000      60.9814
 776.000      61.2469
 777.000      60.3871
 778.000      61.0820
 779.000      61.0809
 780.000      60.2910
 781.000      61.9217
 782.000      61.3920
 783.000      61.2899
 784.000      61.5050
 785.000      60.6060
 786.000      60.8595
 787.000      59.9116
 788.000      60.7929
 789.000      61.4648
 790.000      60.9014
 791.000      61.0085
