#Res        AtomicFlx
   1.000       2.6550
   2.000       1.8998
   3.000       1.2263
   4.000       0.9978
   5.000       1.3832
   6.000       1.0220
   7.000       0.8798
   8.000       0.9313
   9.000       0.9121
  10.000       0.6868
  11.000       0.6715
  12.000       0.7855
  13.000       0.6862
  14.000       0.5409
  15.000       0.6024
  16.000       0.7012
  17.000       0.6356
  18.000       0.6080
  19.000       0.5444
  20.000       0.7523
  21.000       0.7118
  22.000       0.7399
  23.000       0.6354
  24.000       0.7398
  25.000       0.9638
  26.000       0.7654
  27.000       0.6957
  28.000       0.7140
  29.000       0.7717
  30.000       0.7099
  31.000       0.8644
  32.000       0.9556
  33.000       0.7980
  34.000       0.7198
  35.000       0.9493
  36.000       0.8855
  37.000       0.8028
  38.000       0.7960
  39.000       0.6835
  40.000       0.6959
  41.000       0.7289
  42.000       0.6197
  43.000       0.5590
  44.000       0.6420
  45.000       0.6391
  46.000       0.5782
  47.000       0.5683
  48.000       0.6460
  49.000       0.6738
  50.000       0.6877
  51.000       0.5880
  52.000       0.5542
  53.000       0.5759
  54.000       0.6606
  55.000       0.5860
  56.000       0.5482
  57.000       0.6236
  58.000       0.7018
  59.000       0.6254
  60.000       0.6290
  61.000       0.7446
  62.000       0.8058
  63.000       0.7254
  64.000       1.0619
  65.000       1.3899
  66.000       0.9985
  67.000       0.8809
  68.000       0.9514
  69.000       0.8529
  70.000       0.8643
  71.000       0.8516
  72.000       0.7073
  73.000       0.8847
  74.000       1.2000
  75.000       1.1845
  76.000       0.9694
  77.000       1.0179
  78.000       0.7600
  79.000       0.6994
  80.000       0.6958
  81.000       0.6813
  82.000       0.6488
  83.000       0.6177
  84.000       0.5934
  85.000       0.6403
  86.000       0.6496
  87.000       0.6343
  88.000       0.5695
  89.000       0.6144
  90.000       0.7202
  91.000       0.7052
  92.000       0.6948
  93.000       0.7932
  94.000       0.8046
  95.000       0.7470
  96.000       0.7671
  97.000       0.7260
  98.000       0.7302
  99.000       0.6546
 100.000       0.6292
 101.000       0.5852
 102.000       0.5750
 103.000       0.5576
 104.000       0.5209
 105.000       0.5448
 106.000       0.5992
 107.000       0.5329
 108.000       0.5397
 109.000       0.6317
 110.000       0.6744
 111.000       0.6476
 112.000       0.8234
 113.000       0.9692
 114.000       1.1823
 115.000       1.0275
 116.000       0.7540
 117.000       0.8905
 118.000       0.8865
 119.000       0.9078
 120.000       0.8490
 121.000       0.9827
 122.000       1.3381
 123.000       1.2167
 124.000       1.4539
 125.000       1.5298
 126.000       1.3467
 127.000       2.1293
 128.000       1.8637
 129.000       1.5532
 130.000       1.4733
 131.000       2.1404
 132.000       1.2806
 133.000       1.1110
 134.000       1.5286
 135.000       1.9049
 136.000       2.2918
 137.000       2.8737
 138.000       2.8569
 139.000       2.5864
 140.000       3.4682
 141.000       4.4719
 142.000       4.2683
 143.000       4.4257
 144.000       4.3406
 145.000       4.2538
 146.000       3.2490
 147.000       2.2547
 148.000       2.0097
 149.000       2.1896
 150.000       1.8184
 151.000       1.3086
 152.000       1.8467
 153.000       2.0151
 154.000       2.1900
 155.000       2.3058
 156.000       3.1208
 157.000       3.6587
 158.000       4.5783
 159.000       4.5095
 160.000       4.0391
 161.000       2.6574
 162.000       1.7067
 163.000       1.2842
 164.000       0.8803
 165.000       0.7731
 166.000       0.7260
 167.000       0.7785
 168.000       0.7830
 169.000       0.6573
 170.000       0.6256
 171.000       0.7386
 172.000       0.7843
 173.000       0.7047
 174.000       0.6645
 175.000       0.7706
 176.000       0.9089
 177.000       0.9314
 178.000       0.9830
 179.000       1.3183
 180.000       1.4068
 181.000       1.1016
 182.000       1.4349
 183.000       1.6612
 184.000       1.4719
 185.000       1.3282
 186.000       1.2919
 187.000       1.3992
 188.000       1.1352
 189.000       0.9560
 190.000       0.8697
 191.000       0.7334
 192.000       0.7576
 193.000       0.7047
 194.000       0.6222
 195.000       0.6185
 196.000       0.6282
 197.000       0.6107
 198.000       0.6005
 199.000       0.6021
 200.000       0.6416
 201.000       0.6422
 202.000       0.5940
 203.000       0.6071
 204.000       0.6994
 205.000       0.6839
 206.000       0.6568
 207.000       0.8179
 208.000       1.0099
 209.000       0.9908
 210.000       1.1790
 211.000       1.2132
 212.000       0.8604
 213.000       0.7232
 214.000       0.9098
 215.000       0.9360
 216.000       0.6659
 217.000       0.6036
 218.000       0.6716
 219.000       0.6383
 220.000       0.5663
 221.000       0.6029
 222.000       0.6307
 223.000       0.6439
 224.000       0.5815
 225.000       0.5655
 226.000       0.6210
 227.000       0.5896
 228.000       0.5716
 229.000       0.6158
 230.000       0.6328
 231.000       0.6264
 232.000       0.6767
 233.000       0.7264
 234.000       0.7271
 235.000       0.7573
 236.000       0.8468
 237.000       0.9030
 238.000       0.8550
 239.000       0.9352
 240.000       0.9108
 241.000       0.8110
 242.000       0.8875
 243.000       0.8850
 244.000       0.7651
 245.000       0.7585
 246.000       0.8270
 247.000       0.7963
 248.000       0.7444
 249.000       0.7961
 250.000       0.8382
 251.000       0.8905
 252.000       1.0761
 253.000       1.2312
 254.000       1.1298
 255.000       0.8691
 256.000       0.9706
 257.000       1.1954
 258.000       0.8743
 259.000       0.8221
 260.000       0.7857
 261.000       0.6625
 262.000       0.6422
 263.000       0.6924
 264.000       0.6560
 265.000       0.5938
 266.000       0.6033
 267.000       0.6354
 268.000       0.6252
 269.000       0.6180
 270.000       0.6302
 271.000       0.6476
 272.000       1.0538
 273.000       1.1787
 274.000       2.4326
 275.000       1.7357
 276.000       1.9463
 277.000       1.6071
 278.000       1.0296
 279.000       0.7474
 280.000       0.7935
 281.000       0.6407
 282.000       0.6179
 283.000       0.6795
 284.000       0.7595
 285.000       0.7396
 286.000       0.8050
 287.000       0.8754
 288.000       1.2133
 289.000       1.5249
 290.000       1.2263
 291.000       1.0880
 292.000       1.2213
 293.000       0.8168
 294.000       0.7421
 295.000       0.6764
 296.000       0.6480
 297.000       0.6186
 298.000       0.6108
 299.000       0.6144
 300.000       0.5449
 301.000       0.5558
 302.000       0.6013
 303.000       0.5566
 304.000       0.5186
 305.000       0.5870
 306.000       0.5986
 307.000       0.5478
 308.000       0.5731
 309.000       0.6285
 310.000       0.6187
 311.000       0.6108
 312.000       0.6567
 313.000       0.6648
 314.000       0.6055
 315.000       0.5787
 316.000       0.6369
 317.000       0.6630
 318.000       0.6525
 319.000       0.7030
 320.000       0.7699
 321.000       0.7740
 322.000       0.7886
 323.000       0.8364
 324.000       0.9301
 325.000       1.0438
 326.000       1.0951
 327.000       1.0907
 328.000       0.9995
 329.000       0.9654
 330.000       0.8557
 331.000       0.9050
 332.000       0.9472
 333.000       0.8159
 334.000       0.7572
 335.000       0.8077
 336.000       0.8972
 337.000       0.9983
 338.000       0.9094
 339.000       0.6490
 340.000       0.6662
 341.000       0.7070
 342.000       0.5948
 343.000       0.5832
 344.000       0.5930
 345.000       0.5837
 346.000       0.6351
 347.000       0.6727
 348.000       0.6660
 349.000       0.6677
 350.000       0.7395
 351.000       0.8003
 352.000       0.8222
 353.000       0.9726
 354.000       0.8477
 355.000       0.7148
 356.000       0.6737
 357.000       0.6974
 358.000       0.6178
 359.000       0.5810
 360.000       0.6317
 361.000       0.6313
 362.000       0.5357
 363.000       0.5017
 364.000       0.5382
 365.000       0.5416
 366.000       0.5333
 367.000       0.5016
 368.000       0.5575
 369.000       0.5783
 370.000       0.6370
 371.000       0.5747
 372.000       0.6502
 373.000       0.6270
 374.000       0.5653
 375.000       0.5598
 376.000       0.5739
 377.000       0.6070
 378.000       0.5556
 379.000       0.5656
 380.000       0.5525
 381.000       0.6038
 382.000       0.6403
 383.000       0.7071
 384.000       0.7806
 385.000       0.8363
 386.000       0.9023
 387.000       0.9900
 388.000       1.0769
 389.000       1.1413
 390.000       1.3328
 391.000       1.9472
 392.000       1.6309
 393.000       1.3869
 394.000       1.0768
 395.000       1.1089
 396.000       1.2059
 397.000       1.0203
 398.000       0.8738
 399.000       0.8569
 400.000       0.8526
 401.000       0.7778
 402.000       0.6840
 403.000       0.7146
 404.000       0.7749
 405.000       0.7138
 406.000       0.6771
 407.000       0.7421
 408.000       0.7871
 409.000       0.7369
 410.000       0.7159
 411.000       0.8571
 412.000       0.8500
 413.000       0.7042
 414.000       0.8427
 415.000       0.8495
 416.000       0.6976
 417.000       0.7739
 418.000       0.8246
 419.000       0.8197
 420.000       0.8127
 421.000       0.8535
 422.000       0.7441
 423.000       0.7241
 424.000       0.6801
 425.000       0.6435
 426.000       0.7194
 427.000       0.7579
 428.000       0.7479
 429.000       0.7536
 430.000       0.8193
 431.000       0.7428
 432.000       0.8621
 433.000       0.8165
 434.000       0.7808
 435.000       0.7527
 436.000       0.6908
 437.000       0.6516
 438.000       0.6332
 439.000       0.6577
 440.000       0.7166
 441.000       0.6941
 442.000       0.7284
 443.000       0.7109
 444.000       0.6659
 445.000       0.7490
 446.000       0.7967
 447.000       0.7412
 448.000       0.7458
 449.000       0.7822
 450.000       0.8539
 451.000       0.8709
 452.000       0.8820
 453.000       0.9235
 454.000       0.9089
 455.000       0.9847
 456.000       0.9708
 457.000       0.9962
 458.000       1.0022
 459.000       0.9988
 460.000       1.1924
 461.000       1.1621
 462.000       1.1998
 463.000       1.3203
 464.000       1.4714
 465.000       1.6993
 466.000       1.6506
 467.000       1.7481
 468.000       1.4102
 469.000       1.1449
 470.000       0.9791
 471.000       0.9756
 472.000       0.8046
 473.000       0.7207
 474.000       0.8467
 475.000       0.8361
 476.000       0.6570
 477.000       0.7261
 478.000       0.8768
 479.000       0.7894
 480.000       0.7040
 481.000       0.7207
 482.000       0.7484
 483.000       0.6991
 484.000       0.6117
 485.000       0.6337
 486.000       0.6879
 487.000       0.6672
 488.000       0.6418
 489.000       0.6599
 490.000       0.7403
 491.000       0.7521
 492.000       0.7537
 493.000       0.8087
 494.000       0.9470
 495.000       1.0157
 496.000       0.9235
 497.000       1.1191
 498.000       1.0525
 499.000       1.0030
 500.000       1.0951
 501.000       1.2046
 502.000       1.5059
 503.000       1.9062
 504.000       1.4265
 505.000       1.3833
 506.000       1.0881
 507.000       1.2167
 508.000       1.2928
 509.000       1.1954
 510.000       0.9740
 511.000       0.9996
 512.000       1.0322
 513.000       0.9182
 514.000       0.8421
 515.000       0.8489
 516.000       0.8620
 517.000       0.7932
 518.000       0.7859
 519.000       0.8964
 520.000       0.8644
 521.000       1.0291
 522.000       0.8514
 523.000       1.0340
 524.000       0.8574
 525.000       0.7782
 526.000       0.8937
 527.000       0.9439
 528.000       0.8069
 529.000       0.8064
 530.000       0.9851
 531.000       1.0418
 532.000       0.9474
 533.000       1.1479
 534.000       1.4087
 535.000       1.5487
 536.000       1.5851
 537.000       2.1169
 538.000       2.3284
 539.000       2.6842
 540.000       2.4996
 541.000       2.1340
 542.000       2.2833
 543.000       2.2919
 544.000       1.8427
 545.000       1.7347
 546.000       2.0246
 547.000       1.8897
 548.000       1.5351
 549.000       1.7223
 550.000       2.0493
 551.000       2.4702
 554.000      52.1344
