#Res        AtomicFlx
   1.000       2.8293
   2.000       1.6424
   3.000       0.9698
   4.000       0.9136
   5.000       1.3666
   6.000       0.9837
   7.000       0.8941
   8.000       0.8290
   9.000       0.7339
  10.000       0.6130
  11.000       0.5667
  12.000       0.6098
  13.000       0.5729
  14.000       0.4841
  15.000       0.5046
  16.000       0.5529
  17.000       0.4834
  18.000       0.4984
  19.000       0.4940
  20.000       0.5815
  21.000       0.6680
  22.000       0.6707
  23.000       0.5696
  24.000       0.6885
  25.000       0.8022
  26.000       0.6093
  27.000       0.5694
  28.000       0.6176
  29.000       0.6079
  30.000       0.5727
  31.000       0.6067
  32.000       0.6340
  33.000       0.6803
  34.000       0.6468
  35.000       0.7857
  36.000       0.7736
  37.000       0.7729
  38.000       0.7355
  39.000       0.6435
  40.000       0.6706
  41.000       0.6872
  42.000       0.5690
  43.000       0.5173
  44.000       0.5684
  45.000       0.5453
  46.000       0.5173
  47.000       0.5324
  48.000       0.5873
  49.000       0.6142
  50.000       0.5914
  51.000       0.5354
  52.000       0.5190
  53.000       0.5375
  54.000       0.4960
  55.000       0.4678
  56.000       0.4933
  57.000       0.5043
  58.000       0.4968
  59.000       0.5268
  60.000       0.5625
  61.000       0.6220
  62.000       0.7242
  63.000       0.6777
  64.000       1.0154
  65.000       1.3526
  66.000       0.8637
  67.000       0.7586
  68.000       0.7932
  69.000       0.7857
  70.000       0.7770
  71.000       0.8362
  72.000       0.7288
  73.000       0.8309
  74.000       1.4318
  75.000       1.3911
  76.000       0.9655
  77.000       1.2160
  78.000       0.6988
  79.000       0.7829
  80.000       0.6358
  81.000       0.5595
  82.000       0.5083
  83.000       0.5115
  84.000       0.4999
  85.000       0.5108
  86.000       0.4821
  87.000       0.5086
  88.000       0.5336
  89.000       0.5720
  90.000       0.5617
  91.000       0.5623
  92.000       0.5742
  93.000       0.5726
  94.000       0.5669
  95.000       0.5569
  96.000       0.5659
  97.000       0.5208
  98.000       0.4754
  99.000       0.4748
 100.000       0.4845
 101.000       0.4679
 102.000       0.4405
 103.000       0.4428
 104.000       0.4550
 105.000       0.4574
 106.000       0.4691
 107.000       0.4535
 108.000       0.4863
 109.000       0.5359
 110.000       0.5606
 111.000       0.6005
 112.000       0.7222
 113.000       0.7901
 114.000       0.9065
 115.000       0.8180
 116.000       0.6363
 117.000       0.6625
 118.000       0.6680
 119.000       0.7703
 120.000       0.8957
 121.000       0.8858
 122.000       1.1796
 123.000       1.1789
 124.000       1.4786
 125.000       1.2775
 126.000       1.1449
 127.000       1.3499
 128.000       1.8179
 129.000       1.8125
 130.000       1.2366
 131.000       1.2169
 132.000       1.0980
 133.000       0.9613
 134.000       1.1554
 135.000       1.7375
 136.000       2.9236
 137.000       4.4364
 138.000       5.2287
 139.000       6.8190
 140.000       6.0324
 141.000       5.3179
 142.000       3.8439
 143.000       2.9776
 144.000       2.7754
 145.000       2.5520
 146.000       1.8324
 147.000       1.4426
 148.000       1.3896
 149.000       1.3974
 150.000       1.2411
 151.000       0.9566
 152.000       1.1290
 153.000       1.2610
 154.000       0.9531
 155.000       0.9501
 156.000       1.0111
 157.000       1.3470
 158.000       2.0598
 159.000       1.7756
 160.000       1.9089
 161.000       1.6940
 162.000       1.4834
 163.000       1.3039
 164.000       1.0861
 165.000       0.7626
 166.000       0.7323
 167.000       0.6942
 168.000       0.6498
 169.000       0.5783
 170.000       0.6475
 171.000       0.7119
 172.000       0.7338
 173.000       0.7277
 174.000       0.6713
 175.000       0.6733
 176.000       0.7358
 177.000       0.7538
 178.000       0.7501
 179.000       0.9660
 180.000       0.8943
 181.000       0.7642
 182.000       0.9961
 183.000       0.9419
 184.000       0.8537
 185.000       0.9459
 186.000       1.1891
 187.000       1.0715
 188.000       0.7075
 189.000       0.7024
 190.000       0.6490
 191.000       0.5649
 192.000       0.5914
 193.000       0.5769
 194.000       0.4918
 195.000       0.4887
 196.000       0.5744
 197.000       0.5811
 198.000       0.5428
 199.000       0.5622
 200.000       0.6128
 201.000       0.6270
 202.000       0.6325
 203.000       0.6567
 204.000       0.7164
 205.000       0.7356
 206.000       0.7386
 207.000       0.7976
 208.000       0.9118
 209.000       0.9537
 210.000       1.1524
 211.000       1.0655
 212.000       0.8544
 213.000       0.8821
 214.000       1.0228
 215.000       0.9227
 216.000       0.8042
 217.000       0.8328
 218.000       0.9135
 219.000       0.9622
 220.000       0.8793
 221.000       0.9659
 222.000       0.7850
 223.000       0.8018
 224.000       0.7560
 225.000       0.7000
 226.000       0.7374
 227.000       0.7926
 228.000       0.7695
 229.000       0.7112
 230.000       0.7719
 231.000       0.8054
 232.000       0.8139
 233.000       0.8065
 234.000       0.8611
 235.000       0.8897
 236.000       0.9276
 237.000       0.9764
 238.000       0.9424
 239.000       0.9477
 240.000       0.8949
 241.000       0.8108
 242.000       0.8764
 243.000       0.8554
 244.000       0.8044
 245.000       0.8082
 246.000       0.8311
 247.000       0.8111
 248.000       0.7564
 249.000       0.8182
 250.000       0.8439
 251.000       0.9213
 252.000       1.0002
 253.000       1.1326
 254.000       1.1073
 255.000       0.8142
 256.000       0.8780
 257.000       1.1248
 258.000       0.8117
 259.000       0.7708
 260.000       0.7113
 261.000       0.5853
 262.000       0.5366
 263.000       0.5557
 264.000       0.5335
 265.000       0.5000
 266.000       0.4832
 267.000       0.5045
 268.000       0.4839
 269.000       0.4892
 270.000       0.4527
 271.000       0.4771
 272.000       0.4685
 273.000       0.4435
 274.000       0.4916
 275.000       0.4746
 276.000       0.4788
 277.000       0.5348
 278.000       0.6122
 279.000       0.5139
 280.000       0.5047
 281.000       0.5158
 282.000       0.5272
 283.000       0.5492
 284.000       0.6172
 285.000       0.6267
 286.000       0.6453
 287.000       0.7520
 288.000       0.9259
 289.000       0.9822
 290.000       1.0856
 291.000       1.0930
 292.000       1.4639
 293.000       0.7957
 294.000       0.7267
 295.000       0.6736
 296.000       0.6684
 297.000       0.6038
 298.000       0.5914
 299.000       0.6245
 300.000       0.5168
 301.000       0.5347
 302.000       0.6374
 303.000       0.5641
 304.000       0.5037
 305.000       0.6133
 306.000       0.6272
 307.000       0.5510
 308.000       0.5545
 309.000       0.6303
 310.000       0.6446
 311.000       0.6482
 312.000       0.6603
 313.000       0.7408
 314.000       0.8137
 315.000       0.7294
 316.000       0.6745
 317.000       0.7624
 318.000       0.8298
 319.000       0.7763
 320.000       0.7878
 321.000       0.8015
 322.000       0.8352
 323.000       0.9069
 324.000       0.9700
 325.000       1.2705
 326.000       1.1243
 327.000       1.4195
 328.000       1.2857
 329.000       1.1246
 330.000       0.9105
 331.000       0.9655
 332.000       0.9226
 333.000       0.9220
 334.000       0.8748
 335.000       0.8875
 336.000       1.0663
 337.000       1.4526
 338.000       1.1664
 339.000       0.9876
 340.000       0.7580
 341.000       0.6244
 342.000       0.5418
 343.000       0.6639
 344.000       0.7092
 345.000       0.7487
 346.000       0.7526
 347.000       0.7290
 348.000       0.7569
 349.000       0.7892
 350.000       0.7806
 351.000       0.8820
 352.000       0.8988
 353.000       1.0412
 354.000       0.8303
 355.000       0.7048
 356.000       0.6835
 357.000       0.8420
 358.000       0.7611
 359.000       0.5961
 360.000       0.6030
 361.000       0.6542
 362.000       0.5941
 363.000       0.5000
 364.000       0.5344
 365.000       0.5868
 366.000       0.5579
 367.000       0.5103
 368.000       0.5984
 369.000       0.6489
 370.000       0.7411
 371.000       0.6556
 372.000       0.7853
 373.000       0.5409
 374.000       0.5097
 375.000       0.6223
 376.000       0.5832
 377.000       0.5612
 378.000       0.5389
 379.000       0.5583
 380.000       0.5585
 381.000       0.5449
 382.000       0.5499
 383.000       0.6064
 384.000       0.6948
 385.000       0.7026
 386.000       0.8449
 387.000       0.9560
 388.000       1.0161
 389.000       1.0546
 390.000       1.5293
 391.000       1.6047
 392.000       1.8669
 393.000       1.8226
 394.000       1.2650
 395.000       1.4172
 396.000       1.2990
 397.000       0.9308
 398.000       0.7768
 399.000       0.7424
 400.000       0.7233
 401.000       0.6477
 402.000       0.5904
 403.000       0.6259
 404.000       0.6450
 405.000       0.5844
 406.000       0.5854
 407.000       0.6088
 408.000       0.6130
 409.000       0.5879
 410.000       0.5546
 411.000       0.5964
 412.000       0.5983
 413.000       0.5667
 414.000       0.6178
 415.000       0.6560
 416.000       0.5896
 417.000       0.5691
 418.000       0.5814
 419.000       0.5871
 420.000       0.6091
 421.000       0.5773
 422.000       0.6294
 423.000       0.6164
 424.000       0.5627
 425.000       0.5661
 426.000       0.6787
 427.000       0.6768
 428.000       0.6367
 429.000       0.6994
 430.000       0.6967
 431.000       0.6610
 432.000       0.7256
 433.000       0.7498
 434.000       0.9352
 435.000       0.7107
 436.000       0.6247
 437.000       0.5237
 438.000       0.4912
 439.000       0.5359
 440.000       0.5099
 441.000       0.4903
 442.000       0.5290
 443.000       0.5350
 444.000       0.5273
 445.000       0.5866
 446.000       0.6338
 447.000       0.6208
 448.000       0.6490
 449.000       0.7276
 450.000       0.7260
 451.000       0.7265
 452.000       0.8219
 453.000       0.9283
 454.000       0.9749
 455.000       1.0449
 456.000       1.1296
 457.000       1.0607
 458.000       0.9563
 459.000       1.0510
 460.000       1.2225
 461.000       1.0619
 462.000       1.0572
 463.000       1.2994
 464.000       1.3809
 465.000       1.3528
 466.000       1.3173
 467.000       1.2905
 468.000       1.1388
 469.000       1.2447
 470.000       1.1068
 471.000       0.9819
 472.000       1.2105
 473.000       1.0949
 474.000       0.7805
 475.000       0.7110
 476.000       0.7515
 477.000       0.8594
 478.000       0.8159
 479.000       0.6684
 480.000       0.5740
 481.000       0.5974
 482.000       0.6216
 483.000       0.5923
 484.000       0.4988
 485.000       0.5284
 486.000       0.5849
 487.000       0.5562
 488.000       0.5208
 489.000       0.5725
 490.000       0.6420
 491.000       0.6177
 492.000       0.6168
 493.000       0.7311
 494.000       0.8547
 495.000       0.9355
 496.000       0.9211
 497.000       1.3619
 498.000       1.2048
 499.000       1.0341
 500.000       1.1685
 501.000       1.1753
 502.000       1.5064
 503.000       1.7675
 504.000       1.3028
 505.000       1.3312
 506.000       1.0479
 507.000       1.1551
 508.000       1.3372
 509.000       1.2053
 510.000       0.9286
 511.000       1.0215
 512.000       1.1120
 513.000       0.8819
 514.000       0.7577
 515.000       0.9432
 516.000       0.8952
 517.000       0.7159
 518.000       0.7255
 519.000       0.7185
 520.000       0.6349
 521.000       0.6192
 522.000       0.7076
 523.000       0.7547
 524.000       0.7456
 525.000       0.6750
 526.000       0.7685
 527.000       0.8266
 528.000       0.7129
 529.000       0.7610
 530.000       0.9240
 531.000       0.9470
 532.000       0.8810
 533.000       1.0077
 534.000       1.1824
 535.000       1.2240
 536.000       1.2516
 537.000       1.5929
 538.000       1.7426
 539.000       2.1003
 540.000       1.9247
 541.000       1.6763
 542.000       1.7377
 543.000       1.6644
 544.000       1.3732
 545.000       1.3094
 546.000       1.4476
 547.000       1.3648
 548.000       1.1550
 549.000       1.2249
 550.000       1.3558
 551.000       1.7406
 554.000      52.3729
