#Res        AtomicFlx
   1.000       2.9025
   2.000       2.8643
   3.000       2.9873
   4.000       1.7195
   5.000       1.8206
   6.000       1.5775
   7.000       1.0886
   8.000       1.0522
   9.000       0.9260
  10.000       0.8220
  11.000       0.8211
  12.000       0.8110
  13.000       0.7194
  14.000       0.6327
  15.000       0.5920
  16.000       0.5814
  17.000       0.5084
  18.000       0.4805
  19.000       0.5068
  20.000       0.4568
  21.000       0.4751
  22.000       0.4383
  23.000       0.7297
  24.000       0.7038
  25.000       0.6760
  26.000       0.5011
  27.000       0.6664
  28.000       0.6652
  29.000       0.5238
  30.000       0.4934
  31.000       0.5761
  32.000       0.6040
  33.000       0.5707
  34.000       0.5767
  35.000       0.7183
  36.000       0.7522
  37.000       0.7128
  38.000       1.0006
  39.000       0.8146
  40.000       0.9011
  41.000       0.9077
  42.000       0.7035
  43.000       0.6742
  44.000       0.7055
  45.000       0.6187
  46.000       0.5443
  47.000       0.5939
  48.000       0.6037
  49.000       0.5387
  50.000       0.5169
  51.000       0.5718
  52.000       0.6255
  53.000       0.6229
  54.000       0.5808
  55.000       0.5029
  56.000       0.4989
  57.000       0.4969
  58.000       0.4638
  59.000       0.4424
  60.000       0.4412
  61.000       0.4324
  62.000       0.4603
  63.000       0.4502
  64.000       0.4199
  65.000       0.4492
  66.000       0.5020
  67.000       0.5685
  68.000       0.5572
  69.000       0.5358
  70.000       0.5380
  71.000       0.6031
  72.000       0.6365
  73.000       0.6684
  74.000       0.6177
  75.000       0.5649
  76.000       0.6078
  77.000       0.8139
  78.000       0.9929
  79.000       0.8562
  80.000       0.7892
  81.000       0.7370
  82.000       0.8088
  83.000       0.6586
  84.000       0.6472
  85.000       0.6515
  86.000       0.6044
  87.000       0.6216
  88.000       0.6129
  89.000       0.6796
  90.000       0.6950
  91.000       0.6448
  92.000       0.6726
  93.000       0.7123
  94.000       0.7044
  95.000       0.6882
  96.000       0.6570
  97.000       0.6169
  98.000       0.6185
  99.000       0.6179
 100.000       0.6008
 101.000       0.6676
 102.000       0.6526
 103.000       0.5655
 104.000       0.5661
 105.000       0.5857
 106.000       0.5595
 107.000       0.5338
 108.000       0.5297
 109.000       0.5151
 110.000       0.5326
 111.000       0.5073
 112.000       0.5160
 113.000       0.5780
 114.000       0.6203
 115.000       0.6325
 116.000       0.7880
 117.000       0.8563
 118.000       0.8989
 119.000       0.8857
 120.000       0.6883
 121.000       0.7131
 122.000       0.7722
 123.000       0.9849
 124.000       1.1366
 125.000       0.9751
 126.000       1.2305
 127.000       1.0660
 128.000       1.2808
 129.000       1.1016
 130.000       1.1841
 131.000       1.6058
 132.000       2.2815
 133.000       1.4608
 134.000       1.1079
 135.000       1.1736
 136.000       1.2884
 137.000       1.5581
 138.000       2.3664
 139.000       3.1737
 140.000       3.0577
 141.000       3.6320
 142.000       3.8161
 143.000       4.0046
 144.000       3.7486
 145.000       3.3678
 146.000       2.7097
 147.000       3.1299
 148.000       3.0259
 149.000       1.9208
 150.000       1.1555
 151.000       1.0149
 152.000       0.8306
 153.000       0.6808
 154.000       0.7649
 155.000       0.7950
 156.000       0.7058
 157.000       0.6474
 158.000       0.7715
 159.000       0.8364
 160.000       0.7736
 161.000       0.6829
 162.000       0.7930
 163.000       0.7575
 164.000       1.0402
 165.000       1.2155
 166.000       1.0482
 167.000       1.1064
 168.000       1.3859
 169.000       1.1245
 170.000       1.0893
 171.000       1.2136
 172.000       1.5081
 173.000       1.2185
 174.000       1.0067
 175.000       0.9409
 176.000       0.8373
 177.000       0.9262
 178.000       0.8827
 179.000       0.7690
 180.000       0.6207
 181.000       0.6563
 182.000       0.6709
 183.000       0.5864
 184.000       0.5957
 185.000       0.6847
 186.000       0.6930
 187.000       0.6373
 188.000       0.7367
 189.000       0.8164
 190.000       0.7499
 191.000       0.7771
 192.000       0.9191
 193.000       0.9380
 194.000       0.8665
 195.000       1.0133
 196.000       1.1486
 197.000       1.1622
 198.000       1.1404
 199.000       1.1756
 200.000       1.0708
 201.000       0.9214
 202.000       0.9902
 203.000       1.2293
 204.000       1.2445
 205.000       0.9417
 206.000       1.0404
 207.000       1.2424
 208.000       1.1211
 209.000       1.1330
 210.000       1.3058
 211.000       1.1406
 212.000       0.9184
 213.000       0.7160
 214.000       0.6305
 215.000       0.6467
 216.000       0.5642
 217.000       0.5748
 218.000       0.6321
 219.000       0.5752
 220.000       0.5347
 221.000       0.6067
 222.000       0.6430
 223.000       0.6070
 224.000       0.6718
 225.000       0.7338
 226.000       0.7605
 227.000       0.8037
 228.000       0.8514
 229.000       0.8018
 230.000       0.7437
 231.000       0.7584
 232.000       0.7234
 233.000       0.7400
 234.000       0.6982
 235.000       0.6936
 236.000       0.7196
 237.000       0.6700
 238.000       0.8415
 239.000       0.9908
 240.000       1.1491
 241.000       1.3900
 242.000       1.4164
 243.000       1.4450
 244.000       1.1839
 245.000       1.1938
 246.000       1.2335
 247.000       1.2653
 248.000       0.9315
 249.000       0.8886
 250.000       0.7447
 251.000       0.6408
 252.000       0.6160
 253.000       0.5737
 254.000       0.5417
 255.000       0.5182
 256.000       0.4934
 257.000       0.4626
 258.000       0.4643
 259.000       0.4602
 260.000       0.4631
 261.000       0.4658
 262.000       0.4850
 263.000       0.4963
 264.000       0.4693
 265.000       0.5259
 266.000       0.5856
 267.000       0.6871
 268.000       0.4526
 269.000       0.4208
 270.000       0.4454
 271.000       0.4981
 272.000       0.4558
 273.000       0.5421
 274.000       0.6158
 275.000       0.6022
 276.000       0.5974
 277.000       0.7150
 278.000       1.0155
 279.000       1.0771
 280.000       1.1157
 281.000       1.2112
 282.000       0.7152
 283.000       0.6296
 284.000       0.5725
 285.000       0.5490
 286.000       0.5275
 287.000       0.5544
 288.000       0.5337
 289.000       0.4561
 290.000       0.5112
 291.000       0.5754
 292.000       0.5133
 293.000       0.4416
 294.000       0.4801
 295.000       0.5335
 296.000       0.4915
 297.000       0.4438
 298.000       0.5080
 299.000       0.5546
 300.000       0.5296
 301.000       0.5658
 302.000       0.5502
 303.000       0.5432
 304.000       0.5007
 305.000       0.5400
 306.000       0.5655
 307.000       0.7405
 308.000       0.7809
 309.000       0.6886
 310.000       0.7592
 311.000       0.8991
 312.000       0.8842
 313.000       1.0327
 314.000       1.3195
 315.000       1.2870
 316.000       1.3038
 317.000       1.1137
 318.000       1.0807
 319.000       0.8813
 320.000       1.1005
 321.000       1.2681
 322.000       1.0495
 323.000       1.1560
 324.000       1.3754
 325.000       1.4424
 326.000       1.3765
 327.000       1.4300
 328.000       0.8736
 329.000       0.8248
 330.000       0.7523
 331.000       0.6330
 332.000       0.5556
 333.000       0.5970
 334.000       0.6656
 335.000       0.6075
 336.000       0.5775
 337.000       0.6121
 338.000       0.6422
 339.000       0.6627
 340.000       0.7107
 341.000       0.8174
 342.000       0.8473
 343.000       0.8508
 344.000       0.7727
 345.000       0.6605
 346.000       0.6489
 347.000       0.6645
 348.000       0.6046
 349.000       0.5655
 350.000       0.5477
 351.000       0.5189
 352.000       0.4965
 353.000       0.5140
 354.000       0.5217
 355.000       0.5357
 356.000       0.5973
 357.000       0.5709
 358.000       0.5526
 359.000       0.7403
 360.000       0.7807
 361.000       0.6676
 362.000       0.7638
 363.000       0.9205
 364.000       0.8435
 365.000       0.7871
 366.000       0.8978
 367.000       0.9335
 368.000       0.7608
 369.000       0.7264
 370.000       0.7213
 371.000       0.6887
 372.000       0.5760
 373.000       0.5734
 374.000       0.6636
 375.000       0.7740
 376.000       0.6949
 377.000       0.8145
 378.000       1.1697
 379.000       1.8620
 380.000       2.0058
 381.000       2.4135
 382.000       2.2771
 383.000       1.9366
 384.000       1.7541
 385.000       1.8108
 386.000       1.5818
 387.000       1.0453
 388.000       1.0621
 389.000       0.9877
 390.000       0.8030
 391.000       0.7194
 392.000       0.7723
 393.000       0.7664
 394.000       0.6788
 395.000       0.6920
 396.000       0.7429
 397.000       0.7449
 398.000       0.7022
 399.000       0.7317
 400.000       0.7649
 401.000       0.7112
 402.000       0.6881
 403.000       0.7452
 404.000       0.7191
 405.000       0.6514
 406.000       0.6292
 407.000       0.6346
 408.000       0.6953
 409.000       0.8995
 410.000       0.8193
 411.000       0.8741
 412.000       0.7375
 413.000       0.6439
 414.000       0.7506
 415.000       0.7919
 416.000       0.8630
 417.000       0.9355
 418.000       0.7796
 419.000       0.7646
 420.000       0.9906
 421.000       1.0796
 422.000       0.7747
 423.000       0.7646
 424.000       0.7556
 425.000       0.6672
 426.000       0.5487
 427.000       0.5549
 428.000       0.5820
 429.000       0.5326
 430.000       0.4828
 431.000       0.5051
 432.000       0.5374
 433.000       0.5421
 434.000       0.5754
 435.000       0.5829
 436.000       0.7328
 437.000       0.8840
 438.000       0.8673
 439.000       0.8502
 440.000       0.8615
 441.000       0.8882
 442.000       0.7053
 443.000       0.7143
 444.000       0.7667
 445.000       0.7148
 446.000       0.6209
 447.000       0.6439
 448.000       0.7458
 449.000       0.8479
 450.000       0.8808
 451.000       0.9104
 452.000       1.2803
 453.000       1.6182
 454.000       1.6095
 455.000       1.1810
 456.000       1.2150
 457.000       0.9554
 458.000       0.7694
 459.000       0.8365
 460.000       0.7743
 461.000       0.6915
 462.000       0.6297
 463.000       0.6616
 464.000       0.6823
 465.000       0.5872
 466.000       0.5921
 467.000       0.7036
 468.000       0.6898
 469.000       0.6307
 470.000       0.7067
 471.000       0.6599
 472.000       0.6149
 473.000       0.5981
 474.000       0.5634
 475.000       0.6021
 476.000       0.6046
 477.000       0.6097
 478.000       0.6709
 479.000       0.7304
 480.000       0.7797
 481.000       0.8183
 482.000       0.9129
 483.000       1.0066
 484.000       1.3647
 485.000       1.3310
 486.000       1.6948
 487.000       1.4671
 488.000       1.1967
 489.000       1.2240
 490.000       1.0135
 491.000       1.0910
 492.000       1.5807
 493.000       1.0888
 494.000       1.1458
 495.000       0.9875
 496.000       1.1525
 497.000       1.2087
 498.000       1.1716
 499.000       1.0370
 500.000       1.0072
 501.000       1.0028
 502.000       0.9532
 503.000       0.8669
 504.000       0.8654
 505.000       0.9417
 506.000       0.9724
 507.000       1.0008
 508.000       0.9941
 509.000       1.3267
 510.000       1.3133
 511.000       1.0594
 512.000       0.9096
 513.000       0.8512
 514.000       0.8222
 515.000       1.0673
 516.000       1.0993
 517.000       1.0137
 518.000       1.1297
 519.000       1.3088
 520.000       1.3538
 521.000       1.3541
 522.000       1.4946
 523.000       1.6682
 524.000       1.6954
 525.000       1.6750
 526.000       2.0803
 527.000       2.1561
 528.000       2.2167
 529.000       2.0598
 530.000       1.9874
 531.000       1.7563
 532.000       1.5043
 533.000       1.3813
 534.000       1.4070
 535.000       1.2659
 536.000       1.0403
 537.000       1.0365
 538.000       1.1452
 539.000       1.0734
 540.000       1.2497
 541.000       2.3628
 542.000       3.9298
