#Res        AtomicFlx
   1.000       3.8275
   2.000       1.9307
   3.000       1.1775
   4.000       1.0027
   5.000       0.7659
   6.000       0.7720
   7.000       1.2205
   8.000       1.1225
   9.000       0.9951
  10.000       1.0245
  11.000       0.9265
  12.000       0.6550
  13.000       0.6921
  14.000       0.7849
  15.000       0.6989
  16.000       0.5724
  17.000       0.6642
  18.000       0.7668
  19.000       0.6940
  20.000       0.6789
  21.000       0.6731
  22.000       0.9077
  23.000       0.7771
  24.000       0.9770
  25.000       0.8772
  26.000       0.8465
  27.000       0.7577
  28.000       0.7334
  29.000       0.6638
  30.000       0.8970
  31.000       1.1809
  32.000       0.7304
  33.000       0.9715
  34.000       1.4903
  35.000       1.2729
  36.000       0.9428
  37.000       1.2494
  38.000       1.0367
  39.000       1.0525
  40.000       1.0225
  41.000       0.8896
  42.000       1.0158
  43.000       1.0392
  44.000       0.8659
  45.000       0.8265
  46.000       1.0516
  47.000       1.0581
  48.000       0.8777
  49.000       1.0182
  50.000       1.2879
  51.000       1.2469
  52.000       0.8595
  53.000       0.7094
  54.000       0.6106
  55.000       0.5634
  56.000       0.5371
  57.000       0.4822
  58.000       0.4567
  59.000       0.4607
  60.000       0.4070
  61.000       0.4265
  62.000       0.4600
  63.000       0.4330
  64.000       0.4539
  65.000       0.4882
  66.000       0.4925
  67.000       0.5127
  68.000       0.5349
  69.000       0.4891
  70.000       0.5135
  71.000       0.5831
  72.000       0.5823
  73.000       0.5638
  74.000       0.4907
  75.000       0.6134
  76.000       0.9518
  77.000       0.9209
  78.000       0.7253
  79.000       0.8636
  80.000       0.8339
  81.000       0.7129
  82.000       0.7610
  83.000       0.5835
  84.000       0.4992
  85.000       0.4884
  86.000       0.4815
  87.000       0.4618
  88.000       0.4433
  89.000       0.4634
  90.000       0.4839
  91.000       0.4986
  92.000       0.4922
  93.000       0.5242
  94.000       0.5538
  95.000       0.5228
  96.000       0.6172
  97.000       0.7338
  98.000       0.5819
  99.000       0.4939
 100.000       0.5445
 101.000       0.5503
 102.000       0.5104
 103.000       0.5092
 104.000       0.5308
 105.000       0.5614
 106.000       0.5766
 107.000       0.5685
 108.000       0.5722
 109.000       0.5704
 110.000       0.5725
 111.000       0.6237
 112.000       0.6680
 113.000       0.6557
 114.000       0.8576
 115.000       1.0709
 116.000       1.4590
 117.000       1.7502
 118.000       1.0921
 119.000       1.0799
 120.000       0.8165
 121.000       0.9532
 122.000       1.1124
 123.000       1.4100
 124.000       2.6089
 125.000       3.2106
 126.000       3.8897
 127.000       3.5707
 128.000       2.2604
 129.000       2.2976
 130.000       2.1487
 131.000       2.1370
 132.000       1.6388
 133.000       1.6756
 134.000       2.0549
 135.000       2.3815
 136.000       2.4143
 137.000       3.0911
 138.000       3.4688
 139.000       4.3726
 140.000       5.3597
 141.000       6.7866
 142.000       7.9941
 143.000       8.8334
 144.000       8.7551
 145.000       8.3729
 146.000       7.8137
 147.000       6.4326
 148.000       4.5870
 149.000       3.9902
 150.000       3.4190
 151.000       2.6675
 152.000       1.9815
 153.000       1.6098
 154.000       1.0977
 155.000       0.8872
 156.000       0.6901
 157.000       0.7690
 158.000       0.8474
 159.000       0.7406
 160.000       0.6750
 161.000       0.8193
 162.000       0.8920
 163.000       0.8664
 164.000       0.7624
 165.000       0.8913
 166.000       1.0171
 167.000       1.2230
 168.000       1.7419
 169.000       1.5560
 170.000       1.4646
 171.000       1.7319
 172.000       1.3075
 173.000       1.0772
 174.000       1.2099
 175.000       1.1330
 176.000       1.0252
 177.000       0.9736
 178.000       0.9546
 179.000       0.7445
 180.000       0.7271
 181.000       0.8169
 182.000       0.8006
 183.000       0.7001
 184.000       0.6791
 185.000       0.6707
 186.000       0.6140
 187.000       0.6051
 188.000       0.6193
 189.000       0.6010
 190.000       0.5997
 191.000       0.6094
 192.000       0.6530
 193.000       0.6700
 194.000       0.6607
 195.000       0.6787
 196.000       0.7861
 197.000       0.8310
 198.000       0.8140
 199.000       0.9086
 200.000       1.9343
 201.000       1.3998
 202.000       1.0086
 203.000       1.5789
 204.000       1.8942
 205.000       2.5702
 206.000       1.7579
 207.000       1.9862
 208.000       2.1438
 209.000       1.8896
 210.000       1.3792
 211.000       1.5491
 212.000       1.8268
 213.000       1.5676
 214.000       1.1105
 215.000       0.9729
 216.000       0.8484
 217.000       0.7728
 218.000       0.7075
 219.000       0.6305
 220.000       0.6582
 221.000       0.6941
 222.000       0.6532
 223.000       0.6397
 224.000       0.7476
 225.000       0.7889
 226.000       0.7463
 227.000       0.7707
 228.000       0.9133
 229.000       0.9725
 230.000       0.8589
 231.000       0.9007
 232.000       0.8417
 233.000       0.7575
 234.000       0.8521
 235.000       0.8489
 236.000       0.7457
 237.000       0.7650
 238.000       0.8876
 239.000       0.8772
 240.000       0.7186
 241.000       0.8624
 242.000       0.9374
 243.000       1.0100
 244.000       1.2800
 245.000       1.3112
 246.000       1.3260
 247.000       1.0937
 248.000       1.1512
 249.000       1.2943
 250.000       1.1863
 251.000       1.0884
 252.000       1.0194
 253.000       0.8186
 254.000       0.7971
 255.000       0.8194
 256.000       0.7408
 257.000       0.7296
 258.000       0.7647
 259.000       0.7420
 260.000       0.7626
 261.000       0.7602
 262.000       0.6930
 263.000       0.7278
 264.000       0.8336
 265.000       0.7028
 266.000       0.6834
 267.000       0.5440
 268.000       0.5122
 269.000       0.4639
 270.000       0.4400
 271.000       0.4240
 272.000       0.4272
 273.000       0.3876
 274.000       0.4382
 275.000       0.4595
 276.000       0.4620
 277.000       0.4939
 278.000       0.6008
 279.000       0.6117
 280.000       0.7188
 281.000       0.6467
 282.000       0.7106
 283.000       0.7747
 284.000       0.8924
 285.000       0.6787
 286.000       0.6298
 287.000       0.7339
 288.000       0.7117
 289.000       0.5939
 290.000       0.6597
 291.000       0.7026
 292.000       0.5871
 293.000       0.6339
 294.000       0.7188
 295.000       0.6405
 296.000       0.5990
 297.000       0.6330
 298.000       0.6765
 299.000       0.6308
 300.000       0.6199
 301.000       0.6324
 302.000       0.6948
 303.000       0.7175
 304.000       0.8391
 305.000       0.8578
 306.000       0.6443
 307.000       0.5597
 308.000       0.6721
 309.000       0.7176
 310.000       0.6476
 311.000       0.6626
 312.000       0.7285
 313.000       0.7460
 314.000       0.7597
 315.000       0.8162
 316.000       0.9490
 317.000       1.0157
 318.000       1.0644
 319.000       1.1115
 320.000       1.1279
 321.000       1.0933
 322.000       1.0625
 323.000       1.2958
 324.000       1.2738
 325.000       1.0485
 326.000       1.0270
 327.000       0.9989
 328.000       1.0647
 329.000       1.0485
 330.000       0.7092
 331.000       0.7978
 332.000       0.7687
 333.000       0.6858
 334.000       0.6279
 335.000       0.6178
 336.000       0.6424
 337.000       0.7459
 338.000       0.7369
 339.000       0.6841
 340.000       0.6732
 341.000       0.6962
 342.000       0.8445
 343.000       0.8675
 344.000       0.7785
 345.000       0.8650
 346.000       0.8008
 347.000       0.7802
 348.000       0.7595
 349.000       0.7457
 350.000       0.6735
 351.000       0.6379
 352.000       0.6063
 353.000       0.6410
 354.000       0.6109
 355.000       0.5273
 356.000       0.5543
 357.000       0.6035
 358.000       0.5733
 359.000       0.5356
 360.000       0.6188
 361.000       0.6953
 362.000       0.5969
 363.000       0.5920
 364.000       0.5727
 365.000       0.5443
 366.000       0.5413
 367.000       0.5411
 368.000       0.5136
 369.000       0.5378
 370.000       0.5070
 371.000       0.4826
 372.000       0.4829
 373.000       0.4733
 374.000       0.4782
 375.000       0.4889
 376.000       0.5449
 377.000       0.5492
 378.000       0.5933
 379.000       0.5747
 380.000       0.6579
 381.000       0.8778
 382.000       1.1825
 383.000       1.3637
 384.000       1.1187
 385.000       1.1626
 386.000       1.6037
 387.000       1.4441
 388.000       1.2354
 389.000       1.1888
 390.000       1.0308
 391.000       0.8179
 392.000       0.7499
 393.000       0.7110
 394.000       0.6944
 395.000       0.6207
 396.000       0.6152
 397.000       0.6399
 398.000       0.6693
 399.000       0.6017
 400.000       0.5849
 401.000       0.6507
 402.000       0.6458
 403.000       0.6224
 404.000       0.6734
 405.000       0.7174
 406.000       0.6519
 407.000       0.6025
 408.000       0.6492
 409.000       0.8183
 410.000       0.8423
 411.000       0.7007
 412.000       0.6652
 413.000       0.6846
 414.000       0.6599
 415.000       0.6221
 416.000       0.6574
 417.000       0.6736
 418.000       0.5660
 419.000       0.5959
 420.000       0.7243
 421.000       0.5935
 422.000       0.5924
 423.000       0.6178
 424.000       0.6642
 425.000       0.6447
 426.000       0.5881
 427.000       0.5983
 428.000       0.5878
 429.000       0.5870
 430.000       0.6255
 431.000       0.5330
 432.000       0.5210
 433.000       0.5471
 434.000       0.5207
 435.000       0.5478
 436.000       0.6049
 437.000       0.6076
 438.000       0.6145
 439.000       0.7040
 440.000       0.7675
 441.000       0.6674
 442.000       0.6752
 443.000       0.7321
 444.000       0.6756
 445.000       0.7393
 446.000       0.6737
 447.000       0.5501
 448.000       0.5975
 449.000       0.6409
 450.000       0.5924
 451.000       0.5879
 452.000       0.7345
 453.000       0.8325
 454.000       0.8781
 455.000       1.3479
 456.000       1.7891
 457.000       1.2856
 458.000       0.9059
 459.000       0.7959
 460.000       0.7829
 461.000       0.7906
 462.000       0.7795
 463.000       0.6761
 464.000       0.6581
 465.000       0.7557
 466.000       0.7165
 467.000       0.6441
 468.000       0.7358
 469.000       0.8719
 470.000       0.8946
 471.000       0.8430
 472.000       0.7648
 473.000       0.8767
 474.000       0.8873
 475.000       0.7191
 476.000       0.7754
 477.000       0.9239
 478.000       0.8228
 479.000       0.7246
 480.000       0.8078
 481.000       0.8345
 482.000       0.8756
 483.000       0.9209
 484.000       1.0245
 485.000       1.0609
 486.000       1.0511
 487.000       1.3306
 488.000       1.3009
 489.000       1.3973
 490.000       1.3629
 491.000       1.1578
 492.000       1.5764
 493.000       1.6391
 494.000       1.1743
 495.000       1.2722
 496.000       1.2257
 497.000       1.4056
 498.000       1.4962
 499.000       1.3797
 500.000       1.0242
 501.000       1.0605
 502.000       1.1492
 503.000       0.9647
 504.000       0.8023
 505.000       0.8963
 506.000       0.8785
 507.000       0.7729
 508.000       0.8375
 509.000       0.8740
 510.000       0.8036
 511.000       0.8703
 512.000       0.6559
 513.000       0.7392
 514.000       0.6828
 515.000       0.6221
 516.000       0.8051
 517.000       0.9736
 518.000       0.8536
 519.000       0.7994
 520.000       1.0097
 521.000       1.1185
 522.000       1.0541
 523.000       1.1089
 524.000       1.3475
 525.000       1.4361
 526.000       1.3665
 527.000       1.6625
 528.000       1.8204
 529.000       1.8690
 530.000       1.7701
 531.000       1.8502
 532.000       1.6301
 533.000       1.3720
 534.000       1.4977
 535.000       1.6068
 536.000       1.3624
 537.000       1.2567
 538.000       1.3045
 539.000       1.4351
 540.000       1.8605
 541.000       2.1915
 542.000       3.1414
 543.000       4.8949
 544.000       7.1820
