#Res        AtomicFlx
   1.000       5.8542
   2.000       4.7792
   3.000       2.7517
   4.000       1.5475
   5.000       1.1745
   6.000       1.0895
   7.000       1.9751
   8.000       1.4705
   9.000       1.2309
  10.000       0.7229
  11.000       0.6749
  12.000       0.5905
  13.000       0.5953
  14.000       0.5903
  15.000       0.5488
  16.000       0.4579
  17.000       0.4757
  18.000       0.5837
  19.000       0.4891
  20.000       0.4706
  21.000       0.4783
  22.000       0.5217
  23.000       0.5773
  24.000       0.5465
  25.000       0.5136
  26.000       0.6761
  27.000       0.6196
  28.000       0.5761
  29.000       0.5650
  30.000       0.6453
  31.000       0.6936
  32.000       0.6591
  33.000       0.7501
  34.000       0.9884
  35.000       0.9256
  36.000       0.8808
  37.000       1.1105
  38.000       1.0321
  39.000       0.8630
  40.000       0.8754
  41.000       0.7627
  42.000       0.7279
  43.000       0.7702
  44.000       0.7448
  45.000       0.6829
  46.000       0.7135
  47.000       0.7223
  48.000       0.7327
  49.000       0.7570
  50.000       0.9062
  51.000       1.0452
  52.000       0.9456
  53.000       0.7478
  54.000       0.6534
  55.000       0.5933
  56.000       0.5453
  57.000       0.5345
  58.000       0.5156
  59.000       0.4846
  60.000       0.4753
  61.000       0.5120
  62.000       0.5465
  63.000       0.5037
  64.000       0.4887
  65.000       0.6098
  66.000       0.7059
  67.000       0.6154
  68.000       0.6175
  69.000       0.5466
  70.000       0.5407
  71.000       0.5380
  72.000       0.6053
  73.000       0.5477
  74.000       0.5618
  75.000       0.6183
  76.000       0.7857
  77.000       0.8175
  78.000       0.7299
  79.000       0.7436
  80.000       0.7934
  81.000       0.7423
  82.000       0.6983
  83.000       0.6112
  84.000       0.5754
  85.000       0.5619
  86.000       0.5615
  87.000       0.5510
  88.000       0.5318
  89.000       0.5267
  90.000       0.5585
  91.000       0.5683
  92.000       0.5882
  93.000       0.6312
  94.000       0.6291
  95.000       0.6538
  96.000       0.7253
  97.000       0.8522
  98.000       0.7685
  99.000       0.6653
 100.000       0.6690
 101.000       0.6720
 102.000       0.6820
 103.000       0.6506
 104.000       0.6621
 105.000       0.6747
 106.000       0.6772
 107.000       0.6937
 108.000       0.7179
 109.000       0.7139
 110.000       0.7073
 111.000       0.7422
 112.000       0.7831
 113.000       0.7909
 114.000       0.9745
 115.000       1.2497
 116.000       1.7073
 117.000       2.0925
 118.000       1.2434
 119.000       1.1879
 120.000       0.9290
 121.000       0.9914
 122.000       1.0624
 123.000       1.1525
 124.000       1.7772
 125.000       1.2591
 126.000       1.5521
 127.000       1.7246
 128.000       1.2836
 129.000       1.9506
 130.000       2.5488
 131.000       2.7749
 132.000       2.1213
 133.000       2.7114
 134.000       3.3148
 135.000       4.6248
 136.000       6.3050
 137.000       8.3373
 138.000      10.2959
 139.000      11.1376
 140.000      10.8079
 141.000      11.4252
 142.000      11.8474
 143.000      12.1249
 144.000      11.4335
 145.000      11.2785
 146.000      10.1683
 147.000       8.2807
 148.000       7.4160
 149.000       6.6441
 150.000       5.5097
 151.000       4.0459
 152.000       2.5133
 153.000       1.6112
 154.000       1.0048
 155.000       0.9014
 156.000       0.8120
 157.000       0.7749
 158.000       0.7752
 159.000       0.7512
 160.000       0.7266
 161.000       0.7984
 162.000       0.8853
 163.000       0.9074
 164.000       0.7876
 165.000       0.8058
 166.000       0.8713
 167.000       0.9473
 168.000       1.2960
 169.000       1.8307
 170.000       1.8103
 171.000       1.4695
 172.000       1.2416
 173.000       1.0317
 174.000       1.1772
 175.000       1.2787
 176.000       0.9941
 177.000       1.0062
 178.000       1.0037
 179.000       0.8510
 180.000       0.8211
 181.000       0.8593
 182.000       0.7888
 183.000       0.7395
 184.000       0.8041
 185.000       0.7909
 186.000       0.7284
 187.000       0.7405
 188.000       0.7816
 189.000       0.7561
 190.000       0.7401
 191.000       0.7442
 192.000       0.7823
 193.000       0.7736
 194.000       0.7638
 195.000       0.7651
 196.000       0.8048
 197.000       0.7783
 198.000       0.7749
 199.000       0.8922
 200.000       0.9859
 201.000       0.8670
 202.000       1.0594
 203.000       1.0892
 204.000       0.8777
 205.000       0.8836
 206.000       0.9992
 207.000       1.1026
 208.000       1.1015
 209.000       0.8623
 210.000       0.8189
 211.000       0.9189
 212.000       0.8977
 213.000       0.8496
 214.000       0.8639
 215.000       0.7992
 216.000       0.7406
 217.000       0.7477
 218.000       0.7282
 219.000       0.6607
 220.000       0.6889
 221.000       0.7445
 222.000       0.7124
 223.000       0.7160
 224.000       0.7807
 225.000       0.8132
 226.000       0.8005
 227.000       0.8155
 228.000       0.9114
 229.000       0.9870
 230.000       0.9502
 231.000       1.1154
 232.000       1.0559
 233.000       0.9463
 234.000       1.0056
 235.000       1.0274
 236.000       0.9573
 237.000       0.9342
 238.000       0.9965
 239.000       1.0057
 240.000       0.9186
 241.000       0.9708
 242.000       1.0725
 243.000       1.0628
 244.000       1.2772
 245.000       1.3344
 246.000       1.3956
 247.000       1.2279
 248.000       1.1746
 249.000       1.5100
 250.000       1.2456
 251.000       1.1072
 252.000       1.0565
 253.000       0.9361
 254.000       0.8949
 255.000       0.8732
 256.000       0.7563
 257.000       0.7153
 258.000       0.7227
 259.000       0.7001
 260.000       0.5990
 261.000       0.6024
 262.000       0.6948
 263.000       0.7023
 264.000       0.5060
 265.000       0.5531
 266.000       0.5631
 267.000       0.5200
 268.000       0.5752
 269.000       0.5418
 270.000       0.5217
 271.000       0.4293
 272.000       0.4260
 273.000       0.4290
 274.000       0.4690
 275.000       0.4702
 276.000       0.5097
 277.000       0.6328
 278.000       0.7246
 279.000       0.7199
 280.000       0.8253
 281.000       0.8457
 282.000       0.8994
 283.000       0.8758
 284.000       0.7732
 285.000       0.7053
 286.000       0.6416
 287.000       0.6341
 288.000       0.6143
 289.000       0.5550
 290.000       0.5738
 291.000       0.5667
 292.000       0.5154
 293.000       0.5414
 294.000       0.5953
 295.000       0.5570
 296.000       0.5063
 297.000       0.5943
 298.000       0.6503
 299.000       0.5810
 300.000       0.5531
 301.000       0.6681
 302.000       0.7001
 303.000       0.6695
 304.000       0.7085
 305.000       0.7743
 306.000       0.7704
 307.000       0.7335
 308.000       0.7868
 309.000       0.8071
 310.000       0.8183
 311.000       0.8771
 312.000       0.9564
 313.000       1.0184
 314.000       1.0771
 315.000       1.0955
 316.000       1.3620
 317.000       1.5464
 318.000       1.4877
 319.000       1.4597
 320.000       1.3137
 321.000       1.2092
 322.000       1.1339
 323.000       1.2786
 324.000       1.1742
 325.000       1.0418
 326.000       0.9728
 327.000       1.0100
 328.000       0.9029
 329.000       0.9248
 330.000       0.7295
 331.000       0.7816
 332.000       0.8632
 333.000       0.8054
 334.000       0.7233
 335.000       0.7828
 336.000       0.8246
 337.000       0.8244
 338.000       0.8720
 339.000       0.9336
 340.000       0.9088
 341.000       0.9050
 342.000       1.0053
 343.000       1.1021
 344.000       0.9966
 345.000       1.0058
 346.000       0.9308
 347.000       0.8648
 348.000       0.8355
 349.000       0.8178
 350.000       0.7656
 351.000       0.7410
 352.000       0.7226
 353.000       0.7338
 354.000       0.6903
 355.000       0.6558
 356.000       0.6696
 357.000       0.6462
 358.000       0.6204
 359.000       0.6528
 360.000       0.6926
 361.000       0.7264
 362.000       0.7625
 363.000       0.7766
 364.000       0.8243
 365.000       0.7347
 366.000       0.6378
 367.000       0.5889
 368.000       0.5836
 369.000       0.6585
 370.000       0.6808
 371.000       0.5942
 372.000       0.5417
 373.000       0.5138
 374.000       0.5974
 375.000       0.6406
 376.000       0.6749
 377.000       0.7129
 378.000       0.7212
 379.000       1.4984
 380.000       1.2009
 381.000       1.4662
 382.000       2.1306
 383.000       1.6363
 384.000       1.1649
 385.000       1.2803
 386.000       1.0404
 387.000       0.8924
 388.000       0.7699
 389.000       1.0019
 390.000       0.9866
 391.000       0.8012
 392.000       0.7550
 393.000       0.8164
 394.000       0.7963
 395.000       0.6911
 396.000       0.7255
 397.000       0.7508
 398.000       0.7609
 399.000       0.7013
 400.000       0.7324
 401.000       0.7758
 402.000       0.7685
 403.000       0.7763
 404.000       0.8036
 405.000       0.8235
 406.000       0.7593
 407.000       0.7311
 408.000       0.7777
 409.000       0.8844
 410.000       0.9002
 411.000       0.7825
 412.000       0.7436
 413.000       0.7659
 414.000       0.7359
 415.000       0.6851
 416.000       0.7263
 417.000       0.7418
 418.000       0.6976
 419.000       0.7101
 420.000       0.7897
 421.000       0.7383
 422.000       0.7110
 423.000       0.7598
 424.000       0.9461
 425.000       0.8653
 426.000       0.7136
 427.000       0.6305
 428.000       0.7475
 429.000       0.7029
 430.000       0.6503
 431.000       0.6072
 432.000       0.6319
 433.000       0.6308
 434.000       0.6195
 435.000       0.6398
 436.000       0.7092
 437.000       0.6849
 438.000       0.6761
 439.000       0.7858
 440.000       0.7723
 441.000       0.7550
 442.000       0.7381
 443.000       0.7379
 444.000       0.6794
 445.000       0.7838
 446.000       0.7709
 447.000       0.6464
 448.000       0.6779
 449.000       0.7948
 450.000       0.7899
 451.000       0.7031
 452.000       0.7594
 453.000       0.8950
 454.000       0.9453
 455.000       0.9272
 456.000       1.2257
 457.000       1.1726
 458.000       1.0464
 459.000       0.9198
 460.000       1.0424
 461.000       0.9690
 462.000       0.8520
 463.000       0.7890
 464.000       0.7480
 465.000       0.7621
 466.000       0.6990
 467.000       0.6521
 468.000       0.7345
 469.000       0.7875
 470.000       0.7936
 471.000       0.7478
 472.000       0.7405
 473.000       0.8771
 474.000       0.8965
 475.000       0.7491
 476.000       0.8120
 477.000       0.9073
 478.000       0.8554
 479.000       0.8598
 480.000       0.9467
 481.000       0.9651
 482.000       0.9544
 483.000       1.0832
 484.000       1.2734
 485.000       1.2981
 486.000       1.2280
 487.000       1.5875
 488.000       1.4182
 489.000       1.2578
 490.000       1.2808
 491.000       1.1783
 492.000       1.6123
 493.000       1.6890
 494.000       1.2711
 495.000       1.3663
 496.000       1.1126
 497.000       1.2753
 498.000       1.3649
 499.000       1.2821
 500.000       1.0257
 501.000       1.0321
 502.000       1.1027
 503.000       0.9696
 504.000       0.8326
 505.000       0.8786
 506.000       0.8709
 507.000       0.7486
 508.000       0.7559
 509.000       0.8042
 510.000       0.6984
 511.000       0.7071
 512.000       0.6938
 513.000       0.7879
 514.000       0.6735
 515.000       0.7165
 516.000       0.8547
 517.000       0.9233
 518.000       0.7584
 519.000       0.7914
 520.000       1.0101
 521.000       1.0180
 522.000       0.9240
 523.000       1.1100
 524.000       1.3210
 525.000       1.3033
 526.000       1.3916
 527.000       1.8998
 528.000       1.8355
 529.000       1.7944
 530.000       1.6293
 531.000       1.6914
 532.000       1.5186
 533.000       1.3206
 534.000       1.3530
 535.000       1.3378
 536.000       1.1547
 537.000       1.0970
 538.000       1.0408
 539.000       1.0250
 540.000       1.0801
 541.000       1.4936
 542.000       2.4727
 543.000       4.0283
 544.000       6.1104
