#Res        AtomicFlx
   1.000       4.5796
   2.000       2.3443
   3.000       0.8643
   4.000       1.4039
   5.000       0.9981
   6.000       0.7736
   7.000       0.9328
   8.000       1.2543
   9.000       1.2622
  10.000       1.1760
  11.000       0.8521
  12.000       0.6894
  13.000       1.1124
  14.000       0.8154
  15.000       0.6578
  16.000       0.8246
  17.000       0.9365
  18.000       0.6620
  19.000       0.7518
  20.000       0.7698
  21.000       1.0994
  22.000       1.1455
  23.000       1.3134
  24.000       1.3415
  25.000       1.1564
  26.000       1.0885
  27.000       0.8233
  28.000       1.1344
  29.000       0.6507
  30.000       0.7387
  31.000       1.1023
  32.000       0.8601
  33.000       0.8440
  34.000       1.5545
  35.000       1.3143
  36.000       0.9587
  37.000       1.3278
  38.000       1.0678
  39.000       0.8765
  40.000       0.9717
  41.000       0.7933
  42.000       1.2178
  43.000       0.9539
  44.000       0.8165
  45.000       0.7514
  46.000       1.2689
  47.000       1.1866
  48.000       0.7981
  49.000       0.8954
  50.000       1.0728
  51.000       1.2465
  52.000       0.9178
  53.000       0.7505
  54.000       0.7691
  55.000       0.6644
  56.000       0.8595
  57.000       1.1810
  58.000       0.8079
  59.000       0.6976
  60.000       0.5342
  61.000       0.7362
  62.000       0.6049
  63.000       0.6096
  64.000       0.4822
  65.000       0.9462
  66.000       0.6572
  67.000       0.5638
  68.000       0.6465
  69.000       0.7062
  70.000       0.4577
  71.000       0.5863
  72.000       0.6199
  73.000       0.5087
  74.000       0.6542
  75.000       0.6947
  76.000       1.1424
  77.000       1.1739
  78.000       0.9151
  79.000       1.1327
  80.000       1.3614
  81.000       0.8949
  82.000       0.9029
  83.000       0.6027
  84.000       0.6665
  85.000       0.4981
  86.000       0.9080
  87.000       0.6280
  88.000       0.6225
  89.000       0.6780
  90.000       0.9799
  91.000       0.7625
  92.000       0.5994
  93.000       0.8251
  94.000       0.9951
  95.000       0.7270
  96.000       0.7282
  97.000       1.2836
  98.000       0.7334
  99.000       0.7021
 100.000       0.7548
 101.000       0.8605
 102.000       0.7955
 103.000       0.7687
 104.000       0.6063
 105.000       0.6174
 106.000       0.6402
 107.000       0.9034
 108.000       0.7110
 109.000       0.7047
 110.000       0.7554
 111.000       1.1343
 112.000       0.8597
 113.000       0.8601
 114.000       1.3399
 115.000       1.4669
 116.000       2.0381
 117.000       1.7643
 118.000       0.9803
 119.000       0.8457
 120.000       0.8689
 121.000       1.2321
 122.000       1.3385
 123.000       1.1300
 124.000       1.8177
 125.000       1.2586
 126.000       1.5093
 127.000       1.1008
 128.000       1.0931
 129.000       1.2187
 130.000       1.5836
 131.000       1.5678
 132.000       1.0927
 133.000       1.4741
 134.000       2.1578
 135.000       2.7921
 136.000       4.9362
 137.000       6.1675
 138.000       6.5885
 139.000       7.9119
 140.000       9.2537
 141.000       9.0870
 142.000       8.8856
 143.000       9.7597
 144.000       8.4410
 145.000       7.7340
 146.000       7.3943
 147.000       7.7916
 148.000       6.4849
 149.000       5.0723
 150.000       4.4754
 151.000       4.5302
 152.000       1.9016
 153.000       1.3511
 154.000       1.1349
 155.000       0.8012
 156.000       0.7289
 157.000       0.7354
 158.000       0.9422
 159.000       0.7066
 160.000       0.7064
 161.000       1.0589
 162.000       1.4346
 163.000       0.8510
 164.000       0.8873
 165.000       0.8525
 166.000       1.3284
 167.000       1.3009
 168.000       3.1393
 169.000       3.1352
 170.000       3.3011
 171.000       3.1031
 172.000       1.2954
 173.000       1.2942
 174.000       1.6011
 175.000       1.3518
 176.000       0.9916
 177.000       0.8241
 178.000       1.0043
 179.000       0.8440
 180.000       1.0569
 181.000       1.2155
 182.000       1.0724
 183.000       1.0395
 184.000       0.7092
 185.000       0.7006
 186.000       0.6133
 187.000       0.7107
 188.000       0.8102
 189.000       1.0545
 190.000       0.7679
 191.000       0.7585
 192.000       0.9277
 193.000       0.9521
 194.000       0.7723
 195.000       0.9788
 196.000       1.3925
 197.000       0.7392
 198.000       1.0823
 199.000       1.1123
 200.000       1.4815
 201.000       0.8625
 202.000       1.0995
 203.000       1.4326
 204.000       1.1991
 205.000       0.9377
 206.000       0.9140
 207.000       1.6814
 208.000       0.9967
 209.000       0.8224
 210.000       1.1415
 211.000       1.2011
 212.000       0.8778
 213.000       1.1404
 214.000       1.1141
 215.000       1.7549
 216.000       0.7866
 217.000       1.0818
 218.000       0.8880
 219.000       0.7958
 220.000       1.0574
 221.000       0.7846
 222.000       0.7410
 223.000       0.9559
 224.000       1.0136
 225.000       1.2116
 226.000       0.8260
 227.000       0.7635
 228.000       1.1186
 229.000       0.9496
 230.000       0.9864
 231.000       1.0489
 232.000       0.8616
 233.000       0.8560
 234.000       1.1973
 235.000       1.1000
 236.000       0.7467
 237.000       1.0786
 238.000       1.4561
 239.000       0.9344
 240.000       0.7585
 241.000       1.0590
 242.000       1.0835
 243.000       1.2456
 244.000       1.6850
 245.000       2.2554
 246.000       2.4983
 247.000       1.5231
 248.000       1.4206
 249.000       1.5532
 250.000       1.5492
 251.000       1.2335
 252.000       1.2567
 253.000       1.1142
 254.000       1.2365
 255.000       1.2157
 256.000       0.9818
 257.000       0.7854
 258.000       0.7863
 259.000       0.9390
 260.000       0.8421
 261.000       0.8267
 262.000       0.8756
 263.000       1.0870
 264.000       0.9439
 265.000       1.2608
 266.000       0.7556
 267.000       0.9698
 268.000       0.5344
 269.000       0.8515
 270.000       0.4958
 271.000       0.6293
 272.000       0.8207
 273.000       0.5884
 274.000       0.5736
 275.000       0.6058
 276.000       0.5064
 277.000       0.5529
 278.000       0.9652
 279.000       0.9059
 280.000       1.6659
 281.000       1.4847
 282.000       1.1308
 283.000       1.3127
 284.000       1.2118
 285.000       1.3062
 286.000       1.1377
 287.000       2.1111
 288.000       1.0807
 289.000       0.7953
 290.000       0.9427
 291.000       0.9732
 292.000       1.0610
 293.000       0.9606
 294.000       0.6772
 295.000       0.9322
 296.000       0.9706
 297.000       0.8369
 298.000       0.9075
 299.000       0.8805
 300.000       0.6260
 301.000       1.0808
 302.000       0.7364
 303.000       0.7163
 304.000       0.7139
 305.000       1.3503
 306.000       0.8884
 307.000       0.7400
 308.000       0.7407
 309.000       0.7918
 310.000       1.0476
 311.000       0.8942
 312.000       0.7424
 313.000       0.9425
 314.000       1.0735
 315.000       0.9495
 316.000       1.7144
 317.000       1.7714
 318.000       1.5145
 319.000       1.4170
 320.000       1.3639
 321.000       1.1812
 322.000       1.3650
 323.000       1.1990
 324.000       1.4265
 325.000       1.3478
 326.000       1.1921
 327.000       1.4153
 328.000       1.2004
 329.000       0.9457
 330.000       0.8822
 331.000       0.7748
 332.000       1.1253
 333.000       1.1858
 334.000       0.7070
 335.000       0.7590
 336.000       1.0712
 337.000       1.7190
 338.000       0.8672
 339.000       1.1934
 340.000       0.9212
 341.000       1.2586
 342.000       1.2586
 343.000       1.3205
 344.000       1.0932
 345.000       1.0263
 346.000       1.1169
 347.000       0.8714
 348.000       0.9055
 349.000       0.7711
 350.000       0.7230
 351.000       0.6515
 352.000       0.7188
 353.000       1.0005
 354.000       0.9453
 355.000       0.7049
 356.000       0.9458
 357.000       0.9034
 358.000       0.8276
 359.000       1.1013
 360.000       0.8743
 361.000       0.9591
 362.000       0.5725
 363.000       0.8281
 364.000       0.5545
 365.000       0.6658
 366.000       0.5991
 367.000       0.8189
 368.000       0.5256
 369.000       0.5725
 370.000       0.8575
 371.000       0.8718
 372.000       0.5270
 373.000       0.6477
 374.000       0.7441
 375.000       0.6688
 376.000       0.5205
 377.000       0.7196
 378.000       0.7808
 379.000       0.5387
 380.000       0.7817
 381.000       1.0104
 382.000       1.4731
 383.000       1.2699
 384.000       0.9222
 385.000       1.1642
 386.000       1.9925
 387.000       1.2234
 388.000       1.4479
 389.000       1.3248
 390.000       1.2246
 391.000       0.7782
 392.000       0.7659
 393.000       1.0121
 394.000       1.3206
 395.000       0.7906
 396.000       0.9959
 397.000       1.1094
 398.000       0.7158
 399.000       0.7736
 400.000       0.9036
 401.000       1.1015
 402.000       0.9066
 403.000       0.7625
 404.000       1.0789
 405.000       1.1516
 406.000       0.7200
 407.000       0.8644
 408.000       0.6840
 409.000       0.7988
 410.000       0.6385
 411.000       0.5860
 412.000       0.7255
 413.000       0.9463
 414.000       0.7119
 415.000       0.6198
 416.000       0.7011
 417.000       0.8634
 418.000       0.6909
 419.000       0.7886
 420.000       1.2406
 421.000       0.7042
 422.000       0.7478
 423.000       0.8262
 424.000       0.6450
 425.000       0.9170
 426.000       0.7573
 427.000       0.9904
 428.000       0.7634
 429.000       1.0392
 430.000       0.7064
 431.000       1.0056
 432.000       0.7071
 433.000       1.1803
 434.000       0.8105
 435.000       0.6066
 436.000       0.8238
 437.000       0.5607
 438.000       0.7120
 439.000       0.6656
 440.000       1.3557
 441.000       1.0225
 442.000       0.8781
 443.000       0.6110
 444.000       0.7733
 445.000       0.6629
 446.000       1.3147
 447.000       0.6265
 448.000       0.6467
 449.000       0.9002
 450.000       0.6667
 451.000       0.8176
 452.000       1.2626
 453.000       1.4603
 454.000       1.2274
 455.000       1.5524
 456.000       1.4837
 457.000       1.9210
 458.000       1.9194
 459.000       0.9581
 460.000       1.2203
 461.000       1.1265
 462.000       1.0576
 463.000       1.0451
 464.000       1.1071
 465.000       1.0867
 466.000       0.7315
 467.000       0.6291
 468.000       0.9823
 469.000       1.1500
 470.000       0.8200
 471.000       0.8511
 472.000       0.7520
 473.000       1.0432
 474.000       0.9015
 475.000       0.7425
 476.000       1.0028
 477.000       1.6183
 478.000       0.9234
 479.000       0.8370
 480.000       0.9161
 481.000       0.9714
 482.000       1.0211
 483.000       1.2385
 484.000       1.1470
 485.000       1.1123
 486.000       1.3432
 487.000       2.6431
 488.000       1.3830
 489.000       1.3153
 490.000       1.8106
 491.000       1.3691
 492.000       1.4939
 493.000       1.6264
 494.000       1.1256
 495.000       1.5587
 496.000       1.3079
 497.000       1.2028
 498.000       1.5785
 499.000       1.3231
 500.000       0.9683
 501.000       1.3143
 502.000       1.0752
 503.000       1.0931
 504.000       0.7421
 505.000       1.0578
 506.000       1.0648
 507.000       1.0398
 508.000       0.9666
 509.000       1.2130
 510.000       0.9727
 511.000       1.1642
 512.000       1.2663
 513.000       1.0355
 514.000       1.2175
 515.000       0.8807
 516.000       0.8890
 517.000       1.2695
 518.000       0.9128
 519.000       0.9054
 520.000       1.0917
 521.000       1.2908
 522.000       1.1290
 523.000       1.9199
 524.000       1.5875
 525.000       1.4902
 526.000       1.5799
 527.000       1.9398
 528.000       1.8553
 529.000       1.9600
 530.000       2.5739
 531.000       3.0800
 532.000       2.0631
 533.000       1.7315
 534.000       2.3219
 535.000       2.1452
 536.000       2.1945
 537.000       1.6247
 538.000       2.3796
 539.000       2.0222
 540.000       2.6625
 541.000       3.1998
 542.000       4.8570
 543.000       6.2958
 544.000       8.1816
 545.000       3.5564
 546.000       0.9479
 547.000       0.7724
 548.000       1.4872
 549.000      51.7403
 550.000      51.7568
 551.000      51.1313
 552.000      51.3326
 553.000      50.9864
 554.000      51.3732
 555.000      51.2842
 556.000      51.0974
 557.000      51.6956
 558.000      52.6590
 559.000      52.2161
 560.000      50.9495
 561.000      52.4826
 562.000      50.2957
 563.000      52.2871
 564.000      51.5265
 565.000      53.2185
 566.000      52.6810
 567.000      50.5770
 568.000       1.1673
 569.000      51.2488
 570.000      50.4077
 571.000      50.3393
 572.000      51.2428
 573.000      51.8614
 574.000      51.2623
 575.000      51.6247
 576.000      49.0976
 577.000      52.3466
 578.000      50.6874
 579.000      50.6987
 580.000      52.1840
 581.000      52.2072
 582.000      51.8995
 583.000      51.0604
 584.000      52.7650
 585.000      51.9041
 586.000      51.9244
 587.000      51.4724
 588.000      51.1353
 589.000      51.0050
 590.000      51.6670
 591.000      52.0137
 592.000      52.7983
 593.000      52.4372
 594.000      51.3776
 595.000      50.0960
 596.000       2.6951
 597.000      53.4314
 598.000      53.1291
 599.000      53.2127
 600.000      53.1345
 601.000      53.3083
 602.000      53.2635
 603.000      52.8439
 604.000      53.1364
 605.000      53.2423
 606.000      53.7932
 607.000      53.5563
 608.000      53.6582
 609.000      52.8884
 610.000      52.7193
 611.000      53.0448
 612.000      53.6827
 613.000      53.0068
 614.000      53.6165
 615.000      54.5969
 616.000      52.3684
 617.000      53.3705
 618.000      53.5858
 619.000      53.2244
 620.000      52.7206
 621.000      53.1670
 622.000      52.7729
 623.000      53.2167
 624.000      53.9833
 625.000      53.8824
 626.000      53.0600
 627.000      53.3561
 628.000      53.3466
 629.000      53.4060
 630.000      53.1051
 631.000      52.8299
 632.000      53.1921
 633.000      52.9213
 634.000      53.5304
 635.000      53.4640
 636.000      53.3118
 637.000      53.1424
 638.000      52.4721
 639.000      52.4736
 640.000      54.3590
 641.000      53.1432
