#Res        AtomicFlx
   1.000       4.7628
   2.000       2.3558
   3.000       0.8405
   4.000       1.3589
   5.000       0.9893
   6.000       0.8006
   7.000       1.0751
   8.000       1.4768
   9.000       1.7794
  10.000       1.1161
  11.000       0.8702
  12.000       0.6767
  13.000       0.8434
  14.000       0.8035
  15.000       0.5850
  16.000       0.8963
  17.000       0.7562
  18.000       0.5443
  19.000       0.6281
  20.000       0.6138
  21.000       0.7148
  22.000       0.9602
  23.000       1.2865
  24.000       2.1015
  25.000       2.2669
  26.000       1.3547
  27.000       1.1105
  28.000       1.4241
  29.000       0.6587
  30.000       0.7547
  31.000       1.1825
  32.000       0.8509
  33.000       0.9299
  34.000       1.5403
  35.000       1.6376
  36.000       0.9517
  37.000       1.3074
  38.000       1.0275
  39.000       0.9160
  40.000       1.0006
  41.000       0.7720
  42.000       1.0568
  43.000       0.9987
  44.000       0.8052
  45.000       0.7511
  46.000       1.2459
  47.000       1.0803
  48.000       0.9642
  49.000       0.8008
  50.000       1.1237
  51.000       1.4085
  52.000       0.7349
  53.000       0.5999
  54.000       0.7903
  55.000       0.6585
  56.000       0.9685
  57.000       0.8243
  58.000       0.7466
  59.000       0.7910
  60.000       0.4719
  61.000       0.7017
  62.000       0.6559
  63.000       0.9059
  64.000       0.5191
  65.000       0.6384
  66.000       0.9356
  67.000       0.6635
  68.000       1.5200
  69.000       0.7724
  70.000       0.4730
  71.000       0.6031
  72.000       0.6200
  73.000       0.5366
  74.000       0.6846
  75.000       0.7596
  76.000       1.1731
  77.000       0.8873
  78.000       1.1511
  79.000       0.7676
  80.000       1.1915
  81.000       1.0188
  82.000       0.6790
  83.000       0.5669
  84.000       0.8418
  85.000       0.5043
  86.000       0.9350
  87.000       0.6313
  88.000       0.6001
  89.000       0.6657
  90.000       0.8677
  91.000       0.7641
  92.000       0.5213
  93.000       0.7917
  94.000       0.6220
  95.000       0.6859
  96.000       0.6671
  97.000       0.9402
  98.000       1.1172
  99.000       0.8823
 100.000       0.7961
 101.000       0.8770
 102.000       0.8009
 103.000       0.8115
 104.000       0.6451
 105.000       0.6512
 106.000       0.6840
 107.000       0.9953
 108.000       0.8559
 109.000       0.9368
 110.000       0.7727
 111.000       1.1841
 112.000       0.8396
 113.000       0.8709
 114.000       1.3250
 115.000       1.1634
 116.000       1.7615
 117.000       1.8945
 118.000       1.0489
 119.000       1.0255
 120.000       0.9509
 121.000       1.3804
 122.000       1.6219
 123.000       1.3570
 124.000       2.7904
 125.000       1.5810
 126.000       1.6555
 127.000       1.8065
 128.000       1.3131
 129.000       2.1560
 130.000       2.6737
 131.000       3.1106
 132.000       1.9669
 133.000       2.9773
 134.000       4.3333
 135.000       4.6978
 136.000       6.7582
 137.000       7.4252
 138.000       8.2576
 139.000      10.0145
 140.000      10.5559
 141.000      10.6754
 142.000      10.8064
 143.000      11.3444
 144.000       9.8661
 145.000       8.5845
 146.000       7.8545
 147.000       8.0584
 148.000       6.5850
 149.000       6.9779
 150.000       4.9983
 151.000       3.7458
 152.000       2.4211
 153.000       2.2264
 154.000       1.2173
 155.000       0.9965
 156.000       0.8471
 157.000       0.8664
 158.000       1.1101
 159.000       0.8706
 160.000       0.7925
 161.000       1.1949
 162.000       1.6485
 163.000       1.0329
 164.000       0.9140
 165.000       0.8971
 166.000       1.5542
 167.000       1.1740
 168.000       2.3039
 169.000       2.5065
 170.000       2.1078
 171.000       3.4162
 172.000       1.1989
 173.000       1.2598
 174.000       1.6990
 175.000       1.5315
 176.000       1.1354
 177.000       0.9363
 178.000       1.1990
 179.000       0.9877
 180.000       1.6125
 181.000       2.1760
 182.000       1.6324
 183.000       1.1707
 184.000       0.7423
 185.000       0.7521
 186.000       0.7032
 187.000       0.8111
 188.000       0.8278
 189.000       1.1723
 190.000       0.9195
 191.000       0.9111
 192.000       0.9143
 193.000       1.2386
 194.000       1.2489
 195.000       1.2406
 196.000       1.4167
 197.000       1.2731
 198.000       1.2847
 199.000       1.3772
 200.000       1.4242
 201.000       1.1016
 202.000       1.2275
 203.000       1.6492
 204.000       1.2837
 205.000       1.0961
 206.000       0.9607
 207.000       1.5769
 208.000       1.0706
 209.000       1.0496
 210.000       1.7760
 211.000       1.1209
 212.000       0.9623
 213.000       1.2051
 214.000       1.1645
 215.000       1.6316
 216.000       0.9224
 217.000       1.1454
 218.000       1.0628
 219.000       0.8536
 220.000       0.9624
 221.000       0.8340
 222.000       0.7978
 223.000       0.9967
 224.000       1.0409
 225.000       1.2632
 226.000       0.8369
 227.000       0.7584
 228.000       1.2080
 229.000       0.9871
 230.000       0.9658
 231.000       1.0395
 232.000       0.8974
 233.000       0.8782
 234.000       1.1159
 235.000       1.1540
 236.000       0.8067
 237.000       1.0690
 238.000       1.5229
 239.000       0.9890
 240.000       0.7921
 241.000       1.0725
 242.000       1.2135
 243.000       1.4444
 244.000       1.7787
 245.000       1.9015
 246.000       2.6640
 247.000       1.8100
 248.000       1.4089
 249.000       1.3120
 250.000       1.5785
 251.000       1.0503
 252.000       1.1370
 253.000       1.1600
 254.000       0.8641
 255.000       0.9560
 256.000       0.9110
 257.000       0.7174
 258.000       0.6957
 259.000       0.8868
 260.000       0.7506
 261.000       0.7154
 262.000       0.8149
 263.000       1.3990
 264.000       0.9871
 265.000       0.9829
 266.000       0.5994
 267.000       0.6109
 268.000       0.4606
 269.000       0.5758
 270.000       0.4355
 271.000       0.5422
 272.000       0.5504
 273.000       0.5585
 274.000       0.5196
 275.000       0.6697
 276.000       0.4445
 277.000       0.5258
 278.000       1.0055
 279.000       0.8988
 280.000       1.4589
 281.000       1.0765
 282.000       0.9313
 283.000       1.1105
 284.000       0.8880
 285.000       0.8905
 286.000       1.1406
 287.000       2.0079
 288.000       0.9207
 289.000       0.6532
 290.000       0.8028
 291.000       0.8212
 292.000       0.7452
 293.000       0.7094
 294.000       0.6229
 295.000       0.8793
 296.000       0.6795
 297.000       0.7449
 298.000       0.9559
 299.000       0.8438
 300.000       0.7139
 301.000       1.0083
 302.000       0.7646
 303.000       0.8013
 304.000       0.6834
 305.000       1.2033
 306.000       0.8412
 307.000       0.7349
 308.000       0.7736
 309.000       0.7626
 310.000       1.0819
 311.000       0.8975
 312.000       0.7918
 313.000       0.9213
 314.000       0.9984
 315.000       0.9497
 316.000       1.6103
 317.000       1.4484
 318.000       1.2572
 319.000       1.2820
 320.000       1.2822
 321.000       1.1227
 322.000       1.2982
 323.000       1.0643
 324.000       1.3367
 325.000       1.1824
 326.000       1.1445
 327.000       1.5811
 328.000       1.6620
 329.000       1.0949
 330.000       1.0702
 331.000       1.0211
 332.000       1.3603
 333.000       1.4149
 334.000       0.7819
 335.000       0.8955
 336.000       0.9768
 337.000       1.5315
 338.000       0.8780
 339.000       1.0764
 340.000       0.9024
 341.000       1.3219
 342.000       1.1784
 343.000       1.1959
 344.000       1.0046
 345.000       1.0254
 346.000       1.1953
 347.000       0.7894
 348.000       0.9546
 349.000       0.8189
 350.000       0.7681
 351.000       0.7412
 352.000       0.7801
 353.000       0.9142
 354.000       0.9949
 355.000       0.7423
 356.000       0.8956
 357.000       0.9158
 358.000       1.0124
 359.000       1.1201
 360.000       0.8399
 361.000       1.0763
 362.000       0.6282
 363.000       0.9618
 364.000       0.5605
 365.000       0.5482
 366.000       0.6205
 367.000       1.3883
 368.000       0.6122
 369.000       0.5888
 370.000       0.8964
 371.000       1.2086
 372.000       0.9250
 373.000       0.8658
 374.000       0.9416
 375.000       0.9113
 376.000       0.5628
 377.000       0.7224
 378.000       0.8185
 379.000       0.7635
 380.000       0.6607
 381.000       0.7647
 382.000       1.5589
 383.000       1.2188
 384.000       0.8989
 385.000       1.1879
 386.000       2.0573
 387.000       1.3183
 388.000       1.6006
 389.000       1.6046
 390.000       1.4703
 391.000       0.8910
 392.000       0.9960
 393.000       1.2448
 394.000       1.4973
 395.000       0.9752
 396.000       1.1997
 397.000       1.2719
 398.000       0.8587
 399.000       0.8737
 400.000       0.9859
 401.000       1.2218
 402.000       1.1484
 403.000       0.8552
 404.000       1.0957
 405.000       1.1593
 406.000       0.7054
 407.000       0.9326
 408.000       0.7430
 409.000       0.9255
 410.000       0.7392
 411.000       0.6773
 412.000       0.8090
 413.000       0.9224
 414.000       0.7737
 415.000       0.9249
 416.000       0.7295
 417.000       0.9366
 418.000       0.7911
 419.000       0.8864
 420.000       1.0318
 421.000       0.7330
 422.000       0.6844
 423.000       0.7202
 424.000       0.7626
 425.000       1.0041
 426.000       0.6549
 427.000       0.7229
 428.000       0.7394
 429.000       1.3700
 430.000       0.5578
 431.000       0.7762
 432.000       0.6379
 433.000       0.9722
 434.000       0.7492
 435.000       0.6076
 436.000       0.8323
 437.000       0.5842
 438.000       0.7596
 439.000       0.7418
 440.000       0.8331
 441.000       1.1410
 442.000       0.6776
 443.000       0.6306
 444.000       0.9420
 445.000       0.6738
 446.000       1.1331
 447.000       0.6531
 448.000       0.6328
 449.000       0.9395
 450.000       0.6901
 451.000       0.7767
 452.000       1.2132
 453.000       1.4222
 454.000       0.9167
 455.000       1.0460
 456.000       1.0212
 457.000       1.8958
 458.000       1.8835
 459.000       0.9184
 460.000       1.1213
 461.000       1.2601
 462.000       2.7227
 463.000       1.3519
 464.000       0.9239
 465.000       1.2227
 466.000       0.8400
 467.000       0.6411
 468.000       0.8261
 469.000       1.2594
 470.000       0.8535
 471.000       0.8276
 472.000       0.7461
 473.000       1.0028
 474.000       0.7353
 475.000       0.8072
 476.000       0.8870
 477.000       0.8297
 478.000       0.9291
 479.000       0.9143
 480.000       0.9680
 481.000       1.2206
 482.000       1.1126
 483.000       1.4541
 484.000       1.5245
 485.000       1.7733
 486.000       2.8173
 487.000       3.3776
 488.000       1.8426
 489.000       1.3071
 490.000       1.6582
 491.000       1.4156
 492.000       1.7453
 493.000       1.7910
 494.000       1.3609
 495.000       1.6849
 496.000       1.2243
 497.000       1.0634
 498.000       1.4643
 499.000       1.1687
 500.000       0.9142
 501.000       1.2583
 502.000       0.9554
 503.000       1.0336
 504.000       0.7667
 505.000       1.2276
 506.000       0.8878
 507.000       0.8961
 508.000       0.8421
 509.000       0.9092
 510.000       0.6809
 511.000       0.7452
 512.000       1.0562
 513.000       0.8916
 514.000       0.9306
 515.000       0.8378
 516.000       0.8750
 517.000       1.3538
 518.000       0.8584
 519.000       0.8154
 520.000       0.9596
 521.000       1.3104
 522.000       0.8980
 523.000       1.3104
 524.000       1.3167
 525.000       1.2631
 526.000       1.1931
 527.000       1.5133
 528.000       1.6701
 529.000       1.7566
 530.000       2.0395
 531.000       2.5450
 532.000       1.6823
 533.000       1.3059
 534.000       1.6093
 535.000       1.4178
 536.000       1.5448
 537.000       1.0599
 538.000       1.5624
 539.000       0.9269
 540.000       0.8889
 541.000       1.1488
 542.000       2.9642
 543.000       4.3690
 544.000       7.4029
 545.000       5.8947
 546.000       0.6930
 547.000       0.5352
 548.000      34.3320
 549.000      52.0532
 550.000      51.4858
 551.000      51.0421
 552.000      53.2565
 553.000      51.5669
 554.000      50.9230
 555.000      52.0159
 556.000      51.7529
 557.000      52.7116
 558.000      50.5259
 559.000      52.5128
 560.000      51.8356
 561.000      52.1252
 562.000      52.6577
 563.000      51.8423
 564.000      51.7724
 565.000      52.7741
 566.000      51.3825
 567.000      52.8675
 568.000      52.4351
 569.000      52.3920
 570.000      50.9952
 571.000      52.0525
 572.000      51.4269
 573.000      51.2159
 574.000      52.1478
 575.000      51.4913
 576.000      51.7317
 577.000      50.6973
 578.000      52.8068
 579.000      53.0956
 580.000      50.8850
 581.000      52.1813
 582.000      51.7407
 583.000      50.9873
 584.000      51.7024
 585.000      51.2498
 586.000      52.1934
 587.000      10.1014
 588.000      50.8856
 589.000      51.4759
 590.000      50.2688
 591.000      51.0149
 592.000      52.4077
 593.000      52.6901
 594.000      51.1896
 595.000      51.2585
 596.000      34.1841
 597.000      52.8162
 598.000      53.5738
 599.000      53.8490
 600.000      52.2542
 601.000      52.7385
 602.000      53.3867
 603.000      52.7754
 604.000      53.9703
 605.000      53.5448
 606.000      52.3330
 607.000      52.8952
 608.000      53.5181
 609.000      53.2070
 610.000      53.5208
 611.000      53.4483
 612.000      52.4059
 613.000      53.1900
 614.000      52.5437
 615.000      53.1140
 616.000      53.2795
 617.000      53.2152
 618.000      54.0734
 619.000      53.1687
 620.000      52.8095
 621.000      52.7707
 622.000      53.3410
 623.000      53.8632
 624.000      52.6665
 625.000      53.4517
 626.000      53.3470
 627.000      53.1518
 628.000      52.7837
 629.000      52.2915
 630.000      53.7140
 631.000      53.0666
 632.000      53.0513
 633.000      53.1124
 634.000      53.3643
 635.000      52.7755
 636.000      53.6117
 637.000      53.9952
 638.000      53.3071
 639.000      52.9265
 640.000      53.2999
 641.000      53.0050
