#Res        AtomicFlx
   1.000       7.8747
   2.000       5.8574
   3.000       4.7049
   4.000       3.1735
   5.000       1.9069
   6.000       1.4195
   7.000       1.5426
   8.000       1.6060
   9.000       1.4031
  10.000       1.3718
  11.000       1.1474
  12.000       0.8624
  13.000       1.1025
  14.000       1.1448
  15.000       0.8723
  16.000       0.8972
  17.000       0.7310
  18.000       0.5974
  19.000       0.5951
  20.000       0.6397
  21.000       0.7990
  22.000       0.6914
  23.000       0.8942
  24.000       0.7070
  25.000       0.6028
  26.000       1.1398
  27.000       1.8079
  28.000       1.1248
  29.000       0.7034
  30.000       0.7612
  31.000       1.1082
  32.000       0.8983
  33.000       1.0049
  34.000       0.9183
  35.000       1.5112
  36.000       1.0814
  37.000       1.3808
  38.000       1.1722
  39.000       1.1435
  40.000       1.1689
  41.000       0.8996
  42.000       1.0274
  43.000       1.0630
  44.000       0.9249
  45.000       0.7516
  46.000       1.3794
  47.000       1.2007
  48.000       1.2148
  49.000       0.8662
  50.000       1.1049
  51.000       1.2612
  52.000       0.7849
  53.000       0.6108
  54.000       0.6578
  55.000       0.6426
  56.000       0.7815
  57.000       0.7942
  58.000       0.7153
  59.000       0.9041
  60.000       0.7339
  61.000       0.8573
  62.000       0.7443
  63.000       1.0248
  64.000       0.5920
  65.000       0.9464
  66.000       0.9580
  67.000       0.8169
  68.000       1.5575
  69.000       0.9472
  70.000       0.8179
  71.000       0.9541
  72.000       0.9766
  73.000       0.8350
  74.000       0.8883
  75.000       0.9909
  76.000       1.1949
  77.000       1.4575
  78.000       0.9986
  79.000       1.0160
  80.000       1.2674
  81.000       1.1627
  82.000       0.8942
  83.000       0.6740
  84.000       0.8008
  85.000       0.6529
  86.000       0.9507
  87.000       0.7520
  88.000       0.7159
  89.000       0.7804
  90.000       0.9865
  91.000       1.0512
  92.000       0.5263
  93.000       0.9417
  94.000       0.9721
  95.000       0.7062
  96.000       0.5581
  97.000       0.6743
  98.000       1.0024
  99.000       1.0845
 100.000       0.9602
 101.000       0.8022
 102.000       0.8968
 103.000       0.9883
 104.000       0.7864
 105.000       2.0291
 106.000       0.8661
 107.000       0.8854
 108.000       0.9764
 109.000       1.1162
 110.000       0.9226
 111.000       1.1798
 112.000       0.9228
 113.000       1.0585
 114.000       1.5968
 115.000       1.1618
 116.000       1.6006
 117.000       1.5623
 118.000       1.0816
 119.000       0.9832
 120.000       1.0908
 121.000       1.4700
 122.000       1.4278
 123.000       1.4312
 124.000       2.7909
 125.000       2.0034
 126.000       1.7571
 127.000       2.3800
 128.000       1.3993
 129.000       1.6639
 130.000       2.1321
 131.000       2.3427
 132.000       1.5859
 133.000       1.9594
 134.000       2.1843
 135.000       2.8958
 136.000       4.7768
 137.000       6.2803
 138.000       8.5597
 139.000      11.0564
 140.000      11.2142
 141.000      12.8231
 142.000      12.9396
 143.000      13.3584
 144.000      12.0550
 145.000      11.8379
 146.000      10.8181
 147.000      10.5123
 148.000       8.4507
 149.000       6.7894
 150.000       5.3450
 151.000       5.0772
 152.000       2.6222
 153.000       2.1190
 154.000       1.6760
 155.000       1.1112
 156.000       1.0412
 157.000       1.0113
 158.000       1.2802
 159.000       1.0585
 160.000       1.0232
 161.000       1.3807
 162.000       1.6314
 163.000       1.2226
 164.000       1.2671
 165.000       1.1892
 166.000       1.3760
 167.000       1.2468
 168.000       1.8169
 169.000       1.5865
 170.000       1.4774
 171.000       2.4971
 172.000       1.7867
 173.000       2.1382
 174.000       1.8145
 175.000       1.6843
 176.000       1.1135
 177.000       0.9199
 178.000       1.0191
 179.000       0.8768
 180.000       0.9198
 181.000       2.3986
 182.000       1.4229
 183.000       0.8828
 184.000       0.7913
 185.000       0.8333
 186.000       0.7934
 187.000       0.8220
 188.000       0.9091
 189.000       1.2429
 190.000       0.9231
 191.000       0.9200
 192.000       1.0207
 193.000       1.2116
 194.000       1.1308
 195.000       1.3137
 196.000       1.9710
 197.000       1.3085
 198.000       1.3743
 199.000       1.7904
 200.000       2.3400
 201.000       2.0168
 202.000       3.5153
 203.000       3.7012
 204.000       3.1584
 205.000       2.9032
 206.000       1.7807
 207.000       2.3334
 208.000       1.5997
 209.000       1.9660
 210.000       2.0659
 211.000       1.5895
 212.000       1.2306
 213.000       1.3830
 214.000       1.3428
 215.000       2.0039
 216.000       0.9179
 217.000       1.1260
 218.000       1.0754
 219.000       0.9142
 220.000       1.1067
 221.000       1.0206
 222.000       0.9682
 223.000       1.0906
 224.000       1.2690
 225.000       1.4873
 226.000       1.1324
 227.000       1.0341
 228.000       1.3319
 229.000       1.2319
 230.000       1.2657
 231.000       1.3559
 232.000       1.2109
 233.000       1.1630
 234.000       1.4758
 235.000       1.3962
 236.000       1.0700
 237.000       1.3125
 238.000       1.8219
 239.000       1.1880
 240.000       0.9327
 241.000       1.3011
 242.000       1.3905
 243.000       1.5000
 244.000       1.8640
 245.000       2.4055
 246.000       2.8358
 247.000       1.7639
 248.000       1.5427
 249.000       1.7581
 250.000       1.8850
 251.000       1.3906
 252.000       1.4807
 253.000       1.3343
 254.000       1.1359
 255.000       1.2667
 256.000       1.0681
 257.000       0.8153
 258.000       0.8587
 259.000       1.0637
 260.000       0.6427
 261.000       0.9434
 262.000       1.0121
 263.000       1.0089
 264.000       0.5924
 265.000       0.8846
 266.000       0.6590
 267.000       0.9383
 268.000       0.5950
 269.000       0.9625
 270.000       0.5696
 271.000       0.6421
 272.000       0.6905
 273.000       0.8667
 274.000       0.6581
 275.000       0.9816
 276.000       0.6189
 277.000       0.7407
 278.000       1.4018
 279.000       0.9047
 280.000       1.5260
 281.000       1.3332
 282.000       1.2049
 283.000       1.1203
 284.000       0.9602
 285.000       1.0054
 286.000       0.7452
 287.000       1.7757
 288.000       0.8378
 289.000       0.6453
 290.000       0.7441
 291.000       0.7708
 292.000       0.6145
 293.000       0.7842
 294.000       0.6182
 295.000       0.8699
 296.000       0.5749
 297.000       0.7996
 298.000       1.0273
 299.000       0.6762
 300.000       0.6008
 301.000       1.1597
 302.000       0.8227
 303.000       0.8000
 304.000       0.7548
 305.000       1.2489
 306.000       1.0530
 307.000       0.9266
 308.000       1.1762
 309.000       0.9801
 310.000       1.2347
 311.000       1.3366
 312.000       1.1054
 313.000       1.2486
 314.000       1.3203
 315.000       1.2891
 316.000       1.9522
 317.000       1.8872
 318.000       1.6703
 319.000       1.6783
 320.000       1.6817
 321.000       1.5488
 322.000       1.5308
 323.000       1.2784
 324.000       1.5968
 325.000       1.3213
 326.000       1.4768
 327.000       2.3345
 328.000       2.6264
 329.000       1.9731
 330.000       1.9511
 331.000       0.9920
 332.000       1.0805
 333.000       1.3522
 334.000       1.7237
 335.000       0.9438
 336.000       0.9846
 337.000       1.3994
 338.000       1.1120
 339.000       1.3445
 340.000       1.0551
 341.000       1.5810
 342.000       1.6553
 343.000       1.7071
 344.000       1.3300
 345.000       1.1014
 346.000       1.2842
 347.000       1.0209
 348.000       1.1210
 349.000       1.0117
 350.000       1.0445
 351.000       0.9446
 352.000       0.9583
 353.000       1.1844
 354.000       1.0330
 355.000       0.9258
 356.000       1.0950
 357.000       0.9869
 358.000       1.0877
 359.000       1.2046
 360.000       0.8384
 361.000       1.2082
 362.000       0.8235
 363.000       1.0846
 364.000       0.8217
 365.000       0.6902
 366.000       0.7411
 367.000       1.6128
 368.000       0.6458
 369.000       0.5847
 370.000       0.8929
 371.000       0.9575
 372.000       0.6518
 373.000       1.0131
 374.000       0.9639
 375.000       1.0270
 376.000       0.8120
 377.000       0.8898
 378.000       0.9630
 379.000       1.2391
 380.000       1.2429
 381.000       1.3174
 382.000       1.7539
 383.000       1.3322
 384.000       0.9961
 385.000       1.3685
 386.000       1.9598
 387.000       1.2877
 388.000       1.7617
 389.000       1.4982
 390.000       1.4720
 391.000       0.8718
 392.000       1.0125
 393.000       1.3872
 394.000       1.6168
 395.000       0.9279
 396.000       0.9133
 397.000       1.3981
 398.000       0.8440
 399.000       0.7095
 400.000       1.0021
 401.000       1.2782
 402.000       1.3733
 403.000       0.7060
 404.000       1.0802
 405.000       1.4649
 406.000       0.7920
 407.000       0.8239
 408.000       0.8130
 409.000       0.9800
 410.000       0.8351
 411.000       0.7883
 412.000       0.9703
 413.000       1.2060
 414.000       0.9535
 415.000       1.1163
 416.000       1.0430
 417.000       1.3385
 418.000       1.2387
 419.000       1.0767
 420.000       1.5431
 421.000       1.3825
 422.000       1.8739
 423.000       2.0210
 424.000       1.6581
 425.000       1.3499
 426.000       1.0909
 427.000       1.3362
 428.000       1.0750
 429.000       1.3995
 430.000       0.7845
 431.000       1.0297
 432.000       0.8119
 433.000       1.2337
 434.000       0.8754
 435.000       0.7524
 436.000       0.9537
 437.000       0.7769
 438.000       1.0240
 439.000       0.9484
 440.000       1.3597
 441.000       1.4059
 442.000       1.4115
 443.000       0.9026
 444.000       0.9828
 445.000       0.9082
 446.000       1.3317
 447.000       1.0524
 448.000       0.8866
 449.000       1.1298
 450.000       1.0493
 451.000       0.9993
 452.000       1.3027
 453.000       1.6099
 454.000       1.2647
 455.000       1.5938
 456.000       1.5739
 457.000       2.1194
 458.000       1.7037
 459.000       0.9952
 460.000       1.0520
 461.000       1.0876
 462.000       0.9824
 463.000       0.7760
 464.000       0.8990
 465.000       1.1116
 466.000       0.7546
 467.000       0.7309
 468.000       1.3479
 469.000       1.2518
 470.000       0.9700
 471.000       0.8517
 472.000       0.8678
 473.000       1.1784
 474.000       1.7220
 475.000       1.0765
 476.000       1.0939
 477.000       1.5240
 478.000       1.2555
 479.000       1.0910
 480.000       1.1320
 481.000       1.1863
 482.000       1.2173
 483.000       1.5524
 484.000       1.6468
 485.000       1.6909
 486.000       2.3332
 487.000       2.9267
 488.000       2.0025
 489.000       1.5610
 490.000       2.0021
 491.000       1.8124
 492.000       2.3770
 493.000       2.3412
 494.000       2.0193
 495.000       2.0869
 496.000       1.6369
 497.000       1.5783
 498.000       2.0332
 499.000       2.7876
 500.000       1.2144
 501.000       1.6500
 502.000       1.5319
 503.000       1.7428
 504.000       0.9805
 505.000       1.5689
 506.000       1.7721
 507.000       1.6801
 508.000       1.0222
 509.000       1.5838
 510.000       1.8121
 511.000       1.3274
 512.000       1.6140
 513.000       1.5018
 514.000       1.5418
 515.000       1.1703
 516.000       1.1736
 517.000       1.5174
 518.000       1.1471
 519.000       1.0332
 520.000       1.2910
 521.000       1.4892
 522.000       1.2165
 523.000       1.9692
 524.000       1.6799
 525.000       1.5276
 526.000       1.5044
 527.000       1.8569
 528.000       1.9881
 529.000       2.1041
 530.000       2.5102
 531.000       2.7087
 532.000       2.0205
 533.000       1.6542
 534.000       1.9184
 535.000       1.6830
 536.000       1.8086
 537.000       1.2555
 538.000       1.7393
 539.000       1.2496
 540.000       1.4162
 541.000       1.9711
 542.000       3.7193
 543.000       5.6734
 544.000       7.6176
 545.000       4.3627
 546.000       0.8429
 547.000       0.6497
 548.000       0.5617
 549.000      52.2998
 550.000      50.8052
 551.000      51.2930
 552.000      50.4525
 553.000      51.8960
 554.000      52.3243
 555.000      50.3223
 556.000      51.6526
 557.000      51.4374
 558.000      52.3508
 559.000      51.9757
 560.000      51.7775
 561.000      50.7873
 562.000      52.0314
 563.000      52.4129
 564.000      52.4044
 565.000      51.0991
 566.000      52.7140
 567.000      53.5848
 568.000      52.2157
 569.000      52.2820
 570.000      51.4367
 571.000      51.8599
 572.000      50.7690
 573.000      51.7475
 574.000      50.7799
 575.000      50.9154
 576.000      52.4399
 577.000      47.2048
 578.000      52.3642
 579.000      52.1080
 580.000      52.6520
 581.000      51.2154
 582.000      51.3024
 583.000      52.4574
 584.000      50.9491
 585.000      52.0602
 586.000      51.7994
 587.000      51.5105
 588.000      52.9149
 589.000      52.6410
 590.000      52.8152
 591.000      51.8752
 592.000      52.6585
 593.000      51.4781
 594.000      51.7166
 595.000      52.4170
 596.000       0.6470
 597.000      54.1105
 598.000      53.6473
 599.000      53.0948
 600.000      54.0081
 601.000      53.1339
 602.000      53.8201
 603.000      52.9323
 604.000      53.7864
 605.000      54.0012
 606.000      53.6707
 607.000      53.1651
 608.000      53.8316
 609.000      53.4013
 610.000      53.2923
 611.000      52.9493
 612.000      53.5300
 613.000      52.8844
 614.000      53.6552
 615.000      53.4462
 616.000      53.4572
 617.000      53.4283
 618.000      53.7432
 619.000      53.2537
 620.000      53.5992
 621.000      53.2608
 622.000      53.5095
 623.000      53.5153
 624.000      53.8585
 625.000      53.3444
 626.000      53.4791
 627.000      53.8478
 628.000      53.2361
 629.000      53.4629
 630.000      53.2402
 631.000      53.9922
 632.000      53.4577
 633.000      53.7337
 634.000      53.8309
 635.000      53.4050
 636.000      53.7184
 637.000      53.2039
 638.000      53.2433
 639.000      53.3838
 640.000      53.1229
 641.000      52.7503
