#Res        AtomicFlx
   1.000       4.5240
   2.000       2.3073
   3.000       0.9003
   4.000       1.3598
   5.000       0.9375
   6.000       0.7494
   7.000       0.9942
   8.000       1.6076
   9.000       1.4492
  10.000       1.2836
  11.000       0.9821
  12.000       0.7376
  13.000       1.1539
  14.000       1.1773
  15.000       0.6883
  16.000       0.7451
  17.000       1.0638
  18.000       0.6847
  19.000       0.7994
  20.000       0.8079
  21.000       0.8214
  22.000       0.9904
  23.000       0.9415
  24.000       0.8564
  25.000       0.9401
  26.000       1.1007
  27.000       0.9803
  28.000       1.6334
  29.000       0.8542
  30.000       1.0426
  31.000       1.8720
  32.000       1.2609
  33.000       1.2627
  34.000       2.4687
  35.000       1.7893
  36.000       1.0931
  37.000       1.2833
  38.000       1.0982
  39.000       1.1753
  40.000       1.3232
  41.000       1.0654
  42.000       1.3031
  43.000       1.1792
  44.000       0.9185
  45.000       1.0675
  46.000       1.5211
  47.000       1.2464
  48.000       1.0980
  49.000       0.9798
  50.000       1.0523
  51.000       1.3842
  52.000       0.8437
  53.000       0.7456
  54.000       1.1274
  55.000       0.6825
  56.000       1.0094
  57.000       0.6195
  58.000       0.9093
  59.000       0.8445
  60.000       0.6236
  61.000       0.6793
  62.000       0.6268
  63.000       0.8909
  64.000       0.5691
  65.000       0.8243
  66.000       0.7060
  67.000       0.7007
  68.000       0.7732
  69.000       0.8127
  70.000       0.5809
  71.000       0.7142
  72.000       0.7407
  73.000       0.6579
  74.000       0.8447
  75.000       1.0559
  76.000       1.3262
  77.000       1.2494
  78.000       1.1123
  79.000       1.2077
  80.000       1.2569
  81.000       1.1473
  82.000       1.1248
  83.000       0.6502
  84.000       0.9269
  85.000       0.6193
  86.000       1.0006
  87.000       0.7536
  88.000       0.7548
  89.000       1.0582
  90.000       1.0136
  91.000       1.1007
  92.000       0.7149
  93.000       1.0357
  94.000       0.9780
  95.000       0.8023
  96.000       0.7021
  97.000       1.4084
  98.000       1.0875
  99.000       1.2029
 100.000       0.7353
 101.000       0.7832
 102.000       0.9962
 103.000       0.8632
 104.000       0.6397
 105.000       0.6644
 106.000       0.6493
 107.000       0.9861
 108.000       0.7739
 109.000       0.6864
 110.000       0.7550
 111.000       1.1839
 112.000       0.8262
 113.000       0.7109
 114.000       1.2678
 115.000       1.0782
 116.000       1.5210
 117.000       1.9681
 118.000       1.0514
 119.000       1.0383
 120.000       0.8526
 121.000       1.4168
 122.000       1.6555
 123.000       1.5997
 124.000       2.2377
 125.000       1.5523
 126.000       1.8990
 127.000       1.4867
 128.000       1.4889
 129.000       2.0582
 130.000       2.7637
 131.000       3.3299
 132.000       2.1775
 133.000       2.5499
 134.000       2.7165
 135.000       3.1093
 136.000       4.9003
 137.000       5.8200
 138.000       5.3398
 139.000       5.4941
 140.000       5.8838
 141.000       6.6403
 142.000       6.7446
 143.000       7.4588
 144.000       6.4875
 145.000       5.9514
 146.000       5.3893
 147.000       5.8674
 148.000       3.9792
 149.000       4.1942
 150.000       3.6669
 151.000       4.7915
 152.000       2.5163
 153.000       1.7579
 154.000       1.1547
 155.000       0.8599
 156.000       0.7470
 157.000       0.7443
 158.000       1.0598
 159.000       0.8084
 160.000       0.7148
 161.000       1.1960
 162.000       1.4493
 163.000       0.9094
 164.000       0.9326
 165.000       0.9535
 166.000       1.5652
 167.000       1.1226
 168.000       2.0905
 169.000       2.2781
 170.000       2.5804
 171.000       3.1410
 172.000       1.7441
 173.000       1.8018
 174.000       2.0399
 175.000       1.5028
 176.000       1.3501
 177.000       0.9997
 178.000       1.1644
 179.000       0.9471
 180.000       1.5266
 181.000       2.0807
 182.000       1.3955
 183.000       1.1187
 184.000       0.7414
 185.000       0.7442
 186.000       0.6657
 187.000       0.7765
 188.000       0.8430
 189.000       1.0791
 190.000       0.8373
 191.000       0.8357
 192.000       0.8951
 193.000       1.0552
 194.000       1.1569
 195.000       1.0010
 196.000       1.4088
 197.000       1.0478
 198.000       1.0196
 199.000       1.3506
 200.000       1.7725
 201.000       1.1608
 202.000       1.0908
 203.000       1.5455
 204.000       1.2468
 205.000       1.1548
 206.000       1.0827
 207.000       1.8987
 208.000       1.4796
 209.000       1.4463
 210.000       1.6006
 211.000       1.9110
 212.000       1.7157
 213.000       1.7964
 214.000       2.1592
 215.000       1.9661
 216.000       0.9904
 217.000       1.4752
 218.000       1.0932
 219.000       0.9124
 220.000       1.2538
 221.000       1.0494
 222.000       0.9503
 223.000       1.2202
 224.000       1.3393
 225.000       1.4513
 226.000       1.0772
 227.000       1.0145
 228.000       1.4219
 229.000       1.2677
 230.000       1.1201
 231.000       1.0809
 232.000       0.8530
 233.000       0.9172
 234.000       1.3248
 235.000       1.1916
 236.000       0.8184
 237.000       1.1311
 238.000       1.7002
 239.000       1.0573
 240.000       0.7936
 241.000       1.1837
 242.000       1.2058
 243.000       1.4809
 244.000       1.7776
 245.000       2.5576
 246.000       2.8932
 247.000       1.8213
 248.000       1.5540
 249.000       1.6088
 250.000       1.7014
 251.000       1.3377
 252.000       1.3899
 253.000       1.1773
 254.000       1.2665
 255.000       1.3278
 256.000       1.1332
 257.000       0.8743
 258.000       0.9166
 259.000       1.1263
 260.000       1.1313
 261.000       0.8736
 262.000       1.1845
 263.000       1.2266
 264.000       0.9074
 265.000       0.9833
 266.000       0.6502
 267.000       0.7825
 268.000       0.6688
 269.000       0.6629
 270.000       0.5252
 271.000       0.6387
 272.000       0.6379
 273.000       0.6218
 274.000       0.6338
 275.000       0.8768
 276.000       0.5263
 277.000       0.6287
 278.000       0.8455
 279.000       0.8265
 280.000       1.4680
 281.000       1.1350
 282.000       1.1410
 283.000       1.3019
 284.000       1.2449
 285.000       1.3191
 286.000       1.5146
 287.000       1.9068
 288.000       1.1341
 289.000       0.7834
 290.000       1.0086
 291.000       0.9587
 292.000       0.7783
 293.000       0.7566
 294.000       0.7961
 295.000       0.9274
 296.000       0.7062
 297.000       0.8189
 298.000       0.9712
 299.000       0.7131
 300.000       0.8042
 301.000       1.1169
 302.000       0.7817
 303.000       0.7945
 304.000       0.9125
 305.000       1.3553
 306.000       0.9902
 307.000       0.7493
 308.000       0.8773
 309.000       0.9221
 310.000       1.1306
 311.000       0.9663
 312.000       0.7498
 313.000       0.9659
 314.000       0.9512
 315.000       0.8880
 316.000       1.6540
 317.000       1.6434
 318.000       1.6181
 319.000       1.3308
 320.000       1.3218
 321.000       1.0970
 322.000       1.3553
 323.000       1.1369
 324.000       1.4468
 325.000       1.2193
 326.000       1.1595
 327.000       1.3583
 328.000       1.5376
 329.000       1.0986
 330.000       1.0076
 331.000       0.8753
 332.000       1.3029
 333.000       1.1769
 334.000       0.6388
 335.000       0.7472
 336.000       0.8318
 337.000       1.5168
 338.000       0.7746
 339.000       1.1596
 340.000       0.9229
 341.000       1.2352
 342.000       1.2258
 343.000       1.3529
 344.000       1.1581
 345.000       1.1906
 346.000       1.2204
 347.000       0.8389
 348.000       0.8542
 349.000       0.8421
 350.000       0.7968
 351.000       0.6856
 352.000       0.8113
 353.000       1.0198
 354.000       0.9477
 355.000       0.6136
 356.000       1.0043
 357.000       0.9685
 358.000       1.0875
 359.000       1.0610
 360.000       0.9093
 361.000       1.0751
 362.000       0.7366
 363.000       1.2220
 364.000       0.6570
 365.000       0.7818
 366.000       0.7085
 367.000       1.0533
 368.000       0.5623
 369.000       0.5914
 370.000       0.9520
 371.000       1.0319
 372.000       0.5905
 373.000       0.7306
 374.000       0.9138
 375.000       0.8299
 376.000       0.6713
 377.000       0.7776
 378.000       0.8715
 379.000       0.7725
 380.000       0.9007
 381.000       0.9480
 382.000       1.5964
 383.000       1.4056
 384.000       1.1002
 385.000       1.2900
 386.000       2.3632
 387.000       1.3194
 388.000       1.4929
 389.000       1.3739
 390.000       1.3389
 391.000       0.9131
 392.000       0.8102
 393.000       1.0728
 394.000       1.7179
 395.000       0.8995
 396.000       1.0130
 397.000       1.2376
 398.000       0.8220
 399.000       0.7569
 400.000       0.9924
 401.000       1.1252
 402.000       1.0298
 403.000       0.6970
 404.000       1.0061
 405.000       1.2831
 406.000       1.1857
 407.000       1.2099
 408.000       0.9155
 409.000       1.2514
 410.000       0.9771
 411.000       0.8664
 412.000       1.0013
 413.000       1.2918
 414.000       0.9897
 415.000       1.0223
 416.000       1.0820
 417.000       1.3952
 418.000       1.2582
 419.000       1.1645
 420.000       1.4410
 421.000       1.4960
 422.000       1.7340
 423.000       2.4523
 424.000       1.7587
 425.000       1.5505
 426.000       1.0380
 427.000       1.1259
 428.000       1.1053
 429.000       1.9659
 430.000       0.8971
 431.000       1.0732
 432.000       0.9200
 433.000       1.1732
 434.000       0.9389
 435.000       0.8731
 436.000       1.0376
 437.000       0.8663
 438.000       1.0103
 439.000       1.0458
 440.000       1.5010
 441.000       1.3911
 442.000       0.8752
 443.000       0.8687
 444.000       1.1734
 445.000       0.9129
 446.000       1.2741
 447.000       0.7762
 448.000       0.9594
 449.000       1.1305
 450.000       0.7985
 451.000       0.9190
 452.000       1.3633
 453.000       1.6028
 454.000       1.1548
 455.000       1.3591
 456.000       1.3967
 457.000       2.1111
 458.000       2.0196
 459.000       1.1128
 460.000       1.3890
 461.000       1.5226
 462.000       1.4271
 463.000       1.2859
 464.000       1.3788
 465.000       1.5329
 466.000       0.9232
 467.000       0.8771
 468.000       1.6225
 469.000       1.5286
 470.000       1.0215
 471.000       0.9742
 472.000       0.9837
 473.000       1.1825
 474.000       1.0337
 475.000       0.9857
 476.000       1.1410
 477.000       1.6491
 478.000       1.2197
 479.000       1.0598
 480.000       1.0904
 481.000       1.1203
 482.000       1.3172
 483.000       1.5923
 484.000       1.5580
 485.000       1.5119
 486.000       2.1482
 487.000       2.9708
 488.000       1.4940
 489.000       1.4342
 490.000       2.2962
 491.000       1.8510
 492.000       1.8926
 493.000       1.9944
 494.000       2.5617
 495.000       2.2055
 496.000       1.7018
 497.000       1.9140
 498.000       2.2408
 499.000       2.0061
 500.000       1.7653
 501.000       1.9595
 502.000       1.6015
 503.000       1.7598
 504.000       1.4684
 505.000       1.7844
 506.000       1.5179
 507.000       1.8415
 508.000       1.3068
 509.000       1.3323
 510.000       1.6353
 511.000       1.3473
 512.000       1.4319
 513.000       1.4208
 514.000       1.4015
 515.000       0.9569
 516.000       1.0796
 517.000       1.4351
 518.000       1.5093
 519.000       0.9998
 520.000       1.1704
 521.000       1.4565
 522.000       1.3143
 523.000       1.5834
 524.000       1.7323
 525.000       2.3211
 526.000       1.8186
 527.000       2.1762
 528.000       2.2508
 529.000       2.3465
 530.000       2.4373
 531.000       3.0390
 532.000       2.1012
 533.000       1.7222
 534.000       1.8805
 535.000       1.7098
 536.000       2.2066
 537.000       1.5345
 538.000       1.9899
 539.000       1.9464
 540.000       2.3342
 541.000       3.3159
 542.000       4.5979
 543.000       5.0302
 544.000       7.3694
 545.000       5.6888
 546.000       1.1910
 547.000       0.7705
 548.000       1.9463
 549.000      52.8039
 550.000      52.0409
 551.000      52.6729
 552.000      51.5816
 553.000      52.8180
 554.000      51.7210
 555.000      51.3225
 556.000      50.9254
 557.000      51.4813
 558.000      52.4946
 559.000      50.7879
 560.000      51.6949
 561.000      50.1407
 562.000      21.2750
 563.000      52.0334
 564.000      53.2704
 565.000      52.6244
 566.000      51.0044
 567.000      52.1844
 568.000      52.5995
 569.000      53.1503
 570.000      53.0667
 571.000      52.2206
 572.000      51.9772
 573.000      52.3038
 574.000      51.7973
 575.000      51.7031
 576.000      51.4511
 577.000      51.4477
 578.000      50.0840
 579.000      51.5483
 580.000      51.3384
 581.000      51.6049
 582.000      52.4413
 583.000      50.7915
 584.000      50.6674
 585.000      51.8997
 586.000      51.8638
 587.000      51.7807
 588.000      51.7570
 589.000      50.9715
 590.000      52.0587
 591.000      51.1888
 592.000      51.1311
 593.000      52.1387
 594.000      51.8804
 595.000      51.4187
 596.000      33.7580
 597.000      53.1428
 598.000      54.1298
 599.000      52.9736
 600.000      53.8163
 601.000      52.9915
 602.000      54.1586
 603.000      53.5356
 604.000      53.0683
 605.000      53.4153
 606.000      53.2074
 607.000      53.4630
 608.000      52.9820
 609.000      53.6183
 610.000      52.6666
 611.000      53.1938
 612.000      53.2481
 613.000      53.3150
 614.000      52.7261
 615.000      54.1094
 616.000      53.3192
 617.000      52.8733
 618.000      52.7083
 619.000      53.6155
 620.000      53.2543
 621.000      53.2408
 622.000      52.4998
 623.000      51.9518
 624.000      53.8065
 625.000      53.0695
 626.000      52.4381
 627.000      53.6768
 628.000      53.6892
 629.000      53.0389
 630.000      53.3990
 631.000      52.2562
 632.000      52.6648
 633.000      52.6733
 634.000      53.5565
 635.000      53.4230
 636.000      53.4994
 637.000      52.7456
 638.000      53.3038
 639.000      52.5845
 640.000      52.4886
 641.000      52.9247
