#Res        AtomicFlx
   1.000      10.6707
   2.000       8.5115
   3.000       7.5849
   4.000       4.7753
   5.000       4.1532
   6.000       3.0395
   7.000       2.0696
   8.000       2.0892
   9.000       1.5419
  10.000       1.4520
  11.000       1.2974
  12.000       0.7776
  13.000       1.0888
  14.000       0.9810
  15.000       0.7476
  16.000       0.6556
  17.000       0.7691
  18.000       0.5346
  19.000       0.5681
  20.000       0.5820
  21.000       0.6254
  22.000       0.5525
  23.000       0.7322
  24.000       0.6212
  25.000       0.5075
  26.000       1.0583
  27.000       1.2389
  28.000       1.1614
  29.000       0.6213
  30.000       0.6772
  31.000       1.1152
  32.000       0.8590
  33.000       0.8797
  34.000       0.7394
  35.000       1.6754
  36.000       0.8506
  37.000       1.0040
  38.000       0.8251
  39.000       0.8278
  40.000       0.9287
  41.000       0.7373
  42.000       0.9125
  43.000       0.9158
  44.000       0.7888
  45.000       0.6578
  46.000       1.2501
  47.000       1.0431
  48.000       0.9519
  49.000       0.8224
  50.000       1.1453
  51.000       1.1601
  52.000       0.7947
  53.000       0.5945
  54.000       1.1051
  55.000       0.6024
  56.000       0.7532
  57.000       0.7971
  58.000       1.0055
  59.000       0.8727
  60.000       0.5365
  61.000       0.8309
  62.000       0.6402
  63.000       0.9833
  64.000       0.5571
  65.000       0.9725
  66.000       1.0242
  67.000       0.7631
  68.000       0.7016
  69.000       0.9200
  70.000       0.6850
  71.000       0.8640
  72.000       0.7568
  73.000       0.6701
  74.000       0.7422
  75.000       0.6911
  76.000       1.1378
  77.000       1.4559
  78.000       0.8638
  79.000       0.8536
  80.000       1.1658
  81.000       0.9967
  82.000       0.7204
  83.000       0.5973
  84.000       0.7365
  85.000       0.5718
  86.000       0.9505
  87.000       0.7211
  88.000       0.8487
  89.000       0.7919
  90.000       0.8987
  91.000       0.8575
  92.000       0.5522
  93.000       0.9720
  94.000       0.9968
  95.000       0.7365
  96.000       0.6663
  97.000       1.2285
  98.000       1.0500
  99.000       0.9943
 100.000       0.8354
 101.000       0.6934
 102.000       1.0885
 103.000       0.8515
 104.000       0.6378
 105.000       0.8536
 106.000       0.6665
 107.000       0.7919
 108.000       0.8284
 109.000       0.6290
 110.000       0.7281
 111.000       1.0855
 112.000       0.8285
 113.000       0.7458
 114.000       1.3859
 115.000       1.6018
 116.000       2.4079
 117.000       1.9327
 118.000       1.0292
 119.000       0.8568
 120.000       0.9197
 121.000       1.3511
 122.000       1.6672
 123.000       1.4903
 124.000       2.5138
 125.000       1.5631
 126.000       1.6964
 127.000       1.6936
 128.000       1.3096
 129.000       1.9365
 130.000       2.3591
 131.000       2.5069
 132.000       1.6892
 133.000       2.3768
 134.000       3.9154
 135.000       4.0826
 136.000       4.4560
 137.000       4.9483
 138.000       2.9156
 139.000       2.0712
 140.000       1.2345
 141.000       1.1285
 142.000       1.2793
 143.000       2.9549
 144.000       2.7533
 145.000       4.6847
 146.000       5.3531
 147.000       6.9046
 148.000       6.4624
 149.000       4.6440
 150.000       4.4409
 151.000       4.4320
 152.000       2.3211
 153.000       1.8075
 154.000       1.3491
 155.000       1.0865
 156.000       0.9275
 157.000       0.9087
 158.000       1.1856
 159.000       0.8023
 160.000       0.8412
 161.000       1.2238
 162.000       1.4120
 163.000       1.0660
 164.000       1.0779
 165.000       1.1796
 166.000       1.7140
 167.000       1.2735
 168.000       1.9866
 169.000       2.2351
 170.000       1.8985
 171.000       2.0373
 172.000       1.1376
 173.000       1.2158
 174.000       1.4219
 175.000       1.3312
 176.000       1.2278
 177.000       0.9384
 178.000       1.0922
 179.000       0.8354
 180.000       1.2946
 181.000       1.6727
 182.000       1.5901
 183.000       1.0652
 184.000       0.7741
 185.000       0.7646
 186.000       0.6781
 187.000       0.7944
 188.000       0.8531
 189.000       1.1426
 190.000       0.9221
 191.000       0.8423
 192.000       0.9113
 193.000       1.2663
 194.000       0.9435
 195.000       1.2108
 196.000       1.6320
 197.000       1.0517
 198.000       1.0805
 199.000       1.4966
 200.000       1.7734
 201.000       1.5557
 202.000       1.8243
 203.000       2.2620
 204.000       1.7720
 205.000       1.6724
 206.000       1.4931
 207.000       1.9839
 208.000       2.0000
 209.000       2.0690
 210.000       2.0910
 211.000       1.6160
 212.000       1.0242
 213.000       1.3128
 214.000       1.4662
 215.000       1.9359
 216.000       0.8143
 217.000       0.9047
 218.000       0.9828
 219.000       0.8874
 220.000       0.8721
 221.000       0.8194
 222.000       0.7257
 223.000       0.9397
 224.000       1.0751
 225.000       1.1867
 226.000       0.7944
 227.000       0.7046
 228.000       1.1687
 229.000       0.9103
 230.000       0.8966
 231.000       0.9005
 232.000       0.7663
 233.000       0.8167
 234.000       1.1902
 235.000       1.0858
 236.000       0.6865
 237.000       0.9878
 238.000       2.0680
 239.000       0.8288
 240.000       0.6652
 241.000       0.9787
 242.000       1.0536
 243.000       1.1761
 244.000       1.5845
 245.000       2.2215
 246.000       2.7702
 247.000       1.6818
 248.000       1.5519
 249.000       1.6419
 250.000       1.7814
 251.000       1.1557
 252.000       1.2034
 253.000       1.1660
 254.000       0.9990
 255.000       1.1511
 256.000       0.9445
 257.000       0.7773
 258.000       0.8006
 259.000       0.9007
 260.000       0.6859
 261.000       0.8073
 262.000       0.8024
 263.000       1.3903
 264.000       0.6286
 265.000       0.9423
 266.000       0.6722
 267.000       0.9811
 268.000       0.5226
 269.000       0.5990
 270.000       0.5603
 271.000       0.6784
 272.000       0.7523
 273.000       0.6393
 274.000       0.6265
 275.000       0.9250
 276.000       0.5388
 277.000       0.7421
 278.000       1.8358
 279.000       1.0855
 280.000       1.8194
 281.000       1.4724
 282.000       1.6064
 283.000       1.6776
 284.000       1.6005
 285.000       1.3737
 286.000       1.0333
 287.000       1.4601
 288.000       1.0384
 289.000       0.7063
 290.000       0.8503
 291.000       0.8291
 292.000       0.7062
 293.000       0.7448
 294.000       0.5657
 295.000       0.7777
 296.000       0.6072
 297.000       0.7103
 298.000       0.8434
 299.000       0.6462
 300.000       0.5026
 301.000       0.9301
 302.000       0.6722
 303.000       0.7662
 304.000       0.5687
 305.000       1.0191
 306.000       0.8538
 307.000       0.7410
 308.000       0.6643
 309.000       0.6788
 310.000       1.0287
 311.000       0.8183
 312.000       0.6965
 313.000       0.8207
 314.000       1.0924
 315.000       0.9007
 316.000       1.7953
 317.000       1.3212
 318.000       1.1268
 319.000       1.2388
 320.000       1.3414
 321.000       1.0819
 322.000       1.1768
 323.000       0.9463
 324.000       1.1879
 325.000       0.9732
 326.000       0.9882
 327.000       2.1059
 328.000       2.4380
 329.000       1.5227
 330.000       1.8412
 331.000       1.3106
 332.000       1.1066
 333.000       1.3015
 334.000       1.0718
 335.000       1.0626
 336.000       1.4332
 337.000       1.7314
 338.000       0.7870
 339.000       1.1045
 340.000       0.8765
 341.000       1.3008
 342.000       0.9812
 343.000       1.5562
 344.000       1.2889
 345.000       1.0683
 346.000       1.1355
 347.000       0.8758
 348.000       0.9212
 349.000       0.7658
 350.000       0.7098
 351.000       0.7052
 352.000       0.7608
 353.000       1.0641
 354.000       0.8829
 355.000       0.6505
 356.000       0.9722
 357.000       0.8307
 358.000       0.8454
 359.000       0.9531
 360.000       0.7744
 361.000       0.9478
 362.000       0.5518
 363.000       1.1303
 364.000       0.6075
 365.000       0.5924
 366.000       0.6474
 367.000       1.2896
 368.000       0.6577
 369.000       0.5971
 370.000       0.8411
 371.000       1.0365
 372.000       0.9169
 373.000       0.7890
 374.000       0.9297
 375.000       1.0233
 376.000       0.7678
 377.000       0.8914
 378.000       1.0288
 379.000       1.2092
 380.000       0.9863
 381.000       1.3293
 382.000       2.0579
 383.000       2.8346
 384.000       1.7020
 385.000       1.7821
 386.000       2.4957
 387.000       1.5070
 388.000       1.9675
 389.000       1.6357
 390.000       1.5900
 391.000       1.0030
 392.000       0.9639
 393.000       1.2814
 394.000       1.9203
 395.000       0.9830
 396.000       0.9783
 397.000       1.3381
 398.000       0.9421
 399.000       0.8631
 400.000       1.0577
 401.000       1.2993
 402.000       1.5023
 403.000       0.7950
 404.000       1.0906
 405.000       1.5027
 406.000       0.7280
 407.000       0.7676
 408.000       0.7692
 409.000       1.0095
 410.000       0.7419
 411.000       0.7153
 412.000       0.8658
 413.000       0.7955
 414.000       0.8937
 415.000       0.9190
 416.000       0.7455
 417.000       1.1611
 418.000       1.1272
 419.000       0.8994
 420.000       1.3727
 421.000       0.8920
 422.000       1.0323
 423.000       1.1759
 424.000       0.8927
 425.000       1.0888
 426.000       0.8115
 427.000       0.8214
 428.000       1.0409
 429.000       1.5716
 430.000       0.5379
 431.000       0.8481
 432.000       0.6608
 433.000       1.0500
 434.000       0.5625
 435.000       0.5780
 436.000       0.8105
 437.000       0.5450
 438.000       0.9695
 439.000       0.7034
 440.000       1.7914
 441.000       1.1144
 442.000       1.0314
 443.000       0.6294
 444.000       0.7736
 445.000       0.6914
 446.000       1.0946
 447.000       0.9173
 448.000       0.6348
 449.000       0.9180
 450.000       0.6884
 451.000       0.7690
 452.000       1.2177
 453.000       1.3261
 454.000       1.1818
 455.000       1.3506
 456.000       1.3727
 457.000       1.9842
 458.000       1.7226
 459.000       0.8069
 460.000       1.0409
 461.000       1.0018
 462.000       1.1330
 463.000       1.1694
 464.000       0.7133
 465.000       1.1212
 466.000       0.6520
 467.000       0.5933
 468.000       1.1363
 469.000       1.0990
 470.000       0.7904
 471.000       0.8172
 472.000       0.7091
 473.000       1.0897
 474.000       1.0531
 475.000       0.8339
 476.000       1.0658
 477.000       1.4686
 478.000       0.9129
 479.000       1.0538
 480.000       1.1737
 481.000       1.2034
 482.000       1.1173
 483.000       1.4323
 484.000       1.6170
 485.000       1.5331
 486.000       1.7327
 487.000       2.7925
 488.000       1.4621
 489.000       1.2776
 490.000       1.5845
 491.000       1.3708
 492.000       1.6339
 493.000       1.7987
 494.000       1.2403
 495.000       1.5288
 496.000       1.3472
 497.000       1.3233
 498.000       1.7576
 499.000       1.5645
 500.000       1.1752
 501.000       1.5623
 502.000       1.3453
 503.000       1.5392
 504.000       1.1290
 505.000       1.5089
 506.000       1.5510
 507.000       1.7531
 508.000       1.2014
 509.000       1.4556
 510.000       1.7790
 511.000       1.6663
 512.000       1.8301
 513.000       1.7093
 514.000       2.2198
 515.000       1.2254
 516.000       1.2307
 517.000       1.5683
 518.000       1.1749
 519.000       0.9777
 520.000       1.1790
 521.000       1.5152
 522.000       1.3681
 523.000       1.5202
 524.000       1.8734
 525.000       1.6715
 526.000       1.3673
 527.000       1.9031
 528.000       1.8379
 529.000       1.8003
 530.000       2.2969
 531.000       2.2885
 532.000       1.6873
 533.000       1.3676
 534.000       1.5717
 535.000       1.2489
 536.000       1.7294
 537.000       0.9094
 538.000       1.4888
 539.000       1.2729
 540.000       1.8752
 541.000       3.3773
 542.000       3.6825
 543.000       4.0643
 544.000       3.9253
 545.000       5.3323
 546.000       0.6965
 547.000       0.4831
 548.000       0.4737
 549.000      52.0805
 550.000      44.5571
 551.000      52.4502
 552.000      51.4886
 553.000      49.9670
 554.000      50.3881
 555.000      50.2857
 556.000      52.5530
 557.000      51.8759
 558.000      52.0881
 559.000      52.0485
 560.000      51.1542
 561.000      51.6450
 562.000      50.9786
 563.000      50.1452
 564.000      48.1974
 565.000      51.5799
 566.000      52.1976
 567.000      51.9333
 568.000      52.2971
 569.000      51.4991
 570.000      50.9774
 571.000      50.8017
 572.000      51.4697
 573.000      50.4856
 574.000      50.7667
 575.000      52.8909
 576.000      49.6582
 577.000      50.6576
 578.000      50.6259
 579.000      49.9726
 580.000      52.2112
 581.000      51.9210
 582.000      52.2527
 583.000      49.8959
 584.000      52.2907
 585.000      51.3780
 586.000      52.7665
 587.000      51.1818
 588.000      51.5159
 589.000      52.0488
 590.000      48.6029
 591.000      51.1660
 592.000      50.2346
 593.000      50.7775
 594.000      52.1603
 595.000      51.3777
 596.000       0.6984
 597.000      53.1347
 598.000      53.2751
 599.000      52.7714
 600.000      53.7686
 601.000      53.3535
 602.000      52.5017
 603.000      53.4315
 604.000      53.5235
 605.000      52.8727
 606.000      53.0269
 607.000      53.3510
 608.000      53.5310
 609.000      53.1724
 610.000      53.4249
 611.000      53.3636
 612.000      53.6532
 613.000      52.9876
 614.000      53.1462
 615.000      53.4882
 616.000      53.9611
 617.000      52.9537
 618.000      53.0776
 619.000      53.2455
 620.000      53.5167
 621.000      52.8812
 622.000      53.3720
 623.000      53.2760
 624.000      53.5065
 625.000      53.7712
 626.000      53.4554
 627.000      53.6114
 628.000      54.0517
 629.000      52.2661
 630.000      52.7294
 631.000      53.0639
 632.000      53.5658
 633.000      53.4004
 634.000      52.7587
 635.000      53.7569
 636.000      53.5726
 637.000      53.7094
 638.000      52.3474
 639.000      52.9600
 640.000      53.5168
 641.000      53.2636
