#Res        AtomicFlx
   1.000       3.5463
   2.000       2.2172
   3.000       1.3414
   4.000       1.1136
   5.000       1.4978
   6.000       1.1028
   7.000       1.1469
   8.000       0.9252
   9.000       0.8518
  10.000       0.6807
  11.000       0.5933
  12.000       0.6611
  13.000       0.5853
  14.000       0.4863
  15.000       0.5090
  16.000       0.5880
  17.000       0.5666
  18.000       0.5571
  19.000       0.5276
  20.000       0.7203
  21.000       0.7706
  22.000       0.7567
  23.000       0.5754
  24.000       0.5883
  25.000       0.5729
  26.000       0.5578
  27.000       0.5070
  28.000       0.5852
  29.000       0.6365
  30.000       0.5632
  31.000       0.6151
  32.000       0.7642
  33.000       0.7645
  34.000       0.7008
  35.000       0.8195
  36.000       0.7663
  37.000       0.7871
  38.000       0.7960
  39.000       0.6722
  40.000       0.6645
  41.000       0.7245
  42.000       0.5774
  43.000       0.5025
  44.000       0.5802
  45.000       0.6001
  46.000       0.5404
  47.000       0.5082
  48.000       0.6655
  49.000       0.7981
  50.000       0.7931
  51.000       0.6115
  52.000       0.5574
  53.000       0.6581
  54.000       0.6533
  55.000       0.5711
  56.000       0.6203
  57.000       0.7058
  58.000       0.6836
  59.000       0.5610
  60.000       0.6151
  61.000       0.6689
  62.000       0.6437
  63.000       0.6495
  64.000       0.7911
  65.000       0.9211
  66.000       0.7945
  67.000       0.7410
  68.000       0.7234
  69.000       0.7000
  70.000       0.7755
  71.000       0.7571
  72.000       0.6327
  73.000       0.7069
  74.000       1.1476
  75.000       1.1148
  76.000       0.8004
  77.000       0.8017
  78.000       0.7228
  79.000       0.6619
  80.000       0.6178
  81.000       0.5891
  82.000       0.5442
  83.000       0.5850
  84.000       0.6028
  85.000       0.5908
  86.000       0.5898
  87.000       0.6408
  88.000       0.5924
  89.000       0.5701
  90.000       0.6922
  91.000       0.6832
  92.000       0.6346
  93.000       0.5817
  94.000       0.5769
  95.000       0.5598
  96.000       0.5901
  97.000       0.5396
  98.000       0.4946
  99.000       0.5606
 100.000       0.5975
 101.000       0.5442
 102.000       0.5324
 103.000       0.5736
 104.000       0.5315
 105.000       0.5338
 106.000       0.6062
 107.000       0.5425
 108.000       0.5159
 109.000       0.6358
 110.000       0.7008
 111.000       0.6125
 112.000       0.7814
 113.000       1.2361
 114.000       1.6862
 115.000       1.0336
 116.000       0.6884
 117.000       0.8433
 118.000       1.1949
 119.000       1.1544
 120.000       1.0237
 121.000       1.0773
 122.000       1.1631
 123.000       1.1772
 124.000       1.6951
 125.000       1.6188
 126.000       2.6725
 127.000       2.3344
 128.000       2.2176
 129.000       2.6001
 130.000       1.8200
 131.000       1.3835
 132.000       1.4465
 133.000       1.5147
 134.000       1.8214
 135.000       2.5928
 136.000       2.9446
 137.000       3.6372
 138.000       3.4203
 139.000       5.0602
 140.000       4.6925
 141.000       3.9175
 142.000       3.1406
 143.000       3.3415
 144.000       3.2869
 145.000       3.6008
 146.000       2.5400
 147.000       1.3521
 148.000       1.3500
 149.000       1.5617
 150.000       1.1860
 151.000       1.0675
 152.000       1.4136
 153.000       1.5035
 154.000       1.4153
 155.000       1.5543
 156.000       1.4599
 157.000       1.7803
 158.000       2.8909
 159.000       2.5944
 160.000       2.6987
 161.000       2.9203
 162.000       2.6847
 163.000       2.1863
 164.000       1.4174
 165.000       1.1750
 166.000       0.7713
 167.000       1.0008
 168.000       1.1622
 169.000       0.9035
 170.000       0.7845
 171.000       0.9711
 172.000       0.9818
 173.000       1.0961
 174.000       1.2866
 175.000       1.3369
 176.000       1.4507
 177.000       2.4137
 178.000       2.5741
 179.000       1.9960
 180.000       1.6902
 181.000       1.3209
 182.000       1.6368
 183.000       1.5667
 184.000       1.2953
 185.000       1.4675
 186.000       1.1750
 187.000       0.9690
 188.000       0.9018
 189.000       0.8438
 190.000       0.8093
 191.000       0.7564
 192.000       0.7566
 193.000       0.7330
 194.000       0.6660
 195.000       0.6899
 196.000       0.7264
 197.000       0.7083
 198.000       0.6864
 199.000       0.6573
 200.000       0.7209
 201.000       0.7020
 202.000       0.6163
 203.000       0.6469
 204.000       0.7686
 205.000       0.7412
 206.000       0.7116
 207.000       0.9163
 208.000       1.1075
 209.000       1.0728
 210.000       1.2130
 211.000       1.2442
 212.000       0.9076
 213.000       0.7687
 214.000       0.9422
 215.000       0.8267
 216.000       0.7220
 217.000       0.6169
 218.000       0.6639
 219.000       0.6524
 220.000       0.5984
 221.000       0.6425
 222.000       0.6551
 223.000       0.6582
 224.000       0.5779
 225.000       0.5437
 226.000       0.6240
 227.000       0.6044
 228.000       0.5463
 229.000       0.5787
 230.000       0.6453
 231.000       0.6128
 232.000       0.6486
 233.000       0.7092
 234.000       0.7298
 235.000       0.7574
 236.000       0.8918
 237.000       0.9706
 238.000       0.7778
 239.000       0.8377
 240.000       0.7800
 241.000       0.6970
 242.000       0.7800
 243.000       0.7615
 244.000       0.6686
 245.000       0.6829
 246.000       0.7575
 247.000       0.7177
 248.000       0.6347
 249.000       0.7095
 250.000       0.7806
 251.000       0.8083
 252.000       0.9065
 253.000       1.1309
 254.000       1.1340
 255.000       0.8548
 256.000       0.9076
 257.000       1.1776
 258.000       0.8687
 259.000       0.8302
 260.000       0.7665
 261.000       0.6300
 262.000       0.6024
 263.000       0.6221
 264.000       0.5675
 265.000       0.5170
 266.000       0.5232
 267.000       0.5307
 268.000       0.4758
 269.000       0.4857
 270.000       0.5005
 271.000       0.4908
 272.000       0.5095
 273.000       0.5559
 274.000       0.6554
 275.000       0.7585
 276.000       0.7496
 277.000       0.6427
 278.000       0.6855
 279.000       0.6080
 280.000       0.5907
 281.000       0.4919
 282.000       0.6634
 283.000       0.7349
 284.000       0.6101
 285.000       0.6544
 286.000       0.8899
 287.000       0.9016
 288.000       1.0828
 289.000       1.0988
 290.000       1.1935
 291.000       1.1233
 292.000       1.0463
 293.000       0.7701
 294.000       0.7571
 295.000       0.6764
 296.000       0.6319
 297.000       0.5777
 298.000       0.5772
 299.000       0.5791
 300.000       0.4943
 301.000       0.5245
 302.000       0.5588
 303.000       0.5040
 304.000       0.4994
 305.000       0.5585
 306.000       0.5546
 307.000       0.4865
 308.000       0.4714
 309.000       0.5287
 310.000       0.5535
 311.000       0.5531
 312.000       0.5557
 313.000       0.5994
 314.000       0.6193
 315.000       0.5527
 316.000       0.5821
 317.000       0.5801
 318.000       0.6434
 319.000       0.7394
 320.000       0.6892
 321.000       0.6408
 322.000       0.7249
 323.000       0.8022
 324.000       0.7804
 325.000       0.8639
 326.000       0.9853
 327.000       0.9922
 328.000       1.0251
 329.000       1.0234
 330.000       0.9070
 331.000       1.0511
 332.000       1.0553
 333.000       0.9073
 334.000       0.8929
 335.000       0.8603
 336.000       0.8243
 337.000       1.1691
 338.000       0.9169
 339.000       0.8662
 340.000       0.8799
 341.000       0.7907
 342.000       0.6556
 343.000       0.7598
 344.000       0.9262
 345.000       0.8251
 346.000       0.8054
 347.000       0.8464
 348.000       0.8174
 349.000       0.8483
 350.000       0.9619
 351.000       0.9477
 352.000       0.9209
 353.000       0.9222
 354.000       0.8466
 355.000       0.7033
 356.000       0.6570
 357.000       0.7023
 358.000       0.6024
 359.000       0.5428
 360.000       0.5617
 361.000       0.5649
 362.000       0.4911
 363.000       0.4709
 364.000       0.5064
 365.000       0.5092
 366.000       0.5357
 367.000       0.5034
 368.000       0.5040
 369.000       0.5261
 370.000       0.5888
 371.000       0.5390
 372.000       0.5622
 373.000       0.5291
 374.000       0.4770
 375.000       0.4796
 376.000       0.4896
 377.000       0.4812
 378.000       0.4993
 379.000       0.5566
 380.000       0.5342
 381.000       0.5659
 382.000       0.6294
 383.000       0.6692
 384.000       0.6918
 385.000       0.7144
 386.000       0.7897
 387.000       0.8276
 388.000       0.8445
 389.000       0.9250
 390.000       1.0791
 391.000       1.2865
 392.000       1.3480
 393.000       1.2270
 394.000       0.9605
 395.000       1.0730
 396.000       1.1791
 397.000       0.9819
 398.000       0.8515
 399.000       0.8617
 400.000       0.8309
 401.000       0.7251
 402.000       0.6686
 403.000       0.7158
 404.000       0.7355
 405.000       0.6552
 406.000       0.6611
 407.000       0.7080
 408.000       0.7226
 409.000       0.6988
 410.000       0.6970
 411.000       0.7867
 412.000       0.8475
 413.000       0.8172
 414.000       0.8606
 415.000       0.9716
 416.000       0.9508
 417.000       0.9916
 418.000       0.9711
 419.000       1.1764
 420.000       1.0643
 421.000       1.0020
 422.000       1.3311
 423.000       1.1605
 424.000       0.7606
 425.000       0.9123
 426.000       1.0662
 427.000       0.9257
 428.000       0.7959
 429.000       0.9065
 430.000       0.9582
 431.000       0.9482
 432.000       0.9722
 433.000       0.7895
 434.000       0.7727
 435.000       0.7829
 436.000       0.7402
 437.000       0.6824
 438.000       0.6153
 439.000       0.6793
 440.000       0.6477
 441.000       0.6586
 442.000       0.7262
 443.000       0.6585
 444.000       0.6669
 445.000       0.7660
 446.000       0.8407
 447.000       0.8314
 448.000       0.8080
 449.000       0.8743
 450.000       1.0030
 451.000       1.0433
 452.000       1.0073
 453.000       1.0532
 454.000       0.9777
 455.000       1.0207
 456.000       0.9990
 457.000       0.9164
 458.000       0.9080
 459.000       1.0272
 460.000       1.0915
 461.000       0.8848
 462.000       1.0043
 463.000       1.2575
 464.000       1.1893
 465.000       1.1730
 466.000       1.2107
 467.000       1.1473
 468.000       1.0510
 469.000       1.2196
 470.000       1.2368
 471.000       1.1942
 472.000       1.0735
 473.000       0.9304
 474.000       1.0548
 475.000       1.0665
 476.000       0.8278
 477.000       0.8985
 478.000       1.0669
 479.000       0.9149
 480.000       0.7372
 481.000       0.6960
 482.000       0.8171
 483.000       0.7420
 484.000       0.6002
 485.000       0.6809
 486.000       0.7609
 487.000       0.6831
 488.000       0.6947
 489.000       0.7855
 490.000       0.8079
 491.000       0.8308
 492.000       0.8920
 493.000       0.9007
 494.000       1.0325
 495.000       1.2203
 496.000       1.0732
 497.000       1.4521
 498.000       1.9427
 499.000       2.8077
 500.000       2.4473
 501.000       3.2062
 502.000       3.0895
 503.000       2.5106
 504.000       2.1283
 505.000       2.0800
 506.000       1.5815
 507.000       1.6354
 508.000       1.6992
 509.000       1.5372
 510.000       1.1379
 511.000       1.1494
 512.000       1.2862
 513.000       1.0765
 514.000       0.8650
 515.000       0.9642
 516.000       1.1551
 517.000       0.9922
 518.000       0.8847
 519.000       0.9799
 520.000       0.9307
 521.000       0.9127
 522.000       0.6990
 523.000       0.7600
 524.000       0.7912
 525.000       0.6682
 526.000       0.7366
 527.000       0.8660
 528.000       0.8146
 529.000       0.7873
 530.000       1.0239
 531.000       1.1340
 532.000       1.0808
 533.000       1.2492
 534.000       1.4964
 535.000       1.5816
 536.000       1.6992
 537.000       2.2310
 538.000       2.5080
 539.000       3.0611
 540.000       2.8731
 541.000       2.4322
 542.000       2.5413
 543.000       2.4465
 544.000       1.9447
 545.000       1.7909
 546.000       2.0603
 547.000       1.8495
 548.000       1.4793
 549.000       1.6410
 550.000       1.9514
 551.000       2.2851
 556.000      49.9715
