#Res        AtomicFlx
   1.000       3.4841
   2.000       2.0703
   3.000       1.9465
   4.000       1.1181
   5.000       1.6013
   6.000       1.6255
   7.000       1.5021
   8.000       1.4658
   9.000       1.1840
  10.000       0.8823
  11.000       0.9250
  12.000       0.9450
  13.000       0.7232
  14.000       0.6082
  15.000       0.7300
  16.000       0.5896
  17.000       0.6848
  18.000       0.6765
  19.000       0.8107
  20.000       0.7219
  21.000       1.0691
  22.000       0.7105
  23.000       0.5902
  24.000       1.0146
  25.000       1.2157
  26.000       1.5153
  27.000       0.6422
  28.000       0.6906
  29.000       0.8176
  30.000       0.7787
  31.000       0.6904
  32.000       0.8882
  33.000       1.5225
  34.000       0.7710
  35.000       1.0178
  36.000       0.8652
  37.000       0.7852
  38.000       0.8513
  39.000       0.7322
  40.000       0.9932
  41.000       1.4841
  42.000       0.7405
  43.000       0.6542
  44.000       1.8617
  45.000       0.9441
  46.000       0.7739
  47.000       0.8426
  48.000       1.1942
  49.000       1.2737
  50.000       0.8932
  51.000       0.6544
  52.000       0.7736
  53.000       0.6888
  54.000       0.9619
  55.000       0.9082
  56.000       0.7309
  57.000       0.9237
  58.000       0.8260
  59.000       0.9948
  60.000       0.6363
  61.000       0.9656
  62.000       0.6623
  63.000       0.8915
  64.000       1.2703
  65.000       1.1611
  66.000       1.0493
  67.000       1.3592
  68.000       0.8437
  69.000       1.0022
  70.000       1.0841
  71.000       0.9029
  72.000       0.8504
  73.000       1.0454
  74.000       2.3381
  75.000       1.9854
  76.000       1.1516
  77.000       1.1720
  78.000       1.1425
  79.000       1.3209
  80.000       0.9808
  81.000       0.6670
  82.000       0.7870
  83.000       0.6559
  84.000       1.0173
  85.000       0.6183
  86.000       1.0760
  87.000       0.9802
  88.000       0.8230
  89.000       1.0713
  90.000       0.9630
  91.000       0.9314
  92.000       0.8705
  93.000       1.2242
  94.000       0.8737
  95.000       1.1430
  96.000       1.2356
  97.000       1.3020
  98.000       1.1063
  99.000       0.8193
 100.000       0.7975
 101.000       0.7511
 102.000       0.6591
 103.000       0.8083
 104.000       0.6112
 105.000       0.6472
 106.000       0.9838
 107.000       0.8754
 108.000       0.6954
 109.000       0.9739
 110.000       0.6845
 111.000       0.6572
 112.000       0.9170
 113.000       0.9206
 114.000       1.5885
 115.000       1.0969
 116.000       0.7768
 117.000       0.8039
 118.000       0.7485
 119.000       0.9165
 120.000       2.1103
 121.000       1.4522
 122.000       2.4356
 123.000       2.7585
 124.000       3.2372
 125.000       4.0234
 126.000       4.4235
 127.000       2.9249
 128.000       3.8868
 129.000       1.9481
 130.000       1.3269
 131.000       1.0342
 132.000       1.0424
 133.000       1.5489
 134.000       2.2516
 135.000       2.4822
 136.000       2.8942
 137.000       3.6704
 138.000       3.1097
 139.000       3.2040
 140.000       4.2847
 141.000       4.7659
 142.000       4.2427
 143.000       4.5351
 144.000       6.2417
 145.000       3.7269
 146.000       2.0900
 147.000       1.3314
 148.000       1.6576
 149.000       1.6176
 150.000       1.4163
 151.000       0.9415
 152.000       1.5651
 153.000       1.6679
 154.000       2.0562
 155.000       1.3977
 156.000       2.1036
 157.000       2.2981
 158.000       2.9465
 159.000       1.9549
 160.000       2.6319
 161.000       2.4153
 162.000       1.9227
 163.000       1.3199
 164.000       0.9407
 165.000       0.8236
 166.000       0.7457
 167.000       1.1963
 168.000       1.3327
 169.000       0.8035
 170.000       1.1288
 171.000       1.6268
 172.000       1.5204
 173.000       1.4619
 174.000       1.0415
 175.000       1.6233
 176.000       1.6144
 177.000       2.0529
 178.000       2.1699
 179.000       2.6355
 180.000       2.2852
 181.000       2.0803
 182.000       2.0927
 183.000       2.3444
 184.000       1.7960
 185.000       1.3890
 186.000       1.7824
 187.000       1.2660
 188.000       1.3491
 189.000       1.3220
 190.000       0.8944
 191.000       0.9144
 192.000       0.9780
 193.000       0.7119
 194.000       0.6423
 195.000       0.8795
 196.000       0.7018
 197.000       0.8492
 198.000       0.8667
 199.000       0.7843
 200.000       1.0057
 201.000       1.0129
 202.000       0.8633
 203.000       1.0003
 204.000       1.0871
 205.000       0.8911
 206.000       1.0616
 207.000       1.2501
 208.000       1.6296
 209.000       1.0294
 210.000       1.6619
 211.000       1.9267
 212.000       1.0498
 213.000       1.2471
 214.000       1.3474
 215.000       2.2151
 216.000       1.1657
 217.000       1.0050
 218.000       1.7525
 219.000       1.0645
 220.000       1.2976
 221.000       1.3077
 222.000       1.0791
 223.000       1.1563
 224.000       0.7180
 225.000       0.9097
 226.000       0.8401
 227.000       0.7483
 228.000       0.7777
 229.000       0.7463
 230.000       0.9937
 231.000       0.8155
 232.000       1.1504
 233.000       0.9589
 234.000       1.1135
 235.000       0.8393
 236.000       1.2813
 237.000       1.3069
 238.000       0.9954
 239.000       1.3396
 240.000       0.7609
 241.000       0.7861
 242.000       1.8444
 243.000       1.0623
 244.000       0.6391
 245.000       0.8787
 246.000       1.2447
 247.000       1.0126
 248.000       0.6524
 249.000       0.9403
 250.000       0.8503
 251.000       0.9462
 252.000       1.5316
 253.000       1.6810
 254.000       1.5332
 255.000       1.0738
 256.000       1.2703
 257.000       1.5205
 258.000       1.2231
 259.000       0.9286
 260.000       1.4237
 261.000       0.7853
 262.000       0.8609
 263.000       0.6666
 264.000       0.8476
 265.000       0.6870
 266.000       0.6909
 267.000       0.7450
 268.000       0.6188
 269.000       0.8990
 270.000       0.7510
 271.000       1.0465
 272.000       0.6658
 273.000       1.0530
 274.000       0.7702
 275.000       1.0533
 276.000       1.5277
 277.000       0.9685
 278.000       0.9612
 279.000       0.7602
 280.000       1.0484
 281.000       0.7642
 282.000       0.8001
 283.000       1.3008
 284.000       0.7349
 285.000       0.8070
 286.000       1.2332
 287.000       1.0168
 288.000       1.5705
 289.000       1.3593
 290.000       1.5048
 291.000       1.2785
 292.000       1.3449
 293.000       1.1518
 294.000       1.5631
 295.000       1.7393
 296.000       0.9149
 297.000       0.6709
 298.000       0.7505
 299.000       0.9413
 300.000       0.7347
 301.000       0.6196
 302.000       0.9375
 303.000       0.6611
 304.000       0.5805
 305.000       0.7517
 306.000       0.6980
 307.000       0.6475
 308.000       0.5516
 309.000       0.8084
 310.000       0.9333
 311.000       0.6632
 312.000       0.5662
 313.000       1.0769
 314.000       0.7386
 315.000       0.7286
 316.000       0.8523
 317.000       0.6915
 318.000       0.9625
 319.000       0.9315
 320.000       0.6672
 321.000       0.8382
 322.000       1.0121
 323.000       0.8738
 324.000       1.1227
 325.000       1.0419
 326.000       1.2651
 327.000       1.0558
 328.000       1.1151
 329.000       1.2610
 330.000       0.9904
 331.000       1.0021
 332.000       2.0305
 333.000       0.9961
 334.000       0.8401
 335.000       0.9882
 336.000       1.4773
 337.000       0.9264
 338.000       0.8830
 339.000       0.6905
 340.000       0.9765
 341.000       0.7611
 342.000       0.7016
 343.000       0.7370
 344.000       0.7046
 345.000       0.8746
 346.000       0.7202
 347.000       0.8142
 348.000       0.7363
 349.000       0.7672
 350.000       0.8758
 351.000       1.0865
 352.000       0.9669
 353.000       0.8818
 354.000       1.1936
 355.000       0.7047
 356.000       0.6889
 357.000       0.8051
 358.000       0.6690
 359.000       0.6699
 360.000       1.0077
 361.000       0.7387
 362.000       0.5980
 363.000       0.5798
 364.000       0.9395
 365.000       0.7356
 366.000       0.9900
 367.000       0.6597
 368.000       0.8315
 369.000       1.0584
 370.000       0.7101
 371.000       0.9055
 372.000       0.8979
 373.000       1.0772
 374.000       0.9885
 375.000       0.7399
 376.000       1.1058
 377.000       1.4014
 378.000       1.2070
 379.000       1.0613
 380.000       0.7467
 381.000       0.9869
 382.000       0.8414
 383.000       0.8756
 384.000       0.8020
 385.000       0.9334
 386.000       1.1155
 387.000       1.1760
 388.000       1.0245
 389.000       1.1762
 390.000       1.1696
 391.000       1.8438
 392.000       2.0425
 393.000       2.5585
 394.000       1.2042
 395.000       1.4373
 396.000       1.6324
 397.000       1.7497
 398.000       1.2564
 399.000       1.0740
 400.000       1.5168
 401.000       0.9048
 402.000       0.8140
 403.000       0.8958
 404.000       0.7276
 405.000       0.9102
 406.000       0.7823
 407.000       0.8583
 408.000       0.8198
 409.000       0.7265
 410.000       1.0287
 411.000       1.1401
 412.000       1.2101
 413.000       0.7760
 414.000       1.0166
 415.000       0.9372
 416.000       1.0176
 417.000       0.9558
 418.000       1.0143
 419.000       1.6673
 420.000       1.2574
 421.000       1.0353
 422.000       1.5601
 423.000       1.5660
 424.000       1.2119
 425.000       1.1860
 426.000       1.5377
 427.000       1.4379
 428.000       1.3484
 429.000       1.3691
 430.000       1.7022
 431.000       1.3653
 432.000       1.2395
 433.000       1.6224
 434.000       2.1023
 435.000       2.1503
 436.000       1.5302
 437.000       1.3186
 438.000       0.9483
 439.000       1.0457
 440.000       1.2350
 441.000       0.8509
 442.000       0.9376
 443.000       1.0626
 444.000       1.0503
 445.000       0.8174
 446.000       1.0273
 447.000       0.9422
 448.000       1.0835
 449.000       0.9827
 450.000       1.3342
 451.000       1.2528
 452.000       1.3189
 453.000       1.0448
 454.000       1.5218
 455.000       2.2896
 456.000       1.2989
 457.000       1.0283
 458.000       1.4511
 459.000       1.5326
 460.000       1.1407
 461.000       1.0469
 462.000       1.3113
 463.000       1.8484
 464.000       1.2698
 465.000       1.5367
 466.000       1.3693
 467.000       2.0479
 468.000       1.4262
 469.000       1.4948
 470.000       1.4855
 471.000       1.5990
 472.000       1.4879
 473.000       1.3276
 474.000       1.5288
 475.000       1.4253
 476.000       0.8965
 477.000       0.8560
 478.000       1.6907
 479.000       1.3378
 480.000       0.9781
 481.000       1.0193
 482.000       0.8480
 483.000       0.8044
 484.000       0.9288
 485.000       0.9107
 486.000       1.7497
 487.000       1.0492
 488.000       0.8539
 489.000       0.9249
 490.000       0.9619
 491.000       1.1507
 492.000       1.0616
 493.000       1.1075
 494.000       1.4640
 495.000       1.5207
 496.000       1.3527
 497.000       2.1438
 498.000       1.5711
 499.000       1.7306
 500.000       1.8490
 501.000       2.3570
 502.000       2.4537
 503.000       3.1214
 504.000       2.5096
 505.000       2.5613
 506.000       1.7848
 507.000       1.8584
 508.000       1.9088
 509.000       1.7540
 510.000       1.4237
 511.000       1.6512
 512.000       1.5000
 513.000       1.3046
 514.000       1.0010
 515.000       2.2349
 516.000       1.4244
 517.000       1.1259
 518.000       1.0000
 519.000       1.2884
 520.000       0.8054
 521.000       0.8163
 522.000       1.0795
 523.000       1.1009
 524.000       0.7535
 525.000       0.9719
 526.000       0.9132
 527.000       1.3568
 528.000       1.0797
 529.000       0.9965
 530.000       1.6751
 531.000       1.4020
 532.000       1.7289
 533.000       1.4912
 534.000       1.5293
 535.000       1.8331
 536.000       1.5722
 537.000       2.1006
 538.000       2.0823
 539.000       2.7062
 540.000       2.4317
 541.000       2.1955
 542.000       2.5055
 543.000       2.5660
 544.000       1.8759
 545.000       2.0600
 546.000       2.3224
 547.000       1.8543
 548.000       1.5683
 549.000       1.8272
 550.000       2.4333
 551.000       2.5259
 552.000       4.3473
 553.000       6.9331
 554.000       1.0183
 555.000      52.6102
 556.000       0.5548
 557.000      51.5644
 558.000      52.8586
 559.000      49.0454
 560.000      51.4213
 561.000      53.4625
 562.000      51.6726
 563.000      52.9546
 564.000      50.5356
 565.000      52.2570
 566.000      52.2923
 567.000      49.0725
 568.000      50.5550
 569.000      51.3635
 570.000      51.6218
 571.000      49.3833
 572.000      52.6348
 573.000      49.7527
 574.000      50.3647
 575.000      52.1215
 576.000      51.4280
 577.000      50.5644
 578.000      50.9044
 579.000      48.3340
 580.000      52.8898
 581.000      50.8374
 582.000      51.3445
 583.000      51.6599
 584.000      51.4563
 585.000      50.5551
 586.000      50.4526
 587.000      51.1135
 588.000      51.2116
 589.000      51.7503
 590.000      53.2121
 591.000      52.1549
 592.000      52.1209
 593.000      51.9666
 594.000      52.5254
 595.000      52.0216
 596.000      51.1165
 597.000      48.5712
 598.000      51.9096
 599.000      51.2641
 600.000       0.6183
 601.000      52.6570
 602.000      52.8106
 603.000      52.7680
 604.000      52.6245
 605.000      52.3150
 606.000      52.3546
 607.000      53.0664
 608.000      52.3779
 609.000      53.0786
 610.000      52.5556
 611.000      52.7039
 612.000      52.7863
 613.000      53.3990
 614.000      52.9699
 615.000      52.1179
 616.000      53.6833
 617.000      52.9597
 618.000      52.1271
 619.000      53.3893
 620.000      52.6426
 621.000      52.3538
 622.000      52.7790
 623.000      52.5882
 624.000      52.4747
 625.000      52.4648
 626.000      52.7885
 627.000      52.6517
 628.000      52.7401
 629.000      53.0131
 630.000      52.6202
 631.000      53.5736
 632.000      53.2951
 633.000      53.7571
 634.000      53.5624
 635.000      53.4157
 636.000      53.1135
 637.000      53.4900
 638.000      51.5057
 639.000      52.3651
 640.000      53.3145
 641.000      53.5592
 642.000      52.1576
 643.000      52.5876
 644.000      53.0303
 645.000      52.4268
 646.000      53.3612
