#Res        AtomicFlx
   1.000       4.7418
   2.000       1.9763
   3.000       1.5656
   4.000       1.3532
   5.000       1.5827
   6.000       1.5419
   7.000       1.4236
   8.000       1.4106
   9.000       1.2630
  10.000       0.9342
  11.000       0.8588
  12.000       1.1767
  13.000       0.7524
  14.000       0.6171
  15.000       0.7264
  16.000       0.6166
  17.000       0.6535
  18.000       0.6241
  19.000       0.7188
  20.000       0.6198
  21.000       1.0450
  22.000       0.7607
  23.000       0.6179
  24.000       1.1441
  25.000       1.5569
  26.000       1.4386
  27.000       0.6222
  28.000       0.6784
  29.000       0.8314
  30.000       0.7433
  31.000       0.6629
  32.000       0.8892
  33.000       1.5736
  34.000       0.6948
  35.000       0.7165
  36.000       0.6759
  37.000       0.7320
  38.000       0.8085
  39.000       0.6625
  40.000       0.9523
  41.000       1.3807
  42.000       0.7081
  43.000       0.6220
  44.000       1.7957
  45.000       0.9534
  46.000       0.7324
  47.000       0.8811
  48.000       1.1447
  49.000       1.2853
  50.000       1.0874
  51.000       0.5915
  52.000       0.7140
  53.000       0.6428
  54.000       0.9395
  55.000       0.9112
  56.000       0.6536
  57.000       0.9698
  58.000       0.9368
  59.000       0.9713
  60.000       0.6089
  61.000       1.0309
  62.000       0.6396
  63.000       0.8223
  64.000       1.0280
  65.000       0.9762
  66.000       0.9916
  67.000       1.2264
  68.000       0.8215
  69.000       1.1274
  70.000       1.1862
  71.000       0.8418
  72.000       0.8829
  73.000       1.0337
  74.000       2.8406
  75.000       1.7121
  76.000       1.2293
  77.000       1.4363
  78.000       1.3739
  79.000       1.2946
  80.000       0.9467
  81.000       0.6340
  82.000       0.7597
  83.000       0.6379
  84.000       1.0516
  85.000       0.6668
  86.000       1.1334
  87.000       1.1346
  88.000       0.7956
  89.000       1.0723
  90.000       0.8777
  91.000       0.8284
  92.000       0.7141
  93.000       1.0866
  94.000       0.6404
  95.000       1.0416
  96.000       1.1132
  97.000       0.9852
  98.000       0.8507
  99.000       0.8113
 100.000       0.7505
 101.000       0.7737
 102.000       0.5811
 103.000       0.8002
 104.000       0.5935
 105.000       0.9010
 106.000       0.7191
 107.000       0.7533
 108.000       0.6434
 109.000       0.9453
 110.000       0.6362
 111.000       0.6143
 112.000       0.8714
 113.000       0.8456
 114.000       1.4009
 115.000       1.0836
 116.000       0.7866
 117.000       0.7931
 118.000       0.7398
 119.000       0.8791
 120.000       1.4248
 121.000       1.1042
 122.000       2.0264
 123.000       1.2215
 124.000       1.4725
 125.000       1.3044
 126.000       1.1424
 127.000       2.0253
 128.000       3.1300
 129.000       2.1294
 130.000       1.3957
 131.000       1.7985
 132.000       2.1680
 133.000       3.4128
 134.000       4.1766
 135.000       4.0051
 136.000       3.6416
 137.000       3.8881
 138.000       3.6728
 139.000       3.8398
 140.000       4.3540
 141.000       5.0573
 142.000       3.3759
 143.000       2.2558
 144.000       3.1266
 145.000       2.2741
 146.000       1.5417
 147.000       1.3245
 148.000       1.5672
 149.000       1.2389
 150.000       1.1069
 151.000       0.9987
 152.000       1.7026
 153.000       1.6031
 154.000       1.7998
 155.000       2.0336
 156.000       4.3020
 157.000       5.7350
 158.000       5.3621
 159.000       4.8015
 160.000       4.9720
 161.000       4.8291
 162.000       3.5251
 163.000       1.6759
 164.000       1.0671
 165.000       0.8023
 166.000       0.8398
 167.000       1.1296
 168.000       1.0497
 169.000       0.6669
 170.000       0.8582
 171.000       1.5728
 172.000       1.2534
 173.000       1.0983
 174.000       0.8305
 175.000       1.1221
 176.000       1.3131
 177.000       0.8463
 178.000       0.7602
 179.000       1.1890
 180.000       1.0842
 181.000       0.9084
 182.000       1.0905
 183.000       1.2834
 184.000       1.5379
 185.000       0.9655
 186.000       1.4225
 187.000       1.0803
 188.000       1.0698
 189.000       1.1994
 190.000       0.8331
 191.000       0.8754
 192.000       0.8746
 193.000       0.6435
 194.000       0.5976
 195.000       0.7618
 196.000       0.6512
 197.000       0.9207
 198.000       0.8258
 199.000       0.7243
 200.000       1.0969
 201.000       0.9984
 202.000       0.8469
 203.000       0.9349
 204.000       1.0481
 205.000       1.2485
 206.000       1.1017
 207.000       1.1833
 208.000       1.9506
 209.000       0.9221
 210.000       1.3557
 211.000       1.7787
 212.000       0.9491
 213.000       0.9538
 214.000       0.8773
 215.000       1.4959
 216.000       0.9559
 217.000       0.9921
 218.000       1.9326
 219.000       1.0295
 220.000       0.9325
 221.000       1.0694
 222.000       0.9470
 223.000       1.2260
 224.000       0.6993
 225.000       0.8519
 226.000       0.8333
 227.000       0.7810
 228.000       0.8013
 229.000       0.7420
 230.000       1.0151
 231.000       0.8999
 232.000       1.1462
 233.000       0.9877
 234.000       1.3448
 235.000       0.8314
 236.000       1.1623
 237.000       1.3400
 238.000       1.0589
 239.000       1.3050
 240.000       0.8150
 241.000       0.8128
 242.000       1.5674
 243.000       1.1441
 244.000       0.6639
 245.000       0.9056
 246.000       1.1836
 247.000       0.9034
 248.000       0.6535
 249.000       0.9181
 250.000       0.9259
 251.000       0.9449
 252.000       1.2512
 253.000       2.0219
 254.000       1.5855
 255.000       1.1211
 256.000       1.2422
 257.000       1.4557
 258.000       1.2377
 259.000       0.8859
 260.000       1.5863
 261.000       0.7496
 262.000       0.8043
 263.000       0.6201
 264.000       0.6765
 265.000       0.6228
 266.000       0.6359
 267.000       0.7397
 268.000       0.5662
 269.000       0.8056
 270.000       0.7663
 271.000       1.6471
 272.000       0.5877
 273.000       1.0539
 274.000       0.7849
 275.000       0.9489
 276.000       1.4984
 277.000       1.4984
 278.000       1.1524
 279.000       0.7435
 280.000       0.8414
 281.000       0.9405
 282.000       0.8434
 283.000       1.0670
 284.000       0.7969
 285.000       0.8478
 286.000       1.7830
 287.000       1.0959
 288.000       1.4861
 289.000       1.0282
 290.000       1.3828
 291.000       1.2920
 292.000       1.3448
 293.000       0.9815
 294.000       1.7400
 295.000       1.8533
 296.000       0.9555
 297.000       0.6944
 298.000       0.7946
 299.000       0.9647
 300.000       0.7063
 301.000       0.5968
 302.000       0.9921
 303.000       0.6621
 304.000       0.5581
 305.000       0.9674
 306.000       0.6707
 307.000       0.6286
 308.000       0.5329
 309.000       0.7173
 310.000       0.9188
 311.000       0.6396
 312.000       0.5503
 313.000       1.0303
 314.000       0.7222
 315.000       0.7048
 316.000       0.8120
 317.000       0.7108
 318.000       0.8589
 319.000       0.9044
 320.000       0.6714
 321.000       0.8391
 322.000       1.0812
 323.000       0.8031
 324.000       1.1965
 325.000       1.4975
 326.000       1.3765
 327.000       1.0101
 328.000       1.1012
 329.000       1.2162
 330.000       0.9974
 331.000       0.9180
 332.000       2.1015
 333.000       1.0686
 334.000       0.8151
 335.000       0.9367
 336.000       1.5262
 337.000       0.8445
 338.000       0.9400
 339.000       0.7162
 340.000       0.9516
 341.000       0.7315
 342.000       0.9630
 343.000       0.7684
 344.000       0.7311
 345.000       0.6386
 346.000       0.7123
 347.000       0.9663
 348.000       0.7534
 349.000       0.9064
 350.000       0.8484
 351.000       1.2262
 352.000       1.0253
 353.000       0.9762
 354.000       1.1442
 355.000       0.7627
 356.000       0.7218
 357.000       1.0634
 358.000       0.8360
 359.000       0.6892
 360.000       1.0093
 361.000       1.0382
 362.000       0.6407
 363.000       0.5883
 364.000       1.0139
 365.000       0.8543
 366.000       1.0414
 367.000       0.7076
 368.000       0.8210
 369.000       1.0378
 370.000       0.6621
 371.000       0.8939
 372.000       0.6488
 373.000       0.8828
 374.000       0.6924
 375.000       1.0063
 376.000       0.7420
 377.000       1.3272
 378.000       0.9705
 379.000       1.1190
 380.000       0.8981
 381.000       1.1363
 382.000       0.9660
 383.000       1.1016
 384.000       0.9570
 385.000       1.1437
 386.000       1.1944
 387.000       1.5152
 388.000       1.6934
 389.000       2.2638
 390.000       2.3670
 391.000       3.3121
 392.000       3.2340
 393.000       2.2449
 394.000       1.4976
 395.000       1.8756
 396.000       2.0281
 397.000       1.5320
 398.000       1.5510
 399.000       1.2173
 400.000       1.5182
 401.000       1.1310
 402.000       0.8709
 403.000       1.0417
 404.000       0.8846
 405.000       0.9579
 406.000       0.8267
 407.000       0.9391
 408.000       0.8913
 409.000       0.7552
 410.000       1.0732
 411.000       1.2554
 412.000       1.1540
 413.000       0.7311
 414.000       0.9933
 415.000       0.8337
 416.000       0.9561
 417.000       0.7742
 418.000       0.6711
 419.000       1.0100
 420.000       0.7100
 421.000       0.6218
 422.000       0.7891
 423.000       0.7380
 424.000       0.7921
 425.000       0.9157
 426.000       0.8675
 427.000       0.9566
 428.000       1.0395
 429.000       0.9506
 430.000       1.0829
 431.000       0.8181
 432.000       0.8966
 433.000       0.9638
 434.000       1.0839
 435.000       1.3867
 436.000       0.8918
 437.000       1.0643
 438.000       1.0395
 439.000       0.8617
 440.000       0.9738
 441.000       0.7963
 442.000       0.9531
 443.000       1.0361
 444.000       0.9957
 445.000       0.9274
 446.000       0.8946
 447.000       0.7727
 448.000       0.9756
 449.000       0.9490
 450.000       1.2485
 451.000       1.0567
 452.000       1.0912
 453.000       0.8167
 454.000       1.4230
 455.000       2.1831
 456.000       1.1575
 457.000       0.9009
 458.000       1.2148
 459.000       1.3900
 460.000       1.1127
 461.000       0.9201
 462.000       1.2316
 463.000       1.8501
 464.000       1.0697
 465.000       1.2548
 466.000       1.1756
 467.000       1.7922
 468.000       1.0977
 469.000       1.1720
 470.000       1.2346
 471.000       1.4715
 472.000       1.3606
 473.000       1.1637
 474.000       1.6510
 475.000       1.3354
 476.000       0.8141
 477.000       0.8220
 478.000       1.8436
 479.000       1.5293
 480.000       1.0300
 481.000       1.0842
 482.000       1.0430
 483.000       0.9616
 484.000       1.2161
 485.000       1.1500
 486.000       1.7325
 487.000       1.0216
 488.000       0.8419
 489.000       1.0348
 490.000       0.9890
 491.000       0.9957
 492.000       0.9493
 493.000       1.1346
 494.000       1.2737
 495.000       1.3574
 496.000       1.3387
 497.000       1.9667
 498.000       1.4567
 499.000       1.1866
 500.000       1.2120
 501.000       1.3518
 502.000       1.7221
 503.000       1.9269
 504.000       1.0278
 505.000       1.6870
 506.000       0.9144
 507.000       1.0516
 508.000       1.1374
 509.000       1.0831
 510.000       0.9492
 511.000       1.0904
 512.000       1.0654
 513.000       1.1163
 514.000       0.8139
 515.000       1.7117
 516.000       1.3621
 517.000       1.1575
 518.000       0.8778
 519.000       1.2519
 520.000       0.7350
 521.000       0.6707
 522.000       1.0451
 523.000       1.1611
 524.000       0.8923
 525.000       0.8647
 526.000       0.8409
 527.000       1.3316
 528.000       0.9983
 529.000       0.9815
 530.000       1.6404
 531.000       1.8635
 532.000       1.5726
 533.000       1.7433
 534.000       1.8220
 535.000       2.4632
 536.000       1.9386
 537.000       2.6188
 538.000       2.4751
 539.000       3.1083
 540.000       2.6719
 541.000       2.3737
 542.000       2.6181
 543.000       2.7703
 544.000       2.2926
 545.000       2.2033
 546.000       2.7036
 547.000       2.2686
 548.000       1.9519
 549.000       2.3686
 550.000       2.9339
 551.000       2.8797
 552.000       4.0706
 553.000       8.5458
 554.000       1.1912
 555.000      53.0002
 556.000       0.5034
 557.000       0.6230
 558.000      52.1406
 559.000      50.8528
 560.000      51.6407
 561.000      51.9789
 562.000      51.0831
 563.000      51.4458
 564.000      51.9364
 565.000      51.9774
 566.000      51.8868
 567.000      52.4097
 568.000      50.6592
 569.000      51.5804
 570.000      50.7577
 571.000      49.4076
 572.000      50.9361
 573.000      51.4363
 574.000      52.0189
 575.000      50.1292
 576.000      51.8600
 577.000      51.9522
 578.000      50.7663
 579.000      51.6937
 580.000      51.8103
 581.000      51.7434
 582.000      52.1036
 583.000      51.8272
 584.000      52.1553
 585.000      51.5197
 586.000      49.2668
 587.000      52.1244
 588.000      50.7867
 589.000      50.1134
 590.000      52.0946
 591.000      52.1628
 592.000      50.3310
 593.000      52.6913
 594.000      52.2197
 595.000      51.7101
 596.000      49.9190
 597.000      50.9711
 598.000      50.3416
 599.000      51.9186
 600.000       0.6373
 601.000      53.0759
 602.000      52.3243
 603.000      52.8125
 604.000      52.9046
 605.000      51.7130
 606.000      52.7359
 607.000      51.8785
 608.000      51.6085
 609.000      52.2387
 610.000      50.2641
 611.000      52.7269
 612.000      52.2012
 613.000      52.0478
 614.000      52.6311
 615.000      52.4991
 616.000      51.3692
 617.000      52.3275
 618.000      52.0678
 619.000      52.6197
 620.000      52.3529
 621.000      52.3363
 622.000      52.2048
 623.000      52.8823
 624.000      52.6767
 625.000      52.5899
 626.000      52.5971
 627.000      52.3625
 628.000      52.3744
 629.000      53.1555
 630.000      52.9967
 631.000      52.3950
 632.000      52.7300
 633.000      52.2348
 634.000      52.0823
 635.000      51.7052
 636.000      52.7677
 637.000      52.2499
 638.000      52.6018
 639.000      52.3703
 640.000      51.7820
 641.000      52.4809
 642.000      52.5143
 643.000      51.0392
 644.000      51.9948
 645.000      52.8132
 646.000      52.6951
