#Res        AtomicFlx
   1.000       4.1185
   2.000       2.0162
   3.000       2.2565
   4.000       1.4050
   5.000       1.8468
   6.000       1.6376
   7.000       1.5181
   8.000       1.3202
   9.000       1.3123
  10.000       0.9183
  11.000       0.8643
  12.000       1.1416
  13.000       0.8312
  14.000       0.7003
  15.000       0.7722
  16.000       0.6861
  17.000       0.8792
  18.000       0.7061
  19.000       0.7112
  20.000       0.6566
  21.000       1.0677
  22.000       0.7280
  23.000       0.6227
  24.000       1.0957
  25.000       1.5542
  26.000       1.7891
  27.000       0.7165
  28.000       0.8287
  29.000       1.5023
  30.000       1.0896
  31.000       1.0364
  32.000       2.0817
  33.000       2.0015
  34.000       0.8703
  35.000       0.9710
  36.000       0.9181
  37.000       0.9984
  38.000       1.0904
  39.000       0.8192
  40.000       1.0650
  41.000       1.4350
  42.000       0.7571
  43.000       0.6596
  44.000       1.6412
  45.000       0.9148
  46.000       0.6834
  47.000       0.7443
  48.000       1.0768
  49.000       1.2292
  50.000       0.7394
  51.000       0.5533
  52.000       0.7232
  53.000       0.6625
  54.000       0.8617
  55.000       0.9131
  56.000       0.7745
  57.000       1.0156
  58.000       0.7670
  59.000       1.1319
  60.000       0.7898
  61.000       0.7633
  62.000       0.7800
  63.000       1.1142
  64.000       1.5750
  65.000       1.0920
  66.000       1.2199
  67.000       1.3049
  68.000       0.9440
  69.000       0.9547
  70.000       1.2181
  71.000       0.7755
  72.000       0.8211
  73.000       0.7728
  74.000       2.0489
  75.000       1.5709
  76.000       1.0707
  77.000       1.2997
  78.000       1.2942
  79.000       1.2271
  80.000       1.1519
  81.000       0.7159
  82.000       0.7642
  83.000       0.6732
  84.000       1.1252
  85.000       0.6268
  86.000       0.6932
  87.000       1.0328
  88.000       0.8259
  89.000       0.7487
  90.000       0.8285
  91.000       0.9147
  92.000       0.7530
  93.000       0.9891
  94.000       0.6571
  95.000       0.8881
  96.000       0.8902
  97.000       1.1056
  98.000       0.8651
  99.000       0.7447
 100.000       0.7472
 101.000       1.0243
 102.000       0.6362
 103.000       0.8768
 104.000       0.6581
 105.000       1.0859
 106.000       1.0121
 107.000       0.8817
 108.000       0.6978
 109.000       1.1329
 110.000       0.6972
 111.000       0.6533
 112.000       0.9631
 113.000       0.9772
 114.000       1.6939
 115.000       1.1236
 116.000       0.7925
 117.000       0.8489
 118.000       0.9855
 119.000       1.2890
 120.000       2.5828
 121.000       1.7946
 122.000       3.0146
 123.000       3.3596
 124.000       3.4755
 125.000       5.0906
 126.000       2.6660
 127.000       2.8831
 128.000       2.2930
 129.000       2.1796
 130.000       1.6903
 131.000       1.4682
 132.000       1.5170
 133.000       1.7566
 134.000       2.0079
 135.000       2.2262
 136.000       2.6812
 137.000       2.8822
 138.000       2.4874
 139.000       2.6653
 140.000       3.6723
 141.000       4.4952
 142.000       3.4769
 143.000       3.1207
 144.000       3.2853
 145.000       2.6758
 146.000       2.3229
 147.000       1.7344
 148.000       1.7781
 149.000       1.6784
 150.000       1.5613
 151.000       1.2584
 152.000       1.5556
 153.000       1.5322
 154.000       2.0576
 155.000       1.9667
 156.000       1.9744
 157.000       3.0770
 158.000       3.2772
 159.000       2.4328
 160.000       3.2925
 161.000       2.8715
 162.000       2.1891
 163.000       1.3617
 164.000       0.9837
 165.000       0.8425
 166.000       0.8507
 167.000       1.1207
 168.000       1.0489
 169.000       0.7257
 170.000       1.0090
 171.000       1.5489
 172.000       1.2621
 173.000       1.2066
 174.000       1.0361
 175.000       1.3139
 176.000       1.0677
 177.000       1.2110
 178.000       0.9943
 179.000       1.3702
 180.000       1.4537
 181.000       1.0052
 182.000       0.9918
 183.000       1.4230
 184.000       1.2257
 185.000       0.9922
 186.000       1.6430
 187.000       1.4676
 188.000       1.5107
 189.000       1.3205
 190.000       0.9072
 191.000       1.1688
 192.000       1.0374
 193.000       0.7590
 194.000       0.6868
 195.000       0.7794
 196.000       0.7664
 197.000       0.9770
 198.000       0.8871
 199.000       0.7610
 200.000       1.1113
 201.000       1.1360
 202.000       1.0606
 203.000       1.1463
 204.000       1.4014
 205.000       1.1631
 206.000       1.5312
 207.000       1.8446
 208.000       2.2448
 209.000       1.3126
 210.000       1.6615
 211.000       2.2626
 212.000       1.3864
 213.000       1.2164
 214.000       1.1941
 215.000       1.5428
 216.000       1.1952
 217.000       1.4766
 218.000       2.1408
 219.000       1.2625
 220.000       1.2077
 221.000       1.5086
 222.000       1.2516
 223.000       1.5160
 224.000       0.7913
 225.000       0.8822
 226.000       0.8857
 227.000       0.8429
 228.000       0.8431
 229.000       0.7247
 230.000       0.9510
 231.000       0.8435
 232.000       1.0933
 233.000       0.8980
 234.000       1.0498
 235.000       0.8138
 236.000       1.3000
 237.000       1.2854
 238.000       0.9806
 239.000       1.2635
 240.000       0.7959
 241.000       0.8032
 242.000       1.7666
 243.000       1.0780
 244.000       0.6876
 245.000       1.0055
 246.000       1.2314
 247.000       2.1478
 248.000       0.9769
 249.000       1.1149
 250.000       1.0105
 251.000       1.0530
 252.000       1.5193
 253.000       1.5771
 254.000       1.6177
 255.000       1.2347
 256.000       1.4640
 257.000       1.5881
 258.000       1.3570
 259.000       0.9874
 260.000       1.6776
 261.000       0.8527
 262.000       0.8401
 263.000       0.6554
 264.000       0.8751
 265.000       0.6744
 266.000       0.6527
 267.000       0.7769
 268.000       0.6531
 269.000       0.8732
 270.000       0.5979
 271.000       1.8704
 272.000       0.6922
 273.000       0.7535
 274.000       0.6361
 275.000       0.6728
 276.000       0.6745
 277.000       1.2708
 278.000       0.7379
 279.000       0.7190
 280.000       1.1539
 281.000       0.9179
 282.000       1.0160
 283.000       1.2455
 284.000       0.9845
 285.000       1.1174
 286.000       1.5480
 287.000       1.3705
 288.000       2.0668
 289.000       1.7699
 290.000       1.8111
 291.000       1.5197
 292.000       1.2366
 293.000       1.1227
 294.000       1.4883
 295.000       1.7707
 296.000       0.9994
 297.000       0.7731
 298.000       0.8113
 299.000       0.9634
 300.000       0.7327
 301.000       0.6199
 302.000       1.1249
 303.000       0.6560
 304.000       0.6267
 305.000       0.7283
 306.000       0.7015
 307.000       0.6211
 308.000       0.5664
 309.000       0.7942
 310.000       0.8953
 311.000       0.6805
 312.000       0.6190
 313.000       1.0249
 314.000       0.7112
 315.000       0.7070
 316.000       0.9342
 317.000       0.6532
 318.000       0.8600
 319.000       0.8684
 320.000       0.6682
 321.000       0.7401
 322.000       1.0707
 323.000       0.8763
 324.000       1.1601
 325.000       1.0399
 326.000       1.3216
 327.000       1.0374
 328.000       1.2432
 329.000       1.3291
 330.000       1.0428
 331.000       1.1242
 332.000       2.2756
 333.000       1.0843
 334.000       0.9441
 335.000       1.1458
 336.000       1.8662
 337.000       0.9841
 338.000       1.0217
 339.000       0.7608
 340.000       0.9637
 341.000       0.8016
 342.000       0.8002
 343.000       0.8090
 344.000       0.7474
 345.000       0.6630
 346.000       0.7429
 347.000       0.9618
 348.000       0.7412
 349.000       0.7936
 350.000       0.9989
 351.000       1.1598
 352.000       1.0264
 353.000       0.9312
 354.000       1.1202
 355.000       0.7485
 356.000       0.7137
 357.000       0.9141
 358.000       0.7104
 359.000       0.7078
 360.000       1.0048
 361.000       0.7850
 362.000       0.6173
 363.000       0.6462
 364.000       1.0897
 365.000       0.8512
 366.000       1.0825
 367.000       0.7903
 368.000       0.8881
 369.000       0.9434
 370.000       0.8677
 371.000       1.1602
 372.000       1.0074
 373.000       0.9848
 374.000       0.8403
 375.000       1.1764
 376.000       0.8620
 377.000       0.8513
 378.000       1.3275
 379.000       1.0487
 380.000       1.1052
 381.000       1.2377
 382.000       0.8726
 383.000       1.0149
 384.000       1.1685
 385.000       1.3284
 386.000       1.2229
 387.000       1.5178
 388.000       1.7480
 389.000       2.0633
 390.000       2.4582
 391.000       3.3142
 392.000       2.8441
 393.000       3.0865
 394.000       2.5131
 395.000       2.4798
 396.000       2.3455
 397.000       1.8199
 398.000       1.7391
 399.000       1.5273
 400.000       1.6799
 401.000       1.0125
 402.000       0.9289
 403.000       1.1627
 404.000       0.8619
 405.000       0.8829
 406.000       0.8447
 407.000       1.0420
 408.000       0.8629
 409.000       0.7127
 410.000       1.0954
 411.000       1.2049
 412.000       1.1304
 413.000       0.7029
 414.000       0.9914
 415.000       0.8508
 416.000       0.9137
 417.000       0.7554
 418.000       0.6968
 419.000       1.1207
 420.000       0.7926
 421.000       0.6768
 422.000       1.0966
 423.000       0.9259
 424.000       0.8202
 425.000       1.0580
 426.000       1.2584
 427.000       1.0302
 428.000       1.0592
 429.000       1.0253
 430.000       1.1869
 431.000       0.8262
 432.000       0.8597
 433.000       0.8555
 434.000       1.2137
 435.000       1.4678
 436.000       0.7749
 437.000       0.7867
 438.000       0.7554
 439.000       0.8059
 440.000       0.9143
 441.000       0.6620
 442.000       0.8306
 443.000       1.1119
 444.000       0.9028
 445.000       1.0223
 446.000       1.0306
 447.000       1.0079
 448.000       1.2145
 449.000       1.3585
 450.000       1.6088
 451.000       1.4354
 452.000       1.5366
 453.000       1.0232
 454.000       1.8525
 455.000       2.7261
 456.000       1.7024
 457.000       1.4046
 458.000       1.9599
 459.000       1.9171
 460.000       1.8188
 461.000       1.5844
 462.000       1.9813
 463.000       2.5550
 464.000       1.9752
 465.000       2.1557
 466.000       1.9819
 467.000       2.2255
 468.000       1.7126
 469.000       1.6875
 470.000       1.6196
 471.000       1.9238
 472.000       2.1557
 473.000       1.5624
 474.000       1.6888
 475.000       1.6234
 476.000       1.2172
 477.000       1.6608
 478.000       1.5185
 479.000       1.3886
 480.000       0.9644
 481.000       0.8901
 482.000       0.9466
 483.000       0.8178
 484.000       0.8360
 485.000       1.0418
 486.000       1.6926
 487.000       1.0040
 488.000       0.7702
 489.000       0.9006
 490.000       0.9210
 491.000       0.8336
 492.000       0.8977
 493.000       1.0978
 494.000       1.2662
 495.000       1.3382
 496.000       1.3708
 497.000       2.0859
 498.000       1.4921
 499.000       1.2507
 500.000       1.3874
 501.000       1.6707
 502.000       1.9799
 503.000       2.5461
 504.000       1.2297
 505.000       1.7591
 506.000       1.2193
 507.000       1.1181
 508.000       1.1410
 509.000       1.0883
 510.000       0.9459
 511.000       1.1099
 512.000       1.0353
 513.000       1.0376
 514.000       0.8046
 515.000       1.7113
 516.000       1.3831
 517.000       1.1132
 518.000       0.8647
 519.000       1.2800
 520.000       0.8525
 521.000       0.7664
 522.000       1.1895
 523.000       1.2896
 524.000       0.8686
 525.000       1.0397
 526.000       1.0694
 527.000       1.5253
 528.000       1.1348
 529.000       1.2142
 530.000       1.9115
 531.000       2.1115
 532.000       1.6726
 533.000       1.9047
 534.000       2.0214
 535.000       2.2897
 536.000       1.9206
 537.000       2.5261
 538.000       2.4155
 539.000       3.0026
 540.000       2.7764
 541.000       2.6146
 542.000       2.7292
 543.000       2.7492
 544.000       2.3274
 545.000       2.3224
 546.000       2.5726
 547.000       2.0559
 548.000       1.7503
 549.000       2.0940
 550.000       2.7773
 551.000       3.3245
 552.000       3.8915
 553.000       6.7005
 554.000       1.7007
 555.000      52.6272
 556.000       0.9588
 557.000       0.8581
 558.000      50.9120
 559.000      51.7500
 560.000      51.3634
 561.000      51.5083
 562.000      49.7336
 563.000      51.7094
 564.000      52.0350
 565.000      52.2627
 566.000      51.4520
 567.000      50.1153
 568.000      51.2537
 569.000      50.6852
 570.000      51.1364
 571.000      52.1518
 572.000      50.7503
 573.000      50.7337
 574.000      51.4783
 575.000      51.7327
 576.000      51.2389
 577.000      52.0256
 578.000      53.0732
 579.000      51.6268
 580.000      49.3377
 581.000      51.6342
 582.000      51.2821
 583.000      51.4650
 584.000      49.7590
 585.000      49.9936
 586.000      51.6449
 587.000      51.7047
 588.000      50.8408
 589.000      51.1457
 590.000      50.6377
 591.000      51.1813
 592.000      51.1698
 593.000      52.4858
 594.000      51.6762
 595.000      51.6440
 596.000      49.5208
 597.000      51.9927
 598.000      50.7724
 599.000      49.9356
 600.000       0.6799
 601.000      52.5786
 602.000      51.8601
 603.000      51.7125
 604.000      52.6757
 605.000      52.2469
 606.000      52.8942
 607.000      52.4647
 608.000      52.5271
 609.000      52.5580
 610.000      52.3829
 611.000      52.5230
 612.000      52.9046
 613.000      51.8196
 614.000      51.2204
 615.000      51.1522
 616.000      52.1284
 617.000      52.4751
 618.000      52.2613
 619.000      52.5403
 620.000      52.9414
 621.000      52.1464
 622.000      53.0675
 623.000      52.7252
 624.000      47.1717
 625.000      52.0552
 626.000      52.6704
 627.000      52.5161
 628.000      52.4753
 629.000      52.1925
 630.000      52.4860
 631.000      52.3120
 632.000      52.4956
 633.000      53.1585
 634.000      52.6982
 635.000      52.4304
 636.000      52.2060
 637.000      51.8587
 638.000      51.8877
 639.000      52.4216
 640.000      52.5659
 641.000      52.7372
 642.000      51.4200
 643.000      53.0620
 644.000      52.2350
 645.000      53.3316
 646.000      52.5088
