#Res        AtomicFlx
   1.000       4.2278
   2.000       1.9445
   3.000       1.8169
   4.000       1.1021
   5.000       1.4093
   6.000       1.5511
   7.000       1.4163
   8.000       1.4005
   9.000       1.2874
  10.000       0.8604
  11.000       0.8384
  12.000       1.1117
  13.000       0.6836
  14.000       0.6346
  15.000       0.7116
  16.000       0.5864
  17.000       0.6605
  18.000       0.6202
  19.000       0.6942
  20.000       0.6006
  21.000       0.9106
  22.000       0.7315
  23.000       0.7105
  24.000       1.1905
  25.000       1.8739
  26.000       1.4958
  27.000       0.7215
  28.000       0.7083
  29.000       0.9901
  30.000       0.8902
  31.000       0.7550
  32.000       0.9705
  33.000       1.6393
  34.000       0.7719
  35.000       0.8337
  36.000       0.7684
  37.000       0.8263
  38.000       0.9279
  39.000       0.7636
  40.000       1.0877
  41.000       1.6780
  42.000       0.8747
  43.000       0.7888
  44.000       2.1080
  45.000       1.1839
  46.000       0.9282
  47.000       1.0175
  48.000       1.2566
  49.000       1.4080
  50.000       1.1427
  51.000       0.6503
  52.000       0.7670
  53.000       0.6975
  54.000       1.0523
  55.000       0.9248
  56.000       0.8211
  57.000       0.9921
  58.000       0.8681
  59.000       1.0789
  60.000       0.8136
  61.000       0.8416
  62.000       0.7127
  63.000       0.8413
  64.000       1.1330
  65.000       1.0389
  66.000       1.0077
  67.000       1.2650
  68.000       0.7873
  69.000       1.0510
  70.000       1.0470
  71.000       0.8346
  72.000       1.1145
  73.000       1.1776
  74.000       3.1332
  75.000       3.7404
  76.000       2.1532
  77.000       2.1391
  78.000       2.1677
  79.000       2.2472
  80.000       2.1721
  81.000       0.7767
  82.000       0.8999
  83.000       0.7009
  84.000       1.0703
  85.000       0.7358
  86.000       1.2104
  87.000       1.0521
  88.000       0.9077
  89.000       1.1217
  90.000       0.9566
  91.000       1.0100
  92.000       1.0199
  93.000       1.2986
  94.000       1.0593
  95.000       1.3793
  96.000       1.2991
  97.000       1.2069
  98.000       1.2141
  99.000       1.1207
 100.000       0.9404
 101.000       0.8214
 102.000       0.9072
 103.000       0.8207
 104.000       0.5850
 105.000       0.8817
 106.000       0.9588
 107.000       0.8254
 108.000       0.8696
 109.000       1.6753
 110.000       0.7102
 111.000       0.6774
 112.000       0.9728
 113.000       0.8995
 114.000       1.6799
 115.000       1.0973
 116.000       0.7466
 117.000       0.7662
 118.000       0.7775
 119.000       0.8992
 120.000       1.3477
 121.000       1.2928
 122.000       2.1329
 123.000       2.5404
 124.000       3.0218
 125.000       3.3747
 126.000       3.2806
 127.000       2.2553
 128.000       2.5719
 129.000       1.6172
 130.000       1.1357
 131.000       0.9495
 132.000       0.9556
 133.000       1.3629
 134.000       1.7977
 135.000       2.4933
 136.000       3.5130
 137.000       4.4633
 138.000       5.3042
 139.000       5.2289
 140.000       4.3832
 141.000       3.7611
 142.000       2.3860
 143.000       2.1027
 144.000       3.0983
 145.000       2.1576
 146.000       1.5890
 147.000       1.4181
 148.000       1.3885
 149.000       1.3063
 150.000       1.3585
 151.000       0.9933
 152.000       1.6548
 153.000       1.8200
 154.000       2.5119
 155.000       2.3362
 156.000       2.1718
 157.000       2.1005
 158.000       2.1045
 159.000       1.5300
 160.000       2.0433
 161.000       1.9406
 162.000       2.0013
 163.000       1.2149
 164.000       0.9612
 165.000       0.8267
 166.000       0.8683
 167.000       1.1275
 168.000       1.0734
 169.000       0.7283
 170.000       1.0256
 171.000       1.4803
 172.000       1.3865
 173.000       1.3338
 174.000       1.1701
 175.000       1.4612
 176.000       1.1913
 177.000       1.7266
 178.000       1.6499
 179.000       1.9260
 180.000       1.8386
 181.000       1.9125
 182.000       1.8990
 183.000       1.7777
 184.000       1.7105
 185.000       1.5080
 186.000       2.1198
 187.000       1.8989
 188.000       2.2194
 189.000       1.5075
 190.000       1.1815
 191.000       1.3587
 192.000       1.2624
 193.000       0.7952
 194.000       0.7576
 195.000       0.8725
 196.000       0.6770
 197.000       0.8596
 198.000       0.8399
 199.000       0.7674
 200.000       0.9178
 201.000       1.0435
 202.000       0.8280
 203.000       0.8341
 204.000       1.1167
 205.000       1.2153
 206.000       1.2117
 207.000       1.4169
 208.000       2.0181
 209.000       1.6165
 210.000       1.7530
 211.000       2.2553
 212.000       1.5350
 213.000       1.1375
 214.000       0.8764
 215.000       1.2778
 216.000       0.8312
 217.000       0.8070
 218.000       1.5144
 219.000       1.0406
 220.000       0.6329
 221.000       0.7199
 222.000       0.7808
 223.000       1.1790
 224.000       0.6621
 225.000       0.8442
 226.000       0.8033
 227.000       0.8074
 228.000       0.9203
 229.000       0.7217
 230.000       0.9991
 231.000       0.8881
 232.000       1.1297
 233.000       1.0563
 234.000       1.1589
 235.000       0.7919
 236.000       1.1244
 237.000       1.2374
 238.000       1.0440
 239.000       1.2853
 240.000       0.8164
 241.000       0.8331
 242.000       1.8661
 243.000       1.1136
 244.000       0.7006
 245.000       0.9278
 246.000       1.2661
 247.000       0.9278
 248.000       0.7837
 249.000       0.9716
 250.000       0.9392
 251.000       0.9888
 252.000       1.5629
 253.000       1.9920
 254.000       1.6146
 255.000       1.1388
 256.000       1.6301
 257.000       1.8690
 258.000       1.2851
 259.000       1.0571
 260.000       1.6190
 261.000       0.8609
 262.000       1.0216
 263.000       0.7545
 264.000       0.7969
 265.000       0.7183
 266.000       0.7663
 267.000       0.8096
 268.000       0.8034
 269.000       0.8952
 270.000       0.7168
 271.000       0.9433
 272.000       0.6317
 273.000       0.8798
 274.000       0.7612
 275.000       0.9731
 276.000       1.4782
 277.000       1.1852
 278.000       0.9512
 279.000       0.6716
 280.000       0.9493
 281.000       0.8196
 282.000       0.7259
 283.000       1.0179
 284.000       0.7870
 285.000       0.8071
 286.000       1.0723
 287.000       1.0732
 288.000       1.5944
 289.000       1.1112
 290.000       1.4389
 291.000       1.4152
 292.000       1.4575
 293.000       1.1922
 294.000       1.5070
 295.000       1.9726
 296.000       0.9432
 297.000       0.7395
 298.000       0.8292
 299.000       0.9476
 300.000       0.6813
 301.000       0.6320
 302.000       0.9965
 303.000       0.6522
 304.000       0.6620
 305.000       1.0244
 306.000       0.7211
 307.000       0.6319
 308.000       0.5775
 309.000       0.7708
 310.000       0.9460
 311.000       0.6863
 312.000       0.6090
 313.000       1.0245
 314.000       0.7458
 315.000       0.7223
 316.000       0.9096
 317.000       0.6732
 318.000       0.8611
 319.000       1.0318
 320.000       0.6717
 321.000       0.7482
 322.000       1.0355
 323.000       0.8118
 324.000       1.1246
 325.000       1.2553
 326.000       1.3094
 327.000       1.0151
 328.000       1.1790
 329.000       1.2689
 330.000       1.0774
 331.000       1.0261
 332.000       2.0711
 333.000       1.1439
 334.000       1.0201
 335.000       1.6631
 336.000       2.1797
 337.000       1.6623
 338.000       1.3268
 339.000       0.8678
 340.000       1.1505
 341.000       0.9943
 342.000       1.1482
 343.000       0.8305
 344.000       0.7672
 345.000       0.6354
 346.000       0.6891
 347.000       1.0084
 348.000       0.6941
 349.000       0.8345
 350.000       0.8712
 351.000       1.0796
 352.000       0.9986
 353.000       0.9184
 354.000       1.1368
 355.000       0.9159
 356.000       0.7436
 357.000       1.1141
 358.000       0.8030
 359.000       0.7593
 360.000       0.9375
 361.000       1.0242
 362.000       0.6254
 363.000       0.6199
 364.000       0.9688
 365.000       0.8120
 366.000       1.0204
 367.000       0.7713
 368.000       0.7380
 369.000       0.9627
 370.000       0.5917
 371.000       0.9798
 372.000       0.5525
 373.000       0.7197
 374.000       0.5785
 375.000       1.1955
 376.000       0.7030
 377.000       1.0780
 378.000       0.7950
 379.000       0.9055
 380.000       0.7391
 381.000       0.8605
 382.000       0.8371
 383.000       0.9036
 384.000       0.9122
 385.000       1.0418
 386.000       1.0060
 387.000       1.3123
 388.000       1.3426
 389.000       1.3062
 390.000       1.3722
 391.000       1.8136
 392.000       2.0362
 393.000       2.2386
 394.000       1.2151
 395.000       1.5371
 396.000       1.8190
 397.000       1.4153
 398.000       1.3584
 399.000       1.1575
 400.000       1.7211
 401.000       0.9450
 402.000       0.7747
 403.000       0.9420
 404.000       0.8028
 405.000       0.8730
 406.000       0.7761
 407.000       0.9526
 408.000       0.9373
 409.000       0.8180
 410.000       1.1114
 411.000       1.2700
 412.000       1.2887
 413.000       0.8918
 414.000       1.1421
 415.000       1.0280
 416.000       1.0780
 417.000       1.1576
 418.000       1.0630
 419.000       1.6961
 420.000       0.9833
 421.000       0.8804
 422.000       1.1611
 423.000       0.9399
 424.000       1.0802
 425.000       1.1635
 426.000       1.3068
 427.000       1.2256
 428.000       1.1109
 429.000       1.0758
 430.000       1.2758
 431.000       1.2688
 432.000       1.1025
 433.000       1.2571
 434.000       1.3402
 435.000       1.4973
 436.000       0.8964
 437.000       1.1454
 438.000       0.9157
 439.000       0.9414
 440.000       1.1058
 441.000       0.9673
 442.000       1.0022
 443.000       0.9791
 444.000       1.1628
 445.000       1.0776
 446.000       1.0384
 447.000       0.9996
 448.000       1.1515
 449.000       1.2943
 450.000       1.4450
 451.000       1.2920
 452.000       1.9438
 453.000       1.0870
 454.000       1.8041
 455.000       2.2344
 456.000       1.4511
 457.000       1.0617
 458.000       1.4288
 459.000       1.6435
 460.000       1.2566
 461.000       0.9696
 462.000       1.3442
 463.000       2.0311
 464.000       1.2562
 465.000       1.3532
 466.000       1.2972
 467.000       1.7387
 468.000       1.1069
 469.000       1.1528
 470.000       1.3102
 471.000       1.7078
 472.000       1.4300
 473.000       1.2462
 474.000       1.8004
 475.000       1.6095
 476.000       0.9810
 477.000       0.9861
 478.000       1.9989
 479.000       1.9007
 480.000       1.0899
 481.000       1.0461
 482.000       1.1641
 483.000       1.0546
 484.000       1.2389
 485.000       1.1590
 486.000       1.9125
 487.000       1.2147
 488.000       1.0101
 489.000       1.1337
 490.000       1.1348
 491.000       1.3075
 492.000       1.0251
 493.000       1.2014
 494.000       1.3355
 495.000       1.3996
 496.000       1.2167
 497.000       1.8997
 498.000       1.3455
 499.000       1.4003
 500.000       1.3924
 501.000       1.5934
 502.000       2.1436
 503.000       3.0409
 504.000       2.7042
 505.000       2.2255
 506.000       1.3739
 507.000       1.3917
 508.000       1.4289
 509.000       1.4321
 510.000       1.2150
 511.000       1.3357
 512.000       1.2864
 513.000       1.3725
 514.000       1.0865
 515.000       1.5899
 516.000       1.4202
 517.000       1.3508
 518.000       1.2424
 519.000       1.7462
 520.000       1.2886
 521.000       1.4542
 522.000       1.4586
 523.000       1.3545
 524.000       1.0130
 525.000       1.1303
 526.000       1.1681
 527.000       1.6743
 528.000       1.4332
 529.000       1.6214
 530.000       2.4278
 531.000       2.5593
 532.000       2.2777
 533.000       2.9039
 534.000       3.0801
 535.000       3.0574
 536.000       3.1833
 537.000       4.0750
 538.000       4.4893
 539.000       5.2930
 540.000       4.9368
 541.000       4.2634
 542.000       4.7981
 543.000       4.5930
 544.000       3.8513
 545.000       3.8123
 546.000       4.3622
 547.000       3.5439
 548.000       3.0684
 549.000       3.5874
 550.000       4.1324
 551.000       4.0880
 552.000       5.7382
 553.000       7.0795
 554.000       1.2059
 555.000      49.3204
 556.000       1.1602
 557.000       0.5159
 558.000      51.7086
 559.000      51.7014
 560.000      51.7214
 561.000      50.6643
 562.000      51.4427
 563.000      50.3841
 564.000      52.8784
 565.000      50.7645
 566.000      51.4326
 567.000      49.7721
 568.000      52.0805
 569.000      47.3249
 570.000      50.7126
 571.000      52.2034
 572.000      51.8707
 573.000      51.5966
 574.000      51.2693
 575.000      50.7854
 576.000      51.8464
 577.000      50.8509
 578.000      51.9102
 579.000      52.2770
 580.000      52.6182
 581.000      50.6654
 582.000      47.6887
 583.000      50.8902
 584.000      49.6845
 585.000      48.5933
 586.000      52.6067
 587.000      51.5305
 588.000      50.8715
 589.000      49.9425
 590.000      51.3551
 591.000      51.4245
 592.000      51.4576
 593.000      52.1042
 594.000      49.8815
 595.000      52.4189
 596.000      51.8866
 597.000      50.7193
 598.000      51.7589
 599.000      51.7797
 600.000       2.7876
 601.000      52.5579
 602.000      52.6503
 603.000      52.6356
 604.000      53.5209
 605.000      52.1881
 606.000      53.0673
 607.000      52.8889
 608.000      53.4802
 609.000      52.7467
 610.000      52.9491
 611.000      52.2285
 612.000      52.3317
 613.000      52.3035
 614.000      51.8837
 615.000      52.1591
 616.000      53.1355
 617.000      51.8583
 618.000      52.1651
 619.000      52.4931
 620.000      53.0297
 621.000      52.3575
 622.000      53.4001
 623.000      53.5993
 624.000      52.5597
 625.000      52.0974
 626.000      52.1006
 627.000      52.5547
 628.000      53.1766
 629.000      53.0579
 630.000      52.5806
 631.000      52.8949
 632.000      52.0634
 633.000      52.4339
 634.000      52.5230
 635.000      52.1912
 636.000      49.4318
 637.000      52.3778
 638.000      52.1549
 639.000      52.9412
 640.000      52.5793
 641.000      52.9242
 642.000      52.8321
 643.000      52.9832
 644.000      52.6417
 645.000      53.1084
 646.000      51.6944
