#Res        AtomicFlx
   1.000       6.2467
   2.000       4.7727
   3.000       3.3317
   4.000       2.0016
   5.000       1.1576
   6.000       0.8831
   7.000       0.9185
   8.000       1.4431
   9.000       0.9741
  10.000       0.7842
  11.000       0.7561
  12.000       0.7890
  13.000       0.5992
  14.000       0.5872
  15.000       0.6383
  16.000       0.5635
  17.000       0.4552
  18.000       0.4891
  19.000       0.5161
  20.000       0.4282
  21.000       0.4641
  22.000       0.4209
  23.000       0.5627
  24.000       0.8592
  25.000       0.9016
  26.000       0.6040
  27.000       0.5616
  28.000       0.7091
  29.000       0.6130
  30.000       0.6154
  31.000       0.6562
  32.000       0.7361
  33.000       0.6920
  34.000       0.7006
  35.000       0.7953
  36.000       0.8309
  37.000       0.7881
  38.000       1.0092
  39.000       0.8148
  40.000       0.8635
  41.000       0.9410
  42.000       0.7366
  43.000       0.6939
  44.000       0.7096
  45.000       0.6422
  46.000       0.5779
  47.000       0.6370
  48.000       0.6486
  49.000       0.5888
  50.000       0.5958
  51.000       0.6748
  52.000       0.6908
  53.000       0.6466
  54.000       0.5851
  55.000       0.5273
  56.000       0.5042
  57.000       0.4745
  58.000       0.4437
  59.000       0.4540
  60.000       0.4335
  61.000       0.3973
  62.000       0.4105
  63.000       0.4334
  64.000       0.4151
  65.000       0.4142
  66.000       0.4303
  67.000       0.4749
  68.000       0.4626
  69.000       0.4307
  70.000       0.4978
  71.000       0.5235
  72.000       0.4676
  73.000       0.4732
  74.000       0.4554
  75.000       0.4499
  76.000       0.5826
  77.000       0.6758
  78.000       0.9775
  79.000       1.0179
  80.000       0.7970
  81.000       0.6963
  82.000       0.7646
  83.000       0.6036
  84.000       0.6076
  85.000       0.6307
  86.000       0.5492
  87.000       0.5067
  88.000       0.5015
  89.000       0.5054
  90.000       0.5021
  91.000       0.5676
  92.000       0.5719
  93.000       0.5317
  94.000       0.5481
  95.000       0.5956
  96.000       0.5948
  97.000       0.5842
  98.000       0.6285
  99.000       0.6960
 100.000       0.8107
 101.000       0.6447
 102.000       0.4973
 103.000       0.5774
 104.000       0.5681
 105.000       0.5041
 106.000       0.4634
 107.000       0.4870
 108.000       0.4908
 109.000       0.4704
 110.000       0.4672
 111.000       0.4565
 112.000       0.4823
 113.000       0.5668
 114.000       0.5733
 115.000       0.5996
 116.000       0.8371
 117.000       1.0090
 118.000       1.2942
 119.000       1.1468
 120.000       0.7392
 121.000       0.7691
 122.000       0.8312
 123.000       0.9509
 124.000       1.2550
 125.000       1.0183
 126.000       1.3724
 127.000       1.5781
 128.000       2.0697
 129.000       1.9053
 130.000       1.2330
 131.000       1.3542
 132.000       1.5313
 133.000       1.4435
 134.000       1.0464
 135.000       1.2865
 136.000       1.1268
 137.000       1.0920
 138.000       1.8045
 139.000       2.5645
 140.000       3.4760
 141.000       3.9966
 142.000       3.4884
 143.000       3.0031
 144.000       2.8825
 145.000       2.1475
 146.000       2.5743
 147.000       2.7393
 148.000       2.1479
 149.000       1.3319
 150.000       1.0655
 151.000       0.7433
 152.000       0.6583
 153.000       0.5918
 154.000       0.6357
 155.000       0.7257
 156.000       0.6056
 157.000       0.5661
 158.000       0.7119
 159.000       0.8633
 160.000       1.0514
 161.000       1.1440
 162.000       1.1742
 163.000       0.8753
 164.000       1.3741
 165.000       1.5879
 166.000       1.1287
 167.000       1.1487
 168.000       1.2627
 169.000       1.1759
 170.000       1.0316
 171.000       1.4132
 172.000       1.0681
 173.000       0.9287
 174.000       0.9373
 175.000       0.8778
 176.000       0.8039
 177.000       0.9409
 178.000       0.9157
 179.000       0.7963
 180.000       0.6344
 181.000       0.6560
 182.000       0.6350
 183.000       0.5412
 184.000       0.5700
 185.000       0.6089
 186.000       0.5844
 187.000       0.5361
 188.000       0.5630
 189.000       0.6393
 190.000       0.5900
 191.000       0.5421
 192.000       0.5943
 193.000       0.6288
 194.000       0.5796
 195.000       0.5719
 196.000       0.6831
 197.000       0.7246
 198.000       0.6955
 199.000       0.7264
 200.000       0.8131
 201.000       0.7166
 202.000       0.6945
 203.000       0.8157
 204.000       0.8703
 205.000       0.7717
 206.000       0.7888
 207.000       0.8746
 208.000       0.9522
 209.000       0.9262
 210.000       0.9959
 211.000       0.8444
 212.000       0.7305
 213.000       0.6833
 214.000       0.6919
 215.000       0.6764
 216.000       0.5833
 217.000       0.6079
 218.000       0.6816
 219.000       0.6314
 220.000       0.5759
 221.000       0.6449
 222.000       0.6922
 223.000       0.6346
 224.000       0.6824
 225.000       0.7697
 226.000       0.7875
 227.000       0.7826
 228.000       0.8952
 229.000       0.7985
 230.000       0.7363
 231.000       0.8107
 232.000       0.7991
 233.000       0.7749
 234.000       0.7828
 235.000       0.7711
 236.000       0.8092
 237.000       0.8206
 238.000       0.7933
 239.000       0.8698
 240.000       0.8329
 241.000       0.9058
 242.000       1.0013
 243.000       1.0801
 244.000       1.0201
 245.000       1.0620
 246.000       1.1869
 247.000       1.0475
 248.000       0.9227
 249.000       0.8874
 250.000       0.7390
 251.000       0.6871
 252.000       0.6922
 253.000       0.6198
 254.000       0.5709
 255.000       0.5451
 256.000       0.5243
 257.000       0.5003
 258.000       0.5057
 259.000       0.4661
 260.000       0.4969
 261.000       0.4820
 262.000       0.5628
 263.000       0.6047
 264.000       0.5624
 265.000       0.8343
 266.000       0.7821
 267.000       0.6015
 268.000       0.5322
 269.000       0.4286
 270.000       0.3968
 271.000       0.4690
 272.000       0.4720
 273.000       0.4670
 274.000       0.5316
 275.000       0.5626
 276.000       0.5337
 277.000       0.5729
 278.000       0.5692
 279.000       0.5842
 280.000       0.5776
 281.000       0.5917
 282.000       0.5245
 283.000       0.5477
 284.000       0.5425
 285.000       0.5082
 286.000       0.5267
 287.000       0.5275
 288.000       0.5227
 289.000       0.4596
 290.000       0.4979
 291.000       0.5417
 292.000       0.4899
 293.000       0.4573
 294.000       0.5015
 295.000       0.5206
 296.000       0.4723
 297.000       0.4781
 298.000       0.5478
 299.000       0.5457
 300.000       0.5249
 301.000       0.5641
 302.000       0.5243
 303.000       0.4766
 304.000       0.4755
 305.000       0.4946
 306.000       0.5340
 307.000       0.6346
 308.000       0.6752
 309.000       0.6662
 310.000       0.7122
 311.000       0.7936
 312.000       0.8328
 313.000       0.9765
 314.000       1.0179
 315.000       1.1330
 316.000       1.3134
 317.000       1.1078
 318.000       1.0189
 319.000       0.8165
 320.000       0.9038
 321.000       1.0273
 322.000       0.9873
 323.000       0.9798
 324.000       1.2826
 325.000       1.0906
 326.000       1.2920
 327.000       1.2070
 328.000       1.0058
 329.000       0.7924
 330.000       0.7420
 331.000       0.7103
 332.000       0.5819
 333.000       0.6036
 334.000       0.7214
 335.000       0.6640
 336.000       0.6154
 337.000       0.6007
 338.000       0.6926
 339.000       0.7532
 340.000       0.7843
 341.000       0.8174
 342.000       0.8682
 343.000       0.9171
 344.000       0.8226
 345.000       0.6553
 346.000       0.6740
 347.000       0.6300
 348.000       0.5435
 349.000       0.5271
 350.000       0.5093
 351.000       0.4950
 352.000       0.4762
 353.000       0.4556
 354.000       0.4758
 355.000       0.4887
 356.000       0.5077
 357.000       0.5060
 358.000       0.4827
 359.000       0.4602
 360.000       0.4741
 361.000       0.4733
 362.000       0.4425
 363.000       0.4109
 364.000       0.4301
 365.000       0.4396
 366.000       0.4906
 367.000       0.5218
 368.000       0.4863
 369.000       0.5289
 370.000       0.5889
 371.000       0.7001
 372.000       0.5628
 373.000       0.5449
 374.000       0.6726
 375.000       0.8238
 376.000       1.0152
 377.000       1.2019
 378.000       0.9331
 379.000       1.0924
 380.000       1.9202
 381.000       1.2753
 382.000       1.1316
 383.000       1.4054
 384.000       1.6146
 385.000       1.8108
 386.000       1.0861
 387.000       0.8734
 388.000       0.9009
 389.000       1.0116
 390.000       0.9428
 391.000       0.7777
 392.000       0.7041
 393.000       0.8364
 394.000       0.8271
 395.000       0.6667
 396.000       0.6725
 397.000       0.7496
 398.000       0.6755
 399.000       0.5975
 400.000       0.6752
 401.000       0.6940
 402.000       0.6411
 403.000       0.6714
 404.000       0.6690
 405.000       0.6425
 406.000       0.7537
 407.000       0.7248
 408.000       0.8024
 409.000       0.7855
 410.000       0.6686
 411.000       0.6715
 412.000       0.6574
 413.000       0.5860
 414.000       0.6129
 415.000       0.7338
 416.000       0.7032
 417.000       0.7029
 418.000       0.8073
 419.000       0.7558
 420.000       0.8838
 421.000       1.0199
 422.000       0.9267
 423.000       0.9059
 424.000       0.8001
 425.000       0.6449
 426.000       0.5823
 427.000       0.5891
 428.000       0.5958
 429.000       0.4923
 430.000       0.4910
 431.000       0.5009
 432.000       0.4970
 433.000       0.4739
 434.000       0.4993
 435.000       0.5399
 436.000       0.5265
 437.000       0.5347
 438.000       0.6438
 439.000       0.7583
 440.000       0.7823
 441.000       0.6995
 442.000       0.6384
 443.000       0.6129
 444.000       0.7152
 445.000       0.6859
 446.000       0.5662
 447.000       0.6117
 448.000       0.7267
 449.000       0.6908
 450.000       0.6462
 451.000       0.7099
 452.000       0.7967
 453.000       0.7745
 454.000       0.6873
 455.000       0.8413
 456.000       0.8579
 457.000       0.8437
 458.000       0.7282
 459.000       0.8833
 460.000       0.8849
 461.000       0.8061
 462.000       0.6729
 463.000       0.6804
 464.000       0.7126
 465.000       0.6193
 466.000       0.5485
 467.000       0.6342
 468.000       0.6598
 469.000       0.6032
 470.000       0.6282
 471.000       0.5995
 472.000       0.6177
 473.000       0.5960
 474.000       0.5563
 475.000       0.6094
 476.000       0.6445
 477.000       0.5981
 478.000       0.6877
 479.000       0.7580
 480.000       0.7887
 481.000       0.9460
 482.000       1.1000
 483.000       1.0130
 484.000       1.1628
 485.000       2.0065
 486.000       2.4038
 487.000       1.8979
 488.000       1.4783
 489.000       1.3721
 490.000       1.6455
 491.000       1.7455
 492.000       2.1670
 493.000       1.4551
 494.000       1.2543
 495.000       1.1263
 496.000       1.2440
 497.000       1.2791
 498.000       1.1815
 499.000       1.1166
 500.000       1.1515
 501.000       1.0824
 502.000       0.8755
 503.000       0.8869
 504.000       0.9636
 505.000       0.8178
 506.000       0.8026
 507.000       1.0146
 508.000       0.8043
 509.000       0.9011
 510.000       0.6775
 511.000       0.7844
 512.000       0.8601
 513.000       0.7680
 514.000       0.9058
 515.000       1.0679
 516.000       0.9809
 517.000       0.8283
 518.000       0.9796
 519.000       1.1217
 520.000       1.0410
 521.000       1.0372
 522.000       1.2644
 523.000       1.3775
 524.000       1.3476
 525.000       1.4389
 526.000       2.0307
 527.000       2.0904
 528.000       2.1249
 529.000       2.1818
 530.000       2.1234
 531.000       1.5139
 532.000       1.3032
 533.000       1.4333
 534.000       1.3544
 535.000       1.1885
 536.000       1.0572
 537.000       1.0323
 538.000       1.1756
 539.000       1.1705
 540.000       1.3750
 541.000       2.4609
 542.000       3.6631
