#Res        AtomicFlx
   1.000       7.2626
   2.000       5.5296
   3.000       4.0708
   4.000       2.8405
   5.000       2.4516
   6.000       2.9631
   7.000       2.7533
   8.000       2.2773
   9.000       1.4971
  10.000       1.1974
  11.000       1.0762
  12.000       1.0055
  13.000       0.8793
  14.000       0.7861
  15.000       0.7355
  16.000       0.6927
  17.000       0.5960
  18.000       0.6064
  19.000       0.6317
  20.000       0.5842
  21.000       0.5838
  22.000       0.5691
  23.000       0.6450
  24.000       0.7322
  25.000       0.7614
  26.000       0.6576
  27.000       0.7016
  28.000       0.8110
  29.000       0.9070
  30.000       0.8769
  31.000       0.7943
  32.000       0.7144
  33.000       0.7363
  34.000       0.9040
  35.000       1.0178
  36.000       1.0317
  37.000       1.0757
  38.000       1.0847
  39.000       1.1649
  40.000       1.2603
  41.000       1.1400
  42.000       0.9410
  43.000       1.0389
  44.000       0.9778
  45.000       0.7988
  46.000       0.7646
  47.000       0.8533
  48.000       0.8249
  49.000       0.7241
  50.000       0.7319
  51.000       0.8413
  52.000       0.8006
  53.000       0.7081
  54.000       0.6570
  55.000       0.5952
  56.000       0.5788
  57.000       0.5340
  58.000       0.4892
  59.000       0.5198
  60.000       0.5381
  61.000       0.5296
  62.000       0.4977
  63.000       0.5164
  64.000       0.5553
  65.000       0.5687
  66.000       0.5401
  67.000       0.5727
  68.000       0.5826
  69.000       0.6571
  70.000       0.6991
  71.000       0.6668
  72.000       0.7122
  73.000       0.6391
  74.000       0.6628
  75.000       0.7001
  76.000       0.7341
  77.000       0.9321
  78.000       1.0790
  79.000       1.0566
  80.000       1.0766
  81.000       1.1011
  82.000       1.1626
  83.000       0.7925
  84.000       0.7574
  85.000       0.6785
  86.000       0.5913
  87.000       0.5956
  88.000       0.5951
  89.000       0.5709
  90.000       0.5455
  91.000       0.5652
  92.000       0.5455
  93.000       0.5058
  94.000       0.5111
  95.000       0.5383
  96.000       0.5383
  97.000       0.4975
  98.000       0.4953
  99.000       0.5829
 100.000       0.6732
 101.000       0.5351
 102.000       0.5316
 103.000       0.6099
 104.000       0.6085
 105.000       0.5692
 106.000       0.5851
 107.000       0.6048
 108.000       0.5825
 109.000       0.5695
 110.000       0.6066
 111.000       0.6091
 112.000       0.5877
 113.000       0.6611
 114.000       0.7227
 115.000       0.7614
 116.000       0.9635
 117.000       1.1224
 118.000       1.3175
 119.000       1.2596
 120.000       0.8631
 121.000       0.9000
 122.000       1.0371
 123.000       1.2476
 124.000       1.8637
 125.000       2.8234
 126.000       3.9932
 127.000       5.5089
 128.000       6.3372
 129.000       6.2238
 130.000       5.6405
 131.000       6.0865
 132.000       5.9590
 133.000       6.1209
 134.000       4.5347
 135.000       4.0398
 136.000       3.3480
 137.000       2.6781
 138.000       3.4763
 139.000       4.4917
 140.000       4.6930
 141.000       4.7035
 142.000       3.9916
 143.000       3.3614
 144.000       3.4981
 145.000       3.4024
 146.000       3.2219
 147.000       3.4353
 148.000       3.0066
 149.000       2.0135
 150.000       1.4185
 151.000       1.1903
 152.000       1.0438
 153.000       0.8364
 154.000       0.9533
 155.000       0.9794
 156.000       0.7840
 157.000       0.7732
 158.000       0.9335
 159.000       0.8510
 160.000       0.8566
 161.000       1.0860
 162.000       1.3104
 163.000       1.2592
 164.000       1.4943
 165.000       1.5357
 166.000       1.9669
 167.000       2.2443
 168.000       2.5108
 169.000       1.8986
 170.000       1.2718
 171.000       1.9403
 172.000       1.7949
 173.000       1.5844
 174.000       1.2994
 175.000       1.0507
 176.000       0.9954
 177.000       1.1554
 178.000       1.1770
 179.000       1.0275
 180.000       0.8449
 181.000       0.8622
 182.000       0.7907
 183.000       0.6645
 184.000       0.6563
 185.000       0.6918
 186.000       0.6714
 187.000       0.6093
 188.000       0.6185
 189.000       0.6957
 190.000       0.6843
 191.000       0.6406
 192.000       0.7219
 193.000       0.7929
 194.000       0.8303
 195.000       1.0206
 196.000       1.2026
 197.000       1.5771
 198.000       1.9338
 199.000       2.3433
 200.000       2.7485
 201.000       2.6962
 202.000       2.0563
 203.000       1.9036
 204.000       1.3805
 205.000       1.1129
 206.000       0.9655
 207.000       0.9457
 208.000       0.8992
 209.000       0.7180
 210.000       0.6836
 211.000       0.7153
 212.000       0.6826
 213.000       0.6931
 214.000       0.7570
 215.000       0.7546
 216.000       0.6779
 217.000       0.7324
 218.000       0.8058
 219.000       0.7713
 220.000       0.7455
 221.000       0.8213
 222.000       0.8877
 223.000       0.8510
 224.000       0.8672
 225.000       0.9359
 226.000       0.9937
 227.000       0.9831
 228.000       0.9880
 229.000       0.9059
 230.000       0.8247
 231.000       0.9162
 232.000       0.9614
 233.000       0.9276
 234.000       0.8401
 235.000       0.9922
 236.000       1.0911
 237.000       0.8693
 238.000       0.9865
 239.000       1.0947
 240.000       1.2220
 241.000       1.1922
 242.000       1.2682
 243.000       1.4475
 244.000       1.2291
 245.000       1.1561
 246.000       1.5915
 247.000       1.3219
 248.000       1.2773
 249.000       1.1466
 250.000       0.9924
 251.000       0.8691
 252.000       0.8643
 253.000       0.7945
 254.000       0.7245
 255.000       0.6750
 256.000       0.7036
 257.000       0.6891
 258.000       0.6146
 259.000       0.5796
 260.000       0.6715
 261.000       0.6643
 262.000       1.0864
 263.000       0.8552
 264.000       0.6879
 265.000       0.7816
 266.000       0.6734
 267.000       0.6905
 268.000       0.9053
 269.000       0.8773
 270.000       0.7857
 271.000       0.8122
 272.000       0.6954
 273.000       0.6118
 274.000       0.6777
 275.000       0.8646
 276.000       0.8386
 277.000       0.8666
 278.000       0.8426
 279.000       0.8688
 280.000       0.7830
 281.000       0.7911
 282.000       0.7840
 283.000       0.7601
 284.000       0.7295
 285.000       0.7432
 286.000       0.7192
 287.000       0.7423
 288.000       0.7517
 289.000       0.7167
 290.000       0.7357
 291.000       0.7621
 292.000       0.7094
 293.000       0.6262
 294.000       0.6762
 295.000       0.7288
 296.000       0.7183
 297.000       0.7057
 298.000       0.6678
 299.000       0.6871
 300.000       0.6910
 301.000       0.6926
 302.000       0.6363
 303.000       0.6034
 304.000       0.6032
 305.000       0.6480
 306.000       0.6639
 307.000       0.7046
 308.000       0.7587
 309.000       0.7684
 310.000       0.8381
 311.000       0.9133
 312.000       0.9622
 313.000       1.1884
 314.000       1.3975
 315.000       1.3316
 316.000       1.3412
 317.000       1.1963
 318.000       1.1597
 319.000       1.1213
 320.000       1.3036
 321.000       1.4797
 322.000       1.2154
 323.000       1.2148
 324.000       1.5492
 325.000       1.3604
 326.000       1.4281
 327.000       1.2657
 328.000       1.2424
 329.000       1.1073
 330.000       0.8149
 331.000       0.7099
 332.000       0.7318
 333.000       0.7662
 334.000       0.7570
 335.000       0.6597
 336.000       0.6815
 337.000       0.7397
 338.000       0.7361
 339.000       0.7932
 340.000       0.8762
 341.000       0.9280
 342.000       0.9546
 343.000       1.0389
 344.000       0.9556
 345.000       0.7958
 346.000       0.7929
 347.000       0.7642
 348.000       0.7036
 349.000       0.6775
 350.000       0.6542
 351.000       0.6255
 352.000       0.5844
 353.000       0.5637
 354.000       0.5877
 355.000       0.5710
 356.000       0.5664
 357.000       0.5285
 358.000       0.5459
 359.000       0.5891
 360.000       0.5802
 361.000       0.5055
 362.000       0.5133
 363.000       0.5114
 364.000       0.5174
 365.000       0.5403
 366.000       0.5972
 367.000       0.6250
 368.000       0.6282
 369.000       0.6537
 370.000       0.7023
 371.000       0.6882
 372.000       0.6645
 373.000       0.6821
 374.000       0.6754
 375.000       0.6976
 376.000       0.7743
 377.000       0.8123
 378.000       0.8859
 379.000       1.0021
 380.000       1.3456
 381.000       1.5104
 382.000       1.4421
 383.000       1.2759
 384.000       1.5943
 385.000       1.5066
 386.000       1.2022
 387.000       1.1947
 388.000       1.0800
 389.000       0.9611
 390.000       1.0141
 391.000       0.8971
 392.000       0.8081
 393.000       0.8984
 394.000       0.8081
 395.000       0.6848
 396.000       0.7609
 397.000       0.8116
 398.000       0.6876
 399.000       0.6994
 400.000       0.8576
 401.000       0.7602
 402.000       0.7012
 403.000       0.8626
 404.000       0.7861
 405.000       0.6935
 406.000       0.7867
 407.000       0.7419
 408.000       0.8473
 409.000       1.0246
 410.000       0.8629
 411.000       0.8698
 412.000       0.8115
 413.000       0.6990
 414.000       0.7091
 415.000       0.8020
 416.000       0.7467
 417.000       0.7934
 418.000       0.9353
 419.000       0.9080
 420.000       0.7991
 421.000       0.7680
 422.000       0.7435
 423.000       0.8592
 424.000       0.7774
 425.000       0.6512
 426.000       0.6020
 427.000       0.6399
 428.000       0.6508
 429.000       0.5836
 430.000       0.5527
 431.000       0.5590
 432.000       0.5802
 433.000       0.5822
 434.000       0.6074
 435.000       0.6970
 436.000       0.6903
 437.000       0.6732
 438.000       0.8158
 439.000       0.9261
 440.000       0.9410
 441.000       0.8398
 442.000       0.8263
 443.000       0.7728
 444.000       0.8528
 445.000       0.7906
 446.000       0.6694
 447.000       0.7318
 448.000       0.7888
 449.000       0.7315
 450.000       0.7382
 451.000       0.8402
 452.000       0.9708
 453.000       1.0208
 454.000       1.0179
 455.000       1.0555
 456.000       1.1283
 457.000       1.0436
 458.000       0.9431
 459.000       1.0891
 460.000       1.0379
 461.000       0.9095
 462.000       0.7763
 463.000       0.7983
 464.000       0.8286
 465.000       0.7044
 466.000       0.6569
 467.000       0.7662
 468.000       0.7712
 469.000       0.7066
 470.000       0.7129
 471.000       0.6806
 472.000       0.7077
 473.000       0.6414
 474.000       0.5831
 475.000       0.6684
 476.000       0.6861
 477.000       0.6724
 478.000       0.7777
 479.000       0.9037
 480.000       1.0090
 481.000       1.3394
 482.000       1.5187
 483.000       1.4296
 484.000       1.7894
 485.000       2.5908
 486.000       2.5293
 487.000       2.3045
 488.000       2.5373
 489.000       1.5142
 490.000       1.4491
 491.000       1.6475
 492.000       1.9375
 493.000       1.4302
 494.000       1.6425
 495.000       1.3120
 496.000       1.4672
 497.000       1.4281
 498.000       1.1908
 499.000       1.0468
 500.000       1.0236
 501.000       1.0459
 502.000       0.9243
 503.000       0.7860
 504.000       0.8511
 505.000       0.8725
 506.000       0.7191
 507.000       0.7232
 508.000       0.8361
 509.000       0.7924
 510.000       0.7154
 511.000       0.7434
 512.000       0.8646
 513.000       0.8421
 514.000       0.7870
 515.000       1.0212
 516.000       1.0776
 517.000       0.9149
 518.000       1.1231
 519.000       1.3536
 520.000       1.2416
 521.000       1.2807
 522.000       1.6450
 523.000       1.7187
 524.000       1.6126
 525.000       1.7487
 526.000       2.1911
 527.000       2.4410
 528.000       2.6077
 529.000       2.5513
 530.000       2.7833
 531.000       2.5260
 532.000       2.1522
 533.000       2.3242
 534.000       2.4736
 535.000       2.1891
 536.000       1.9934
 537.000       2.1841
 538.000       2.2831
 539.000       2.1318
 540.000       2.3197
 541.000       3.2661
 542.000       5.0508
