#Res        AtomicFlx
   1.000       5.1836
   2.000       1.9647
   3.000       1.5848
   4.000       1.0162
   5.000       1.5360
   6.000       1.7449
   7.000       1.6715
   8.000       1.6368
   9.000       1.5324
  10.000       1.1094
  11.000       1.0456
  12.000       1.2802
  13.000       1.0366
  14.000       0.8105
  15.000       0.8706
  16.000       0.8058
  17.000       0.7206
  18.000       0.7598
  19.000       0.7936
  20.000       0.7243
  21.000       1.1248
  22.000       0.7933
  23.000       0.5838
  24.000       1.1343
  25.000       1.6358
  26.000       1.5730
  27.000       0.6187
  28.000       0.7781
  29.000       1.8124
  30.000       0.9812
  31.000       1.0980
  32.000       2.2988
  33.000       1.9404
  34.000       0.8512
  35.000       1.0489
  36.000       0.9560
  37.000       0.9853
  38.000       1.0454
  39.000       0.8118
  40.000       1.0664
  41.000       1.5441
  42.000       0.7362
  43.000       0.6106
  44.000       1.6404
  45.000       0.9687
  46.000       0.7186
  47.000       0.8526
  48.000       1.2358
  49.000       1.3289
  50.000       0.7939
  51.000       0.6084
  52.000       0.7909
  53.000       0.7248
  54.000       0.9302
  55.000       0.9168
  56.000       0.7323
  57.000       1.0260
  58.000       0.7454
  59.000       0.9842
  60.000       0.7860
  61.000       0.8223
  62.000       0.6824
  63.000       0.9000
  64.000       1.1815
  65.000       1.0073
  66.000       1.0957
  67.000       1.3397
  68.000       0.8484
  69.000       0.8575
  70.000       1.2007
  71.000       0.7897
  72.000       1.0932
  73.000       0.9528
  74.000       2.9546
  75.000       2.9269
  76.000       1.2532
  77.000       1.4131
  78.000       1.5243
  79.000       1.2253
  80.000       1.1808
  81.000       0.6738
  82.000       0.7628
  83.000       0.5866
  84.000       1.1785
  85.000       0.6470
  86.000       0.8340
  87.000       1.1082
  88.000       0.9467
  89.000       1.0351
  90.000       0.6243
  91.000       0.8581
  92.000       0.9116
  93.000       1.1450
  94.000       0.7606
  95.000       1.1630
  96.000       1.1702
  97.000       1.2425
  98.000       0.9284
  99.000       0.9463
 100.000       0.8057
 101.000       1.0947
 102.000       0.6855
 103.000       0.8417
 104.000       0.6216
 105.000       0.9138
 106.000       0.7337
 107.000       0.8779
 108.000       0.7101
 109.000       0.9923
 110.000       0.7627
 111.000       0.7077
 112.000       0.9734
 113.000       0.9309
 114.000       1.7342
 115.000       1.0877
 116.000       0.7650
 117.000       0.7864
 118.000       0.7994
 119.000       1.1239
 120.000       2.7252
 121.000       1.9598
 122.000       4.0061
 123.000       3.6491
 124.000       3.8723
 125.000       5.9372
 126.000       6.5654
 127.000       5.9912
 128.000       7.4357
 129.000       5.5957
 130.000       3.1600
 131.000       4.3003
 132.000       3.4150
 133.000       3.2451
 134.000       3.1889
 135.000       3.9147
 136.000       5.1482
 137.000       5.3931
 138.000       3.9568
 139.000       4.9720
 140.000       6.6535
 141.000       6.1505
 142.000       6.3216
 143.000       6.4616
 144.000       5.3522
 145.000       6.7983
 146.000       6.4087
 147.000       4.5963
 148.000       5.0876
 149.000       6.0951
 150.000       5.0288
 151.000       4.3034
 152.000       5.7219
 153.000       6.3191
 154.000       4.9406
 155.000       6.0891
 156.000       5.5442
 157.000       4.6528
 158.000       6.3961
 159.000       5.5822
 160.000       6.5996
 161.000       5.0366
 162.000       5.0848
 163.000       2.1035
 164.000       0.8694
 165.000       0.7640
 166.000       0.7216
 167.000       1.0559
 168.000       1.3562
 169.000       0.7273
 170.000       0.8473
 171.000       1.6949
 172.000       1.1512
 173.000       0.9591
 174.000       0.8586
 175.000       1.1398
 176.000       1.4070
 177.000       1.0174
 178.000       0.8702
 179.000       1.1087
 180.000       1.3103
 181.000       1.0036
 182.000       1.0053
 183.000       1.4660
 184.000       1.3804
 185.000       1.1765
 186.000       1.8107
 187.000       1.4814
 188.000       1.2958
 189.000       1.3814
 190.000       0.8492
 191.000       1.1371
 192.000       1.2460
 193.000       0.7588
 194.000       0.6826
 195.000       0.8011
 196.000       0.7493
 197.000       0.8757
 198.000       0.8022
 199.000       0.7929
 200.000       1.0379
 201.000       0.8927
 202.000       0.9877
 203.000       1.1152
 204.000       1.1586
 205.000       0.9601
 206.000       1.3729
 207.000       1.4039
 208.000       2.1412
 209.000       1.1460
 210.000       2.0867
 211.000       2.6491
 212.000       1.7681
 213.000       1.9372
 214.000       1.3612
 215.000       1.8377
 216.000       1.4428
 217.000       1.2794
 218.000       1.5759
 219.000       1.4090
 220.000       1.4348
 221.000       1.2437
 222.000       1.0897
 223.000       1.4291
 224.000       0.8456
 225.000       0.7704
 226.000       0.8902
 227.000       0.8899
 228.000       0.9163
 229.000       0.7534
 230.000       1.0195
 231.000       0.8982
 232.000       1.1094
 233.000       0.8929
 234.000       0.9070
 235.000       0.8287
 236.000       1.1265
 237.000       1.2140
 238.000       1.1478
 239.000       1.4532
 240.000       0.9561
 241.000       0.8810
 242.000       1.8046
 243.000       1.1932
 244.000       0.7744
 245.000       0.9169
 246.000       1.3457
 247.000       2.0056
 248.000       0.7366
 249.000       0.9592
 250.000       1.0209
 251.000       1.0659
 252.000       1.5023
 253.000       2.5684
 254.000       1.6465
 255.000       1.2065
 256.000       1.4896
 257.000       1.5697
 258.000       1.2842
 259.000       0.8999
 260.000       1.4794
 261.000       0.8102
 262.000       0.8527
 263.000       0.6181
 264.000       0.8357
 265.000       0.6422
 266.000       0.6313
 267.000       0.6731
 268.000       0.6039
 269.000       1.0054
 270.000       0.5859
 271.000       0.6359
 272.000       0.5891
 273.000       0.7987
 274.000       0.5890
 275.000       0.6555
 276.000       0.6618
 277.000       0.6632
 278.000       0.5832
 279.000       0.6151
 280.000       0.7443
 281.000       0.7932
 282.000       0.8938
 283.000       1.1990
 284.000       0.7561
 285.000       0.8732
 286.000       1.1782
 287.000       1.0312
 288.000       1.6123
 289.000       1.2665
 290.000       1.4925
 291.000       1.3862
 292.000       1.2497
 293.000       0.9872
 294.000       1.3428
 295.000       2.2599
 296.000       1.0346
 297.000       0.7599
 298.000       0.7964
 299.000       0.9837
 300.000       0.7697
 301.000       0.5975
 302.000       1.1066
 303.000       0.6888
 304.000       0.5800
 305.000       0.8603
 306.000       0.6318
 307.000       0.6065
 308.000       0.5077
 309.000       0.6911
 310.000       0.9013
 311.000       0.6357
 312.000       0.5592
 313.000       0.9920
 314.000       0.7260
 315.000       0.7132
 316.000       0.9645
 317.000       0.6383
 318.000       0.9173
 319.000       0.9714
 320.000       0.7764
 321.000       0.9599
 322.000       1.0657
 323.000       0.9562
 324.000       1.2989
 325.000       1.6399
 326.000       1.4501
 327.000       1.1509
 328.000       1.2434
 329.000       1.3970
 330.000       1.1229
 331.000       1.0361
 332.000       2.0874
 333.000       1.0880
 334.000       0.9027
 335.000       1.2285
 336.000       2.3956
 337.000       1.0303
 338.000       0.9307
 339.000       0.6417
 340.000       0.9226
 341.000       0.7403
 342.000       0.7246
 343.000       0.7160
 344.000       0.6737
 345.000       0.6399
 346.000       0.6859
 347.000       0.8845
 348.000       0.7705
 349.000       0.8741
 350.000       1.0630
 351.000       1.2662
 352.000       1.0588
 353.000       0.9803
 354.000       1.2677
 355.000       0.8368
 356.000       0.7518
 357.000       1.0471
 358.000       0.8007
 359.000       0.6770
 360.000       1.0720
 361.000       0.8758
 362.000       0.6240
 363.000       0.6153
 364.000       1.1225
 365.000       0.7983
 366.000       0.9967
 367.000       0.7329
 368.000       0.8461
 369.000       0.8822
 370.000       0.7355
 371.000       1.0316
 372.000       0.9753
 373.000       1.1125
 374.000       1.0235
 375.000       1.0263
 376.000       1.0765
 377.000       1.2030
 378.000       1.1888
 379.000       1.1372
 380.000       0.9136
 381.000       1.1373
 382.000       1.1485
 383.000       1.2220
 384.000       1.0895
 385.000       1.1724
 386.000       1.3901
 387.000       2.3941
 388.000       3.5110
 389.000       3.3214
 390.000       2.9209
 391.000       2.5699
 392.000       3.0409
 393.000       2.6998
 394.000       1.7800
 395.000       1.8571
 396.000       1.8142
 397.000       1.7348
 398.000       1.4181
 399.000       1.1419
 400.000       1.8330
 401.000       1.0391
 402.000       0.9640
 403.000       1.2479
 404.000       0.8821
 405.000       0.9733
 406.000       0.8874
 407.000       1.0430
 408.000       0.9142
 409.000       0.7588
 410.000       1.1079
 411.000       1.2670
 412.000       1.2722
 413.000       0.7136
 414.000       1.0184
 415.000       0.8557
 416.000       0.9344
 417.000       0.7772
 418.000       0.6907
 419.000       1.1963
 420.000       0.8012
 421.000       0.6869
 422.000       0.8037
 423.000       0.7854
 424.000       0.8022
 425.000       0.9792
 426.000       1.1054
 427.000       0.9280
 428.000       1.0372
 429.000       0.9259
 430.000       1.1155
 431.000       0.9268
 432.000       0.8078
 433.000       0.9265
 434.000       0.8358
 435.000       1.6294
 436.000       0.6588
 437.000       0.9661
 438.000       0.7760
 439.000       0.9317
 440.000       0.8406
 441.000       0.5496
 442.000       0.9070
 443.000       0.9287
 444.000       0.9317
 445.000       0.8133
 446.000       1.0355
 447.000       0.8154
 448.000       1.0396
 449.000       1.0978
 450.000       1.3078
 451.000       1.0687
 452.000       1.2513
 453.000       0.9158
 454.000       1.6146
 455.000       2.2730
 456.000       1.1594
 457.000       1.0889
 458.000       1.4615
 459.000       1.5263
 460.000       1.1107
 461.000       1.1116
 462.000       1.3768
 463.000       1.9059
 464.000       1.1784
 465.000       1.3438
 466.000       1.1548
 467.000       1.7809
 468.000       1.1570
 469.000       1.1155
 470.000       1.1336
 471.000       1.4153
 472.000       1.5091
 473.000       1.3575
 474.000       1.6366
 475.000       1.4196
 476.000       0.8799
 477.000       0.9617
 478.000       1.7326
 479.000       2.1282
 480.000       1.0415
 481.000       0.9450
 482.000       0.8157
 483.000       0.7422
 484.000       0.8355
 485.000       0.7620
 486.000       1.5420
 487.000       0.9420
 488.000       0.7959
 489.000       0.8473
 490.000       0.8702
 491.000       1.1353
 492.000       0.8126
 493.000       0.9903
 494.000       1.1607
 495.000       1.3173
 496.000       1.0710
 497.000       1.8153
 498.000       1.1687
 499.000       1.2996
 500.000       1.0905
 501.000       1.1433
 502.000       1.5940
 503.000       1.9196
 504.000       1.3740
 505.000       1.5012
 506.000       1.1392
 507.000       1.0230
 508.000       1.0097
 509.000       1.0654
 510.000       0.9521
 511.000       1.0302
 512.000       1.0333
 513.000       1.1785
 514.000       0.9250
 515.000       1.7055
 516.000       1.4028
 517.000       1.2212
 518.000       1.1130
 519.000       1.6916
 520.000       1.0530
 521.000       1.0191
 522.000       1.3484
 523.000       1.3342
 524.000       0.9409
 525.000       1.0111
 526.000       0.9861
 527.000       1.4874
 528.000       1.0016
 529.000       1.1709
 530.000       1.8850
 531.000       1.7608
 532.000       1.5259
 533.000       1.9956
 534.000       2.1577
 535.000       2.4923
 536.000       2.2450
 537.000       2.8523
 538.000       3.0945
 539.000       3.9344
 540.000       3.7419
 541.000       3.2495
 542.000       3.7077
 543.000       3.6043
 544.000       2.8214
 545.000       2.8842
 546.000       3.4236
 547.000       2.6627
 548.000       2.2258
 549.000       2.9488
 550.000       3.7514
 551.000       4.4220
 552.000       4.5651
 553.000      49.3230
 554.000       0.5416
 555.000      49.1468
 556.000      50.0192
 557.000      50.6503
 558.000      52.3471
 559.000      49.3672
 560.000      51.8842
 561.000      50.9166
 562.000      50.6276
 563.000      52.6255
 564.000      52.0947
 565.000      50.8906
 566.000      52.7523
 567.000      51.3517
 568.000      50.8061
 569.000      51.8560
 570.000      53.0977
 571.000      51.6831
 572.000      51.3418
 573.000      51.4757
 574.000      52.2320
 575.000      50.4821
 576.000      51.4174
 577.000      51.7997
 578.000      51.3356
 579.000      52.1426
 580.000      51.8097
 581.000      51.9138
 582.000      51.6181
 583.000      52.5078
 584.000      51.6930
 585.000      50.9611
 586.000      51.5123
 587.000      51.4988
 588.000      52.6263
 589.000      51.8837
 590.000      49.5899
 591.000      51.4914
 592.000      52.1046
 593.000      51.0491
 594.000      52.3348
 595.000      52.3812
 596.000      50.4893
 597.000      52.7009
 598.000       0.6429
 599.000      53.0098
 600.000      53.2677
 601.000      53.1773
 602.000      52.1562
 603.000      52.3820
 604.000      52.3273
 605.000      52.7040
 606.000      52.6329
 607.000      52.2514
 608.000      52.9416
 609.000      52.5547
 610.000      52.5379
 611.000      52.6438
 612.000      53.1614
 613.000      53.0312
 614.000      53.6709
 615.000      52.7273
 616.000      52.4366
 617.000      52.7151
 618.000      52.6696
 619.000      52.6791
 620.000      52.5395
 621.000      52.2339
 622.000      53.3319
 623.000      52.8739
 624.000      52.2785
 625.000      53.2671
 626.000      52.7425
 627.000      53.4077
 628.000      52.9011
 629.000      51.7087
 630.000      52.6867
 631.000      52.8834
 632.000      53.0453
 633.000      52.7783
 634.000      52.5095
 635.000      52.7118
 636.000      52.7452
 637.000      52.6743
 638.000      53.1162
 639.000      53.5353
 640.000      53.4569
 641.000      52.8622
 642.000      52.9822
 643.000      52.9066
 644.000      53.6132
