#Res        AtomicFlx
   1.000       3.1430
   2.000       1.7532
   3.000       1.8738
   4.000       0.9900
   5.000       1.3695
   6.000       1.4631
   7.000       1.2403
   8.000       1.3175
   9.000       1.1313
  10.000       1.0839
  11.000       0.7742
  12.000       0.8395
  13.000       0.6488
  14.000       0.5537
  15.000       0.6654
  16.000       0.5579
  17.000       0.6193
  18.000       0.6096
  19.000       0.6631
  20.000       0.5669
  21.000       0.8005
  22.000       0.6414
  23.000       0.5769
  24.000       1.0834
  25.000       1.2480
  26.000       1.7494
  27.000       0.6902
  28.000       0.7989
  29.000       2.1457
  30.000       1.1244
  31.000       0.9734
  32.000       2.3817
  33.000       2.4229
  34.000       0.8715
  35.000       1.0946
  36.000       0.9564
  37.000       1.1547
  38.000       1.3242
  39.000       0.9068
  40.000       1.1277
  41.000       1.1759
  42.000       0.6831
  43.000       0.6443
  44.000       1.8718
  45.000       0.8859
  46.000       0.7098
  47.000       0.8153
  48.000       1.1328
  49.000       1.1419
  50.000       0.8684
  51.000       0.5966
  52.000       0.7241
  53.000       0.6283
  54.000       1.0164
  55.000       0.8579
  56.000       0.9254
  57.000       1.0020
  58.000       0.8311
  59.000       1.0228
  60.000       0.5917
  61.000       0.9138
  62.000       0.6166
  63.000       0.8085
  64.000       1.4353
  65.000       0.9904
  66.000       1.0373
  67.000       1.2156
  68.000       0.8627
  69.000       1.0652
  70.000       1.1592
  71.000       0.8236
  72.000       0.9578
  73.000       1.0144
  74.000       1.8669
  75.000       1.5727
  76.000       1.0512
  77.000       1.3190
  78.000       1.1460
  79.000       1.3385
  80.000       0.7969
  81.000       0.6215
  82.000       0.7523
  83.000       0.5626
  84.000       0.8169
  85.000       0.6669
  86.000       1.0628
  87.000       0.9604
  88.000       0.7927
  89.000       1.1095
  90.000       0.8073
  91.000       0.7534
  92.000       1.0711
  93.000       1.0939
  94.000       0.6782
  95.000       1.1207
  96.000       1.0882
  97.000       1.1395
  98.000       0.8069
  99.000       0.7865
 100.000       0.7800
 101.000       0.8185
 102.000       0.6202
 103.000       0.8225
 104.000       0.6330
 105.000       0.9474
 106.000       0.9896
 107.000       0.8849
 108.000       0.7280
 109.000       1.0299
 110.000       0.7022
 111.000       0.6812
 112.000       0.9449
 113.000       0.9449
 114.000       1.7041
 115.000       1.1639
 116.000       0.8549
 117.000       0.9026
 118.000       0.8950
 119.000       1.5879
 120.000       2.7546
 121.000       2.1182
 122.000       2.5807
 123.000       2.0401
 124.000       2.5324
 125.000       3.6418
 126.000       3.1590
 127.000       3.9791
 128.000       3.8941
 129.000       2.9913
 130.000       2.3647
 131.000       2.6931
 132.000       2.5198
 133.000       3.4797
 134.000       3.7690
 135.000       3.7391
 136.000       4.5005
 137.000       4.5308
 138.000       3.4837
 139.000       4.1510
 140.000       4.9204
 141.000       4.3205
 142.000       3.4833
 143.000       3.3622
 144.000       4.1900
 145.000       3.0503
 146.000       2.4861
 147.000       2.0817
 148.000       1.6947
 149.000       1.6023
 150.000       2.1819
 151.000       2.1445
 152.000       2.0751
 153.000       2.3723
 154.000       3.0540
 155.000       2.7402
 156.000       3.1433
 157.000       4.6472
 158.000       5.3879
 159.000       4.2344
 160.000       3.6041
 161.000       3.2430
 162.000       2.3078
 163.000       2.5103
 164.000       1.0837
 165.000       0.9408
 166.000       0.8160
 167.000       1.0093
 168.000       1.1024
 169.000       0.7959
 170.000       0.8266
 171.000       1.7274
 172.000       1.0102
 173.000       1.1308
 174.000       0.8332
 175.000       0.9949
 176.000       1.4178
 177.000       1.4351
 178.000       1.3963
 179.000       1.4771
 180.000       1.6946
 181.000       1.4415
 182.000       1.3920
 183.000       1.7599
 184.000       1.8780
 185.000       1.0295
 186.000       1.2549
 187.000       1.3081
 188.000       1.0133
 189.000       1.3881
 190.000       0.9208
 191.000       1.0661
 192.000       1.0424
 193.000       0.7027
 194.000       0.6570
 195.000       0.7511
 196.000       0.6573
 197.000       0.8305
 198.000       0.7693
 199.000       0.6580
 200.000       0.8852
 201.000       0.9890
 202.000       0.9662
 203.000       0.9932
 204.000       0.9080
 205.000       0.7664
 206.000       0.8596
 207.000       0.9915
 208.000       1.6405
 209.000       0.8534
 210.000       1.3762
 211.000       1.6709
 212.000       0.7961
 213.000       0.9222
 214.000       0.7706
 215.000       1.2115
 216.000       0.8607
 217.000       0.8556
 218.000       1.6083
 219.000       1.1492
 220.000       1.0031
 221.000       1.0295
 222.000       1.0252
 223.000       1.7447
 224.000       0.8701
 225.000       1.0357
 226.000       0.9320
 227.000       0.9068
 228.000       0.9331
 229.000       0.7950
 230.000       1.1325
 231.000       0.9397
 232.000       1.1750
 233.000       1.0929
 234.000       1.2670
 235.000       0.9262
 236.000       1.3527
 237.000       1.2485
 238.000       1.0698
 239.000       1.4763
 240.000       0.9392
 241.000       0.9074
 242.000       1.8257
 243.000       1.2272
 244.000       0.7696
 245.000       1.0403
 246.000       1.4834
 247.000       2.1810
 248.000       0.7687
 249.000       1.1291
 250.000       1.0818
 251.000       1.0989
 252.000       1.4839
 253.000       2.0670
 254.000       1.7406
 255.000       1.3958
 256.000       1.5343
 257.000       1.7273
 258.000       1.4252
 259.000       0.9373
 260.000       1.6241
 261.000       0.8162
 262.000       0.7964
 263.000       0.6445
 264.000       0.8541
 265.000       0.6556
 266.000       0.6731
 267.000       0.7450
 268.000       0.7694
 269.000       0.9520
 270.000       0.7690
 271.000       1.0238
 272.000       0.8989
 273.000       1.0938
 274.000       0.8606
 275.000       1.1110
 276.000       1.5490
 277.000       1.3758
 278.000       0.9817
 279.000       0.6526
 280.000       0.9492
 281.000       0.8126
 282.000       0.7287
 283.000       1.1540
 284.000       0.7432
 285.000       0.7269
 286.000       1.1586
 287.000       0.9811
 288.000       1.5259
 289.000       1.6784
 290.000       1.9713
 291.000       1.2683
 292.000       1.3570
 293.000       1.0559
 294.000       0.9964
 295.000       1.6293
 296.000       0.8976
 297.000       0.7719
 298.000       0.7831
 299.000       0.9716
 300.000       0.6809
 301.000       0.6717
 302.000       0.9443
 303.000       0.6291
 304.000       0.6053
 305.000       0.8148
 306.000       0.6420
 307.000       0.5935
 308.000       0.5355
 309.000       0.7386
 310.000       0.9265
 311.000       0.6549
 312.000       0.5984
 313.000       1.0144
 314.000       0.7199
 315.000       0.7073
 316.000       0.8756
 317.000       0.7218
 318.000       0.8874
 319.000       0.9045
 320.000       0.7745
 321.000       0.8671
 322.000       1.0562
 323.000       0.9295
 324.000       1.2035
 325.000       1.5845
 326.000       1.5001
 327.000       1.2372
 328.000       1.2972
 329.000       1.3457
 330.000       1.0939
 331.000       1.1031
 332.000       2.3277
 333.000       1.1926
 334.000       1.0354
 335.000       1.1280
 336.000       2.2293
 337.000       0.9491
 338.000       0.9093
 339.000       0.6886
 340.000       0.8364
 341.000       0.7235
 342.000       0.6748
 343.000       0.7250
 344.000       0.6674
 345.000       0.6054
 346.000       0.6795
 347.000       0.9710
 348.000       0.7166
 349.000       0.8507
 350.000       0.7444
 351.000       1.0918
 352.000       1.0772
 353.000       0.8559
 354.000       1.1356
 355.000       0.7560
 356.000       0.7330
 357.000       1.0378
 358.000       0.8098
 359.000       0.6610
 360.000       1.0872
 361.000       0.8891
 362.000       0.6515
 363.000       0.6531
 364.000       1.2235
 365.000       0.8946
 366.000       1.0926
 367.000       0.7428
 368.000       1.0565
 369.000       1.0148
 370.000       0.7093
 371.000       1.0373
 372.000       0.6766
 373.000       0.7125
 374.000       0.7397
 375.000       1.0531
 376.000       0.8922
 377.000       0.9821
 378.000       0.7073
 379.000       0.9325
 380.000       0.6656
 381.000       0.9254
 382.000       0.7499
 383.000       0.9842
 384.000       0.8785
 385.000       1.0379
 386.000       1.0399
 387.000       1.3214
 388.000       1.1751
 389.000       1.2937
 390.000       1.4907
 391.000       1.9876
 392.000       2.0401
 393.000       1.9445
 394.000       1.2768
 395.000       1.4968
 396.000       1.6108
 397.000       1.4692
 398.000       1.3450
 399.000       1.0760
 400.000       1.7379
 401.000       0.8290
 402.000       0.6951
 403.000       0.8942
 404.000       0.6764
 405.000       0.7803
 406.000       0.7170
 407.000       0.8494
 408.000       0.7893
 409.000       0.6876
 410.000       1.0236
 411.000       1.1179
 412.000       1.0147
 413.000       0.7610
 414.000       1.0432
 415.000       1.0038
 416.000       0.9782
 417.000       1.0275
 418.000       0.9477
 419.000       1.4086
 420.000       1.0573
 421.000       0.8336
 422.000       0.9490
 423.000       1.0704
 424.000       1.0342
 425.000       1.1411
 426.000       1.2444
 427.000       1.1153
 428.000       1.1244
 429.000       1.1176
 430.000       1.3620
 431.000       1.2282
 432.000       1.1423
 433.000       1.3199
 434.000       1.3439
 435.000       1.7455
 436.000       0.8733
 437.000       1.1900
 438.000       0.9194
 439.000       0.9341
 440.000       0.9238
 441.000       0.9578
 442.000       0.9979
 443.000       1.0794
 444.000       1.1164
 445.000       0.9699
 446.000       0.9955
 447.000       0.8559
 448.000       1.0417
 449.000       1.0470
 450.000       1.2752
 451.000       1.2016
 452.000       1.3076
 453.000       0.9204
 454.000       1.7223
 455.000       2.6131
 456.000       1.2659
 457.000       1.0706
 458.000       1.4210
 459.000       1.6901
 460.000       1.5304
 461.000       1.4222
 462.000       1.8116
 463.000       2.4379
 464.000       2.8330
 465.000       2.3085
 466.000       1.7971
 467.000       2.5613
 468.000       1.5489
 469.000       1.2505
 470.000       1.1570
 471.000       1.3680
 472.000       1.2576
 473.000       1.1500
 474.000       1.3463
 475.000       1.2183
 476.000       0.7565
 477.000       0.7765
 478.000       1.2246
 479.000       1.1757
 480.000       0.9420
 481.000       1.0481
 482.000       0.8986
 483.000       0.8416
 484.000       0.9653
 485.000       0.9340
 486.000       1.5631
 487.000       1.0110
 488.000       0.7971
 489.000       0.9833
 490.000       0.9562
 491.000       1.1674
 492.000       0.9756
 493.000       1.1070
 494.000       1.3385
 495.000       1.4449
 496.000       2.2666
 497.000       2.0799
 498.000       1.7147
 499.000       1.6753
 500.000       1.3864
 501.000       1.4809
 502.000       2.0249
 503.000       2.5121
 504.000       1.8530
 505.000       1.8052
 506.000       1.2044
 507.000       1.1926
 508.000       1.2546
 509.000       1.2451
 510.000       0.9968
 511.000       1.1768
 512.000       1.1158
 513.000       1.1520
 514.000       0.8853
 515.000       1.9698
 516.000       1.3680
 517.000       1.1468
 518.000       1.0869
 519.000       1.6052
 520.000       1.0516
 521.000       1.1140
 522.000       1.2197
 523.000       1.4323
 524.000       1.0740
 525.000       0.9151
 526.000       0.8643
 527.000       1.3866
 528.000       0.9306
 529.000       0.9130
 530.000       1.6792
 531.000       2.0578
 532.000       1.5188
 533.000       1.4874
 534.000       1.4395
 535.000       1.9823
 536.000       1.4855
 537.000       2.0901
 538.000       1.9716
 539.000       2.5182
 540.000       2.2777
 541.000       1.8952
 542.000       2.2501
 543.000       2.3642
 544.000       1.6725
 545.000       1.9045
 546.000       2.3171
 547.000       1.8196
 548.000       1.5144
 549.000       1.9423
 550.000       2.6535
 551.000       2.9404
 552.000       4.1417
 553.000      51.8308
 554.000       0.5219
 555.000      50.8552
 556.000      51.5677
 557.000      51.2720
 558.000      51.9973
 559.000      50.4945
 560.000      52.2387
 561.000      52.1432
 562.000      51.8368
 563.000      50.0824
 564.000      50.7962
 565.000      50.8248
 566.000      51.7055
 567.000      51.5134
 568.000      51.9387
 569.000      50.2170
 570.000      50.7117
 571.000      50.9358
 572.000      51.6811
 573.000      50.8407
 574.000      51.9794
 575.000      52.0478
 576.000      52.9694
 577.000      51.1929
 578.000      51.9353
 579.000      53.4254
 580.000      51.1252
 581.000      50.8770
 582.000      49.8859
 583.000      50.6558
 584.000      50.9526
 585.000      52.0818
 586.000      52.5275
 587.000      52.2236
 588.000      50.9977
 589.000      50.6105
 590.000      52.0986
 591.000      52.2883
 592.000      50.3733
 593.000      50.6055
 594.000      51.5485
 595.000      49.8700
 596.000      51.8869
 597.000      52.0654
 598.000       0.6588
 599.000      52.3841
 600.000      52.2733
 601.000      52.9610
 602.000      52.1404
 603.000      53.3279
 604.000      52.9540
 605.000      52.4112
 606.000      52.0278
 607.000      52.7305
 608.000      53.1726
 609.000      52.2566
 610.000      53.0082
 611.000      52.7438
 612.000      52.4491
 613.000      52.2683
 614.000      52.8030
 615.000      53.4808
 616.000      53.2795
 617.000      51.5987
 618.000      53.0525
 619.000      52.6977
 620.000      53.1050
 621.000      52.6681
 622.000      53.0693
 623.000      52.7049
 624.000      52.9223
 625.000      52.2302
 626.000      52.5028
 627.000      52.8824
 628.000      52.1997
 629.000      53.1657
 630.000      52.9201
 631.000      52.4915
 632.000      53.4234
 633.000      52.4043
 634.000      52.8058
 635.000      52.2421
 636.000      52.7649
 637.000      52.3971
 638.000      52.8786
 639.000      53.1194
 640.000      52.4210
 641.000      52.8249
 642.000      53.2575
 643.000      53.1487
 644.000      53.0825
