#Res        AtomicFlx
   1.000       2.6491
   2.000       1.2015
   3.000       1.1874
   4.000       0.8903
   5.000       1.2485
   6.000       1.2823
   7.000       1.0918
   8.000       1.2138
   9.000       0.8769
  10.000       0.7013
  11.000       0.7645
  12.000       0.7880
  13.000       0.6379
  14.000       0.5900
  15.000       0.7022
  16.000       0.5570
  17.000       0.5859
  18.000       0.6444
  19.000       0.6700
  20.000       0.5694
  21.000       0.8418
  22.000       0.6190
  23.000       0.5496
  24.000       1.0455
  25.000       1.6059
  26.000       1.3254
  27.000       0.6516
  28.000       0.6704
  29.000       0.8529
  30.000       0.8372
  31.000       0.7416
  32.000       0.9156
  33.000       1.8417
  34.000       0.7370
  35.000       0.8943
  36.000       0.8165
  37.000       0.8177
  38.000       0.8460
  39.000       0.6981
  40.000       0.9597
  41.000       1.1968
  42.000       0.7174
  43.000       0.6304
  44.000       1.8284
  45.000       0.8646
  46.000       0.7000
  47.000       0.7812
  48.000       1.0770
  49.000       1.1568
  50.000       0.9337
  51.000       0.6229
  52.000       0.7246
  53.000       0.6591
  54.000       1.0564
  55.000       0.9729
  56.000       0.9331
  57.000       1.1341
  58.000       1.3944
  59.000       1.0828
  60.000       0.7481
  61.000       0.9940
  62.000       0.6708
  63.000       0.8800
  64.000       1.1727
  65.000       0.9702
  66.000       0.8869
  67.000       1.1107
  68.000       0.7284
  69.000       0.9462
  70.000       0.8530
  71.000       0.6673
  72.000       0.9687
  73.000       0.9140
  74.000       2.2598
  75.000       2.0343
  76.000       1.3959
  77.000       1.3940
  78.000       1.3218
  79.000       1.5991
  80.000       0.9299
  81.000       0.5896
  82.000       0.7412
  83.000       0.5887
  84.000       0.8706
  85.000       0.5561
  86.000       0.9024
  87.000       1.0627
  88.000       0.6745
  89.000       0.6759
  90.000       0.6949
  91.000       0.6670
  92.000       0.8213
  93.000       0.7470
  94.000       0.5765
  95.000       1.1060
  96.000       1.0210
  97.000       1.0484
  98.000       1.0011
  99.000       0.9473
 100.000       0.8750
 101.000       0.7561
 102.000       0.5584
 103.000       0.7934
 104.000       0.5564
 105.000       0.8629
 106.000       0.8792
 107.000       0.8052
 108.000       0.5814
 109.000       0.9234
 110.000       0.6101
 111.000       0.6048
 112.000       0.8318
 113.000       1.0805
 114.000       1.7207
 115.000       1.1272
 116.000       0.7754
 117.000       0.7774
 118.000       0.7966
 119.000       1.0232
 120.000       1.5581
 121.000       1.0814
 122.000       1.5271
 123.000       1.1908
 124.000       1.3112
 125.000       1.0797
 126.000       1.0389
 127.000       2.2727
 128.000       3.7329
 129.000       2.6781
 130.000       1.7109
 131.000       2.4479
 132.000       3.4030
 133.000       5.0760
 134.000       5.8758
 135.000       5.1763
 136.000       4.6046
 137.000       5.2970
 138.000       6.0252
 139.000       5.7831
 140.000       4.7017
 141.000       5.2168
 142.000       4.2960
 143.000       3.4918
 144.000       3.9600
 145.000       2.6867
 146.000       1.9601
 147.000       1.4620
 148.000       1.7738
 149.000       1.2753
 150.000       1.5425
 151.000       2.1943
 152.000       1.9240
 153.000       3.2655
 154.000       3.8918
 155.000       5.4260
 156.000       4.0574
 157.000       4.5462
 158.000       5.8129
 159.000       3.9990
 160.000       4.5993
 161.000       3.0567
 162.000       1.3390
 163.000       1.5345
 164.000       0.8541
 165.000       0.7983
 166.000       0.6936
 167.000       0.9081
 168.000       0.8842
 169.000       0.6889
 170.000       0.6340
 171.000       1.1799
 172.000       0.8908
 173.000       0.8154
 174.000       0.7759
 175.000       0.9375
 176.000       1.2352
 177.000       1.8526
 178.000       1.9161
 179.000       2.1072
 180.000       2.6288
 181.000       1.5661
 182.000       1.0117
 183.000       1.5384
 184.000       2.0197
 185.000       0.9640
 186.000       1.4160
 187.000       1.2266
 188.000       1.4099
 189.000       1.2978
 190.000       0.7936
 191.000       0.9661
 192.000       0.9665
 193.000       0.6354
 194.000       0.5757
 195.000       0.7432
 196.000       0.6385
 197.000       0.8493
 198.000       0.7405
 199.000       0.7285
 200.000       0.9476
 201.000       0.9359
 202.000       0.9742
 203.000       0.7660
 204.000       0.9248
 205.000       0.6930
 206.000       1.0594
 207.000       1.0333
 208.000       1.4611
 209.000       0.8497
 210.000       1.2559
 211.000       1.6783
 212.000       0.8219
 213.000       0.9624
 214.000       0.9254
 215.000       1.5563
 216.000       0.9213
 217.000       0.7671
 218.000       1.3493
 219.000       1.0773
 220.000       1.2944
 221.000       1.5110
 222.000       1.1776
 223.000       1.3916
 224.000       0.7511
 225.000       0.9688
 226.000       0.8386
 227.000       0.7812
 228.000       0.7521
 229.000       0.7309
 230.000       1.0288
 231.000       0.8506
 232.000       1.1298
 233.000       1.1943
 234.000       1.3173
 235.000       0.8086
 236.000       1.2590
 237.000       1.6229
 238.000       1.1083
 239.000       1.4553
 240.000       0.8892
 241.000       0.8139
 242.000       1.7686
 243.000       1.1202
 244.000       0.6823
 245.000       1.0414
 246.000       1.2511
 247.000       1.0477
 248.000       0.7527
 249.000       0.9734
 250.000       0.9678
 251.000       1.0097
 252.000       1.4969
 253.000       1.9951
 254.000       1.6070
 255.000       1.1539
 256.000       1.2542
 257.000       1.4687
 258.000       1.2620
 259.000       0.9540
 260.000       1.5916
 261.000       0.7953
 262.000       0.8881
 263.000       0.6359
 264.000       0.8574
 265.000       0.6506
 266.000       0.6216
 267.000       0.6778
 268.000       0.5647
 269.000       0.8449
 270.000       0.5900
 271.000       0.8760
 272.000       0.5132
 273.000       0.7265
 274.000       0.5765
 275.000       0.7418
 276.000       0.7780
 277.000       0.6972
 278.000       0.7069
 279.000       0.6518
 280.000       1.2743
 281.000       0.7391
 282.000       0.7097
 283.000       0.8940
 284.000       0.7118
 285.000       0.6921
 286.000       1.1584
 287.000       0.9272
 288.000       1.6026
 289.000       1.2664
 290.000       1.4502
 291.000       1.3317
 292.000       1.1185
 293.000       1.1310
 294.000       1.1664
 295.000       1.9783
 296.000       0.9396
 297.000       0.8261
 298.000       0.8062
 299.000       1.1014
 300.000       0.8060
 301.000       0.6380
 302.000       1.1029
 303.000       0.7176
 304.000       0.5673
 305.000       0.8760
 306.000       0.7099
 307.000       0.6219
 308.000       0.5341
 309.000       0.7550
 310.000       1.0539
 311.000       0.6726
 312.000       0.5985
 313.000       1.0018
 314.000       0.7231
 315.000       0.7192
 316.000       0.8200
 317.000       0.6314
 318.000       0.8916
 319.000       1.0707
 320.000       0.6909
 321.000       0.7988
 322.000       0.9818
 323.000       0.7882
 324.000       1.1003
 325.000       1.5105
 326.000       1.2638
 327.000       1.0138
 328.000       1.0541
 329.000       1.2446
 330.000       1.0575
 331.000       0.9953
 332.000       1.8978
 333.000       1.0088
 334.000       0.8925
 335.000       1.0437
 336.000       1.0655
 337.000       0.8535
 338.000       0.8028
 339.000       0.6122
 340.000       0.9305
 341.000       0.7337
 342.000       0.6873
 343.000       0.6571
 344.000       0.6503
 345.000       0.5743
 346.000       0.6176
 347.000       0.9018
 348.000       0.6573
 349.000       0.7041
 350.000       0.7967
 351.000       1.0860
 352.000       1.1700
 353.000       0.9776
 354.000       1.2195
 355.000       0.7691
 356.000       0.6851
 357.000       1.0743
 358.000       0.7689
 359.000       0.6900
 360.000       0.9045
 361.000       0.8649
 362.000       0.5574
 363.000       0.5511
 364.000       0.9510
 365.000       0.7149
 366.000       0.9558
 367.000       0.6373
 368.000       0.7555
 369.000       0.7347
 370.000       0.5912
 371.000       0.8654
 372.000       0.6176
 373.000       0.6443
 374.000       0.8505
 375.000       0.8149
 376.000       0.6514
 377.000       0.7798
 378.000       0.8729
 379.000       1.0292
 380.000       0.8147
 381.000       0.9699
 382.000       0.7001
 383.000       0.8910
 384.000       0.7345
 385.000       0.8771
 386.000       0.9561
 387.000       1.1381
 388.000       1.1333
 389.000       1.3912
 390.000       2.1741
 391.000       3.5825
 392.000       2.4211
 393.000       3.1160
 394.000       1.3236
 395.000       2.0666
 396.000       1.9633
 397.000       1.5382
 398.000       1.6264
 399.000       1.0067
 400.000       1.7924
 401.000       0.8195
 402.000       0.7392
 403.000       0.9104
 404.000       0.6855
 405.000       0.7687
 406.000       0.7196
 407.000       0.8401
 408.000       0.7627
 409.000       0.6715
 410.000       1.0363
 411.000       1.0032
 412.000       1.0632
 413.000       0.6697
 414.000       0.9142
 415.000       0.8393
 416.000       0.8885
 417.000       0.9461
 418.000       0.9316
 419.000       1.5983
 420.000       0.8059
 421.000       0.7328
 422.000       0.8258
 423.000       0.8099
 424.000       0.7912
 425.000       0.8554
 426.000       1.1122
 427.000       1.0541
 428.000       1.0457
 429.000       0.8941
 430.000       1.2313
 431.000       1.1359
 432.000       1.0089
 433.000       1.0519
 434.000       1.0998
 435.000       1.5263
 436.000       1.0548
 437.000       0.9217
 438.000       0.7462
 439.000       0.8086
 440.000       0.8860
 441.000       0.8138
 442.000       0.8497
 443.000       0.9944
 444.000       1.0035
 445.000       0.8865
 446.000       0.9248
 447.000       0.8287
 448.000       1.2032
 449.000       0.9521
 450.000       1.1611
 451.000       1.1799
 452.000       1.1577
 453.000       0.8454
 454.000       1.5734
 455.000       2.1289
 456.000       1.2424
 457.000       0.8570
 458.000       1.8319
 459.000       1.4639
 460.000       1.2377
 461.000       1.1826
 462.000       1.3034
 463.000       1.7687
 464.000       1.5724
 465.000       1.5494
 466.000       1.1991
 467.000       1.5563
 468.000       1.1272
 469.000       1.1716
 470.000       1.0721
 471.000       1.1862
 472.000       1.2087
 473.000       1.2044
 474.000       1.3319
 475.000       0.9803
 476.000       0.6710
 477.000       0.8180
 478.000       1.0903
 479.000       1.0398
 480.000       0.9046
 481.000       1.0187
 482.000       0.8740
 483.000       0.7919
 484.000       0.9091
 485.000       0.7942
 486.000       1.2061
 487.000       1.0046
 488.000       0.7067
 489.000       0.8997
 490.000       0.9596
 491.000       1.1969
 492.000       0.8305
 493.000       0.9800
 494.000       1.2390
 495.000       1.1894
 496.000       1.2286
 497.000       1.7536
 498.000       1.1777
 499.000       1.1963
 500.000       1.2257
 501.000       1.4329
 502.000       2.1337
 503.000       2.3277
 504.000       2.2314
 505.000       1.8134
 506.000       1.2172
 507.000       1.3136
 508.000       1.3897
 509.000       1.3735
 510.000       1.0853
 511.000       1.2278
 512.000       1.1901
 513.000       1.2248
 514.000       0.8437
 515.000       1.9343
 516.000       1.3408
 517.000       1.1447
 518.000       0.7807
 519.000       1.0214
 520.000       0.7563
 521.000       0.6446
 522.000       1.0126
 523.000       0.9676
 524.000       0.7172
 525.000       0.8513
 526.000       0.8092
 527.000       1.2266
 528.000       0.9003
 529.000       0.8697
 530.000       1.5635
 531.000       1.6573
 532.000       1.5794
 533.000       1.4566
 534.000       1.3687
 535.000       1.9963
 536.000       1.6579
 537.000       2.3050
 538.000       2.5021
 539.000       3.5740
 540.000       3.2802
 541.000       2.6301
 542.000       3.4073
 543.000       3.1901
 544.000       2.1835
 545.000       2.6346
 546.000       3.2001
 547.000       2.3350
 548.000       2.0248
 549.000       2.7221
 550.000       3.1693
 551.000       3.2489
 552.000       8.7157
 553.000      51.3217
 554.000       0.4910
 555.000      52.9469
 556.000      51.3288
 557.000      52.5050
 558.000      52.2874
 559.000      51.2842
 560.000      51.5869
 561.000      51.0009
 562.000      51.3713
 563.000      51.9583
 564.000      51.9191
 565.000      53.0363
 566.000      51.3978
 567.000      51.1649
 568.000      51.5344
 569.000      51.4503
 570.000      52.4371
 571.000      52.3828
 572.000      51.2710
 573.000      51.4725
 574.000      52.5198
 575.000      51.4639
 576.000      51.6587
 577.000      51.8395
 578.000      50.8357
 579.000      51.7348
 580.000      51.8629
 581.000      51.2228
 582.000      51.1786
 583.000      52.5522
 584.000      51.3511
 585.000      50.3904
 586.000      52.4772
 587.000      52.5747
 588.000      50.7245
 589.000      51.9219
 590.000      52.4739
 591.000      51.8174
 592.000      53.1414
 593.000      51.9540
 594.000      50.2038
 595.000      51.2060
 596.000      51.0673
 597.000      52.3839
 598.000       0.5803
 599.000      53.3922
 600.000      52.8443
 601.000      52.5495
 602.000      52.4922
 603.000      52.2206
 604.000      52.0865
 605.000      53.1349
 606.000      52.7956
 607.000      52.7732
 608.000      53.3743
 609.000      52.6612
 610.000      52.4173
 611.000      53.3146
 612.000      52.5019
 613.000      53.2249
 614.000      52.8224
 615.000      52.6431
 616.000      51.8478
 617.000      52.1806
 618.000      52.9733
 619.000      52.8058
 620.000      53.5816
 621.000      52.7284
 622.000      53.5961
 623.000      53.0543
 624.000      53.0797
 625.000      53.2672
 626.000      53.0582
 627.000      53.2591
 628.000      53.0889
 629.000      52.6719
 630.000      52.8685
 631.000      52.7719
 632.000      53.2806
 633.000      52.6085
 634.000      52.4036
 635.000      53.2154
 636.000      53.2811
 637.000      52.5458
 638.000      52.8698
 639.000      53.2314
 640.000      52.3425
 641.000      52.0622
 642.000      52.7257
 643.000      52.2979
 644.000      52.7620
