#Res        AtomicFlx
   1.000       2.6934
   2.000       1.6299
   3.000       1.6456
   4.000       0.8908
   5.000       1.2228
   6.000       1.4293
   7.000       1.1768
   8.000       1.3726
   9.000       1.2068
  10.000       0.7947
  11.000       0.8557
  12.000       1.1822
  13.000       0.7377
  14.000       0.5690
  15.000       0.7840
  16.000       0.6773
  17.000       0.5654
  18.000       0.6225
  19.000       0.6781
  20.000       0.6133
  21.000       0.9471
  22.000       0.7002
  23.000       0.6334
  24.000       1.1606
  25.000       1.6718
  26.000       1.2869
  27.000       0.6774
  28.000       0.7363
  29.000       0.9454
  30.000       0.8484
  31.000       0.7254
  32.000       1.2280
  33.000       1.8070
  34.000       0.8362
  35.000       0.8551
  36.000       0.7804
  37.000       0.8086
  38.000       0.9097
  39.000       0.7494
  40.000       0.9992
  41.000       1.3966
  42.000       0.7800
  43.000       0.6587
  44.000       1.6873
  45.000       0.9443
  46.000       0.7467
  47.000       0.8302
  48.000       1.2732
  49.000       1.2385
  50.000       0.8389
  51.000       0.5893
  52.000       0.7076
  53.000       0.6598
  54.000       0.9316
  55.000       0.8652
  56.000       0.6708
  57.000       1.0108
  58.000       0.5813
  59.000       0.8759
  60.000       0.7372
  61.000       0.7944
  62.000       0.6337
  63.000       0.8862
  64.000       1.2435
  65.000       0.9757
  66.000       0.9995
  67.000       1.2736
  68.000       0.7721
  69.000       0.9915
  70.000       1.0511
  71.000       0.8310
  72.000       1.0833
  73.000       1.0948
  74.000       2.4984
  75.000       1.8360
  76.000       1.4974
  77.000       1.4708
  78.000       1.6580
  79.000       1.9814
  80.000       1.9990
  81.000       0.8730
  82.000       0.7901
  83.000       0.6171
  84.000       1.8384
  85.000       0.6195
  86.000       0.8920
  87.000       1.0975
  88.000       0.7478
  89.000       1.0097
  90.000       0.6012
  91.000       0.7535
  92.000       0.7549
  93.000       1.1300
  94.000       0.7543
  95.000       1.0873
  96.000       1.2572
  97.000       1.1070
  98.000       1.1255
  99.000       1.1033
 100.000       0.8893
 101.000       0.8398
 102.000       0.8748
 103.000       0.8539
 104.000       0.5971
 105.000       0.6522
 106.000       0.9769
 107.000       0.7457
 108.000       0.6386
 109.000       1.0525
 110.000       0.6569
 111.000       0.6105
 112.000       0.8681
 113.000       0.8814
 114.000       1.3555
 115.000       0.9856
 116.000       0.7676
 117.000       0.7896
 118.000       0.7476
 119.000       0.8879
 120.000       1.4870
 121.000       1.0446
 122.000       1.7764
 123.000       1.8081
 124.000       1.7666
 125.000       2.3183
 126.000       1.5399
 127.000       1.3911
 128.000       2.1817
 129.000       1.6039
 130.000       1.0345
 131.000       1.1539
 132.000       1.4897
 133.000       2.0717
 134.000       1.8783
 135.000       1.8939
 136.000       1.5424
 137.000       1.9288
 138.000       1.8771
 139.000       1.7045
 140.000       1.9676
 141.000       2.7081
 142.000       2.4434
 143.000       2.7498
 144.000       3.7068
 145.000       3.2407
 146.000       2.6373
 147.000       2.0092
 148.000       2.2971
 149.000       2.8408
 150.000       2.6318
 151.000       2.3578
 152.000       3.2130
 153.000       3.5529
 154.000       4.2135
 155.000       4.0418
 156.000       4.4791
 157.000       3.5881
 158.000       4.4893
 159.000       3.1138
 160.000       2.8921
 161.000       2.7227
 162.000       1.9014
 163.000       1.2752
 164.000       0.9153
 165.000       0.8220
 166.000       0.8984
 167.000       1.1653
 168.000       1.0760
 169.000       0.7851
 170.000       1.0187
 171.000       1.6223
 172.000       1.3536
 173.000       1.2331
 174.000       1.0806
 175.000       1.2832
 176.000       1.2980
 177.000       1.9114
 178.000       1.6213
 179.000       1.8757
 180.000       1.9039
 181.000       1.9830
 182.000       1.8371
 183.000       2.9071
 184.000       2.2336
 185.000       1.6201
 186.000       2.0282
 187.000       1.3106
 188.000       2.0032
 189.000       1.5337
 190.000       1.0670
 191.000       1.1613
 192.000       1.0936
 193.000       0.7486
 194.000       0.6849
 195.000       0.8486
 196.000       0.6926
 197.000       0.8340
 198.000       0.8090
 199.000       0.7037
 200.000       0.9308
 201.000       0.8232
 202.000       0.8006
 203.000       1.0266
 204.000       1.0636
 205.000       0.9302
 206.000       0.9852
 207.000       1.1638
 208.000       2.0446
 209.000       1.2975
 210.000       1.4693
 211.000       2.2276
 212.000       1.2474
 213.000       0.9287
 214.000       0.8673
 215.000       1.5005
 216.000       0.8395
 217.000       0.7929
 218.000       1.1439
 219.000       1.0883
 220.000       0.7042
 221.000       0.7684
 222.000       0.7580
 223.000       1.1198
 224.000       0.6337
 225.000       0.6254
 226.000       0.8100
 227.000       0.7661
 228.000       0.7540
 229.000       0.7294
 230.000       1.0316
 231.000       0.8596
 232.000       1.1453
 233.000       0.9817
 234.000       1.3925
 235.000       0.9041
 236.000       1.2794
 237.000       1.2323
 238.000       1.0153
 239.000       1.4637
 240.000       0.8937
 241.000       0.8854
 242.000       1.7961
 243.000       1.2008
 244.000       0.7539
 245.000       0.9648
 246.000       1.3415
 247.000       1.0872
 248.000       0.7266
 249.000       0.9493
 250.000       0.9967
 251.000       1.0970
 252.000       1.4755
 253.000       1.7550
 254.000       1.7433
 255.000       1.2366
 256.000       1.3263
 257.000       1.6453
 258.000       1.3301
 259.000       0.9809
 260.000       1.5667
 261.000       0.8323
 262.000       0.8749
 263.000       0.6751
 264.000       0.7951
 265.000       0.6773
 266.000       0.6701
 267.000       0.6838
 268.000       0.5930
 269.000       0.8273
 270.000       0.6182
 271.000       0.8162
 272.000       0.5755
 273.000       0.7564
 274.000       0.5439
 275.000       0.6061
 276.000       0.6374
 277.000       0.6677
 278.000       0.5539
 279.000       0.5423
 280.000       0.7540
 281.000       0.7204
 282.000       0.6603
 283.000       0.8755
 284.000       0.6872
 285.000       0.7340
 286.000       1.5005
 287.000       0.9928
 288.000       1.5590
 289.000       1.1935
 290.000       1.5343
 291.000       1.4215
 292.000       1.4915
 293.000       1.1342
 294.000       1.2501
 295.000       1.8995
 296.000       0.8860
 297.000       0.6903
 298.000       0.8202
 299.000       0.9412
 300.000       0.7189
 301.000       0.6983
 302.000       1.1146
 303.000       0.6600
 304.000       0.5846
 305.000       0.7935
 306.000       0.6811
 307.000       0.6293
 308.000       0.5556
 309.000       0.8119
 310.000       0.9440
 311.000       0.6931
 312.000       0.6292
 313.000       1.1355
 314.000       0.7814
 315.000       0.7548
 316.000       0.9784
 317.000       0.6755
 318.000       0.9588
 319.000       1.1218
 320.000       0.7602
 321.000       0.9056
 322.000       1.2406
 323.000       0.9313
 324.000       1.2226
 325.000       1.6803
 326.000       1.4826
 327.000       1.2760
 328.000       1.3658
 329.000       1.4313
 330.000       1.1724
 331.000       1.0526
 332.000       1.9580
 333.000       1.2195
 334.000       1.2271
 335.000       1.9531
 336.000       1.9357
 337.000       1.4785
 338.000       1.2478
 339.000       0.8111
 340.000       1.0477
 341.000       0.8896
 342.000       1.0703
 343.000       0.7658
 344.000       0.7300
 345.000       0.8834
 346.000       0.7704
 347.000       1.0353
 348.000       0.7129
 349.000       0.7746
 350.000       0.8561
 351.000       1.2124
 352.000       1.0063
 353.000       0.9047
 354.000       1.0064
 355.000       0.6669
 356.000       0.6961
 357.000       0.9374
 358.000       0.7262
 359.000       0.6770
 360.000       1.0072
 361.000       0.8054
 362.000       0.5878
 363.000       0.5557
 364.000       0.9362
 365.000       0.7092
 366.000       0.9736
 367.000       0.6116
 368.000       0.7033
 369.000       0.7699
 370.000       0.5993
 371.000       0.9727
 372.000       0.5895
 373.000       0.6467
 374.000       0.6073
 375.000       0.7944
 376.000       0.8247
 377.000       0.8702
 378.000       0.7610
 379.000       0.9385
 380.000       0.6631
 381.000       0.8342
 382.000       0.8042
 383.000       0.7559
 384.000       0.8055
 385.000       0.9918
 386.000       0.9968
 387.000       1.1712
 388.000       1.1252
 389.000       1.1789
 390.000       1.3269
 391.000       1.7177
 392.000       1.9756
 393.000       1.8119
 394.000       1.2765
 395.000       1.5366
 396.000       1.6285
 397.000       1.2478
 398.000       1.3312
 399.000       1.1141
 400.000       1.6614
 401.000       0.9087
 402.000       0.7924
 403.000       0.9696
 404.000       0.7690
 405.000       0.8580
 406.000       0.7709
 407.000       0.9360
 408.000       0.8773
 409.000       0.7637
 410.000       1.0931
 411.000       1.2218
 412.000       1.1853
 413.000       0.8613
 414.000       1.1167
 415.000       1.0392
 416.000       1.0974
 417.000       1.1966
 418.000       1.0987
 419.000       1.7748
 420.000       1.0502
 421.000       0.9717
 422.000       1.3534
 423.000       1.0422
 424.000       0.9953
 425.000       1.2300
 426.000       1.5225
 427.000       1.2984
 428.000       1.1789
 429.000       1.1378
 430.000       1.4299
 431.000       1.2372
 432.000       1.0472
 433.000       1.4526
 434.000       1.3781
 435.000       1.5824
 436.000       1.0673
 437.000       1.1975
 438.000       1.1713
 439.000       1.0972
 440.000       1.0266
 441.000       0.8756
 442.000       1.1788
 443.000       1.2473
 444.000       1.0995
 445.000       0.9962
 446.000       1.1699
 447.000       1.1024
 448.000       1.1906
 449.000       1.2819
 450.000       1.5021
 451.000       1.4322
 452.000       1.2189
 453.000       1.1424
 454.000       1.6920
 455.000       2.0143
 456.000       1.3006
 457.000       1.1623
 458.000       1.4092
 459.000       1.5185
 460.000       1.3119
 461.000       1.1288
 462.000       1.4844
 463.000       2.0747
 464.000       1.3665
 465.000       1.4852
 466.000       1.4286
 467.000       1.8716
 468.000       1.2640
 469.000       1.2513
 470.000       1.2182
 471.000       1.3893
 472.000       1.3378
 473.000       1.2255
 474.000       1.3632
 475.000       1.2556
 476.000       0.8257
 477.000       0.8030
 478.000       1.3177
 479.000       2.0767
 480.000       0.9271
 481.000       0.8864
 482.000       0.8311
 483.000       0.8135
 484.000       0.8746
 485.000       0.9033
 486.000       1.8084
 487.000       1.0174
 488.000       0.8631
 489.000       0.9437
 490.000       0.9673
 491.000       1.1847
 492.000       0.9360
 493.000       1.0016
 494.000       1.3126
 495.000       1.4562
 496.000       1.2983
 497.000       2.3038
 498.000       1.5380
 499.000       2.2129
 500.000       2.2201
 501.000       2.1731
 502.000       2.5324
 503.000       3.0616
 504.000       2.9348
 505.000       2.4501
 506.000       1.5949
 507.000       1.7097
 508.000       1.8224
 509.000       1.6684
 510.000       1.2979
 511.000       1.5717
 512.000       1.3987
 513.000       1.2729
 514.000       1.0001
 515.000       2.0765
 516.000       1.4444
 517.000       1.2458
 518.000       1.0387
 519.000       1.4501
 520.000       0.7851
 521.000       0.7664
 522.000       1.0950
 523.000       1.2969
 524.000       1.0373
 525.000       0.9730
 526.000       1.0043
 527.000       1.5733
 528.000       1.1820
 529.000       1.1663
 530.000       2.1428
 531.000       2.1162
 532.000       1.8038
 533.000       2.0001
 534.000       2.1592
 535.000       2.3136
 536.000       2.0031
 537.000       2.6525
 538.000       2.8573
 539.000       3.6379
 540.000       3.4251
 541.000       3.0573
 542.000       3.3277
 543.000       3.2495
 544.000       2.6167
 545.000       2.5911
 546.000       2.9647
 547.000       2.2343
 548.000       1.8117
 549.000       2.2541
 550.000       2.7383
 551.000       2.6735
 552.000       3.3934
 553.000      51.1386
 554.000       0.4919
 555.000       0.7802
 556.000      51.9799
 557.000      52.3038
 558.000      49.9366
 559.000      51.8926
 560.000      50.1828
 561.000      52.2035
 562.000      51.5403
 563.000      51.6356
 564.000      51.1436
 565.000      50.9634
 566.000      51.4936
 567.000      52.0416
 568.000      52.3331
 569.000      51.5909
 570.000      51.3697
 571.000      52.4279
 572.000      51.2575
 573.000      51.8952
 574.000      52.9669
 575.000      51.9865
 576.000      51.9396
 577.000      51.2981
 578.000      50.4648
 579.000      51.3697
 580.000      51.6126
 581.000      51.2773
 582.000      52.1870
 583.000      50.6920
 584.000      51.6974
 585.000      50.7885
 586.000      51.0849
 587.000      52.0607
 588.000      50.9759
 589.000      52.0405
 590.000      52.0132
 591.000      51.5071
 592.000      51.5579
 593.000      51.5651
 594.000      50.6013
 595.000      51.8157
 596.000      51.9087
 597.000      51.9420
 598.000       0.6459
 599.000      52.8079
 600.000      52.5191
 601.000      53.0609
 602.000      52.5742
 603.000      51.8497
 604.000      53.3833
 605.000      52.6447
 606.000      52.2586
 607.000      52.5692
 608.000      52.4669
 609.000      52.9707
 610.000      53.0068
 611.000      52.7565
 612.000      52.5489
 613.000      52.8857
 614.000      52.0980
 615.000      52.5100
 616.000      52.0119
 617.000      52.1342
 618.000      52.5967
 619.000      52.2828
 620.000      51.9489
 621.000      52.1619
 622.000      52.7776
 623.000      52.3700
 624.000      52.4970
 625.000      51.9770
 626.000      52.2700
 627.000      52.1108
 628.000      52.6031
 629.000      52.7465
 630.000      52.6835
 631.000      52.5854
 632.000      53.0193
 633.000      52.7179
 634.000      52.6623
 635.000      53.0699
 636.000      52.4345
 637.000      52.5622
 638.000      52.5977
 639.000      52.6078
 640.000      52.4023
 641.000      51.5984
 642.000      52.9096
 643.000      52.3939
 644.000      52.4628
