#Res        AtomicFlx
   1.000       1.9383
   2.000       1.6291
   3.000       1.8439
   4.000       0.8392
   5.000       1.1412
   6.000       1.4565
   7.000       1.2847
   8.000       1.3766
   9.000       1.2101
  10.000       0.7976
  11.000       0.8171
  12.000       1.0090
  13.000       0.6521
  14.000       0.5731
  15.000       0.7307
  16.000       0.5586
  17.000       0.6341
  18.000       0.6254
  19.000       0.6855
  20.000       0.5972
  21.000       0.9359
  22.000       0.6300
  23.000       0.5287
  24.000       1.0193
  25.000       0.7326
  26.000       1.3171
  27.000       0.6187
  28.000       0.6577
  29.000       0.9981
  30.000       0.8441
  31.000       0.7949
  32.000       1.3125
  33.000       1.4198
  34.000       0.7092
  35.000       0.7767
  36.000       0.7177
  37.000       0.7258
  38.000       0.8085
  39.000       0.6995
  40.000       0.9623
  41.000       1.4571
  42.000       0.6890
  43.000       0.5840
  44.000       1.7341
  45.000       0.9617
  46.000       0.6780
  47.000       0.7796
  48.000       1.1175
  49.000       1.1715
  50.000       0.7187
  51.000       0.5210
  52.000       0.6565
  53.000       0.5862
  54.000       0.8265
  55.000       0.8381
  56.000       0.8464
  57.000       0.9327
  58.000       0.5072
  59.000       0.7272
  60.000       0.5430
  61.000       0.7945
  62.000       0.5880
  63.000       0.8477
  64.000       1.4053
  65.000       1.0441
  66.000       1.0235
  67.000       0.8427
  68.000       0.7202
  69.000       0.7235
  70.000       1.0760
  71.000       0.6896
  72.000       0.8506
  73.000       0.8055
  74.000       2.3904
  75.000       2.0389
  76.000       1.2971
  77.000       1.4323
  78.000       1.1718
  79.000       1.1596
  80.000       0.9777
  81.000       0.5877
  82.000       0.7018
  83.000       0.5735
  84.000       1.0197
  85.000       0.5358
  86.000       0.6325
  87.000       0.7380
  88.000       0.7304
  89.000       0.8037
  90.000       0.5744
  91.000       0.6853
  92.000       0.9606
  93.000       0.8436
  94.000       0.5753
  95.000       1.0520
  96.000       1.1176
  97.000       1.0608
  98.000       1.1203
  99.000       1.0307
 100.000       0.7602
 101.000       0.8453
 102.000       0.5890
 103.000       0.7620
 104.000       0.5686
 105.000       0.7754
 106.000       0.8578
 107.000       0.8363
 108.000       0.6203
 109.000       1.0522
 110.000       0.6784
 111.000       0.7323
 112.000       0.8996
 113.000       0.9488
 114.000       1.5368
 115.000       1.3200
 116.000       0.8298
 117.000       0.8654
 118.000       0.7638
 119.000       0.8726
 120.000       1.2256
 121.000       0.9173
 122.000       1.4405
 123.000       1.2377
 124.000       1.6892
 125.000       1.5434
 126.000       1.3297
 127.000       1.8025
 128.000       2.1657
 129.000       2.1055
 130.000       1.8095
 131.000       3.3553
 132.000       3.3725
 133.000       3.0405
 134.000       2.8799
 135.000       3.7787
 136.000       3.8907
 137.000       5.4149
 138.000       5.2138
 139.000       6.7148
 140.000       5.6789
 141.000       4.9044
 142.000       2.8647
 143.000       2.0524
 144.000       2.5089
 145.000       2.2288
 146.000       1.7327
 147.000       1.6308
 148.000       1.7823
 149.000       1.8178
 150.000       1.9608
 151.000       2.1498
 152.000       2.0887
 153.000       2.4697
 154.000       3.3799
 155.000       3.1925
 156.000       3.4663
 157.000       4.0728
 158.000       5.7164
 159.000       3.9447
 160.000       4.7721
 161.000       3.3388
 162.000       4.0874
 163.000       2.1816
 164.000       0.9193
 165.000       0.8070
 166.000       0.7760
 167.000       1.2258
 168.000       1.0377
 169.000       0.9628
 170.000       0.9335
 171.000       2.1521
 172.000       1.5034
 173.000       2.3344
 174.000       1.0094
 175.000       1.1903
 176.000       1.7342
 177.000       1.3021
 178.000       1.1500
 179.000       1.6807
 180.000       1.5875
 181.000       1.1241
 182.000       1.1960
 183.000       1.5983
 184.000       1.3490
 185.000       1.0476
 186.000       1.6567
 187.000       1.4494
 188.000       1.5212
 189.000       1.3448
 190.000       0.8106
 191.000       1.0269
 192.000       1.1376
 193.000       0.6788
 194.000       0.6220
 195.000       0.8251
 196.000       0.7192
 197.000       0.9146
 198.000       0.9097
 199.000       0.8249
 200.000       1.0037
 201.000       1.1060
 202.000       0.9392
 203.000       1.2270
 204.000       1.2235
 205.000       1.1618
 206.000       1.1546
 207.000       1.3808
 208.000       2.1741
 209.000       1.3559
 210.000       1.6061
 211.000       1.9912
 212.000       1.0873
 213.000       0.9412
 214.000       0.9315
 215.000       1.3960
 216.000       0.8359
 217.000       0.8280
 218.000       1.6734
 219.000       1.0096
 220.000       0.6762
 221.000       0.7632
 222.000       0.7537
 223.000       1.0818
 224.000       0.5765
 225.000       0.5741
 226.000       0.7505
 227.000       0.6802
 228.000       0.6524
 229.000       0.6670
 230.000       1.0670
 231.000       0.8370
 232.000       1.0675
 233.000       0.9836
 234.000       1.4215
 235.000       0.8099
 236.000       1.2818
 237.000       1.3387
 238.000       0.9959
 239.000       1.4033
 240.000       0.8345
 241.000       0.8156
 242.000       1.7824
 243.000       1.0751
 244.000       0.6461
 245.000       0.8812
 246.000       1.2319
 247.000       1.4179
 248.000       0.7639
 249.000       0.9023
 250.000       0.8454
 251.000       0.8972
 252.000       1.3204
 253.000       1.5583
 254.000       1.4711
 255.000       1.0897
 256.000       1.2630
 257.000       1.6861
 258.000       1.2756
 259.000       0.8863
 260.000       1.2697
 261.000       0.7880
 262.000       0.9019
 263.000       0.5850
 264.000       0.6754
 265.000       0.6113
 266.000       0.6137
 267.000       0.5906
 268.000       0.5524
 269.000       0.8141
 270.000       0.5670
 271.000       0.8851
 272.000       0.4888
 273.000       0.6600
 274.000       0.5403
 275.000       0.6035
 276.000       0.6096
 277.000       0.6632
 278.000       0.5088
 279.000       0.4788
 280.000       0.6598
 281.000       0.7062
 282.000       0.6714
 283.000       0.7675
 284.000       0.6120
 285.000       0.6105
 286.000       1.1372
 287.000       0.8654
 288.000       1.4840
 289.000       1.3951
 290.000       1.4287
 291.000       1.3469
 292.000       1.0859
 293.000       0.9644
 294.000       1.2037
 295.000       2.1514
 296.000       0.8546
 297.000       0.7014
 298.000       0.7078
 299.000       0.9493
 300.000       0.7303
 301.000       0.5682
 302.000       0.9590
 303.000       0.6003
 304.000       0.5391
 305.000       0.9586
 306.000       0.6676
 307.000       0.5865
 308.000       0.5209
 309.000       0.7486
 310.000       0.8869
 311.000       0.6165
 312.000       0.5510
 313.000       1.0687
 314.000       0.6666
 315.000       0.6837
 316.000       0.8477
 317.000       0.6336
 318.000       0.8475
 319.000       0.8937
 320.000       0.6444
 321.000       0.7737
 322.000       0.9714
 323.000       0.7865
 324.000       1.0702
 325.000       1.4425
 326.000       1.3763
 327.000       1.0311
 328.000       1.2294
 329.000       1.3028
 330.000       1.0888
 331.000       0.9870
 332.000       2.0330
 333.000       1.0725
 334.000       0.8169
 335.000       0.9506
 336.000       1.4006
 337.000       0.7777
 338.000       0.8150
 339.000       0.6497
 340.000       0.8479
 341.000       0.7086
 342.000       0.6753
 343.000       0.7459
 344.000       0.7041
 345.000       0.7337
 346.000       0.6872
 347.000       0.9897
 348.000       0.7186
 349.000       0.7809
 350.000       0.9389
 351.000       1.1846
 352.000       1.0946
 353.000       0.8969
 354.000       1.1241
 355.000       0.6540
 356.000       0.6233
 357.000       0.9024
 358.000       0.8022
 359.000       0.7321
 360.000       1.0021
 361.000       0.7269
 362.000       0.5717
 363.000       0.6020
 364.000       0.9528
 365.000       0.6945
 366.000       0.9921
 367.000       0.6106
 368.000       0.6803
 369.000       0.7993
 370.000       0.5789
 371.000       0.8144
 372.000       0.6599
 373.000       0.7688
 374.000       0.8253
 375.000       1.0167
 376.000       0.9291
 377.000       0.6563
 378.000       1.0889
 379.000       1.0457
 380.000       0.6360
 381.000       0.8238
 382.000       0.8535
 383.000       0.8025
 384.000       0.7755
 385.000       1.0701
 386.000       0.9051
 387.000       0.7089
 388.000       1.1975
 389.000       1.5883
 390.000       1.4210
 391.000       2.2240
 392.000       3.0518
 393.000       2.4600
 394.000       1.4595
 395.000       1.9728
 396.000       1.9399
 397.000       1.7058
 398.000       1.8966
 399.000       1.5915
 400.000       2.1768
 401.000       1.3417
 402.000       1.2897
 403.000       1.3785
 404.000       1.1160
 405.000       1.2311
 406.000       1.1354
 407.000       1.1871
 408.000       1.0637
 409.000       0.9217
 410.000       1.2109
 411.000       1.2812
 412.000       1.1400
 413.000       0.7750
 414.000       1.0711
 415.000       0.9333
 416.000       0.9978
 417.000       0.8637
 418.000       0.7600
 419.000       1.3278
 420.000       0.8933
 421.000       0.7197
 422.000       0.9480
 423.000       1.2125
 424.000       0.8714
 425.000       1.0501
 426.000       1.2367
 427.000       0.9967
 428.000       1.0309
 429.000       0.9954
 430.000       1.1931
 431.000       1.0411
 432.000       0.9978
 433.000       1.7208
 434.000       1.3080
 435.000       1.7639
 436.000       1.0419
 437.000       1.0914
 438.000       0.8822
 439.000       0.7697
 440.000       0.8597
 441.000       0.6377
 442.000       0.8891
 443.000       1.0538
 444.000       0.8700
 445.000       0.7592
 446.000       0.9269
 447.000       0.9856
 448.000       1.2564
 449.000       1.0777
 450.000       1.2572
 451.000       1.4305
 452.000       2.9095
 453.000       1.2418
 454.000       1.9985
 455.000       2.6908
 456.000       2.2868
 457.000       1.1770
 458.000       1.3756
 459.000       1.6139
 460.000       1.7728
 461.000       1.2735
 462.000       1.4632
 463.000       2.2638
 464.000       1.8926
 465.000       1.8651
 466.000       1.6692
 467.000       1.8740
 468.000       1.4092
 469.000       1.4840
 470.000       1.3777
 471.000       1.5302
 472.000       1.9110
 473.000       1.5870
 474.000       1.4707
 475.000       1.1917
 476.000       1.1158
 477.000       1.3843
 478.000       2.1156
 479.000       2.1512
 480.000       0.8491
 481.000       0.9053
 482.000       0.8279
 483.000       0.8022
 484.000       0.8279
 485.000       0.8615
 486.000       1.8373
 487.000       0.9779
 488.000       0.7362
 489.000       0.8908
 490.000       0.9061
 491.000       0.9626
 492.000       0.8881
 493.000       1.0247
 494.000       1.2081
 495.000       1.1999
 496.000       1.0421
 497.000       1.8092
 498.000       1.1770
 499.000       1.2438
 500.000       1.2776
 501.000       1.6754
 502.000       1.9840
 503.000       2.6106
 504.000       1.2942
 505.000       1.9108
 506.000       1.2783
 507.000       1.2513
 508.000       1.2623
 509.000       1.2429
 510.000       1.0019
 511.000       1.1353
 512.000       1.0126
 513.000       1.0282
 514.000       0.7426
 515.000       1.5190
 516.000       1.1201
 517.000       1.0656
 518.000       0.8080
 519.000       1.1986
 520.000       0.7786
 521.000       0.6722
 522.000       0.9029
 523.000       1.1689
 524.000       0.8390
 525.000       0.8422
 526.000       0.7555
 527.000       1.3838
 528.000       1.0192
 529.000       0.9444
 530.000       1.6778
 531.000       1.5907
 532.000       1.6149
 533.000       1.7024
 534.000       1.8014
 535.000       2.3112
 536.000       2.1058
 537.000       3.4288
 538.000       3.1352
 539.000       3.5136
 540.000       3.1205
 541.000       2.5665
 542.000       2.9864
 543.000       2.9776
 544.000       2.4547
 545.000       2.2936
 546.000       2.9370
 547.000       2.4063
 548.000       2.2335
 549.000       2.5993
 550.000       3.1402
 551.000       3.6827
 552.000       7.2133
 553.000      50.2825
 554.000       0.4758
 555.000       0.5978
 556.000      52.3390
 557.000      52.1549
 558.000      52.0455
 559.000      51.5900
 560.000      52.0085
 561.000      51.8478
 562.000      51.6747
 563.000      52.8042
 564.000      50.6962
 565.000      52.1830
 566.000      51.0697
 567.000      51.4016
 568.000      51.0098
 569.000      52.2194
 570.000      51.5588
 571.000      51.3100
 572.000      50.6832
 573.000      51.3197
 574.000      50.4136
 575.000      51.1749
 576.000      51.1544
 577.000      51.8834
 578.000      51.0862
 579.000      51.4225
 580.000      51.9988
 581.000      50.9527
 582.000      51.1575
 583.000      51.0929
 584.000      51.3098
 585.000      51.2418
 586.000      52.9407
 587.000      51.1789
 588.000      52.6559
 589.000      52.7527
 590.000      51.0129
 591.000      51.7019
 592.000      51.3041
 593.000      51.6786
 594.000      51.4480
 595.000      52.1168
 596.000      52.4649
 597.000      51.2479
 598.000       0.6074
 599.000      52.3487
 600.000      52.6009
 601.000      52.7488
 602.000      52.2643
 603.000      51.9146
 604.000      52.2974
 605.000      52.6914
 606.000      52.6913
 607.000      52.5770
 608.000      53.1790
 609.000      52.1844
 610.000      52.8694
 611.000      53.2417
 612.000      52.2770
 613.000      52.9935
 614.000      52.9008
 615.000      52.5426
 616.000      52.6402
 617.000      52.0012
 618.000      52.4417
 619.000      52.6861
 620.000      51.9946
 621.000      52.0624
 622.000      52.8170
 623.000      51.8989
 624.000      52.4736
 625.000      52.0785
 626.000      52.4366
 627.000      53.3104
 628.000      52.3159
 629.000      52.8250
 630.000      52.9682
 631.000      52.0020
 632.000      52.2389
 633.000      53.0127
 634.000      52.2408
 635.000      53.2068
 636.000      52.2953
 637.000      52.8710
 638.000      51.6279
 639.000      52.0850
 640.000      52.4379
 641.000      52.8396
 642.000      52.5156
 643.000      52.1100
 644.000      52.3487
