#Res        AtomicFlx
   1.000       6.0206
   2.000       3.6426
   3.000       2.5674
   4.000       2.0399
   5.000       1.9753
   6.000       2.2426
   7.000       2.3069
   8.000       2.7134
   9.000       1.5160
  10.000       1.0069
  11.000       0.8000
  12.000       1.1082
  13.000       0.9941
  14.000       0.7232
  15.000       0.6680
  16.000       0.6898
  17.000       0.5826
  18.000       0.5321
  19.000       0.5742
  20.000       0.4769
  21.000       0.4983
  22.000       0.4736
  23.000       0.6488
  24.000       0.7896
  25.000       0.7458
  26.000       0.5258
  27.000       0.5365
  28.000       0.6370
  29.000       0.6005
  30.000       0.5675
  31.000       0.6366
  32.000       0.7541
  33.000       0.7984
  34.000       0.8536
  35.000       0.9173
  36.000       1.7409
  37.000       1.5385
  38.000       1.9009
  39.000       2.1652
  40.000       1.9665
  41.000       1.1679
  42.000       0.8423
  43.000       0.9140
  44.000       0.8937
  45.000       0.6865
  46.000       0.6017
  47.000       0.7011
  48.000       0.6972
  49.000       0.6064
  50.000       0.5766
  51.000       0.6102
  52.000       0.6666
  53.000       0.6614
  54.000       0.6678
  55.000       0.5496
  56.000       0.5234
  57.000       0.5163
  58.000       0.4780
  59.000       0.4787
  60.000       0.5113
  61.000       0.5327
  62.000       0.5874
  63.000       0.6333
  64.000       0.6833
  65.000       0.8386
  66.000       0.8543
  67.000       0.9557
  68.000       1.1672
  69.000       1.3336
  70.000       1.0005
  71.000       0.8582
  72.000       0.7202
  73.000       0.5965
  74.000       0.6082
  75.000       0.6572
  76.000       0.6803
  77.000       0.8209
  78.000       0.8802
  79.000       0.8428
  80.000       0.9006
  81.000       0.8738
  82.000       0.8787
  83.000       0.7497
  84.000       0.6230
  85.000       0.6470
  86.000       0.6564
  87.000       0.6507
  88.000       0.6175
  89.000       0.6355
  90.000       0.6500
  91.000       0.6764
  92.000       0.6914
  93.000       0.6085
  94.000       0.6261
  95.000       0.6424
  96.000       0.6111
  97.000       0.6031
  98.000       0.6050
  99.000       0.6368
 100.000       0.6370
 101.000       0.6161
 102.000       0.6106
 103.000       0.6492
 104.000       0.6218
 105.000       0.5887
 106.000       0.6118
 107.000       0.6167
 108.000       0.5486
 109.000       0.5468
 110.000       0.5964
 111.000       0.5309
 112.000       0.5066
 113.000       0.6050
 114.000       0.6337
 115.000       0.6284
 116.000       0.9041
 117.000       1.0331
 118.000       1.2762
 119.000       1.1762
 120.000       0.7624
 121.000       0.8029
 122.000       0.9055
 123.000       1.1289
 124.000       1.2890
 125.000       1.1020
 126.000       1.4303
 127.000       1.4593
 128.000       1.7333
 129.000       1.5200
 130.000       1.2119
 131.000       1.3094
 132.000       2.5494
 133.000       2.0134
 134.000       2.0778
 135.000       2.3208
 136.000       2.8329
 137.000       2.9501
 138.000       3.4332
 139.000       4.1480
 140.000       4.6940
 141.000       4.9334
 142.000       4.8427
 143.000       4.3799
 144.000       3.8278
 145.000       3.3387
 146.000       3.4499
 147.000       3.8777
 148.000       3.2869
 149.000       2.3992
 150.000       1.4872
 151.000       0.9772
 152.000       0.9406
 153.000       0.6901
 154.000       0.8457
 155.000       0.9880
 156.000       0.8338
 157.000       0.7975
 158.000       1.1120
 159.000       1.2650
 160.000       1.1790
 161.000       1.1002
 162.000       1.2079
 163.000       1.2848
 164.000       1.5563
 165.000       2.0108
 166.000       2.7607
 167.000       2.7276
 168.000       2.8502
 169.000       1.9614
 170.000       1.5327
 171.000       1.9217
 172.000       1.8063
 173.000       1.4467
 174.000       1.3040
 175.000       1.1746
 176.000       0.8894
 177.000       0.8971
 178.000       1.0219
 179.000       1.0744
 180.000       0.7356
 181.000       0.7715
 182.000       0.7024
 183.000       0.6341
 184.000       0.5976
 185.000       0.6262
 186.000       0.6257
 187.000       0.5719
 188.000       0.5628
 189.000       0.6397
 190.000       0.6367
 191.000       0.5861
 192.000       0.6171
 193.000       0.6988
 194.000       0.6775
 195.000       0.7418
 196.000       0.8358
 197.000       1.4919
 198.000       1.6983
 199.000       1.5942
 200.000       1.6107
 201.000       1.6221
 202.000       1.6250
 203.000       1.5557
 204.000       1.5097
 205.000       1.2569
 206.000       1.1778
 207.000       1.1524
 208.000       1.0962
 209.000       0.8298
 210.000       0.8543
 211.000       0.8505
 212.000       0.7430
 213.000       0.6618
 214.000       0.6249
 215.000       0.6704
 216.000       0.5925
 217.000       0.6062
 218.000       0.6976
 219.000       0.6421
 220.000       0.6253
 221.000       0.7191
 222.000       0.7649
 223.000       0.7106
 224.000       0.7902
 225.000       0.8756
 226.000       0.8563
 227.000       0.8759
 228.000       0.9431
 229.000       0.8704
 230.000       0.8035
 231.000       0.8516
 232.000       0.8683
 233.000       0.7388
 234.000       0.6726
 235.000       0.7388
 236.000       0.7506
 237.000       0.7183
 238.000       0.8136
 239.000       0.9606
 240.000       1.2036
 241.000       1.2887
 242.000       1.3173
 243.000       1.3413
 244.000       1.2084
 245.000       1.1660
 246.000       1.2320
 247.000       1.1529
 248.000       1.0403
 249.000       1.0337
 250.000       0.8419
 251.000       0.7308
 252.000       0.7523
 253.000       0.7130
 254.000       0.6126
 255.000       0.5612
 256.000       0.5722
 257.000       0.5257
 258.000       0.4817
 259.000       0.5016
 260.000       0.5373
 261.000       0.5096
 262.000       0.5152
 263.000       0.5567
 264.000       0.5878
 265.000       0.5727
 266.000       0.6683
 267.000       0.7771
 268.000       0.5019
 269.000       0.5891
 270.000       0.7532
 271.000       0.7353
 272.000       0.6932
 273.000       0.8323
 274.000       1.0297
 275.000       1.0100
 276.000       0.9182
 277.000       1.2218
 278.000       1.3761
 279.000       1.5776
 280.000       1.3162
 281.000       1.1929
 282.000       0.7682
 283.000       0.6422
 284.000       0.6935
 285.000       0.6784
 286.000       0.5897
 287.000       0.5829
 288.000       0.5871
 289.000       0.5195
 290.000       0.5507
 291.000       0.5947
 292.000       0.5245
 293.000       0.4663
 294.000       0.5007
 295.000       0.5362
 296.000       0.4795
 297.000       0.4759
 298.000       0.5385
 299.000       0.5239
 300.000       0.5245
 301.000       0.5973
 302.000       0.5618
 303.000       0.5016
 304.000       0.4836
 305.000       0.5496
 306.000       0.5627
 307.000       0.6616
 308.000       0.7347
 309.000       0.7011
 310.000       0.7916
 311.000       0.9085
 312.000       0.8833
 313.000       1.1137
 314.000       1.3643
 315.000       1.3094
 316.000       1.2752
 317.000       1.1073
 318.000       0.9878
 319.000       0.8162
 320.000       0.9349
 321.000       1.0777
 322.000       0.9205
 323.000       0.9165
 324.000       1.1819
 325.000       0.9945
 326.000       1.3597
 327.000       1.2949
 328.000       1.3190
 329.000       0.8575
 330.000       0.7299
 331.000       0.7311
 332.000       0.6450
 333.000       0.6787
 334.000       0.8119
 335.000       0.6497
 336.000       0.6211
 337.000       0.6605
 338.000       0.6768
 339.000       0.6982
 340.000       0.7765
 341.000       0.8241
 342.000       0.8504
 343.000       0.8828
 344.000       0.7850
 345.000       0.6316
 346.000       0.6415
 347.000       0.6081
 348.000       0.5217
 349.000       0.5011
 350.000       0.5023
 351.000       0.5062
 352.000       0.4784
 353.000       0.4691
 354.000       0.5067
 355.000       0.5180
 356.000       0.5149
 357.000       0.4877
 358.000       0.4836
 359.000       0.5556
 360.000       0.6023
 361.000       0.4596
 362.000       0.4661
 363.000       0.4754
 364.000       0.4746
 365.000       0.4859
 366.000       0.5274
 367.000       0.5531
 368.000       0.5385
 369.000       0.5808
 370.000       0.5781
 371.000       0.6040
 372.000       0.6464
 373.000       0.7156
 374.000       0.7308
 375.000       0.7780
 376.000       1.0342
 377.000       1.3903
 378.000       1.5055
 379.000       1.5325
 380.000       2.2078
 381.000       2.1798
 382.000       3.3818
 383.000       3.2743
 384.000       3.3468
 385.000       3.3101
 386.000       1.9344
 387.000       1.1542
 388.000       1.2890
 389.000       0.9715
 390.000       0.8311
 391.000       0.6849
 392.000       0.7390
 393.000       0.7513
 394.000       0.7001
 395.000       0.6789
 396.000       0.7185
 397.000       0.7323
 398.000       0.6728
 399.000       0.6964
 400.000       0.7931
 401.000       0.7486
 402.000       0.6527
 403.000       0.7129
 404.000       0.7525
 405.000       0.6939
 406.000       0.6808
 407.000       0.7233
 408.000       0.9611
 409.000       1.2070
 410.000       0.9523
 411.000       1.0202
 412.000       1.0396
 413.000       0.8296
 414.000       0.7719
 415.000       1.0435
 416.000       0.9761
 417.000       0.7183
 418.000       0.8646
 419.000       0.9486
 420.000       1.0395
 421.000       1.0937
 422.000       1.0292
 423.000       0.8155
 424.000       0.7582
 425.000       0.7577
 426.000       0.6887
 427.000       0.6130
 428.000       0.6528
 429.000       0.6489
 430.000       0.5952
 431.000       0.6006
 432.000       0.6395
 433.000       0.6600
 434.000       0.6939
 435.000       0.7734
 436.000       0.8342
 437.000       0.8254
 438.000       0.8981
 439.000       1.0650
 440.000       1.0775
 441.000       0.9971
 442.000       0.9648
 443.000       0.8466
 444.000       1.0179
 445.000       1.0348
 446.000       0.8537
 447.000       0.8347
 448.000       0.9976
 449.000       0.9917
 450.000       0.8806
 451.000       0.9279
 452.000       1.1746
 453.000       1.3977
 454.000       1.4212
 455.000       1.2448
 456.000       1.3240
 457.000       0.9634
 458.000       0.8269
 459.000       0.9131
 460.000       0.8679
 461.000       0.7960
 462.000       0.7197
 463.000       0.7463
 464.000       0.8033
 465.000       0.7061
 466.000       0.7071
 467.000       0.8050
 468.000       0.8245
 469.000       0.7230
 470.000       0.7282
 471.000       0.7527
 472.000       0.7380
 473.000       0.6253
 474.000       0.6207
 475.000       0.7227
 476.000       0.7356
 477.000       0.6806
 478.000       0.7717
 479.000       0.8738
 480.000       0.8677
 481.000       0.8652
 482.000       0.9766
 483.000       1.0614
 484.000       1.1758
 485.000       1.9179
 486.000       2.0136
 487.000       2.0058
 488.000       1.7965
 489.000       1.8940
 490.000       1.5466
 491.000       1.8280
 492.000       2.3507
 493.000       1.9259
 494.000       2.1209
 495.000       1.7828
 496.000       2.0693
 497.000       1.9907
 498.000       1.8383
 499.000       1.5290
 500.000       1.4690
 501.000       1.4399
 502.000       1.3016
 503.000       1.0936
 504.000       1.0716
 505.000       1.0584
 506.000       0.9431
 507.000       0.9058
 508.000       1.0128
 509.000       1.0973
 510.000       1.2313
 511.000       1.2180
 512.000       1.1236
 513.000       0.9116
 514.000       0.8811
 515.000       1.0307
 516.000       0.9506
 517.000       0.8524
 518.000       1.0141
 519.000       1.1502
 520.000       1.0974
 521.000       1.1026
 522.000       1.3338
 523.000       1.4688
 524.000       1.4754
 525.000       1.5593
 526.000       2.0606
 527.000       2.2057
 528.000       2.2319
 529.000       2.0355
 530.000       2.1258
 531.000       2.0423
 532.000       1.7193
 533.000       1.6252
 534.000       1.7924
 535.000       1.7993
 536.000       1.6420
 537.000       1.7122
 538.000       1.9015
 539.000       2.1029
 540.000       2.5104
 541.000       3.5768
 542.000       4.7464
