#Res        AtomicFlx
   1.000       5.2144
   2.000       3.8090
   3.000       2.5780
   4.000       1.4929
   5.000       1.1424
   6.000       0.9645
   7.000       0.7699
   8.000       1.1616
   9.000       1.1287
  10.000       1.0192
  11.000       0.9477
  12.000       0.8820
  13.000       0.7069
  14.000       0.6627
  15.000       0.6372
  16.000       0.5841
  17.000       0.4887
  18.000       0.4714
  19.000       0.4822
  20.000       0.4054
  21.000       0.4127
  22.000       0.4075
  23.000       0.4460
  24.000       0.5774
  25.000       0.6053
  26.000       0.4330
  27.000       0.5391
  28.000       0.5315
  29.000       0.4936
  30.000       0.4583
  31.000       0.4756
  32.000       0.5268
  33.000       0.5837
  34.000       0.5979
  35.000       0.5853
  36.000       0.6661
  37.000       0.6577
  38.000       0.9611
  39.000       0.9125
  40.000       0.8004
  41.000       0.7092
  42.000       0.6137
  43.000       0.6167
  44.000       0.6741
  45.000       0.5810
  46.000       0.4998
  47.000       0.5845
  48.000       0.5804
  49.000       0.5436
  50.000       0.5528
  51.000       0.6189
  52.000       0.6817
  53.000       0.7194
  54.000       0.7428
  55.000       0.6072
  56.000       0.5037
  57.000       0.5177
  58.000       0.5076
  59.000       0.4920
  60.000       0.5209
  61.000       0.5294
  62.000       0.5295
  63.000       0.5313
  64.000       0.5502
  65.000       0.5809
  66.000       0.5820
  67.000       0.6944
  68.000       0.7208
  69.000       0.7152
  70.000       0.8514
  71.000       0.8043
  72.000       0.8045
  73.000       0.6056
  74.000       0.5789
  75.000       0.5885
  76.000       1.2538
  77.000       1.9949
  78.000       2.1007
  79.000       1.2296
  80.000       1.0081
  81.000       0.9952
  82.000       0.8628
  83.000       0.7279
  84.000       0.6994
  85.000       0.5921
  86.000       0.5496
  87.000       0.5200
  88.000       0.4900
  89.000       0.4677
  90.000       0.4708
  91.000       0.4968
  92.000       0.5104
  93.000       0.5034
  94.000       0.5082
  95.000       0.5205
  96.000       0.5564
  97.000       0.5717
  98.000       0.5517
  99.000       0.5731
 100.000       0.5757
 101.000       0.6178
 102.000       0.5597
 103.000       0.5161
 104.000       0.4993
 105.000       0.4838
 106.000       0.4743
 107.000       0.4501
 108.000       0.4466
 109.000       0.4355
 110.000       0.4449
 111.000       0.4215
 112.000       0.4370
 113.000       0.5125
 114.000       0.5421
 115.000       0.5646
 116.000       0.7900
 117.000       0.9235
 118.000       1.1079
 119.000       1.0842
 120.000       0.7255
 121.000       0.7037
 122.000       0.6735
 123.000       0.7484
 124.000       0.7847
 125.000       0.7384
 126.000       0.9253
 127.000       0.9275
 128.000       1.0764
 129.000       0.9311
 130.000       0.8231
 131.000       0.9098
 132.000       1.0276
 133.000       0.9396
 134.000       0.7241
 135.000       0.7602
 136.000       0.7371
 137.000       0.8028
 138.000       0.9635
 139.000       2.0152
 140.000       1.9848
 141.000       2.5411
 142.000       2.6730
 143.000       2.0576
 144.000       2.3822
 145.000       1.9956
 146.000       1.7475
 147.000       1.6585
 148.000       1.1678
 149.000       0.8551
 150.000       0.6952
 151.000       0.5829
 152.000       0.5261
 153.000       0.4608
 154.000       0.5168
 155.000       0.5369
 156.000       0.5070
 157.000       0.5016
 158.000       0.5885
 159.000       0.6951
 160.000       0.7005
 161.000       0.6396
 162.000       0.6696
 163.000       0.7012
 164.000       0.7717
 165.000       1.0857
 166.000       0.8189
 167.000       1.0633
 168.000       1.1406
 169.000       1.1200
 170.000       0.9383
 171.000       1.1081
 172.000       1.0249
 173.000       0.8261
 174.000       0.8176
 175.000       0.7614
 176.000       0.6694
 177.000       0.6040
 178.000       0.6517
 179.000       0.5985
 180.000       0.5435
 181.000       0.5826
 182.000       0.6005
 183.000       0.5707
 184.000       0.6320
 185.000       0.6213
 186.000       0.5732
 187.000       0.5904
 188.000       0.6499
 189.000       0.6515
 190.000       0.6402
 191.000       0.7227
 192.000       0.7557
 193.000       0.8608
 194.000       0.7934
 195.000       0.8589
 196.000       1.1289
 197.000       1.5334
 198.000       1.4687
 199.000       0.9351
 200.000       1.1093
 201.000       1.0503
 202.000       0.8561
 203.000       0.7434
 204.000       0.8129
 205.000       0.7393
 206.000       0.7721
 207.000       0.9968
 208.000       0.9843
 209.000       0.7631
 210.000       0.8845
 211.000       1.1187
 212.000       0.9031
 213.000       0.6125
 214.000       0.5861
 215.000       0.6410
 216.000       0.5669
 217.000       0.5502
 218.000       0.6426
 219.000       0.6052
 220.000       0.5771
 221.000       0.6615
 222.000       0.6891
 223.000       0.6325
 224.000       0.6928
 225.000       0.7696
 226.000       0.7262
 227.000       0.7124
 228.000       0.7581
 229.000       0.7493
 230.000       0.6900
 231.000       0.7616
 232.000       0.7713
 233.000       0.6821
 234.000       0.6407
 235.000       0.7226
 236.000       0.7173
 237.000       0.6428
 238.000       0.7374
 239.000       0.8641
 240.000       1.0240
 241.000       1.0990
 242.000       1.1590
 243.000       1.1731
 244.000       1.1068
 245.000       1.2470
 246.000       1.2144
 247.000       1.0226
 248.000       0.9113
 249.000       0.7553
 250.000       0.5976
 251.000       0.5706
 252.000       0.5617
 253.000       0.5245
 254.000       0.5034
 255.000       0.4817
 256.000       0.4656
 257.000       0.4363
 258.000       0.4175
 259.000       0.4295
 260.000       0.4453
 261.000       0.4168
 262.000       0.4564
 263.000       0.4918
 264.000       0.5038
 265.000       0.6452
 266.000       0.5285
 267.000       0.6145
 268.000       0.5085
 269.000       0.5514
 270.000       0.5469
 271.000       0.5665
 272.000       0.5737
 273.000       0.6147
 274.000       0.6671
 275.000       0.7200
 276.000       0.7718
 277.000       0.8544
 278.000       0.9698
 279.000       1.2145
 280.000       1.3448
 281.000       1.3202
 282.000       1.0984
 283.000       1.0098
 284.000       0.6949
 285.000       0.6780
 286.000       0.6585
 287.000       0.6211
 288.000       0.5455
 289.000       0.4826
 290.000       0.5489
 291.000       0.5286
 292.000       0.4558
 293.000       0.4151
 294.000       0.4389
 295.000       0.4710
 296.000       0.4274
 297.000       0.4068
 298.000       0.4580
 299.000       0.4718
 300.000       0.4670
 301.000       0.5130
 302.000       0.5203
 303.000       0.4970
 304.000       0.4393
 305.000       0.5052
 306.000       0.5177
 307.000       0.6030
 308.000       0.6691
 309.000       0.6259
 310.000       0.5941
 311.000       0.7141
 312.000       0.7275
 313.000       0.6764
 314.000       0.7154
 315.000       0.7261
 316.000       0.8176
 317.000       0.8144
 318.000       0.8636
 319.000       0.7666
 320.000       0.9451
 321.000       0.9101
 322.000       0.8724
 323.000       0.8656
 324.000       1.4333
 325.000       1.4611
 326.000       2.3523
 327.000       1.1415
 328.000       0.8336
 329.000       0.7338
 330.000       0.5906
 331.000       0.5090
 332.000       0.4634
 333.000       0.4782
 334.000       0.5499
 335.000       0.4925
 336.000       0.4724
 337.000       0.4826
 338.000       0.5734
 339.000       0.6034
 340.000       0.6473
 341.000       0.7303
 342.000       0.7344
 343.000       0.7799
 344.000       0.7299
 345.000       0.5911
 346.000       0.6102
 347.000       0.5781
 348.000       0.5030
 349.000       0.4753
 350.000       0.4665
 351.000       0.4604
 352.000       0.4364
 353.000       0.4286
 354.000       0.4580
 355.000       0.4846
 356.000       0.5252
 357.000       0.5006
 358.000       0.4805
 359.000       0.5602
 360.000       0.6459
 361.000       0.5085
 362.000       0.4793
 363.000       0.4296
 364.000       0.4455
 365.000       0.4973
 366.000       0.5114
 367.000       0.5303
 368.000       0.5458
 369.000       0.5026
 370.000       0.5268
 371.000       0.5467
 372.000       0.5429
 373.000       0.5826
 374.000       0.6182
 375.000       0.6910
 376.000       0.8715
 377.000       0.9218
 378.000       0.9015
 379.000       1.0977
 380.000       2.1649
 381.000       2.7369
 382.000       2.6816
 383.000       3.5454
 384.000       3.4671
 385.000       3.8356
 386.000       1.6863
 387.000       0.8876
 388.000       0.9818
 389.000       1.0069
 390.000       0.8279
 391.000       0.6895
 392.000       0.7692
 393.000       0.8401
 394.000       0.7542
 395.000       0.6712
 396.000       0.7556
 397.000       0.8120
 398.000       0.7363
 399.000       0.7107
 400.000       0.8818
 401.000       0.9748
 402.000       0.9182
 403.000       0.9309
 404.000       0.7670
 405.000       0.5620
 406.000       0.6239
 407.000       0.5422
 408.000       0.6097
 409.000       0.6774
 410.000       0.5994
 411.000       0.6645
 412.000       0.6631
 413.000       0.6135
 414.000       0.6008
 415.000       0.6910
 416.000       0.7251
 417.000       0.7028
 418.000       0.6825
 419.000       0.6801
 420.000       1.0588
 421.000       1.1850
 422.000       1.0851
 423.000       0.7312
 424.000       0.6518
 425.000       0.6245
 426.000       0.5075
 427.000       0.4957
 428.000       0.5660
 429.000       0.5994
 430.000       0.5408
 431.000       0.5004
 432.000       0.5203
 433.000       0.5187
 434.000       0.5511
 435.000       0.5857
 436.000       0.6043
 437.000       0.6028
 438.000       0.5980
 439.000       0.6726
 440.000       0.7746
 441.000       0.7839
 442.000       0.7728
 443.000       0.7451
 444.000       0.8202
 445.000       0.8022
 446.000       0.7207
 447.000       0.7599
 448.000       0.8173
 449.000       0.8745
 450.000       0.8066
 451.000       0.8964
 452.000       1.0636
 453.000       1.1180
 454.000       0.9577
 455.000       1.0596
 456.000       1.0002
 457.000       0.9800
 458.000       0.7988
 459.000       0.9290
 460.000       0.8720
 461.000       0.7751
 462.000       0.6790
 463.000       0.7339
 464.000       0.7168
 465.000       0.5996
 466.000       0.5686
 467.000       0.6825
 468.000       0.6143
 469.000       0.5772
 470.000       0.6501
 471.000       0.6086
 472.000       0.5853
 473.000       0.5261
 474.000       0.5022
 475.000       0.5815
 476.000       0.6343
 477.000       0.5840
 478.000       0.6792
 479.000       0.7713
 480.000       0.7485
 481.000       0.9401
 482.000       1.1746
 483.000       1.1033
 484.000       1.3361
 485.000       1.8024
 486.000       2.4966
 487.000       2.2162
 488.000       1.5292
 489.000       1.5486
 490.000       1.1138
 491.000       1.1537
 492.000       1.4194
 493.000       1.0286
 494.000       1.1853
 495.000       0.9625
 496.000       1.1475
 497.000       1.2126
 498.000       1.1182
 499.000       0.8758
 500.000       0.9416
 501.000       1.0027
 502.000       0.8468
 503.000       0.8286
 504.000       0.8967
 505.000       0.8368
 506.000       0.9061
 507.000       1.0131
 508.000       0.9111
 509.000       0.8993
 510.000       0.7713
 511.000       0.7736
 512.000       0.7992
 513.000       0.7620
 514.000       0.7324
 515.000       0.7790
 516.000       0.8335
 517.000       0.7805
 518.000       0.8717
 519.000       1.0158
 520.000       1.0123
 521.000       1.0950
 522.000       1.3214
 523.000       1.4123
 524.000       1.4893
 525.000       1.6050
 526.000       2.0588
 527.000       2.3159
 528.000       2.4519
 529.000       2.3502
 530.000       2.4284
 531.000       2.2732
 532.000       1.8552
 533.000       1.7786
 534.000       1.9335
 535.000       1.7265
 536.000       1.3434
 537.000       1.3829
 538.000       1.5810
 539.000       2.4923
 540.000       3.9702
 541.000       5.7440
 542.000       7.2217
