#Res        AtomicFlx
   1.000       6.9435
   2.000       5.4388
   3.000       4.1941
   4.000       2.6844
   5.000       1.6721
   6.000       1.6641
   7.000       1.5249
   8.000       2.1389
   9.000       1.3546
  10.000       1.1174
  11.000       1.0739
  12.000       1.0883
  13.000       0.8478
  14.000       0.7106
  15.000       0.7375
  16.000       0.6788
  17.000       0.5445
  18.000       0.5201
  19.000       0.5808
  20.000       0.4726
  21.000       0.5067
  22.000       0.4755
  23.000       0.6299
  24.000       0.7525
  25.000       0.7411
  26.000       0.5475
  27.000       0.6631
  28.000       0.7692
  29.000       0.6320
  30.000       0.5845
  31.000       0.6390
  32.000       0.6459
  33.000       0.6245
  34.000       0.6093
  35.000       0.6252
  36.000       0.6922
  37.000       0.7010
  38.000       0.8594
  39.000       0.8515
  40.000       0.8161
  41.000       0.8409
  42.000       0.7146
  43.000       0.7029
  44.000       0.7130
  45.000       0.6888
  46.000       0.6225
  47.000       0.6414
  48.000       0.6838
  49.000       0.6522
  50.000       0.6525
  51.000       0.7460
  52.000       0.7805
  53.000       0.7046
  54.000       0.7110
  55.000       0.6729
  56.000       0.6728
  57.000       0.6716
  58.000       0.6006
  59.000       0.6032
  60.000       0.6517
  61.000       0.6471
  62.000       0.6416
  63.000       0.6748
  64.000       0.6753
  65.000       0.6906
  66.000       0.7324
  67.000       0.8553
  68.000       0.8827
  69.000       0.7586
  70.000       0.7581
  71.000       0.8337
  72.000       0.7407
  73.000       0.6393
  74.000       0.7150
  75.000       0.7971
  76.000       0.8342
  77.000       0.9999
  78.000       1.3810
  79.000       1.4442
  80.000       1.3641
  81.000       1.2240
  82.000       1.1717
  83.000       0.8439
  84.000       0.6855
  85.000       0.6798
  86.000       0.8469
  87.000       0.9110
  88.000       0.7223
  89.000       0.6200
  90.000       0.7380
  91.000       0.7834
  92.000       0.6781
  93.000       0.6521
  94.000       0.7263
  95.000       0.7596
  96.000       0.6989
  97.000       0.6321
  98.000       0.7373
  99.000       0.8479
 100.000       0.8445
 101.000       0.6846
 102.000       0.5025
 103.000       0.5215
 104.000       0.5099
 105.000       0.5205
 106.000       0.5048
 107.000       0.4917
 108.000       0.5180
 109.000       0.5335
 110.000       0.5439
 111.000       0.5463
 112.000       0.6268
 113.000       0.7176
 114.000       0.6963
 115.000       0.7828
 116.000       0.9822
 117.000       1.1379
 118.000       1.3434
 119.000       1.2143
 120.000       0.8776
 121.000       0.8079
 122.000       0.7947
 123.000       0.9831
 124.000       1.0889
 125.000       0.9454
 126.000       1.1958
 127.000       1.1422
 128.000       1.3476
 129.000       1.1111
 130.000       0.9913
 131.000       1.1043
 132.000       1.2850
 133.000       1.2431
 134.000       0.9763
 135.000       1.0922
 136.000       1.2773
 137.000       1.6518
 138.000       2.9464
 139.000       3.1650
 140.000       3.9789
 141.000       5.8069
 142.000       6.1755
 143.000       6.1214
 144.000       5.9928
 145.000       5.2637
 146.000       3.7410
 147.000       3.0885
 148.000       2.2491
 149.000       1.5675
 150.000       1.0316
 151.000       0.9024
 152.000       0.7144
 153.000       0.6602
 154.000       0.7246
 155.000       0.6778
 156.000       0.5961
 157.000       0.5984
 158.000       0.7802
 159.000       0.8896
 160.000       0.8521
 161.000       0.6768
 162.000       0.6623
 163.000       0.6772
 164.000       0.8391
 165.000       1.1296
 166.000       1.0083
 167.000       0.8861
 168.000       1.1290
 169.000       0.9544
 170.000       0.8586
 171.000       1.1128
 172.000       0.9379
 173.000       0.7765
 174.000       0.8498
 175.000       0.9082
 176.000       0.9025
 177.000       0.9457
 178.000       0.9240
 179.000       0.8694
 180.000       0.7165
 181.000       0.7023
 182.000       0.7092
 183.000       0.6094
 184.000       0.5528
 185.000       0.6387
 186.000       0.6567
 187.000       0.5915
 188.000       0.5944
 189.000       0.6870
 190.000       0.6606
 191.000       0.6002
 192.000       0.6433
 193.000       0.7354
 194.000       0.7099
 195.000       0.6498
 196.000       0.6833
 197.000       0.8166
 198.000       0.8675
 199.000       1.1822
 200.000       1.1332
 201.000       0.9058
 202.000       1.0516
 203.000       1.4369
 204.000       1.5591
 205.000       1.0568
 206.000       0.9620
 207.000       1.3259
 208.000       1.6361
 209.000       1.5478
 210.000       1.3510
 211.000       1.1101
 212.000       0.9129
 213.000       0.8130
 214.000       0.7614
 215.000       0.7222
 216.000       0.6771
 217.000       0.6823
 218.000       0.7092
 219.000       0.6436
 220.000       0.6447
 221.000       0.7420
 222.000       0.7827
 223.000       0.7692
 224.000       0.8074
 225.000       0.9017
 226.000       0.9836
 227.000       0.9433
 228.000       0.9568
 229.000       0.8373
 230.000       0.7439
 231.000       0.7459
 232.000       0.7326
 233.000       0.7062
 234.000       0.6930
 235.000       0.7014
 236.000       0.6404
 237.000       0.5909
 238.000       0.7948
 239.000       0.8113
 240.000       0.9174
 241.000       1.0608
 242.000       1.0903
 243.000       1.1001
 244.000       1.0208
 245.000       1.1815
 246.000       1.3016
 247.000       1.1852
 248.000       1.0314
 249.000       0.9090
 250.000       0.7521
 251.000       0.7122
 252.000       0.7017
 253.000       0.6370
 254.000       0.5962
 255.000       0.5842
 256.000       0.5805
 257.000       0.5432
 258.000       0.5515
 259.000       0.5431
 260.000       0.5658
 261.000       0.5759
 262.000       0.5678
 263.000       0.5835
 264.000       0.5623
 265.000       0.6572
 266.000       0.6979
 267.000       0.7292
 268.000       0.5142
 269.000       0.5230
 270.000       0.5569
 271.000       0.5799
 272.000       0.5737
 273.000       0.6201
 274.000       0.6883
 275.000       0.8033
 276.000       0.8542
 277.000       0.9169
 278.000       0.9946
 279.000       0.9687
 280.000       0.9909
 281.000       0.8751
 282.000       0.7458
 283.000       0.6596
 284.000       0.6611
 285.000       0.6194
 286.000       0.6000
 287.000       0.6396
 288.000       0.5853
 289.000       0.5077
 290.000       0.6202
 291.000       0.6550
 292.000       0.5456
 293.000       0.4951
 294.000       0.5562
 295.000       0.5900
 296.000       0.5319
 297.000       0.5048
 298.000       0.5597
 299.000       0.5980
 300.000       0.5936
 301.000       0.6444
 302.000       0.6340
 303.000       0.5803
 304.000       0.5353
 305.000       0.5225
 306.000       0.6127
 307.000       0.7646
 308.000       0.7137
 309.000       0.6287
 310.000       0.7155
 311.000       0.8051
 312.000       0.7924
 313.000       0.9111
 314.000       1.0778
 315.000       1.1910
 316.000       1.1734
 317.000       1.1264
 318.000       1.0357
 319.000       0.8355
 320.000       0.9511
 321.000       1.0292
 322.000       0.9676
 323.000       1.0313
 324.000       1.9812
 325.000       1.6244
 326.000       1.9580
 327.000       2.0773
 328.000       1.7362
 329.000       0.8889
 330.000       0.8714
 331.000       0.6976
 332.000       0.5582
 333.000       0.5838
 334.000       0.7840
 335.000       0.8089
 336.000       0.6692
 337.000       0.6684
 338.000       0.8100
 339.000       0.8444
 340.000       0.8224
 341.000       0.9564
 342.000       1.0278
 343.000       1.1084
 344.000       1.0177
 345.000       0.8960
 346.000       0.8828
 347.000       0.8899
 348.000       0.8160
 349.000       0.7494
 350.000       0.7367
 351.000       0.7147
 352.000       0.6699
 353.000       0.6041
 354.000       0.6221
 355.000       0.6110
 356.000       0.5932
 357.000       0.5327
 358.000       0.5308
 359.000       0.5691
 360.000       0.5813
 361.000       0.5404
 362.000       0.5024
 363.000       0.4366
 364.000       0.4576
 365.000       0.5654
 366.000       0.6225
 367.000       0.6073
 368.000       0.5223
 369.000       0.6170
 370.000       0.6973
 371.000       0.7275
 372.000       0.6819
 373.000       0.6725
 374.000       0.8264
 375.000       1.1027
 376.000       1.2934
 377.000       0.9922
 378.000       0.8921
 379.000       1.1801
 380.000       1.8084
 381.000       2.1452
 382.000       1.9315
 383.000       1.8149
 384.000       1.9993
 385.000       1.9066
 386.000       1.3421
 387.000       1.0450
 388.000       1.0670
 389.000       0.9630
 390.000       0.8488
 391.000       0.7616
 392.000       0.7214
 393.000       0.7470
 394.000       0.7399
 395.000       0.6720
 396.000       0.7033
 397.000       0.7405
 398.000       0.6634
 399.000       0.6672
 400.000       0.8336
 401.000       0.8441
 402.000       0.7488
 403.000       0.8616
 404.000       0.7570
 405.000       0.6112
 406.000       0.6963
 407.000       0.6445
 408.000       0.6388
 409.000       0.6542
 410.000       0.6327
 411.000       0.6130
 412.000       0.5832
 413.000       0.6075
 414.000       0.6091
 415.000       0.6365
 416.000       0.6561
 417.000       0.6199
 418.000       0.6528
 419.000       0.6921
 420.000       0.6970
 421.000       0.6441
 422.000       0.5953
 423.000       0.6779
 424.000       0.6319
 425.000       0.5973
 426.000       0.5706
 427.000       0.5753
 428.000       0.7000
 429.000       0.7276
 430.000       0.6464
 431.000       0.7018
 432.000       0.8154
 433.000       0.7904
 434.000       0.7621
 435.000       0.8527
 436.000       0.8915
 437.000       0.8525
 438.000       0.8901
 439.000       1.0505
 440.000       1.0853
 441.000       1.0070
 442.000       0.9196
 443.000       0.8263
 444.000       0.9047
 445.000       0.9070
 446.000       0.7664
 447.000       0.7390
 448.000       0.9233
 449.000       1.0241
 450.000       0.8908
 451.000       0.9117
 452.000       1.2209
 453.000       1.3537
 454.000       1.2706
 455.000       1.0926
 456.000       1.0311
 457.000       0.9190
 458.000       0.7876
 459.000       0.9264
 460.000       0.9525
 461.000       0.9931
 462.000       0.8301
 463.000       0.8616
 464.000       0.9377
 465.000       0.8222
 466.000       0.7757
 467.000       0.9254
 468.000       0.9313
 469.000       0.7585
 470.000       0.6862
 471.000       0.7490
 472.000       0.7559
 473.000       0.6838
 474.000       0.6616
 475.000       0.7246
 476.000       0.7116
 477.000       0.6469
 478.000       0.7335
 479.000       0.8070
 480.000       0.7515
 481.000       0.8932
 482.000       1.1168
 483.000       1.1001
 484.000       1.1797
 485.000       1.1574
 486.000       1.3380
 487.000       1.3953
 488.000       1.2417
 489.000       1.1915
 490.000       1.0662
 491.000       1.1010
 492.000       1.3652
 493.000       1.0159
 494.000       1.0479
 495.000       0.9470
 496.000       1.0534
 497.000       1.0622
 498.000       0.8505
 499.000       0.7649
 500.000       0.8374
 501.000       0.8788
 502.000       0.7597
 503.000       0.6880
 504.000       0.8112
 505.000       0.8545
 506.000       0.6967
 507.000       0.7129
 508.000       0.8525
 509.000       0.8514
 510.000       0.7291
 511.000       0.8280
 512.000       0.9779
 513.000       0.8138
 514.000       0.9493
 515.000       1.3055
 516.000       1.2486
 517.000       1.1918
 518.000       1.4995
 519.000       1.6854
 520.000       1.7221
 521.000       1.7937
 522.000       2.1345
 523.000       2.3392
 524.000       2.2929
 525.000       2.3791
 526.000       2.9114
 527.000       3.1659
 528.000       3.3753
 529.000       3.2389
 530.000       3.2601
 531.000       2.9513
 532.000       2.6273
 533.000       2.6442
 534.000       2.6158
 535.000       2.3110
 536.000       2.1676
 537.000       2.2237
 538.000       2.0861
 539.000       1.7875
 540.000       2.0421
 541.000       3.2501
 542.000       5.2357
