#Res        AtomicFlx
   1.000       6.5428
   2.000       4.7438
   3.000       3.1491
   4.000       2.0619
   5.000       1.6115
   6.000       1.4064
   7.000       1.9372
   8.000       1.5104
   9.000       1.2707
  10.000       1.1409
  11.000       1.1135
  12.000       0.8304
  13.000       0.7381
  14.000       0.8224
  15.000       0.7756
  16.000       0.5882
  17.000       0.6022
  18.000       0.6613
  19.000       0.6691
  20.000       0.6662
  21.000       0.5893
  22.000       0.7772
  23.000       0.9017
  24.000       1.7254
  25.000       1.8880
  26.000       1.2729
  27.000       1.0380
  28.000       0.8470
  29.000       0.8603
  30.000       0.9401
  31.000       1.2256
  32.000       0.8996
  33.000       1.1564
  34.000       1.5720
  35.000       1.4152
  36.000       1.3005
  37.000       1.6809
  38.000       1.3810
  39.000       1.1884
  40.000       1.2373
  41.000       1.1037
  42.000       1.0806
  43.000       1.1345
  44.000       1.0075
  45.000       0.8907
  46.000       0.9630
  47.000       0.9771
  48.000       0.8278
  49.000       0.8861
  50.000       1.0335
  51.000       0.9883
  52.000       0.8081
  53.000       0.7008
  54.000       0.5939
  55.000       0.5991
  56.000       0.5806
  57.000       0.4966
  58.000       0.4793
  59.000       0.5009
  60.000       0.4600
  61.000       0.4780
  62.000       0.5497
  63.000       0.5959
  64.000       0.5654
  65.000       0.5616
  66.000       0.5944
  67.000       0.6379
  68.000       0.6462
  69.000       0.6075
  70.000       0.6168
  71.000       0.5954
  72.000       0.6481
  73.000       0.6121
  74.000       0.5789
  75.000       0.7417
  76.000       1.2236
  77.000       1.1609
  78.000       0.8822
  79.000       0.8933
  80.000       0.7878
  81.000       0.7681
  82.000       0.7279
  83.000       0.7124
  84.000       0.6285
  85.000       0.6232
  86.000       0.6174
  87.000       0.5844
  88.000       0.5069
  89.000       0.6414
  90.000       0.6624
  91.000       0.5984
  92.000       0.6041
  93.000       0.7469
  94.000       0.8079
  95.000       0.7868
  96.000       0.9040
  97.000       1.1555
  98.000       1.0478
  99.000       0.7876
 100.000       0.5910
 101.000       0.6067
 102.000       0.5542
 103.000       0.5557
 104.000       0.5947
 105.000       0.6328
 106.000       0.6160
 107.000       0.6127
 108.000       0.6264
 109.000       0.6063
 110.000       0.6010
 111.000       0.6540
 112.000       0.7045
 113.000       0.6992
 114.000       0.9593
 115.000       1.1889
 116.000       1.5713
 117.000       1.4260
 118.000       0.9246
 119.000       0.9795
 120.000       0.9264
 121.000       1.1843
 122.000       1.3336
 123.000       1.4674
 124.000       1.8567
 125.000       1.5999
 126.000       1.8216
 127.000       1.6912
 128.000       1.5180
 129.000       1.8460
 130.000       2.3099
 131.000       3.5195
 132.000       2.7038
 133.000       2.9961
 134.000       3.1888
 135.000       3.9567
 136.000       4.7679
 137.000       6.8850
 138.000       8.5608
 139.000       9.4454
 140.000       9.4316
 141.000       9.3902
 142.000       9.2720
 143.000       8.8957
 144.000       8.2928
 145.000       7.5984
 146.000       6.7183
 147.000       5.9618
 148.000       5.4394
 149.000       5.6327
 150.000       5.6937
 151.000       5.5825
 152.000       4.6398
 153.000       1.9650
 154.000       1.3192
 155.000       1.0442
 156.000       0.8481
 157.000       0.8093
 158.000       0.8408
 159.000       0.7565
 160.000       0.6735
 161.000       0.7531
 162.000       0.8141
 163.000       0.8273
 164.000       0.7903
 165.000       0.9707
 166.000       0.9126
 167.000       0.8076
 168.000       1.0845
 169.000       1.7289
 170.000       2.4157
 171.000       2.7481
 172.000       3.0397
 173.000       3.6028
 174.000       2.2930
 175.000       1.3484
 176.000       1.1043
 177.000       1.0446
 178.000       1.0496
 179.000       0.8343
 180.000       0.7991
 181.000       0.8123
 182.000       0.7602
 183.000       0.6921
 184.000       0.6896
 185.000       0.6791
 186.000       0.6105
 187.000       0.6102
 188.000       0.6333
 189.000       0.6173
 190.000       0.6079
 191.000       0.6221
 192.000       0.6664
 193.000       0.6727
 194.000       0.6623
 195.000       0.6913
 196.000       0.8063
 197.000       0.8216
 198.000       0.8071
 199.000       0.9437
 200.000       1.0667
 201.000       0.9611
 202.000       1.1485
 203.000       1.4349
 204.000       1.3224
 205.000       1.1972
 206.000       1.4324
 207.000       1.4217
 208.000       0.9818
 209.000       0.9358
 210.000       1.0911
 211.000       0.7866
 212.000       0.8279
 213.000       1.3336
 214.000       1.0813
 215.000       0.8873
 216.000       0.8059
 217.000       0.7104
 218.000       0.6892
 219.000       0.6688
 220.000       0.6800
 221.000       0.7280
 222.000       0.7049
 223.000       0.6749
 224.000       0.7764
 225.000       0.8351
 226.000       0.7761
 227.000       0.8100
 228.000       0.8865
 229.000       0.9496
 230.000       0.9295
 231.000       1.0407
 232.000       1.0171
 233.000       0.8977
 234.000       0.9737
 235.000       0.9922
 236.000       0.9484
 237.000       0.9473
 238.000       0.9994
 239.000       1.0334
 240.000       1.0420
 241.000       1.0706
 242.000       1.0502
 243.000       1.0888
 244.000       1.3514
 245.000       1.5288
 246.000       1.8000
 247.000       1.5727
 248.000       1.5489
 249.000       1.9347
 250.000       1.7286
 251.000       1.4807
 252.000       1.4098
 253.000       1.1870
 254.000       1.0804
 255.000       1.0990
 256.000       1.0320
 257.000       0.9063
 258.000       0.8481
 259.000       0.8415
 260.000       0.8233
 261.000       0.7277
 262.000       0.6981
 263.000       0.7695
 264.000       0.7842
 265.000       0.7174
 266.000       0.7105
 267.000       0.5275
 268.000       0.4957
 269.000       0.4578
 270.000       0.4855
 271.000       0.4593
 272.000       0.4592
 273.000       0.4678
 274.000       0.5566
 275.000       0.5508
 276.000       0.5418
 277.000       0.6337
 278.000       0.9197
 279.000       0.8502
 280.000       0.8350
 281.000       0.7683
 282.000       0.8869
 283.000       0.8329
 284.000       0.8108
 285.000       0.6676
 286.000       0.6771
 287.000       0.8111
 288.000       0.7603
 289.000       0.6027
 290.000       0.6115
 291.000       0.6748
 292.000       0.5975
 293.000       0.5518
 294.000       0.6464
 295.000       0.6661
 296.000       0.6163
 297.000       0.6734
 298.000       0.7702
 299.000       0.7272
 300.000       0.7474
 301.000       0.7856
 302.000       0.8030
 303.000       0.8053
 304.000       0.8142
 305.000       0.7500
 306.000       0.6889
 307.000       0.7398
 308.000       0.7503
 309.000       0.7180
 310.000       0.7841
 311.000       0.8840
 312.000       0.9020
 313.000       0.9124
 314.000       0.9952
 315.000       1.0963
 316.000       1.1846
 317.000       1.2456
 318.000       1.3479
 319.000       1.4212
 320.000       1.4188
 321.000       1.4175
 322.000       1.2417
 323.000       1.3988
 324.000       1.4340
 325.000       1.3994
 326.000       1.6743
 327.000       2.2143
 328.000       2.7874
 329.000       2.9179
 330.000       2.2811
 331.000       1.2685
 332.000       0.8101
 333.000       0.8993
 334.000       0.7519
 335.000       0.8217
 336.000       1.0582
 337.000       0.9403
 338.000       0.7894
 339.000       0.8586
 340.000       0.8294
 341.000       0.7572
 342.000       0.8616
 343.000       0.9351
 344.000       0.8955
 345.000       0.9478
 346.000       0.8599
 347.000       0.7983
 348.000       0.7972
 349.000       0.7852
 350.000       0.7095
 351.000       0.6652
 352.000       0.6389
 353.000       0.7465
 354.000       0.6555
 355.000       0.5627
 356.000       0.6006
 357.000       0.6002
 358.000       0.5717
 359.000       0.5553
 360.000       0.5501
 361.000       0.5355
 362.000       0.5676
 363.000       0.5428
 364.000       0.5039
 365.000       0.5391
 366.000       0.5346
 367.000       0.5417
 368.000       0.5335
 369.000       0.5557
 370.000       0.5675
 371.000       0.5527
 372.000       0.4971
 373.000       0.5125
 374.000       0.5684
 375.000       0.6022
 376.000       0.6344
 377.000       0.6812
 378.000       0.7536
 379.000       0.9710
 380.000       0.8821
 381.000       1.0699
 382.000       1.3912
 383.000       1.3585
 384.000       1.0562
 385.000       1.1949
 386.000       1.3222
 387.000       1.1612
 388.000       1.0005
 389.000       1.0393
 390.000       0.9787
 391.000       0.8372
 392.000       0.8269
 393.000       0.8279
 394.000       0.8415
 395.000       0.7882
 396.000       0.7414
 397.000       0.7859
 398.000       0.8662
 399.000       0.7896
 400.000       0.6674
 401.000       0.7829
 402.000       0.9258
 403.000       0.7669
 404.000       0.8149
 405.000       0.9348
 406.000       0.8107
 407.000       0.7121
 408.000       0.7806
 409.000       0.8218
 410.000       0.8945
 411.000       0.8455
 412.000       0.8504
 413.000       0.8692
 414.000       0.8879
 415.000       0.8699
 416.000       0.9001
 417.000       0.9667
 418.000       0.9419
 419.000       0.9251
 420.000       0.9881
 421.000       1.0768
 422.000       1.0066
 423.000       1.0392
 424.000       0.8569
 425.000       0.7301
 426.000       0.6760
 427.000       0.6058
 428.000       0.5969
 429.000       0.5931
 430.000       0.5703
 431.000       0.5632
 432.000       0.5325
 433.000       0.5496
 434.000       0.5226
 435.000       0.5551
 436.000       0.6545
 437.000       0.6460
 438.000       0.6114
 439.000       0.6493
 440.000       0.7313
 441.000       0.7424
 442.000       0.7274
 443.000       0.7475
 444.000       0.6503
 445.000       0.7640
 446.000       0.7616
 447.000       0.6385
 448.000       0.6640
 449.000       0.7607
 450.000       0.7088
 451.000       0.6517
 452.000       0.7618
 453.000       0.8463
 454.000       0.8659
 455.000       0.9218
 456.000       1.3160
 457.000       1.3887
 458.000       1.0309
 459.000       0.7893
 460.000       0.8046
 461.000       0.8117
 462.000       0.7980
 463.000       0.6875
 464.000       0.6505
 465.000       0.6998
 466.000       0.6333
 467.000       0.5886
 468.000       0.6693
 469.000       0.7346
 470.000       0.7369
 471.000       0.8496
 472.000       0.8107
 473.000       0.8055
 474.000       0.7444
 475.000       0.6234
 476.000       0.7040
 477.000       0.7894
 478.000       0.7342
 479.000       0.6622
 480.000       0.7390
 481.000       0.8137
 482.000       0.8337
 483.000       0.8722
 484.000       1.0292
 485.000       1.1413
 486.000       1.1548
 487.000       1.5868
 488.000       1.4662
 489.000       1.1678
 490.000       1.2232
 491.000       1.1980
 492.000       1.6892
 493.000       2.1607
 494.000       1.9249
 495.000       2.2487
 496.000       1.5917
 497.000       1.9925
 498.000       2.0046
 499.000       1.9049
 500.000       1.4887
 501.000       1.3631
 502.000       1.4788
 503.000       1.3206
 504.000       1.0142
 505.000       1.0049
 506.000       1.0829
 507.000       1.0172
 508.000       0.8732
 509.000       0.8747
 510.000       1.0227
 511.000       1.0968
 512.000       0.9355
 513.000       0.8325
 514.000       0.7313
 515.000       0.7272
 516.000       0.8777
 517.000       0.9120
 518.000       0.7570
 519.000       0.8028
 520.000       0.9955
 521.000       0.9989
 522.000       0.8947
 523.000       1.0579
 524.000       1.2892
 525.000       1.3033
 526.000       1.3376
 527.000       1.7452
 528.000       2.0576
 529.000       2.1809
 530.000       2.0571
 531.000       2.1813
 532.000       1.8995
 533.000       1.5414
 534.000       1.6652
 535.000       1.7198
 536.000       1.3652
 537.000       1.2527
 538.000       1.4763
 539.000       1.3923
 540.000       1.5176
 541.000       2.0395
 542.000       2.9459
 543.000       5.0624
 544.000       7.1263
