#Res        AtomicFlx
   1.000       7.3529
   2.000       5.1178
   3.000       3.2858
   4.000       1.6622
   5.000       1.0853
   6.000       0.8837
   7.000       1.2471
   8.000       0.9445
   9.000       0.8775
  10.000       0.7953
  11.000       0.7208
  12.000       0.6010
  13.000       0.5977
  14.000       0.6163
  15.000       0.5636
  16.000       0.4849
  17.000       0.4870
  18.000       0.5391
  19.000       0.4665
  20.000       0.4639
  21.000       0.4172
  22.000       0.4250
  23.000       0.5048
  24.000       0.4982
  25.000       0.4584
  26.000       0.5937
  27.000       0.5896
  28.000       0.5107
  29.000       0.5121
  30.000       0.5696
  31.000       0.5351
  32.000       0.5678
  33.000       0.7142
  34.000       0.7001
  35.000       0.6689
  36.000       0.7070
  37.000       1.1274
  38.000       1.0093
  39.000       0.7642
  40.000       0.7635
  41.000       0.6631
  42.000       0.6714
  43.000       0.7595
  44.000       0.7206
  45.000       0.6103
  46.000       0.7747
  47.000       0.8804
  48.000       0.7537
  49.000       0.6845
  50.000       0.9221
  51.000       1.0201
  52.000       0.8938
  53.000       0.6460
  54.000       0.5967
  55.000       0.5461
  56.000       0.5341
  57.000       0.4900
  58.000       0.5274
  59.000       0.5048
  60.000       0.4899
  61.000       0.5190
  62.000       0.5542
  63.000       0.5943
  64.000       0.6188
  65.000       0.6651
  66.000       0.7094
  67.000       1.1502
  68.000       0.9899
  69.000       0.8006
  70.000       0.8640
  71.000       0.9988
  72.000       0.7740
  73.000       0.7100
  74.000       0.6068
  75.000       0.6816
  76.000       0.8551
  77.000       1.1053
  78.000       0.8587
  79.000       0.7986
  80.000       0.7455
  81.000       0.6440
  82.000       0.6450
  83.000       0.6280
  84.000       0.5569
  85.000       0.6134
  86.000       0.5941
  87.000       0.5204
  88.000       0.5010
  89.000       0.5309
  90.000       0.5380
  91.000       0.5029
  92.000       0.4806
  93.000       0.5206
  94.000       0.5285
  95.000       0.5106
  96.000       0.5800
  97.000       0.7481
  98.000       0.6490
  99.000       0.4988
 100.000       0.5214
 101.000       0.5369
 102.000       0.4918
 103.000       0.4945
 104.000       0.5130
 105.000       0.5122
 106.000       0.5372
 107.000       0.5473
 108.000       0.5505
 109.000       0.5454
 110.000       0.5444
 111.000       0.6216
 112.000       0.6899
 113.000       0.6608
 114.000       0.8781
 115.000       1.0271
 116.000       1.3758
 117.000       1.4247
 118.000       0.9277
 119.000       0.9655
 120.000       0.8466
 121.000       1.1345
 122.000       1.2310
 123.000       1.3437
 124.000       1.9831
 125.000       1.5695
 126.000       1.9315
 127.000       2.0247
 128.000       1.6939
 129.000       2.5577
 130.000       3.4239
 131.000       3.8456
 132.000       2.8398
 133.000       3.6100
 134.000       4.9595
 135.000       4.4984
 136.000       4.3148
 137.000       4.3861
 138.000       5.3070
 139.000       5.6898
 140.000       6.6917
 141.000       8.6996
 142.000       9.7749
 143.000      10.3549
 144.000       9.2948
 145.000       9.5002
 146.000       8.8707
 147.000       7.8935
 148.000       6.1820
 149.000       5.2849
 150.000       3.8090
 151.000       2.8650
 152.000       2.1976
 153.000       2.2780
 154.000       1.1600
 155.000       0.8987
 156.000       0.7556
 157.000       0.7642
 158.000       0.8030
 159.000       0.7365
 160.000       0.6218
 161.000       0.7774
 162.000       0.9455
 163.000       0.9167
 164.000       0.7698
 165.000       0.7905
 166.000       0.9783
 167.000       1.1979
 168.000       1.8231
 169.000       2.7727
 170.000       3.1386
 171.000       1.3797
 172.000       1.0222
 173.000       0.8710
 174.000       1.0043
 175.000       1.0013
 176.000       0.8657
 177.000       0.8641
 178.000       0.9039
 179.000       0.7165
 180.000       0.7168
 181.000       0.7810
 182.000       0.7658
 183.000       0.6447
 184.000       0.6229
 185.000       0.6565
 186.000       0.6189
 187.000       0.6115
 188.000       0.6549
 189.000       0.6902
 190.000       0.7265
 191.000       0.7067
 192.000       0.7334
 193.000       0.8288
 194.000       0.8453
 195.000       0.7769
 196.000       0.8123
 197.000       0.9626
 198.000       1.0078
 199.000       0.9753
 200.000       1.3979
 201.000       1.9677
 202.000       1.6851
 203.000       1.7879
 204.000       1.5105
 205.000       1.1884
 206.000       1.2225
 207.000       1.2113
 208.000       0.9755
 209.000       0.9443
 210.000       1.0328
 211.000       0.9579
 212.000       0.8069
 213.000       1.0364
 214.000       1.1565
 215.000       0.8495
 216.000       0.6606
 217.000       0.6424
 218.000       0.6744
 219.000       0.6011
 220.000       0.5875
 221.000       0.6523
 222.000       0.6413
 223.000       0.6209
 224.000       0.6761
 225.000       0.7152
 226.000       0.6835
 227.000       0.7333
 228.000       0.8157
 229.000       0.8256
 230.000       0.8013
 231.000       0.9244
 232.000       0.8836
 233.000       0.7709
 234.000       0.8001
 235.000       0.8118
 236.000       0.7471
 237.000       0.7079
 238.000       0.7912
 239.000       0.8212
 240.000       0.7376
 241.000       0.8265
 242.000       0.8964
 243.000       0.9827
 244.000       1.2053
 245.000       1.3071
 246.000       1.3660
 247.000       1.0849
 248.000       1.0390
 249.000       1.2222
 250.000       1.1767
 251.000       1.0123
 252.000       0.9839
 253.000       0.8168
 254.000       0.7216
 255.000       0.6762
 256.000       0.6187
 257.000       0.5803
 258.000       0.5787
 259.000       0.5569
 260.000       0.5051
 261.000       0.5345
 262.000       0.5591
 263.000       0.4877
 264.000       0.4354
 265.000       0.5489
 266.000       0.6840
 267.000       0.5124
 268.000       0.5041
 269.000       0.4629
 270.000       0.4837
 271.000       0.4607
 272.000       0.4575
 273.000       0.4801
 274.000       0.5250
 275.000       0.5108
 276.000       0.5450
 277.000       0.6232
 278.000       0.7927
 279.000       0.7113
 280.000       0.8230
 281.000       0.8917
 282.000       1.0484
 283.000       0.9242
 284.000       0.8896
 285.000       0.7889
 286.000       0.7075
 287.000       0.7613
 288.000       0.7399
 289.000       0.6399
 290.000       0.6865
 291.000       0.6695
 292.000       0.5446
 293.000       0.5588
 294.000       0.5987
 295.000       0.5331
 296.000       0.4932
 297.000       0.5750
 298.000       0.5755
 299.000       0.4981
 300.000       0.4904
 301.000       0.5892
 302.000       0.6297
 303.000       0.6032
 304.000       0.6466
 305.000       0.6281
 306.000       0.5854
 307.000       0.5972
 308.000       0.6023
 309.000       0.6264
 310.000       0.7145
 311.000       0.7364
 312.000       0.7452
 313.000       0.8236
 314.000       0.9145
 315.000       0.9001
 316.000       1.1116
 317.000       1.2823
 318.000       1.3581
 319.000       1.3470
 320.000       1.2496
 321.000       1.1127
 322.000       0.9677
 323.000       1.1552
 324.000       1.1746
 325.000       1.1086
 326.000       1.3044
 327.000       1.1142
 328.000       1.3912
 329.000       1.1431
 330.000       0.9053
 331.000       0.7731
 332.000       0.8326
 333.000       0.8539
 334.000       0.6957
 335.000       0.5662
 336.000       0.6390
 337.000       0.7889
 338.000       0.8525
 339.000       0.7265
 340.000       0.6162
 341.000       0.7401
 342.000       0.8887
 343.000       0.8431
 344.000       0.7324
 345.000       0.8620
 346.000       0.8623
 347.000       0.6932
 348.000       0.6681
 349.000       0.6626
 350.000       0.6116
 351.000       0.5978
 352.000       0.5632
 353.000       0.5571
 354.000       0.5228
 355.000       0.5044
 356.000       0.5289
 357.000       0.5437
 358.000       0.5780
 359.000       0.5573
 360.000       0.5219
 361.000       0.6233
 362.000       0.6090
 363.000       0.5652
 364.000       0.5127
 365.000       0.5175
 366.000       0.5466
 367.000       0.5869
 368.000       0.6530
 369.000       0.6104
 370.000       0.6035
 371.000       0.7113
 372.000       0.7140
 373.000       0.6117
 374.000       0.6693
 375.000       0.8431
 376.000       0.8349
 377.000       0.7203
 378.000       0.7174
 379.000       0.9309
 380.000       0.9252
 381.000       1.0120
 382.000       1.1595
 383.000       1.2030
 384.000       0.9370
 385.000       0.9890
 386.000       1.2322
 387.000       1.1958
 388.000       1.0267
 389.000       1.1219
 390.000       1.1143
 391.000       0.9106
 392.000       0.8534
 393.000       0.9427
 394.000       0.9146
 395.000       0.7506
 396.000       0.7040
 397.000       0.7840
 398.000       0.8041
 399.000       0.6816
 400.000       0.6165
 401.000       0.7042
 402.000       0.7630
 403.000       0.7066
 404.000       0.7463
 405.000       0.7923
 406.000       0.6715
 407.000       0.6017
 408.000       0.6462
 409.000       0.7218
 410.000       0.7236
 411.000       0.6142
 412.000       0.5841
 413.000       0.5903
 414.000       0.5851
 415.000       0.5606
 416.000       0.5945
 417.000       0.6342
 418.000       0.5819
 419.000       0.5742
 420.000       0.6207
 421.000       0.5932
 422.000       0.6580
 423.000       0.6775
 424.000       0.6986
 425.000       0.6232
 426.000       0.5551
 427.000       0.5230
 428.000       0.5719
 429.000       0.5583
 430.000       0.5637
 431.000       0.5416
 432.000       0.5453
 433.000       0.5121
 434.000       0.4814
 435.000       0.5239
 436.000       0.5503
 437.000       0.5680
 438.000       0.5920
 439.000       0.6286
 440.000       0.8094
 441.000       0.7753
 442.000       0.7452
 443.000       0.7403
 444.000       0.6495
 445.000       0.7481
 446.000       0.7035
 447.000       0.5928
 448.000       0.6477
 449.000       0.7279
 450.000       0.6947
 451.000       0.6777
 452.000       0.8222
 453.000       0.9504
 454.000       1.0039
 455.000       1.0997
 456.000       1.5826
 457.000       1.4668
 458.000       1.0409
 459.000       0.8708
 460.000       1.0878
 461.000       1.0990
 462.000       1.0228
 463.000       0.8625
 464.000       0.6822
 465.000       0.7194
 466.000       0.6835
 467.000       0.6220
 468.000       0.7121
 469.000       0.7652
 470.000       0.8271
 471.000       0.7411
 472.000       0.6274
 473.000       0.7519
 474.000       0.8870
 475.000       0.7553
 476.000       0.6692
 477.000       0.8295
 478.000       0.8099
 479.000       0.7234
 480.000       0.7782
 481.000       0.8270
 482.000       0.8404
 483.000       0.9029
 484.000       1.0727
 485.000       1.0929
 486.000       0.9714
 487.000       1.4562
 488.000       1.2004
 489.000       1.0398
 490.000       1.2383
 491.000       1.0533
 492.000       1.3885
 493.000       1.5299
 494.000       1.0676
 495.000       1.1334
 496.000       0.9413
 497.000       1.1112
 498.000       1.1054
 499.000       1.0099
 500.000       0.8385
 501.000       0.8167
 502.000       0.8474
 503.000       0.8198
 504.000       0.7105
 505.000       0.7358
 506.000       0.8197
 507.000       0.7428
 508.000       0.7549
 509.000       0.8736
 510.000       0.7427
 511.000       0.8829
 512.000       0.7131
 513.000       0.9212
 514.000       0.9077
 515.000       0.7025
 516.000       0.8178
 517.000       0.9916
 518.000       0.8844
 519.000       0.8576
 520.000       1.0641
 521.000       1.1387
 522.000       1.1228
 523.000       1.3064
 524.000       1.5832
 525.000       1.6022
 526.000       1.4679
 527.000       1.8896
 528.000       2.0556
 529.000       2.1459
 530.000       2.0281
 531.000       2.0019
 532.000       1.7587
 533.000       1.5187
 534.000       1.5946
 535.000       1.5468
 536.000       1.2922
 537.000       1.2508
 538.000       1.3682
 539.000       1.3391
 540.000       1.1663
 541.000       1.3273
 542.000       2.1530
 543.000       3.8692
 544.000       5.1470
