#Res        AtomicFlx
   1.000       3.9322
   2.000       2.5861
   3.000       2.9623
   4.000       1.5201
   5.000       1.6591
   6.000       1.6564
   7.000       1.7359
   8.000       1.7037
   9.000       1.3718
  10.000       1.2005
  11.000       1.0526
  12.000       1.2642
  13.000       0.8101
  14.000       0.7495
  15.000       0.7645
  16.000       0.6721
  17.000       0.7179
  18.000       0.7175
  19.000       0.7763
  20.000       0.6278
  21.000       0.8470
  22.000       0.7743
  23.000       0.7234
  24.000       1.2040
  25.000       1.4010
  26.000       1.4498
  27.000       0.6319
  28.000       0.7100
  29.000       1.1035
  30.000       0.8715
  31.000       0.7925
  32.000       1.2857
  33.000       1.7026
  34.000       0.8249
  35.000       1.0454
  36.000       0.9312
  37.000       0.8616
  38.000       0.9344
  39.000       0.7519
  40.000       1.0674
  41.000       1.5360
  42.000       0.7642
  43.000       0.6519
  44.000       1.8834
  45.000       0.9506
  46.000       0.7728
  47.000       0.8390
  48.000       1.2244
  49.000       1.4485
  50.000       1.1589
  51.000       0.7290
  52.000       0.8192
  53.000       0.8627
  54.000       1.1918
  55.000       0.9898
  56.000       0.7974
  57.000       1.2361
  58.000       1.0282
  59.000       1.0836
  60.000       0.7166
  61.000       1.0144
  62.000       0.7186
  63.000       0.9235
  64.000       1.8029
  65.000       1.3218
  66.000       1.0272
  67.000       1.3026
  68.000       0.7697
  69.000       0.8381
  70.000       1.1151
  71.000       0.7663
  72.000       1.0371
  73.000       1.1788
  74.000       3.3552
  75.000       2.7494
  76.000       1.3919
  77.000       1.5672
  78.000       1.4716
  79.000       1.3934
  80.000       1.1439
  81.000       0.5965
  82.000       0.7578
  83.000       0.5921
  84.000       1.2717
  85.000       0.5551
  86.000       0.8939
  87.000       0.9240
  88.000       0.7813
  89.000       1.0004
  90.000       0.6493
  91.000       0.6815
  92.000       0.6646
  93.000       0.9000
  94.000       0.6378
  95.000       0.9800
  96.000       1.0845
  97.000       1.1518
  98.000       0.9997
  99.000       0.8950
 100.000       0.7932
 101.000       0.7513
 102.000       0.6461
 103.000       0.9428
 104.000       0.6227
 105.000       0.7032
 106.000       1.0438
 107.000       1.0042
 108.000       0.6381
 109.000       0.9688
 110.000       0.6718
 111.000       0.6226
 112.000       0.8652
 113.000       0.8349
 114.000       1.4314
 115.000       0.9820
 116.000       0.7211
 117.000       0.7992
 118.000       0.8219
 119.000       0.8428
 120.000       1.3003
 121.000       1.2155
 122.000       2.2344
 123.000       2.2052
 124.000       2.7583
 125.000       3.0081
 126.000       1.9915
 127.000       3.2212
 128.000       3.0038
 129.000       2.3010
 130.000       1.4403
 131.000       2.4396
 132.000       2.6532
 133.000       1.8406
 134.000       2.2176
 135.000       2.7505
 136.000       2.8243
 137.000       2.8927
 138.000       2.6113
 139.000       3.3629
 140.000       4.0980
 141.000       3.8249
 142.000       2.5372
 143.000       2.0082
 144.000       2.0048
 145.000       1.4755
 146.000       1.8875
 147.000       2.2218
 148.000       2.1789
 149.000       1.3676
 150.000       1.8461
 151.000       2.1403
 152.000       2.1480
 153.000       2.2771
 154.000       3.1529
 155.000       2.6763
 156.000       3.2174
 157.000       3.4998
 158.000       3.4933
 159.000       3.4602
 160.000       3.2186
 161.000       3.2606
 162.000       2.5165
 163.000       1.7705
 164.000       1.3772
 165.000       1.0559
 166.000       1.1301
 167.000       1.6099
 168.000       1.3922
 169.000       0.9913
 170.000       1.7398
 171.000       2.0451
 172.000       1.6757
 173.000       1.7842
 174.000       1.5674
 175.000       1.9264
 176.000       1.9621
 177.000       1.3937
 178.000       0.9990
 179.000       1.5558
 180.000       1.6469
 181.000       1.5485
 182.000       1.3218
 183.000       1.5842
 184.000       1.7098
 185.000       1.1247
 186.000       1.9717
 187.000       1.6730
 188.000       2.1058
 189.000       1.5279
 190.000       1.0363
 191.000       1.2180
 192.000       1.1925
 193.000       0.7586
 194.000       0.6745
 195.000       0.8174
 196.000       0.7190
 197.000       0.9596
 198.000       0.8235
 199.000       0.7882
 200.000       1.0740
 201.000       1.0838
 202.000       0.9120
 203.000       1.1152
 204.000       1.2184
 205.000       1.3152
 206.000       1.3751
 207.000       1.5866
 208.000       2.5620
 209.000       1.2629
 210.000       2.5797
 211.000       3.8261
 212.000       2.5207
 213.000       1.8257
 214.000       1.0503
 215.000       1.9209
 216.000       1.3351
 217.000       1.1022
 218.000       2.0068
 219.000       1.4452
 220.000       1.1482
 221.000       1.1431
 222.000       1.0465
 223.000       1.1982
 224.000       0.6984
 225.000       0.9086
 226.000       0.8291
 227.000       0.7717
 228.000       0.7685
 229.000       0.7328
 230.000       1.1205
 231.000       0.9940
 232.000       1.1831
 233.000       1.1255
 234.000       1.5325
 235.000       0.8745
 236.000       1.1493
 237.000       1.1560
 238.000       1.0214
 239.000       1.3636
 240.000       0.8463
 241.000       0.8438
 242.000       1.9045
 243.000       1.1649
 244.000       0.6970
 245.000       0.9073
 246.000       1.2868
 247.000       1.2811
 248.000       0.7164
 249.000       0.9519
 250.000       0.9339
 251.000       1.0925
 252.000       1.6727
 253.000       2.1484
 254.000       1.8242
 255.000       1.1931
 256.000       1.4558
 257.000       1.8449
 258.000       1.4437
 259.000       1.0870
 260.000       1.5588
 261.000       0.8293
 262.000       1.0871
 263.000       0.7136
 264.000       0.9145
 265.000       0.6671
 266.000       0.6902
 267.000       0.7353
 268.000       0.6566
 269.000       0.7961
 270.000       0.6474
 271.000       0.9258
 272.000       0.6705
 273.000       1.0033
 274.000       0.6884
 275.000       1.0455
 276.000       0.9826
 277.000       0.7436
 278.000       0.6079
 279.000       0.6067
 280.000       1.0878
 281.000       0.8273
 282.000       0.7395
 283.000       1.0562
 284.000       0.7862
 285.000       0.8398
 286.000       1.5005
 287.000       1.1592
 288.000       1.8735
 289.000       1.6174
 290.000       2.0459
 291.000       1.6781
 292.000       1.7437
 293.000       1.3410
 294.000       1.4900
 295.000       1.8499
 296.000       0.9659
 297.000       0.8526
 298.000       0.8160
 299.000       0.9965
 300.000       0.7549
 301.000       0.7392
 302.000       0.9192
 303.000       0.6424
 304.000       0.6755
 305.000       0.9305
 306.000       0.6545
 307.000       0.6149
 308.000       0.5325
 309.000       0.7716
 310.000       0.9239
 311.000       0.6607
 312.000       0.5671
 313.000       1.0243
 314.000       0.7132
 315.000       0.7139
 316.000       0.9727
 317.000       0.6362
 318.000       0.9075
 319.000       1.0313
 320.000       0.6849
 321.000       0.8436
 322.000       1.1452
 323.000       0.8591
 324.000       1.1311
 325.000       1.6597
 326.000       1.4060
 327.000       1.0737
 328.000       1.1382
 329.000       1.2854
 330.000       1.0403
 331.000       0.9735
 332.000       2.1450
 333.000       1.1381
 334.000       1.0043
 335.000       1.3077
 336.000       2.0003
 337.000       1.5595
 338.000       1.1447
 339.000       0.8974
 340.000       1.2432
 341.000       1.2309
 342.000       1.4935
 343.000       0.9428
 344.000       0.7945
 345.000       0.9585
 346.000       0.7244
 347.000       0.9998
 348.000       0.7197
 349.000       0.7396
 350.000       0.8478
 351.000       1.2680
 352.000       0.9290
 353.000       1.1227
 354.000       1.2613
 355.000       0.6379
 356.000       0.6711
 357.000       1.2710
 358.000       0.7764
 359.000       0.6885
 360.000       0.9699
 361.000       1.0324
 362.000       0.6264
 363.000       0.6273
 364.000       0.9702
 365.000       0.7711
 366.000       1.0144
 367.000       0.6664
 368.000       0.8381
 369.000       0.8490
 370.000       0.6276
 371.000       0.9690
 372.000       0.7240
 373.000       0.7380
 374.000       0.7139
 375.000       0.8062
 376.000       0.7637
 377.000       1.1367
 378.000       1.2173
 379.000       0.9353
 380.000       0.6927
 381.000       1.1289
 382.000       0.8238
 383.000       0.9101
 384.000       0.8005
 385.000       0.8631
 386.000       0.9197
 387.000       1.2168
 388.000       1.1365
 389.000       1.5771
 390.000       1.8257
 391.000       2.4847
 392.000       2.6656
 393.000       2.2465
 394.000       1.3087
 395.000       1.9579
 396.000       1.9328
 397.000       1.3953
 398.000       1.4893
 399.000       1.2684
 400.000       1.6703
 401.000       0.9575
 402.000       0.8373
 403.000       1.0392
 404.000       0.7946
 405.000       0.9818
 406.000       0.8226
 407.000       0.9386
 408.000       0.8325
 409.000       0.7275
 410.000       1.1002
 411.000       1.1913
 412.000       1.0279
 413.000       0.7277
 414.000       1.0152
 415.000       0.8607
 416.000       0.9374
 417.000       0.8732
 418.000       0.8436
 419.000       1.2964
 420.000       0.8045
 421.000       0.7332
 422.000       1.1433
 423.000       0.8874
 424.000       0.8865
 425.000       1.0511
 426.000       1.2336
 427.000       1.0901
 428.000       1.0011
 429.000       0.9912
 430.000       1.1601
 431.000       0.8836
 432.000       0.8312
 433.000       0.9481
 434.000       0.9351
 435.000       1.3261
 436.000       0.7547
 437.000       0.9903
 438.000       0.8483
 439.000       0.9714
 440.000       0.7681
 441.000       0.7642
 442.000       0.9144
 443.000       0.9196
 444.000       1.1450
 445.000       0.9531
 446.000       0.9671
 447.000       0.8886
 448.000       1.1843
 449.000       1.2121
 450.000       1.3023
 451.000       1.3343
 452.000       1.7243
 453.000       1.0932
 454.000       1.8995
 455.000       2.2749
 456.000       1.3645
 457.000       1.2967
 458.000       1.4959
 459.000       1.6225
 460.000       1.4595
 461.000       1.6412
 462.000       1.5683
 463.000       2.1814
 464.000       1.6911
 465.000       1.8205
 466.000       1.6631
 467.000       1.9308
 468.000       1.4753
 469.000       1.5352
 470.000       1.6009
 471.000       1.7398
 472.000       1.5720
 473.000       1.3977
 474.000       1.6649
 475.000       1.4149
 476.000       0.9454
 477.000       0.9806
 478.000       1.6350
 479.000       1.5977
 480.000       0.9975
 481.000       1.0430
 482.000       1.0177
 483.000       0.8810
 484.000       0.9841
 485.000       1.0283
 486.000       1.8985
 487.000       1.0995
 488.000       0.8402
 489.000       0.9579
 490.000       0.9915
 491.000       1.2908
 492.000       0.9862
 493.000       1.1668
 494.000       1.4006
 495.000       1.4725
 496.000       1.2277
 497.000       1.9369
 498.000       1.3961
 499.000       1.4176
 500.000       1.4140
 501.000       1.7314
 502.000       2.4490
 503.000       2.6755
 504.000       2.7105
 505.000       2.0216
 506.000       1.2881
 507.000       1.1913
 508.000       1.2175
 509.000       1.2140
 510.000       1.0167
 511.000       1.1702
 512.000       1.0739
 513.000       1.1472
 514.000       0.9087
 515.000       1.8031
 516.000       1.2313
 517.000       1.2594
 518.000       1.0430
 519.000       1.4811
 520.000       0.9257
 521.000       0.8099
 522.000       1.1344
 523.000       1.2300
 524.000       0.7734
 525.000       0.8727
 526.000       0.8355
 527.000       1.3784
 528.000       1.2289
 529.000       1.1295
 530.000       1.8690
 531.000       1.6313
 532.000       1.8489
 533.000       2.1039
 534.000       2.2011
 535.000       2.1294
 536.000       2.4464
 537.000       3.4952
 538.000       3.3280
 539.000       3.8591
 540.000       3.6857
 541.000       3.3764
 542.000       3.5481
 543.000       3.5256
 544.000       2.8967
 545.000       2.8394
 546.000       3.1988
 547.000       2.4999
 548.000       2.2535
 549.000       2.7821
 550.000       3.4550
 551.000       5.0058
 552.000       6.9433
 553.000      50.2770
 554.000       1.3540
 555.000      51.0103
 556.000      51.7510
 557.000      52.3267
 558.000      50.1405
 559.000      51.2052
 560.000      50.6280
 561.000      51.5873
 562.000      52.5109
 563.000      51.3795
 564.000      50.3951
 565.000      51.4449
 566.000      50.4659
 567.000      50.9546
 568.000      49.3219
 569.000      51.2791
 570.000      50.2251
 571.000      52.1838
 572.000      51.2888
 573.000      50.8692
 574.000      51.9911
 575.000      51.9883
 576.000      50.7311
 577.000      50.0938
 578.000      50.4563
 579.000      50.8116
 580.000      52.1331
 581.000      52.5115
 582.000      52.0809
 583.000      49.6156
 584.000      51.6473
 585.000      50.9548
 586.000      50.6192
 587.000      51.2435
 588.000      51.9888
 589.000      50.5471
 590.000      52.2503
 591.000      51.9537
 592.000      51.8910
 593.000      51.5318
 594.000      50.5050
 595.000      51.6580
 596.000      51.4624
 597.000      51.4909
 598.000       0.7521
 599.000      52.4629
 600.000      52.6631
 601.000      51.8105
 602.000      52.6842
 603.000      52.7973
 604.000      53.5453
 605.000      53.2553
 606.000      51.8975
 607.000      52.0757
 608.000      53.0134
 609.000      52.6331
 610.000      53.4027
 611.000      53.1432
 612.000      53.3833
 613.000      52.1154
 614.000      53.0263
 615.000      53.0875
 616.000      53.0136
 617.000      52.3486
 618.000      52.6073
 619.000      52.6148
 620.000      52.9833
 621.000      52.9456
 622.000      53.2928
 623.000      53.1024
 624.000      52.6108
 625.000      53.0331
 626.000      52.6428
 627.000      52.7604
 628.000      53.2083
 629.000      52.9745
 630.000      52.7980
 631.000      52.3618
 632.000      52.7918
 633.000      52.6602
 634.000      52.5399
 635.000      53.0799
 636.000      52.8974
 637.000      52.6852
 638.000      52.2661
 639.000      52.5703
 640.000      52.2347
 641.000      52.5947
 642.000      52.8781
 643.000      53.0558
 644.000      52.3727
