#Res        AtomicFlx
   1.000       4.0065
   2.000       1.8357
   3.000       1.7028
   4.000       1.0757
   5.000       1.5058
   6.000       1.5690
   7.000       1.5691
   8.000       1.5456
   9.000       1.3425
  10.000       1.0205
  11.000       0.9899
  12.000       1.2922
  13.000       0.9050
  14.000       0.7546
  15.000       0.8656
  16.000       0.7830
  17.000       0.7382
  18.000       0.7565
  19.000       0.8012
  20.000       0.7003
  21.000       0.9931
  22.000       0.7927
  23.000       0.7077
  24.000       1.3266
  25.000       2.0129
  26.000       1.3012
  27.000       0.6859
  28.000       0.7407
  29.000       0.9430
  30.000       0.8635
  31.000       0.8859
  32.000       1.9782
  33.000       1.8599
  34.000       0.7778
  35.000       0.8467
  36.000       0.8009
  37.000       0.8773
  38.000       0.8950
  39.000       0.7189
  40.000       0.9455
  41.000       1.1819
  42.000       0.7084
  43.000       0.6454
  44.000       1.4382
  45.000       0.8565
  46.000       0.7007
  47.000       0.8244
  48.000       1.1652
  49.000       1.1790
  50.000       0.8808
  51.000       0.6355
  52.000       0.8020
  53.000       0.7544
  54.000       1.1367
  55.000       1.0023
  56.000       0.9053
  57.000       1.1608
  58.000       1.1516
  59.000       1.0965
  60.000       0.7971
  61.000       0.9145
  62.000       0.6852
  63.000       0.8498
  64.000       0.8521
  65.000       0.8884
  66.000       0.9208
  67.000       1.2398
  68.000       0.6863
  69.000       0.8232
  70.000       0.8654
  71.000       0.7794
  72.000       1.1020
  73.000       1.0004
  74.000       2.2796
  75.000       1.9948
  76.000       1.5288
  77.000       1.4660
  78.000       1.6289
  79.000       2.2314
  80.000       2.0718
  81.000       0.8088
  82.000       0.7509
  83.000       0.5695
  84.000       1.0435
  85.000       0.5563
  86.000       0.8882
  87.000       0.8914
  88.000       0.7113
  89.000       0.8828
  90.000       0.5338
  91.000       0.6558
  92.000       0.7182
  93.000       0.7608
  94.000       0.5907
  95.000       1.0121
  96.000       1.0317
  97.000       1.1132
  98.000       1.1109
  99.000       0.9059
 100.000       0.7676
 101.000       0.9471
 102.000       0.6800
 103.000       0.8562
 104.000       0.7047
 105.000       0.9704
 106.000       0.8108
 107.000       0.8875
 108.000       0.7029
 109.000       1.3587
 110.000       0.6738
 111.000       0.6579
 112.000       0.8915
 113.000       0.8841
 114.000       1.6095
 115.000       1.0972
 116.000       0.7478
 117.000       0.6924
 118.000       0.6901
 119.000       0.8294
 120.000       1.7361
 121.000       1.1483
 122.000       2.7379
 123.000       3.1823
 124.000       5.2025
 125.000       7.4066
 126.000       5.0668
 127.000       4.7218
 128.000       3.0657
 129.000       2.2663
 130.000       1.2010
 131.000       1.3062
 132.000       1.4975
 133.000       2.3008
 134.000       2.3927
 135.000       2.4882
 136.000       2.7155
 137.000       2.9443
 138.000       3.5726
 139.000       4.0997
 140.000       3.8372
 141.000       3.9748
 142.000       2.9978
 143.000       2.1078
 144.000       2.4134
 145.000       1.3256
 146.000       1.3539
 147.000       1.1668
 148.000       1.3706
 149.000       1.1944
 150.000       1.4232
 151.000       1.5831
 152.000       1.3676
 153.000       1.6098
 154.000       2.5609
 155.000       2.4270
 156.000       3.5468
 157.000       3.7990
 158.000       5.1167
 159.000       3.7630
 160.000       4.5813
 161.000       3.2264
 162.000       2.3916
 163.000       1.5893
 164.000       1.1160
 165.000       0.9004
 166.000       0.9190
 167.000       1.1507
 168.000       1.1315
 169.000       0.8478
 170.000       1.0523
 171.000       2.1700
 172.000       1.8311
 173.000       1.4109
 174.000       1.0886
 175.000       1.3341
 176.000       1.6852
 177.000       1.4355
 178.000       1.0703
 179.000       1.3337
 180.000       1.4619
 181.000       1.1048
 182.000       1.1954
 183.000       1.6648
 184.000       1.6793
 185.000       1.2490
 186.000       1.7618
 187.000       1.2507
 188.000       1.1991
 189.000       1.2044
 190.000       0.8584
 191.000       1.0879
 192.000       1.1111
 193.000       0.6716
 194.000       0.6557
 195.000       0.8628
 196.000       0.6687
 197.000       0.9123
 198.000       0.8596
 199.000       0.7646
 200.000       0.9571
 201.000       1.1025
 202.000       1.0216
 203.000       1.1406
 204.000       1.2853
 205.000       1.3196
 206.000       1.5732
 207.000       1.5782
 208.000       2.8716
 209.000       1.6296
 210.000       1.7771
 211.000       2.5422
 212.000       1.6899
 213.000       1.1817
 214.000       0.9763
 215.000       1.4750
 216.000       1.0489
 217.000       1.0476
 218.000       1.7261
 219.000       1.1838
 220.000       1.2619
 221.000       1.3607
 222.000       1.2004
 223.000       1.6764
 224.000       1.0612
 225.000       1.0316
 226.000       1.2268
 227.000       1.2405
 228.000       1.1304
 229.000       0.9965
 230.000       1.4222
 231.000       1.1777
 232.000       1.2850
 233.000       1.3040
 234.000       1.5641
 235.000       1.0335
 236.000       1.4436
 237.000       1.5531
 238.000       1.2747
 239.000       1.5756
 240.000       1.0189
 241.000       0.9085
 242.000       1.7583
 243.000       1.1759
 244.000       0.7672
 245.000       1.0450
 246.000       1.3018
 247.000       1.2051
 248.000       0.9828
 249.000       1.1666
 250.000       1.0012
 251.000       1.0669
 252.000       1.4679
 253.000       1.9443
 254.000       1.7022
 255.000       1.2349
 256.000       1.4715
 257.000       1.8270
 258.000       1.4113
 259.000       1.0043
 260.000       1.7771
 261.000       0.8284
 262.000       0.8465
 263.000       0.6979
 264.000       0.8869
 265.000       0.6600
 266.000       0.6577
 267.000       0.7054
 268.000       0.6525
 269.000       0.9401
 270.000       0.9239
 271.000       0.9255
 272.000       0.7306
 273.000       0.8912
 274.000       0.6280
 275.000       0.6760
 276.000       0.6727
 277.000       0.7750
 278.000       0.6646
 279.000       0.6408
 280.000       0.8953
 281.000       0.8430
 282.000       0.7639
 283.000       1.1389
 284.000       0.7566
 285.000       0.7937
 286.000       1.3180
 287.000       1.0443
 288.000       1.5087
 289.000       1.3026
 290.000       1.2209
 291.000       1.2820
 292.000       1.1375
 293.000       1.0926
 294.000       1.2881
 295.000       2.2560
 296.000       1.0246
 297.000       0.7294
 298.000       0.8204
 299.000       1.0936
 300.000       0.7833
 301.000       0.7712
 302.000       1.0177
 303.000       0.7263
 304.000       0.6530
 305.000       0.7812
 306.000       0.7252
 307.000       0.6661
 308.000       0.6201
 309.000       0.8446
 310.000       0.9942
 311.000       0.7516
 312.000       0.7659
 313.000       1.2271
 314.000       0.9580
 315.000       0.8801
 316.000       1.0551
 317.000       0.8616
 318.000       0.9693
 319.000       1.0097
 320.000       0.8742
 321.000       0.9213
 322.000       0.9847
 323.000       1.1189
 324.000       1.3297
 325.000       1.0947
 326.000       1.5402
 327.000       1.4271
 328.000       1.4953
 329.000       1.5890
 330.000       1.5537
 331.000       1.6357
 332.000       3.0351
 333.000       3.4727
 334.000       2.3087
 335.000       2.4387
 336.000       2.0217
 337.000       1.3360
 338.000       1.2427
 339.000       1.0589
 340.000       1.1833
 341.000       1.0123
 342.000       1.1761
 343.000       0.8842
 344.000       0.8429
 345.000       0.8099
 346.000       0.7349
 347.000       1.0106
 348.000       0.8381
 349.000       1.1553
 350.000       1.1127
 351.000       1.1259
 352.000       1.1189
 353.000       1.2962
 354.000       1.5985
 355.000       0.6771
 356.000       0.7388
 357.000       1.1840
 358.000       1.7173
 359.000       0.6760
 360.000       1.0554
 361.000       1.0217
 362.000       0.8343
 363.000       0.7098
 364.000       1.0957
 365.000       0.9867
 366.000       1.1695
 367.000       0.9068
 368.000       1.2380
 369.000       1.1223
 370.000       1.0461
 371.000       1.5061
 372.000       1.1203
 373.000       1.1159
 374.000       1.5566
 375.000       1.5874
 376.000       0.8573
 377.000       0.9766
 378.000       0.8801
 379.000       0.9663
 380.000       0.6148
 381.000       0.9614
 382.000       0.7882
 383.000       0.9503
 384.000       0.7967
 385.000       0.9629
 386.000       1.0209
 387.000       1.2761
 388.000       1.2245
 389.000       1.4410
 390.000       1.4154
 391.000       2.1889
 392.000       2.6340
 393.000       1.8018
 394.000       1.4549
 395.000       2.0781
 396.000       2.0826
 397.000       1.5203
 398.000       1.6300
 399.000       1.3811
 400.000       1.8526
 401.000       1.0474
 402.000       0.9283
 403.000       1.1702
 404.000       0.8689
 405.000       0.9269
 406.000       0.8112
 407.000       0.9560
 408.000       0.8184
 409.000       0.6750
 410.000       1.0498
 411.000       1.1523
 412.000       1.0329
 413.000       0.6559
 414.000       0.9272
 415.000       0.8317
 416.000       0.9013
 417.000       0.7700
 418.000       0.7773
 419.000       1.2295
 420.000       0.9309
 421.000       0.7670
 422.000       0.9542
 423.000       0.9024
 424.000       0.8460
 425.000       1.0276
 426.000       1.1959
 427.000       1.0275
 428.000       1.0557
 429.000       0.9086
 430.000       1.1450
 431.000       1.0296
 432.000       0.8608
 433.000       1.0251
 434.000       0.9411
 435.000       1.5391
 436.000       0.7416
 437.000       0.7809
 438.000       0.8470
 439.000       0.7657
 440.000       0.8654
 441.000       0.6359
 442.000       0.8611
 443.000       0.8272
 444.000       0.9758
 445.000       0.7040
 446.000       0.8466
 447.000       0.8328
 448.000       1.0014
 449.000       0.9956
 450.000       1.2484
 451.000       1.1154
 452.000       1.1334
 453.000       0.8047
 454.000       1.3259
 455.000       2.0007
 456.000       1.0395
 457.000       0.8954
 458.000       1.1578
 459.000       1.3568
 460.000       0.8852
 461.000       0.9676
 462.000       1.1710
 463.000       1.7655
 464.000       1.1651
 465.000       1.2692
 466.000       1.1239
 467.000       1.7915
 468.000       1.1674
 469.000       1.1932
 470.000       1.2655
 471.000       1.3603
 472.000       1.4870
 473.000       1.3405
 474.000       1.5328
 475.000       1.1536
 476.000       0.6965
 477.000       0.7962
 478.000       1.3089
 479.000       1.8586
 480.000       0.8764
 481.000       0.9023
 482.000       0.7988
 483.000       0.7259
 484.000       0.8794
 485.000       0.8456
 486.000       1.6151
 487.000       1.0731
 488.000       0.9162
 489.000       0.8896
 490.000       1.0222
 491.000       1.4907
 492.000       1.0106
 493.000       1.1246
 494.000       1.5304
 495.000       1.7133
 496.000       1.2602
 497.000       1.9107
 498.000       1.2151
 499.000       1.2492
 500.000       1.1659
 501.000       1.2359
 502.000       1.6853
 503.000       2.1624
 504.000       1.2216
 505.000       1.6674
 506.000       1.1277
 507.000       1.1887
 508.000       1.2057
 509.000       1.2084
 510.000       1.0273
 511.000       1.1510
 512.000       1.0540
 513.000       1.1404
 514.000       0.8935
 515.000       1.6807
 516.000       1.1876
 517.000       1.2909
 518.000       1.0001
 519.000       1.4465
 520.000       0.8141
 521.000       0.8479
 522.000       0.9738
 523.000       1.0634
 524.000       0.7154
 525.000       0.9241
 526.000       0.8739
 527.000       1.2907
 528.000       1.2500
 529.000       0.9972
 530.000       1.7117
 531.000       1.8169
 532.000       1.8961
 533.000       1.5575
 534.000       1.6433
 535.000       2.1460
 536.000       1.8177
 537.000       2.4989
 538.000       2.4070
 539.000       3.0845
 540.000       2.7606
 541.000       2.3772
 542.000       2.6483
 543.000       2.6754
 544.000       2.1361
 545.000       2.0980
 546.000       2.4625
 547.000       2.0569
 548.000       1.6717
 549.000       1.9805
 550.000       2.7394
 551.000       3.2660
 552.000       6.9664
 553.000      51.6415
 554.000       0.6155
 555.000      27.2433
 556.000      50.6571
 557.000      51.7781
 558.000      52.7254
 559.000      51.8384
 560.000      50.6242
 561.000      50.5607
 562.000      51.2817
 563.000      50.7629
 564.000      51.7842
 565.000      51.1932
 566.000      51.7296
 567.000      51.7162
 568.000      50.8251
 569.000      51.0148
 570.000      51.0311
 571.000      51.7048
 572.000      50.8371
 573.000      50.9811
 574.000      52.1471
 575.000      51.3387
 576.000      50.3041
 577.000      51.2107
 578.000      51.8153
 579.000      52.6522
 580.000      51.6453
 581.000      52.1908
 582.000      52.3026
 583.000      51.0899
 584.000      52.0610
 585.000      52.0442
 586.000      50.8328
 587.000      50.7611
 588.000      50.7151
 589.000      51.0229
 590.000      52.0369
 591.000      50.4565
 592.000      50.9315
 593.000      51.6090
 594.000      51.4513
 595.000      51.5874
 596.000      50.8014
 597.000      51.7253
 598.000       0.6841
 599.000      53.3035
 600.000      52.7375
 601.000      53.3395
 602.000      52.3799
 603.000      52.6145
 604.000      53.0720
 605.000      52.5566
 606.000      52.1331
 607.000      52.4903
 608.000      52.5671
 609.000      52.3290
 610.000      52.1771
 611.000      53.2139
 612.000      52.9116
 613.000      53.0044
 614.000      52.7257
 615.000      52.3984
 616.000      51.6709
 617.000      52.4364
 618.000      52.6710
 619.000      52.3959
 620.000      52.3189
 621.000      52.7185
 622.000      52.2675
 623.000      53.1031
 624.000      53.2029
 625.000      52.9755
 626.000      52.7891
 627.000      53.2688
 628.000      51.9697
 629.000      51.9981
 630.000      53.4121
 631.000      51.8243
 632.000      52.6162
 633.000      52.3059
 634.000      53.3160
 635.000      52.8263
 636.000      52.0255
 637.000      52.0315
 638.000      52.3627
 639.000      37.7694
 640.000      52.6888
 641.000      52.1716
 642.000      52.1516
 643.000      52.6609
 644.000      53.4225
