#Res        AtomicFlx
   1.000       5.0220
   2.000       2.5142
   3.000       1.7552
   4.000       1.0488
   5.000       1.4008
   6.000       1.5500
   7.000       1.4045
   8.000       1.4232
   9.000       1.3459
  10.000       0.8885
  11.000       0.8539
  12.000       1.1888
  13.000       0.7619
  14.000       0.6266
  15.000       0.7679
  16.000       0.6863
  17.000       0.7817
  18.000       0.7111
  19.000       0.7347
  20.000       0.6828
  21.000       0.9564
  22.000       0.7791
  23.000       0.7525
  24.000       1.2007
  25.000       1.6705
  26.000       1.6412
  27.000       0.7954
  28.000       0.8392
  29.000       1.0361
  30.000       0.9551
  31.000       0.8954
  32.000       1.1276
  33.000       1.7364
  34.000       1.0287
  35.000       1.0923
  36.000       0.9884
  37.000       1.0721
  38.000       1.2294
  39.000       0.9630
  40.000       1.1813
  41.000       1.6343
  42.000       0.9564
  43.000       0.7619
  44.000       1.8317
  45.000       1.0519
  46.000       0.8508
  47.000       0.8531
  48.000       1.1203
  49.000       1.2335
  50.000       1.0202
  51.000       0.6679
  52.000       0.7601
  53.000       0.7107
  54.000       1.0880
  55.000       0.9724
  56.000       0.8180
  57.000       1.0361
  58.000       1.1094
  59.000       1.0337
  60.000       0.6981
  61.000       0.9334
  62.000       0.6351
  63.000       0.8210
  64.000       1.1504
  65.000       0.9002
  66.000       0.9445
  67.000       1.2325
  68.000       0.7778
  69.000       1.0843
  70.000       1.2208
  71.000       0.8551
  72.000       1.0299
  73.000       1.0952
  74.000       2.2849
  75.000       1.7509
  76.000       1.1812
  77.000       1.3696
  78.000       1.2237
  79.000       1.2797
  80.000       1.1609
  81.000       0.7184
  82.000       0.8155
  83.000       0.6932
  84.000       1.0905
  85.000       0.7427
  86.000       1.2408
  87.000       1.4030
  88.000       0.8966
  89.000       1.1714
  90.000       1.1564
  91.000       1.0155
  92.000       1.0387
  93.000       1.2468
  94.000       1.0034
  95.000       1.3360
  96.000       1.4261
  97.000       1.4119
  98.000       1.2627
  99.000       1.2311
 100.000       1.1389
 101.000       1.0686
 102.000       1.0454
 103.000       0.9123
 104.000       0.6964
 105.000       0.8810
 106.000       0.9539
 107.000       0.9027
 108.000       0.7324
 109.000       1.0615
 110.000       0.7683
 111.000       0.7555
 112.000       1.0027
 113.000       1.0209
 114.000       1.6709
 115.000       1.2527
 116.000       0.9722
 117.000       0.9338
 118.000       0.8927
 119.000       1.0529
 120.000       1.6259
 121.000       1.2402
 122.000       3.1617
 123.000       3.0421
 124.000       3.2670
 125.000       3.9591
 126.000       3.8046
 127.000       2.3708
 128.000       2.8811
 129.000       2.1363
 130.000       1.3659
 131.000       1.5261
 132.000       2.1050
 133.000       3.2577
 134.000       4.0095
 135.000       2.9674
 136.000       3.7019
 137.000       4.4397
 138.000       4.2806
 139.000       3.7235
 140.000       4.7037
 141.000       4.0887
 142.000       3.4473
 143.000       2.9816
 144.000       3.0341
 145.000       3.0100
 146.000       2.7646
 147.000       3.5681
 148.000       4.7841
 149.000       6.1036
 150.000       7.3272
 151.000       7.3918
 152.000       8.2707
 153.000       8.0320
 154.000       7.6542
 155.000       7.5274
 156.000       6.0463
 157.000       5.6175
 158.000       5.2206
 159.000       4.0477
 160.000       4.1631
 161.000       3.2639
 162.000       1.9324
 163.000       1.3922
 164.000       0.9901
 165.000       0.8673
 166.000       0.9276
 167.000       1.1661
 168.000       1.2173
 169.000       0.8316
 170.000       1.0885
 171.000       1.7631
 172.000       1.2462
 173.000       1.3803
 174.000       1.2131
 175.000       1.4440
 176.000       1.3158
 177.000       1.6299
 178.000       1.6301
 179.000       1.7810
 180.000       1.8479
 181.000       1.7982
 182.000       1.4815
 183.000       1.6918
 184.000       1.6399
 185.000       1.2158
 186.000       1.8627
 187.000       1.4755
 188.000       1.9279
 189.000       1.4538
 190.000       1.0244
 191.000       1.1794
 192.000       1.1019
 193.000       0.7684
 194.000       0.7189
 195.000       0.8318
 196.000       0.7015
 197.000       0.8605
 198.000       0.8443
 199.000       0.8120
 200.000       0.9713
 201.000       1.0586
 202.000       0.9690
 203.000       0.8632
 204.000       1.0969
 205.000       1.2395
 206.000       1.1848
 207.000       1.3412
 208.000       2.0949
 209.000       1.1564
 210.000       1.7817
 211.000       2.2097
 212.000       1.1404
 213.000       1.0954
 214.000       1.0149
 215.000       1.6025
 216.000       1.0442
 217.000       1.0524
 218.000       1.8977
 219.000       1.2264
 220.000       1.1276
 221.000       1.0656
 222.000       0.9362
 223.000       1.3068
 224.000       0.7831
 225.000       0.7128
 226.000       0.9248
 227.000       0.9059
 228.000       1.0852
 229.000       0.8616
 230.000       1.1618
 231.000       1.0688
 232.000       1.2120
 233.000       1.0827
 234.000       1.2287
 235.000       0.9386
 236.000       1.2243
 237.000       1.2569
 238.000       1.1012
 239.000       1.4623
 240.000       1.0444
 241.000       1.0482
 242.000       1.9802
 243.000       1.4445
 244.000       0.9574
 245.000       1.1267
 246.000       1.5771
 247.000       1.1703
 248.000       0.8981
 249.000       1.2084
 250.000       1.1955
 251.000       1.2551
 252.000       1.5772
 253.000       2.3069
 254.000       1.8599
 255.000       1.5053
 256.000       1.5973
 257.000       1.8408
 258.000       1.5709
 259.000       1.1811
 260.000       1.8164
 261.000       1.0512
 262.000       1.1412
 263.000       0.8472
 264.000       1.0226
 265.000       0.8068
 266.000       0.7885
 267.000       0.8277
 268.000       0.6924
 269.000       0.9436
 270.000       0.7678
 271.000       1.6992
 272.000       0.6542
 273.000       0.9212
 274.000       0.8162
 275.000       1.1267
 276.000       1.2356
 277.000       1.4211
 278.000       0.8974
 279.000       0.7315
 280.000       1.0608
 281.000       0.8205
 282.000       0.7259
 283.000       1.0152
 284.000       0.7862
 285.000       0.8291
 286.000       1.2577
 287.000       1.0916
 288.000       1.5290
 289.000       1.2020
 290.000       1.4131
 291.000       1.3548
 292.000       1.2766
 293.000       1.1132
 294.000       1.3964
 295.000       1.7451
 296.000       0.8998
 297.000       0.7919
 298.000       0.7783
 299.000       0.9693
 300.000       0.7564
 301.000       0.6427
 302.000       0.9876
 303.000       0.7007
 304.000       0.6644
 305.000       0.9532
 306.000       0.7654
 307.000       0.6979
 308.000       0.6510
 309.000       0.8941
 310.000       1.0280
 311.000       0.7798
 312.000       0.7418
 313.000       1.2333
 314.000       0.9535
 315.000       0.8982
 316.000       1.0669
 317.000       0.8994
 318.000       1.0686
 319.000       1.0934
 320.000       0.8563
 321.000       0.9440
 322.000       1.3631
 323.000       1.0638
 324.000       1.2635
 325.000       1.8369
 326.000       1.5494
 327.000       1.3409
 328.000       1.4701
 329.000       1.4975
 330.000       1.1523
 331.000       1.1858
 332.000       2.2342
 333.000       1.2664
 334.000       1.0946
 335.000       1.3374
 336.000       1.6545
 337.000       1.4710
 338.000       1.2494
 339.000       0.9137
 340.000       1.2538
 341.000       0.9692
 342.000       0.8856
 343.000       0.8481
 344.000       0.9368
 345.000       1.3308
 346.000       1.0307
 347.000       1.1746
 348.000       0.9125
 349.000       1.1743
 350.000       1.1320
 351.000       1.2645
 352.000       1.0816
 353.000       0.9503
 354.000       1.1474
 355.000       0.9598
 356.000       0.8950
 357.000       1.3669
 358.000       1.0299
 359.000       0.9590
 360.000       1.1447
 361.000       1.0218
 362.000       0.7169
 363.000       0.6726
 364.000       1.0386
 365.000       0.8063
 366.000       1.0397
 367.000       0.8164
 368.000       0.9364
 369.000       0.9169
 370.000       0.7442
 371.000       1.1846
 372.000       0.9358
 373.000       1.0419
 374.000       0.8364
 375.000       0.8256
 376.000       0.8353
 377.000       1.0830
 378.000       1.1186
 379.000       1.1661
 380.000       0.7177
 381.000       1.0036
 382.000       1.0830
 383.000       1.0399
 384.000       1.2173
 385.000       1.9125
 386.000       1.6899
 387.000       2.0437
 388.000       1.5816
 389.000       1.6566
 390.000       1.9328
 391.000       2.3167
 392.000       2.3946
 393.000       1.9884
 394.000       1.6416
 395.000       2.4277
 396.000       2.1737
 397.000       1.6132
 398.000       1.7227
 399.000       1.2293
 400.000       1.9869
 401.000       0.9896
 402.000       0.9087
 403.000       0.9270
 404.000       0.7771
 405.000       0.8991
 406.000       0.7861
 407.000       0.8917
 408.000       0.8769
 409.000       0.7895
 410.000       1.0545
 411.000       1.2908
 412.000       1.3045
 413.000       0.8722
 414.000       1.1388
 415.000       1.0662
 416.000       1.1736
 417.000       1.2253
 418.000       1.0022
 419.000       1.4929
 420.000       1.0566
 421.000       0.9824
 422.000       1.3200
 423.000       1.0073
 424.000       1.0678
 425.000       1.3761
 426.000       1.5827
 427.000       1.5415
 428.000       1.4210
 429.000       1.7317
 430.000       2.7094
 431.000       1.7107
 432.000       1.5659
 433.000       1.8200
 434.000       1.4591
 435.000       1.7316
 436.000       1.1208
 437.000       1.2475
 438.000       1.1196
 439.000       1.1418
 440.000       1.2127
 441.000       0.9329
 442.000       1.1004
 443.000       1.2717
 444.000       1.2555
 445.000       1.0175
 446.000       1.0367
 447.000       0.9918
 448.000       1.1572
 449.000       1.1155
 450.000       1.3147
 451.000       1.2289
 452.000       1.2835
 453.000       0.9772
 454.000       1.3424
 455.000       2.2483
 456.000       1.1750
 457.000       1.0120
 458.000       1.2990
 459.000       1.5142
 460.000       1.1529
 461.000       0.9819
 462.000       1.3585
 463.000       1.9623
 464.000       1.1618
 465.000       1.3772
 466.000       1.3754
 467.000       1.8455
 468.000       1.2530
 469.000       1.1566
 470.000       1.1912
 471.000       1.3773
 472.000       1.3455
 473.000       1.2505
 474.000       1.5407
 475.000       1.3446
 476.000       0.8726
 477.000       0.9515
 478.000       1.7730
 479.000       2.0398
 480.000       1.0594
 481.000       1.1069
 482.000       1.1060
 483.000       1.0267
 484.000       1.0981
 485.000       1.0957
 486.000       2.0760
 487.000       1.2373
 488.000       1.0491
 489.000       1.1794
 490.000       1.2678
 491.000       1.4583
 492.000       1.2475
 493.000       1.3957
 494.000       1.5786
 495.000       1.8579
 496.000       1.9931
 497.000       2.3053
 498.000       1.7065
 499.000       1.5206
 500.000       1.7160
 501.000       2.4989
 502.000       2.7207
 503.000       3.1122
 504.000       3.0951
 505.000       2.2583
 506.000       1.3566
 507.000       1.3057
 508.000       1.3011
 509.000       1.2514
 510.000       1.0660
 511.000       1.2016
 512.000       1.1309
 513.000       1.2193
 514.000       0.9449
 515.000       1.9739
 516.000       1.2628
 517.000       1.3006
 518.000       1.2097
 519.000       1.8265
 520.000       0.9899
 521.000       0.9972
 522.000       1.3221
 523.000       1.5754
 524.000       1.0849
 525.000       1.0980
 526.000       1.2262
 527.000       1.8193
 528.000       1.2833
 529.000       1.1767
 530.000       2.0828
 531.000       2.4376
 532.000       1.7735
 533.000       1.7799
 534.000       1.9148
 535.000       2.1863
 536.000       1.8274
 537.000       2.4486
 538.000       2.4914
 539.000       3.3983
 540.000       3.4323
 541.000       3.2806
 542.000       3.6566
 543.000       3.0343
 544.000       2.4931
 545.000       2.8141
 546.000       3.1303
 547.000       2.1971
 548.000       2.1874
 549.000       3.1141
 550.000       4.2353
 551.000       4.4488
 552.000       6.3877
 553.000      52.8961
 554.000       1.1013
 555.000       1.2595
 556.000      52.8995
 557.000      52.6946
 558.000      50.5681
 559.000      52.3864
 560.000      53.2200
 561.000      50.6048
 562.000      52.4282
 563.000      49.6450
 564.000      51.8553
 565.000      49.7015
 566.000      51.5444
 567.000      51.1849
 568.000      50.6265
 569.000      51.7325
 570.000      51.6176
 571.000      51.0520
 572.000      50.4082
 573.000      51.6120
 574.000      51.3826
 575.000      52.4532
 576.000      52.2039
 577.000      52.0790
 578.000      52.5452
 579.000      50.9150
 580.000      51.7877
 581.000      49.0949
 582.000      46.6384
 583.000      50.6641
 584.000      51.8500
 585.000      51.2599
 586.000      52.0788
 587.000      51.3631
 588.000      51.1349
 589.000      51.0309
 590.000      51.4274
 591.000      50.7839
 592.000      51.9255
 593.000      51.7332
 594.000      52.3031
 595.000      52.2547
 596.000      51.0551
 597.000      51.2994
 598.000       0.7595
 599.000      51.4793
 600.000      53.0542
 601.000      52.5292
 602.000      52.7712
 603.000      52.7701
 604.000      52.2088
 605.000      52.2949
 606.000      52.6620
 607.000      52.5870
 608.000      52.6098
 609.000      52.2042
 610.000      52.2209
 611.000      52.5681
 612.000      53.1011
 613.000      53.0685
 614.000      51.6702
 615.000      52.5431
 616.000      53.1104
 617.000      52.7861
 618.000      52.7439
 619.000      52.4011
 620.000      52.4276
 621.000      53.1881
 622.000      52.4326
 623.000      52.8481
 624.000      53.0533
 625.000      52.4106
 626.000      52.1401
 627.000      53.4831
 628.000      52.1936
 629.000      38.6771
 630.000      52.4515
 631.000      52.3552
 632.000      52.5876
 633.000      52.2520
 634.000      52.7622
 635.000      52.6783
 636.000      52.7762
 637.000      52.0080
 638.000      52.5483
 639.000      52.0956
 640.000      53.1213
 641.000      52.6326
 642.000      52.8098
 643.000      52.9723
 644.000      52.4997
