#Res        AtomicFlx
   1.000       3.2759
   2.000       1.7695
   3.000       1.6325
   4.000       0.9086
   5.000       1.3686
   6.000       1.4213
   7.000       1.2306
   8.000       1.2948
   9.000       1.1108
  10.000       0.7512
  11.000       0.7560
  12.000       0.9848
  13.000       0.6384
  14.000       0.5813
  15.000       0.7328
  16.000       0.6195
  17.000       0.6218
  18.000       0.6876
  19.000       0.9026
  20.000       0.6741
  21.000       1.0780
  22.000       0.7764
  23.000       0.6653
  24.000       1.1624
  25.000       2.2316
  26.000       1.5273
  27.000       0.7443
  28.000       0.7563
  29.000       0.8663
  30.000       0.8616
  31.000       0.8275
  32.000       1.4774
  33.000       1.9263
  34.000       0.8612
  35.000       0.9217
  36.000       0.8905
  37.000       0.9340
  38.000       0.9693
  39.000       0.8077
  40.000       1.0647
  41.000       1.7246
  42.000       0.8232
  43.000       0.7473
  44.000       1.6857
  45.000       0.9883
  46.000       0.8052
  47.000       0.8679
  48.000       1.3292
  49.000       1.3284
  50.000       0.9966
  51.000       0.7487
  52.000       0.8691
  53.000       0.8224
  54.000       1.0222
  55.000       0.9945
  56.000       0.8907
  57.000       1.1188
  58.000       0.8858
  59.000       0.9139
  60.000       0.8212
  61.000       1.1345
  62.000       0.6887
  63.000       0.9478
  64.000       1.5236
  65.000       1.0911
  66.000       1.0981
  67.000       1.4284
  68.000       1.3310
  69.000       1.7661
  70.000       1.2586
  71.000       0.9510
  72.000       1.3576
  73.000       1.8547
  74.000       3.8078
  75.000       3.1332
  76.000       1.7044
  77.000       1.9872
  78.000       1.8610
  79.000       1.4388
  80.000       1.4338
  81.000       0.7249
  82.000       0.8666
  83.000       0.6799
  84.000       1.0624
  85.000       0.7466
  86.000       1.1644
  87.000       0.8506
  88.000       0.8573
  89.000       1.0926
  90.000       0.8534
  91.000       0.7899
  92.000       0.8062
  93.000       0.9242
  94.000       0.7069
  95.000       1.1244
  96.000       1.1151
  97.000       1.3494
  98.000       1.0974
  99.000       0.8474
 100.000       0.8368
 101.000       0.8851
 102.000       0.7204
 103.000       0.9526
 104.000       0.7032
 105.000       0.9345
 106.000       1.1757
 107.000       1.1207
 108.000       0.6938
 109.000       0.9670
 110.000       0.7974
 111.000       0.7652
 112.000       1.0249
 113.000       1.1713
 114.000       1.7933
 115.000       1.3942
 116.000       0.9645
 117.000       1.1047
 118.000       0.8920
 119.000       1.0778
 120.000       1.9098
 121.000       1.2855
 122.000       2.4420
 123.000       2.2356
 124.000       2.5956
 125.000       2.4482
 126.000       1.7794
 127.000       2.0408
 128.000       2.8329
 129.000       2.3244
 130.000       1.2371
 131.000       1.4090
 132.000       1.4623
 133.000       2.5153
 134.000       2.6450
 135.000       2.3522
 136.000       3.0378
 137.000       4.0655
 138.000       3.8811
 139.000       4.0499
 140.000       3.8588
 141.000       3.8190
 142.000       3.1106
 143.000       3.0141
 144.000       3.1323
 145.000       3.1427
 146.000       2.3254
 147.000       1.8844
 148.000       2.0107
 149.000       1.8545
 150.000       2.1596
 151.000       2.7948
 152.000       2.0029
 153.000       2.8709
 154.000       4.7672
 155.000       3.3523
 156.000       3.2395
 157.000       3.2279
 158.000       3.6436
 159.000       3.4663
 160.000       3.3982
 161.000       2.6711
 162.000       2.5570
 163.000       1.5687
 164.000       1.1064
 165.000       0.9926
 166.000       0.9929
 167.000       1.3061
 168.000       1.4561
 169.000       1.3289
 170.000       1.5234
 171.000       1.9810
 172.000       1.5103
 173.000       1.8304
 174.000       1.5705
 175.000       1.6234
 176.000       1.9462
 177.000       2.1049
 178.000       1.7278
 179.000       1.9359
 180.000       1.7435
 181.000       2.1051
 182.000       1.9565
 183.000       1.9166
 184.000       1.6431
 185.000       1.5043
 186.000       2.0312
 187.000       1.4750
 188.000       1.8575
 189.000       1.5089
 190.000       1.0685
 191.000       1.1718
 192.000       1.0132
 193.000       0.7878
 194.000       0.7356
 195.000       0.8350
 196.000       0.7301
 197.000       0.9126
 198.000       0.8648
 199.000       0.8012
 200.000       1.0226
 201.000       1.0929
 202.000       1.0514
 203.000       0.8347
 204.000       1.1914
 205.000       1.0590
 206.000       0.9806
 207.000       1.2719
 208.000       2.1123
 209.000       0.8753
 210.000       1.2668
 211.000       1.7237
 212.000       0.9808
 213.000       0.9927
 214.000       0.7890
 215.000       1.2386
 216.000       1.0993
 217.000       1.0566
 218.000       1.6354
 219.000       1.2716
 220.000       1.3280
 221.000       1.2849
 222.000       1.0566
 223.000       1.4106
 224.000       0.8608
 225.000       1.0791
 226.000       0.9761
 227.000       0.9407
 228.000       1.1368
 229.000       0.9379
 230.000       1.1984
 231.000       0.9534
 232.000       1.2706
 233.000       1.2618
 234.000       1.5534
 235.000       0.8795
 236.000       1.3987
 237.000       1.3171
 238.000       1.1124
 239.000       1.4896
 240.000       0.9459
 241.000       0.8665
 242.000       1.7848
 243.000       1.1221
 244.000       0.7210
 245.000       1.1752
 246.000       1.2783
 247.000       1.0126
 248.000       0.8361
 249.000       1.1474
 250.000       0.9733
 251.000       1.0842
 252.000       1.4669
 253.000       1.8181
 254.000       1.6193
 255.000       1.1368
 256.000       1.2500
 257.000       1.5459
 258.000       1.3731
 259.000       1.0130
 260.000       1.5476
 261.000       0.8695
 262.000       0.8832
 263.000       0.7230
 264.000       0.8161
 265.000       0.7224
 266.000       0.6875
 267.000       0.7211
 268.000       0.7133
 269.000       1.0338
 270.000       0.6998
 271.000       1.0367
 272.000       0.6312
 273.000       0.8872
 274.000       0.7703
 275.000       0.8989
 276.000       1.1647
 277.000       1.3114
 278.000       0.9862
 279.000       0.7398
 280.000       0.9152
 281.000       0.8381
 282.000       0.7696
 283.000       0.9519
 284.000       0.7016
 285.000       0.7184
 286.000       1.0385
 287.000       0.9293
 288.000       1.4531
 289.000       1.4061
 290.000       1.3277
 291.000       1.3132
 292.000       1.1452
 293.000       1.0660
 294.000       1.1785
 295.000       2.2008
 296.000       0.9527
 297.000       0.7503
 298.000       0.8407
 299.000       1.0444
 300.000       0.7180
 301.000       0.6719
 302.000       1.2479
 303.000       0.7030
 304.000       0.6498
 305.000       0.7130
 306.000       0.7570
 307.000       0.6843
 308.000       0.6352
 309.000       0.8081
 310.000       1.0067
 311.000       0.7171
 312.000       0.6583
 313.000       1.0444
 314.000       0.7822
 315.000       0.7590
 316.000       0.7614
 317.000       0.6498
 318.000       0.9433
 319.000       1.0382
 320.000       0.7913
 321.000       0.8954
 322.000       1.1972
 323.000       1.0962
 324.000       1.3315
 325.000       1.6080
 326.000       1.6753
 327.000       1.4860
 328.000       1.5004
 329.000       1.6219
 330.000       1.3235
 331.000       1.4508
 332.000       2.3963
 333.000       1.3467
 334.000       1.4912
 335.000       2.3157
 336.000       2.3438
 337.000       1.6142
 338.000       1.5290
 339.000       1.2565
 340.000       1.2966
 341.000       1.1392
 342.000       1.3167
 343.000       1.1406
 344.000       0.9484
 345.000       1.1586
 346.000       0.9082
 347.000       1.1360
 348.000       0.8207
 349.000       1.2978
 350.000       1.1418
 351.000       1.3094
 352.000       1.2416
 353.000       1.3907
 354.000       1.8807
 355.000       0.8471
 356.000       0.8414
 357.000       1.2856
 358.000       1.0085
 359.000       0.6804
 360.000       1.0141
 361.000       1.0383
 362.000       0.7437
 363.000       0.6479
 364.000       1.0155
 365.000       0.8299
 366.000       0.9924
 367.000       0.7060
 368.000       1.0396
 369.000       0.8776
 370.000       0.6085
 371.000       1.0138
 372.000       0.6556
 373.000       0.9068
 374.000       1.0695
 375.000       1.0708
 376.000       0.6862
 377.000       0.9302
 378.000       0.7985
 379.000       0.9311
 380.000       0.7385
 381.000       1.0954
 382.000       0.8171
 383.000       1.0361
 384.000       0.9330
 385.000       1.0607
 386.000       1.4773
 387.000       2.0448
 388.000       2.4628
 389.000       4.7189
 390.000       4.0961
 391.000       3.9098
 392.000       4.9199
 393.000       4.6302
 394.000       2.4402
 395.000       2.3044
 396.000       2.0797
 397.000       2.2680
 398.000       1.5295
 399.000       1.0856
 400.000       1.7010
 401.000       1.0769
 402.000       0.8037
 403.000       1.0605
 404.000       0.8846
 405.000       0.8789
 406.000       0.8015
 407.000       0.9515
 408.000       0.8601
 409.000       0.7581
 410.000       1.1073
 411.000       1.2023
 412.000       1.1341
 413.000       0.7932
 414.000       1.0398
 415.000       0.9285
 416.000       0.9860
 417.000       0.9542
 418.000       0.8724
 419.000       1.6434
 420.000       1.0184
 421.000       0.8361
 422.000       1.6509
 423.000       1.4584
 424.000       0.9755
 425.000       1.0959
 426.000       1.4589
 427.000       1.2554
 428.000       1.1575
 429.000       1.0065
 430.000       1.2577
 431.000       1.2424
 432.000       1.1002
 433.000       1.2285
 434.000       1.3702
 435.000       1.5385
 436.000       1.1082
 437.000       1.3222
 438.000       0.9776
 439.000       0.9702
 440.000       1.0158
 441.000       0.8489
 442.000       0.9985
 443.000       1.0877
 444.000       1.3305
 445.000       1.0351
 446.000       1.0173
 447.000       0.8934
 448.000       1.2524
 449.000       1.1781
 450.000       1.4648
 451.000       1.3193
 452.000       1.3536
 453.000       1.0990
 454.000       1.9549
 455.000       2.1628
 456.000       1.4515
 457.000       1.2726
 458.000       1.4081
 459.000       1.5929
 460.000       1.5023
 461.000       1.1888
 462.000       1.4017
 463.000       2.0931
 464.000       1.5779
 465.000       1.5994
 466.000       1.4453
 467.000       1.7785
 468.000       1.2355
 469.000       1.3689
 470.000       1.3793
 471.000       1.3848
 472.000       1.3133
 473.000       1.2756
 474.000       1.5054
 475.000       1.1773
 476.000       0.8492
 477.000       0.9722
 478.000       1.2411
 479.000       1.2080
 480.000       0.9952
 481.000       1.0071
 482.000       0.8894
 483.000       0.8712
 484.000       0.9583
 485.000       0.9489
 486.000       1.4300
 487.000       1.0137
 488.000       0.8550
 489.000       1.0023
 490.000       1.0975
 491.000       1.2111
 492.000       0.9863
 493.000       1.1425
 494.000       1.3814
 495.000       1.4325
 496.000       1.3760
 497.000       1.9503
 498.000       1.2944
 499.000       1.6965
 500.000       1.4889
 501.000       2.0000
 502.000       1.9591
 503.000       2.1666
 504.000       1.9534
 505.000       1.9243
 506.000       1.4203
 507.000       1.4806
 508.000       1.5145
 509.000       1.4392
 510.000       1.1503
 511.000       1.3723
 512.000       1.1999
 513.000       1.1539
 514.000       0.9093
 515.000       1.9180
 516.000       1.2634
 517.000       1.2163
 518.000       0.9764
 519.000       1.2952
 520.000       0.9419
 521.000       0.9661
 522.000       1.2122
 523.000       1.2031
 524.000       1.0394
 525.000       1.1211
 526.000       1.1689
 527.000       1.6856
 528.000       1.3032
 529.000       1.4654
 530.000       2.2907
 531.000       2.5889
 532.000       2.0941
 533.000       2.7114
 534.000       2.9579
 535.000       3.1590
 536.000       2.9909
 537.000       4.0922
 538.000       3.8995
 539.000       4.0951
 540.000       4.0482
 541.000       3.9936
 542.000       4.0158
 543.000       3.4178
 544.000       3.3924
 545.000       3.3245
 546.000       3.5025
 547.000       2.7952
 548.000       2.5035
 549.000       3.2097
 550.000       3.6119
 551.000       4.1371
 552.000       6.2449
 553.000      51.3400
 554.000       0.6019
 555.000       1.1970
 556.000      51.5649
 557.000      53.0079
 558.000      51.5289
 559.000      50.6336
 560.000      50.4910
 561.000      51.2245
 562.000      50.9937
 563.000      52.0231
 564.000      51.4681
 565.000      51.4119
 566.000      51.7976
 567.000      51.9640
 568.000      52.4111
 569.000      52.3053
 570.000      51.1609
 571.000      51.9218
 572.000      52.3569
 573.000      52.8317
 574.000      51.2980
 575.000      49.8970
 576.000      52.8849
 577.000      51.1664
 578.000      53.3507
 579.000      50.7856
 580.000      52.4154
 581.000      50.9621
 582.000      51.7011
 583.000      52.4490
 584.000      49.9757
 585.000      51.8132
 586.000      52.2041
 587.000      51.7283
 588.000      51.9955
 589.000      51.7221
 590.000      51.0982
 591.000      51.5879
 592.000      50.8349
 593.000      51.9382
 594.000      51.8171
 595.000      50.9623
 596.000      50.9088
 597.000      51.8216
 598.000       0.7375
 599.000      52.8106
 600.000      53.1596
 601.000      53.0532
 602.000      53.0649
 603.000      53.3685
 604.000      52.3455
 605.000      52.9313
 606.000      52.7873
 607.000      53.0921
 608.000      52.6520
 609.000      53.0318
 610.000      52.4739
 611.000      52.8808
 612.000      52.8173
 613.000      53.2514
 614.000      52.7265
 615.000      52.9263
 616.000      52.9665
 617.000      53.5617
 618.000      52.7082
 619.000       1.5779
 620.000      52.5120
 621.000      52.7874
 622.000      52.9929
 623.000      53.5238
 624.000      53.0827
 625.000      53.3714
 626.000      52.8285
 627.000      52.5020
 628.000      53.3867
 629.000      53.1203
 630.000      52.6820
 631.000      52.6435
 632.000      53.2629
 633.000      52.7191
 634.000      52.7751
 635.000      53.4062
 636.000      52.6810
 637.000      51.9110
 638.000      52.9507
 639.000      53.0361
 640.000      52.5751
 641.000      52.1953
 642.000      52.9932
 643.000      52.0524
 644.000      52.7828
