#Res        AtomicFlx
   1.000       5.5438
   2.000       3.3544
   3.000       3.8950
   4.000       3.8391
   5.000       2.0981
   6.000       1.2998
   7.000       0.9028
   8.000       1.3440
   9.000       1.7204
  10.000       1.4094
  11.000       1.2783
  12.000       0.9634
  13.000       0.6526
  14.000       0.9187
  15.000       1.0023
  16.000       0.6465
  17.000       0.7441
  18.000       0.6967
  19.000       0.6130
  20.000       0.5548
  21.000       0.6297
  22.000       0.7107
  23.000       0.8359
  24.000       1.0718
  25.000       0.7237
  26.000       0.6640
  27.000       1.1486
  28.000       1.2862
  29.000       1.3329
  30.000       0.8598
  31.000       1.0308
  32.000       1.3951
  33.000       1.1725
  34.000       1.1281
  35.000       1.7005
  36.000       1.6893
  37.000       1.2399
  38.000       1.7914
  39.000       1.3797
  40.000       1.3595
  41.000       1.5523
  42.000       1.1403
  43.000       1.3683
  44.000       1.5405
  45.000       0.9047
  46.000       0.7631
  47.000       0.9841
  48.000       1.0624
  49.000       0.8324
  50.000       0.7910
  51.000       1.2620
  52.000       1.2586
  53.000       0.7457
  54.000       0.6209
  55.000       0.7617
  56.000       0.6452
  57.000       0.9136
  58.000       0.6786
  59.000       0.6178
  60.000       0.8718
  61.000       0.7168
  62.000       0.9629
  63.000       0.6499
  64.000       0.7578
  65.000       0.6104
  66.000       0.8807
  67.000       1.4305
  68.000       1.4424
  69.000       1.2725
  70.000       0.9767
  71.000       0.6638
  72.000       0.7735
  73.000       0.7312
  74.000       0.7120
  75.000       1.0725
  76.000       0.6578
  77.000       1.3338
  78.000       1.5246
  79.000       1.0355
  80.000       0.9745
  81.000       0.9342
  82.000       1.0703
  83.000       1.0615
  84.000       0.8714
  85.000       0.6077
  86.000       0.7626
  87.000       0.5908
  88.000       0.9844
  89.000       0.6882
  90.000       1.0211
  91.000       0.7566
  92.000       0.9337
  93.000       1.1625
  94.000       0.6552
  95.000       1.1418
  96.000       1.0547
  97.000       1.0177
  98.000       0.6847
  99.000       0.8795
 100.000       1.0688
 101.000       1.2243
 102.000       0.7801
 103.000       0.7041
 104.000       0.8411
 105.000       0.6952
 106.000       0.6046
 107.000       0.6067
 108.000       0.5907
 109.000       0.7039
 110.000       0.9674
 111.000       0.5812
 112.000       0.6907
 113.000       1.1387
 114.000       0.6640
 115.000       0.7108
 116.000       1.4929
 117.000       1.2312
 118.000       1.6489
 119.000       1.7601
 120.000       0.9144
 121.000       0.8282
 122.000       0.8492
 123.000       1.4114
 124.000       1.1813
 125.000       1.0473
 126.000       1.7937
 127.000       1.2352
 128.000       1.3887
 129.000       1.0575
 130.000       1.0580
 131.000       1.1421
 132.000       1.2831
 133.000       1.4750
 134.000       1.0325
 135.000       1.4095
 136.000       1.7736
 137.000       2.3404
 138.000       2.7205
 139.000       2.5832
 140.000       4.3817
 141.000       4.2323
 142.000       5.5515
 143.000       5.3434
 144.000       4.9155
 145.000       6.2499
 146.000       3.4582
 147.000       3.3786
 148.000       2.5836
 149.000       1.5373
 150.000       1.2564
 151.000       0.9609
 152.000       0.7527
 153.000       0.7346
 154.000       1.1354
 155.000       0.9034
 156.000       0.7030
 157.000       0.8249
 158.000       0.9708
 159.000       1.4117
 160.000       1.4079
 161.000       1.2072
 162.000       1.1871
 163.000       1.3488
 164.000       1.4485
 165.000       2.2804
 166.000       1.6005
 167.000       1.1229
 168.000       2.4242
 169.000       1.2907
 170.000       1.5285
 171.000       1.8633
 172.000       2.1629
 173.000       1.6659
 174.000       1.2482
 175.000       1.0001
 176.000       1.4041
 177.000       1.1220
 178.000       1.9508
 179.000       1.4941
 180.000       1.0015
 181.000       0.7716
 182.000       1.1444
 183.000       0.6540
 184.000       0.8571
 185.000       1.2838
 186.000       1.1007
 187.000       0.8421
 188.000       1.0223
 189.000       0.7200
 190.000       0.9038
 191.000       0.8149
 192.000       0.9062
 193.000       1.3439
 194.000       0.8069
 195.000       1.2855
 196.000       1.6976
 197.000       1.3994
 198.000       0.8858
 199.000       1.3421
 200.000       1.8743
 201.000       0.9318
 202.000       0.9391
 203.000       0.8881
 204.000       1.6470
 205.000       0.9041
 206.000       1.0796
 207.000       1.0521
 208.000       0.8294
 209.000       0.8879
 210.000       0.9961
 211.000       0.8328
 212.000       1.7347
 213.000       0.7446
 214.000       1.0808
 215.000       0.9871
 216.000       0.8731
 217.000       1.0815
 218.000       0.8610
 219.000       0.8149
 220.000       0.8623
 221.000       1.0450
 222.000       0.9789
 223.000       0.9102
 224.000       0.8131
 225.000       0.9032
 226.000       0.9520
 227.000       1.2437
 228.000       1.0902
 229.000       0.8700
 230.000       0.9056
 231.000       1.6379
 232.000       1.9621
 233.000       0.9131
 234.000       1.1403
 235.000       1.3401
 236.000       1.6722
 237.000       1.3768
 238.000       1.4609
 239.000       1.8887
 240.000       1.3644
 241.000       1.3746
 242.000       2.3282
 243.000       1.7665
 244.000       1.4226
 245.000       1.5704
 246.000       1.5384
 247.000       1.4744
 248.000       1.2799
 249.000       0.9498
 250.000       1.2034
 251.000       0.9330
 252.000       0.9938
 253.000       0.9534
 254.000       0.7751
 255.000       0.6848
 256.000       0.6808
 257.000       0.6664
 258.000       0.7030
 259.000       0.6669
 260.000       1.0050
 261.000       0.5835
 262.000       0.7672
 263.000       0.5661
 264.000       0.5851
 265.000       0.5979
 266.000       0.9615
 267.000       0.5564
 268.000       0.6305
 269.000       0.7074
 270.000       0.7112
 271.000       0.6721
 272.000       0.9912
 273.000       0.7707
 274.000       0.8788
 275.000       1.0434
 276.000       0.7482
 277.000       1.6668
 278.000       1.5659
 279.000       1.2901
 280.000       1.1279
 281.000       0.8004
 282.000       0.7608
 283.000       0.7585
 284.000       1.5816
 285.000       0.8195
 286.000       0.6630
 287.000       0.8985
 288.000       0.9869
 289.000       0.5979
 290.000       0.6068
 291.000       0.8119
 292.000       0.7062
 293.000       0.5684
 294.000       0.6204
 295.000       1.1968
 296.000       0.6704
 297.000       0.6128
 298.000       1.3092
 299.000       0.8588
 300.000       0.7699
 301.000       0.6298
 302.000       1.4692
 303.000       0.8545
 304.000       0.7657
 305.000       1.1446
 306.000       0.7611
 307.000       1.2076
 308.000       1.2435
 309.000       0.8949
 310.000       1.1276
 311.000       1.3774
 312.000       1.2845
 313.000       1.6057
 314.000       1.8163
 315.000       2.3460
 316.000       2.6698
 317.000       3.7315
 318.000       1.9763
 319.000       1.3052
 320.000       1.5937
 321.000       2.4223
 322.000       1.5170
 323.000       1.7857
 324.000       2.6264
 325.000       1.9730
 326.000       2.0052
 327.000       1.8212
 328.000       1.2008
 329.000       1.1019
 330.000       1.0612
 331.000       1.0333
 332.000       0.9727
 333.000       0.8153
 334.000       0.9553
 335.000       1.0246
 336.000       0.6556
 337.000       1.0691
 338.000       0.7340
 339.000       1.0532
 340.000       0.8812
 341.000       1.1610
 342.000       1.1592
 343.000       1.0745
 344.000       0.9176
 345.000       0.8535
 346.000       0.9907
 347.000       1.1131
 348.000       1.0196
 349.000       0.6550
 350.000       0.7290
 351.000       0.8450
 352.000       0.6838
 353.000       0.6244
 354.000       0.7491
 355.000       0.8328
 356.000       1.0432
 357.000       0.8712
 358.000       0.7495
 359.000       0.9250
 360.000       0.6189
 361.000       0.9290
 362.000       0.5712
 363.000       0.5517
 364.000       0.7231
 365.000       1.0939
 366.000       0.6518
 367.000       0.5965
 368.000       1.1678
 369.000       0.9807
 370.000       0.6596
 371.000       0.8319
 372.000       0.8892
 373.000       0.9138
 374.000       0.7363
 375.000       0.8526
 376.000       1.0683
 377.000       1.0582
 378.000       1.3895
 379.000       1.8526
 380.000       1.6118
 381.000       3.2671
 382.000       2.9543
 383.000       2.3431
 384.000       2.4560
 385.000       3.4061
 386.000       3.3681
 387.000       1.4549
 388.000       1.4901
 389.000       1.8307
 390.000       1.1928
 391.000       1.0738
 392.000       1.0422
 393.000       0.9967
 394.000       1.0194
 395.000       0.8417
 396.000       1.0778
 397.000       1.0254
 398.000       1.0361
 399.000       1.1963
 400.000       1.7349
 401.000       1.0967
 402.000       1.1236
 403.000       1.4801
 404.000       1.1975
 405.000       0.7694
 406.000       1.0864
 407.000       0.7919
 408.000       1.1158
 409.000       0.9317
 410.000       0.7068
 411.000       0.8585
 412.000       0.9600
 413.000       0.7987
 414.000       0.8289
 415.000       1.1686
 416.000       1.1917
 417.000       1.0817
 418.000       1.0863
 419.000       1.1841
 420.000       1.8106
 421.000       1.3981
 422.000       1.3224
 423.000       0.7208
 424.000       0.8077
 425.000       0.6843
 426.000       0.8775
 427.000       0.7763
 428.000       0.8485
 429.000       0.7689
 430.000       0.6016
 431.000       0.7163
 432.000       0.9972
 433.000       0.6063
 434.000       0.6676
 435.000       0.7932
 436.000       0.7518
 437.000       0.9031
 438.000       0.8971
 439.000       1.8382
 440.000       1.3890
 441.000       1.1695
 442.000       0.7429
 443.000       0.8582
 444.000       0.9681
 445.000       1.3717
 446.000       1.0203
 447.000       0.7404
 448.000       1.9341
 449.000       0.9654
 450.000       0.8653
 451.000       1.3360
 452.000       1.4890
 453.000       1.3600
 454.000       1.1567
 455.000       1.0380
 456.000       1.3083
 457.000       1.0472
 458.000       0.8683
 459.000       0.9368
 460.000       2.1905
 461.000       1.1826
 462.000       0.8142
 463.000       0.9710
 464.000       1.2406
 465.000       0.7482
 466.000       0.6988
 467.000       0.9854
 468.000       0.8619
 469.000       0.9734
 470.000       0.7620
 471.000       0.7176
 472.000       1.1257
 473.000       0.6800
 474.000       0.7036
 475.000       0.8367
 476.000       1.3412
 477.000       0.7468
 478.000       1.1171
 479.000       1.0762
 480.000       0.9592
 481.000       1.8865
 482.000       1.8007
 483.000       1.8759
 484.000       1.3195
 485.000       1.4894
 486.000       1.8963
 487.000       2.2070
 488.000       2.3918
 489.000       2.8495
 490.000       1.9591
 491.000       2.2307
 492.000       2.7024
 493.000       1.7358
 494.000       2.4472
 495.000       1.7550
 496.000       2.1221
 497.000       2.5727
 498.000       1.9788
 499.000       1.6932
 500.000       1.8353
 501.000       1.5287
 502.000       1.2765
 503.000       1.0635
 504.000       1.6447
 505.000       1.0096
 506.000       1.3962
 507.000       1.4217
 508.000       1.4925
 509.000       1.5542
 510.000       1.3802
 511.000       1.6410
 512.000       1.6508
 513.000       1.1017
 514.000       0.9199
 515.000       0.9791
 516.000       1.1905
 517.000       0.9051
 518.000       1.0851
 519.000       1.2790
 520.000       1.3061
 521.000       1.3926
 522.000       1.7779
 523.000       1.9844
 524.000       1.9300
 525.000       1.7335
 526.000       2.1444
 527.000       2.2625
 528.000       2.5597
 529.000       2.7183
 530.000       2.9693
 531.000       2.4901
 532.000       2.0496
 533.000       2.0980
 534.000       2.1681
 535.000       2.2965
 536.000       1.6583
 537.000       2.0115
 538.000       1.9849
 539.000       2.1880
 540.000       2.9408
 541.000       4.3682
 542.000       6.0790
 543.000       3.5988
 544.000       0.7354
 545.000       0.5627
 546.000       0.5621
 547.000      54.0559
 548.000      56.2335
 549.000      54.7688
 550.000      54.3755
 551.000      54.8557
 552.000      54.0934
 553.000      52.8862
 554.000      53.4475
 555.000      55.0458
 556.000      55.2009
 557.000      54.9418
 558.000      54.9760
 559.000      54.6695
 560.000      54.3477
 561.000      54.0626
 562.000      54.5672
 563.000      55.4928
 564.000      54.2718
 565.000      54.4883
 566.000      42.6326
 567.000      54.8565
 568.000      55.4729
 569.000      54.6890
 570.000      54.1885
 571.000      54.0424
 572.000      54.5211
 573.000      55.3274
 574.000      53.8479
 575.000      53.2160
 576.000      54.9769
 577.000      54.7499
 578.000      55.3452
 579.000      53.7920
 580.000      55.3123
 581.000      55.1413
 582.000      55.0595
 583.000      54.2711
 584.000      55.0288
 585.000      55.9930
 586.000      54.7525
 587.000      53.5306
 588.000      54.9703
 589.000      54.2383
 590.000      55.0885
 591.000      54.8233
 592.000      53.5525
 593.000      56.0762
 594.000      54.2733
 595.000      55.7065
 596.000      54.2181
 597.000       0.6570
 598.000      55.6348
 599.000      54.7486
 600.000      55.1265
 601.000      54.7421
 602.000      54.7732
 603.000      54.4081
 604.000      54.5333
 605.000      54.1384
 606.000      54.7904
 607.000      55.0512
 608.000      54.0190
 609.000      54.3316
 610.000      54.5864
 611.000      54.6297
 612.000      54.7263
 613.000      54.8899
 614.000      54.0284
 615.000      54.7818
 616.000      55.2545
 617.000      54.7644
 618.000      54.7339
 619.000      54.4995
 620.000      55.6980
 621.000      54.8967
 622.000      55.0477
 623.000      54.8924
 624.000      55.2457
 625.000      56.0544
 626.000      54.9596
 627.000      54.8637
 628.000      55.6391
 629.000      54.7576
 630.000      55.1134
 631.000      54.1766
 632.000      54.5143
 633.000      54.1346
 634.000      54.7821
 635.000      54.7966
 636.000      54.5033
 637.000      55.1163
 638.000      54.5392
 639.000      54.5305
 640.000      54.0129
 641.000      55.4079
 642.000      55.4815
 643.000      53.9058
 644.000      55.5229
 645.000      54.3254
 646.000      54.6257
 647.000      54.9228
 648.000      53.9088
 649.000      54.1588
 650.000      54.7249
 651.000      55.3648
 652.000      54.1781
 653.000      54.0458
