#Res        AtomicFlx
   1.000      10.0567
   2.000       7.1055
   3.000       6.0092
   4.000       4.7750
   5.000       2.3512
   6.000       1.2834
   7.000       0.9320
   8.000       1.3520
   9.000       1.6696
  10.000       1.2783
  11.000       1.2579
  12.000       1.0594
  13.000       0.7313
  14.000       0.9552
  15.000       1.1717
  16.000       0.6948
  17.000       0.7459
  18.000       0.6747
  19.000       0.5289
  20.000       0.4908
  21.000       0.5593
  22.000       0.6400
  23.000       0.6229
  24.000       1.0466
  25.000       0.6228
  26.000       0.5364
  27.000       1.1891
  28.000       1.0596
  29.000       1.1603
  30.000       0.5544
  31.000       0.6187
  32.000       0.6764
  33.000       0.9299
  34.000       0.6209
  35.000       0.9390
  36.000       0.9452
  37.000       0.7619
  38.000       0.7708
  39.000       0.7221
  40.000       0.7617
  41.000       0.8199
  42.000       0.6320
  43.000       0.8002
  44.000       1.2786
  45.000       0.6685
  46.000       0.5479
  47.000       0.7602
  48.000       0.8877
  49.000       0.7000
  50.000       0.6628
  51.000       1.1758
  52.000       1.1430
  53.000       0.6483
  54.000       0.6357
  55.000       0.7629
  56.000       0.6017
  57.000       0.9224
  58.000       0.5756
  59.000       0.6200
  60.000       0.8790
  61.000       0.7180
  62.000       0.8277
  63.000       0.6523
  64.000       0.7500
  65.000       0.6473
  66.000       1.0758
  67.000       1.8325
  68.000       1.2854
  69.000       0.9294
  70.000       0.9337
  71.000       0.6869
  72.000       0.8932
  73.000       0.7271
  74.000       0.7657
  75.000       0.8227
  76.000       0.6416
  77.000       1.5441
  78.000       1.5557
  79.000       1.1949
  80.000       0.8840
  81.000       0.8700
  82.000       0.9612
  83.000       1.0821
  84.000       0.8215
  85.000       0.5635
  86.000       0.7198
  87.000       0.6216
  88.000       0.9587
  89.000       0.5998
  90.000       0.7200
  91.000       0.6727
  92.000       0.7346
  93.000       0.7520
  94.000       0.6007
  95.000       0.9769
  96.000       0.6351
  97.000       1.0143
  98.000       0.6181
  99.000       0.7376
 100.000       1.0082
 101.000       0.9124
 102.000       0.6365
 103.000       0.6372
 104.000       0.8071
 105.000       0.6813
 106.000       0.5852
 107.000       0.6585
 108.000       0.6046
 109.000       0.6602
 110.000       0.9658
 111.000       0.5511
 112.000       0.6993
 113.000       1.1470
 114.000       0.6294
 115.000       0.7661
 116.000       1.4958
 117.000       1.3968
 118.000       1.9472
 119.000       1.8887
 120.000       0.9594
 121.000       0.8795
 122.000       0.9588
 123.000       1.3542
 124.000       1.4121
 125.000       1.3991
 126.000       2.3398
 127.000       1.4167
 128.000       1.5502
 129.000       1.1712
 130.000       1.2109
 131.000       1.7852
 132.000       2.1173
 133.000       2.2683
 134.000       1.5295
 135.000       1.9145
 136.000       1.7156
 137.000       2.5168
 138.000       5.8715
 139.000       6.0696
 140.000       7.3345
 141.000       6.1814
 142.000       5.3502
 143.000       5.3721
 144.000       5.3133
 145.000       6.6473
 146.000       4.7461
 147.000       4.7264
 148.000       3.2529
 149.000       2.1888
 150.000       1.6694
 151.000       1.1507
 152.000       0.8625
 153.000       0.7546
 154.000       1.2413
 155.000       1.0253
 156.000       0.6779
 157.000       0.9184
 158.000       1.0272
 159.000       1.6384
 160.000       1.2176
 161.000       1.3745
 162.000       1.4802
 163.000       1.4740
 164.000       1.5364
 165.000       2.3550
 166.000       1.9243
 167.000       1.4378
 168.000       2.8963
 169.000       1.2981
 170.000       1.4659
 171.000       1.9122
 172.000       2.0199
 173.000       1.4333
 174.000       1.1047
 175.000       0.9685
 176.000       1.4219
 177.000       1.0935
 178.000       1.9439
 179.000       1.5043
 180.000       0.9454
 181.000       0.7896
 182.000       1.2243
 183.000       0.6138
 184.000       0.8024
 185.000       1.3091
 186.000       1.1384
 187.000       0.8518
 188.000       0.8052
 189.000       0.7671
 190.000       0.8333
 191.000       0.8033
 192.000       0.9114
 193.000       1.2553
 194.000       0.7097
 195.000       0.9770
 196.000       1.4397
 197.000       1.5123
 198.000       0.8862
 199.000       1.3176
 200.000       1.6465
 201.000       0.9096
 202.000       1.0074
 203.000       1.0037
 204.000       1.7972
 205.000       1.1540
 206.000       1.1692
 207.000       1.4365
 208.000       1.5659
 209.000       1.5565
 210.000       1.2313
 211.000       1.0136
 212.000       1.4611
 213.000       0.7467
 214.000       1.1000
 215.000       0.9620
 216.000       1.0955
 217.000       1.0310
 218.000       0.8017
 219.000       0.8149
 220.000       0.8965
 221.000       0.9653
 222.000       1.0113
 223.000       0.7997
 224.000       0.7543
 225.000       0.9206
 226.000       0.8958
 227.000       0.9850
 228.000       0.9301
 229.000       0.7688
 230.000       0.7877
 231.000       1.0466
 232.000       1.7125
 233.000       0.6219
 234.000       0.7951
 235.000       1.1430
 236.000       1.0293
 237.000       0.6138
 238.000       0.9432
 239.000       1.4579
 240.000       1.1328
 241.000       1.4154
 242.000       1.7767
 243.000       1.7181
 244.000       1.3024
 245.000       1.5519
 246.000       1.5186
 247.000       1.3932
 248.000       1.1195
 249.000       0.7771
 250.000       0.9505
 251.000       0.7601
 252.000       0.8940
 253.000       0.7939
 254.000       0.6240
 255.000       0.6109
 256.000       0.6049
 257.000       0.5308
 258.000       0.6181
 259.000       0.6022
 260.000       0.8976
 261.000       0.4541
 262.000       0.7006
 263.000       0.4942
 264.000       0.5339
 265.000       0.5391
 266.000       0.8570
 267.000       0.5532
 268.000       0.6242
 269.000       0.8093
 270.000       0.7911
 271.000       0.7119
 272.000       1.0337
 273.000       0.7704
 274.000       0.8820
 275.000       1.3403
 276.000       0.8589
 277.000       1.6474
 278.000       1.5446
 279.000       1.7848
 280.000       1.2784
 281.000       0.8895
 282.000       1.0451
 283.000       1.0682
 284.000       1.4726
 285.000       0.8317
 286.000       0.6828
 287.000       0.8855
 288.000       0.9016
 289.000       0.5758
 290.000       0.6011
 291.000       0.8038
 292.000       0.6509
 293.000       0.4813
 294.000       0.5350
 295.000       1.2102
 296.000       0.5694
 297.000       0.4857
 298.000       0.8941
 299.000       0.7693
 300.000       0.6760
 301.000       0.5532
 302.000       1.1904
 303.000       0.7829
 304.000       0.7341
 305.000       0.9385
 306.000       0.6230
 307.000       0.7337
 308.000       0.8939
 309.000       0.6182
 310.000       0.7664
 311.000       1.0311
 312.000       0.8042
 313.000       1.2684
 314.000       1.5159
 315.000       1.1127
 316.000       1.3405
 317.000       1.1800
 318.000       1.2338
 319.000       0.9083
 320.000       1.0136
 321.000       1.2623
 322.000       1.0222
 323.000       0.9461
 324.000       1.5998
 325.000       1.2574
 326.000       1.1223
 327.000       0.8291
 328.000       0.9799
 329.000       1.0382
 330.000       0.8051
 331.000       0.8938
 332.000       1.0167
 333.000       0.8221
 334.000       0.7926
 335.000       0.7476
 336.000       0.6867
 337.000       0.9005
 338.000       0.7448
 339.000       1.0702
 340.000       0.8421
 341.000       1.3095
 342.000       1.0501
 343.000       0.9941
 344.000       0.8835
 345.000       0.7257
 346.000       0.9164
 347.000       1.3850
 348.000       0.8241
 349.000       0.6386
 350.000       0.7171
 351.000       0.6825
 352.000       0.6380
 353.000       0.6366
 354.000       0.7316
 355.000       0.8380
 356.000       1.0416
 357.000       1.0095
 358.000       0.7595
 359.000       0.7787
 360.000       0.5421
 361.000       1.0552
 362.000       0.7208
 363.000       0.5721
 364.000       0.6205
 365.000       1.0232
 366.000       0.6086
 367.000       0.5786
 368.000       1.1426
 369.000       0.8086
 370.000       0.5882
 371.000       0.7853
 372.000       0.9611
 373.000       0.8162
 374.000       0.7670
 375.000       0.8805
 376.000       1.1714
 377.000       1.1897
 378.000       1.3772
 379.000       1.7454
 380.000       1.4064
 381.000       2.2200
 382.000       2.0679
 383.000       2.0573
 384.000       2.1741
 385.000       2.9466
 386.000       2.2969
 387.000       0.9777
 388.000       1.4062
 389.000       1.6852
 390.000       1.1824
 391.000       1.0600
 392.000       0.9534
 393.000       0.8237
 394.000       0.8443
 395.000       0.7700
 396.000       1.0047
 397.000       0.9216
 398.000       0.9284
 399.000       1.0322
 400.000       1.4440
 401.000       0.7570
 402.000       0.7652
 403.000       1.1451
 404.000       1.0254
 405.000       0.7378
 406.000       0.8944
 407.000       0.7728
 408.000       1.0853
 409.000       0.8034
 410.000       0.7350
 411.000       0.8735
 412.000       1.1345
 413.000       0.8252
 414.000       0.8937
 415.000       1.3768
 416.000       1.2111
 417.000       1.1419
 418.000       1.1424
 419.000       1.1714
 420.000       1.3619
 421.000       1.0487
 422.000       0.9775
 423.000       0.6850
 424.000       0.7387
 425.000       0.6801
 426.000       0.6654
 427.000       0.7378
 428.000       0.7189
 429.000       0.6347
 430.000       0.5834
 431.000       0.6974
 432.000       0.7766
 433.000       0.5452
 434.000       0.6631
 435.000       0.7793
 436.000       0.7084
 437.000       0.9750
 438.000       0.7826
 439.000       0.9781
 440.000       1.7298
 441.000       0.9981
 442.000       0.6782
 443.000       0.8066
 444.000       0.9297
 445.000       1.0238
 446.000       0.6935
 447.000       0.7487
 448.000       2.0037
 449.000       1.0521
 450.000       0.8391
 451.000       1.4212
 452.000       1.5810
 453.000       1.1631
 454.000       1.1904
 455.000       1.0475
 456.000       1.4343
 457.000       1.1742
 458.000       0.9422
 459.000       0.9001
 460.000       1.1583
 461.000       0.8994
 462.000       0.8080
 463.000       1.6269
 464.000       1.1478
 465.000       0.6945
 466.000       0.6699
 467.000       0.8259
 468.000       0.7272
 469.000       0.8686
 470.000       0.7984
 471.000       0.7042
 472.000       1.0883
 473.000       0.6078
 474.000       0.6859
 475.000       0.8792
 476.000       1.0473
 477.000       0.8005
 478.000       1.0685
 479.000       1.0426
 480.000       1.1092
 481.000       1.7074
 482.000       1.4902
 483.000       1.6559
 484.000       1.7452
 485.000       1.9498
 486.000       2.6134
 487.000       2.5277
 488.000       1.5920
 489.000       2.7645
 490.000       2.4222
 491.000       2.2156
 492.000       2.5479
 493.000       1.4846
 494.000       2.0940
 495.000       1.4727
 496.000       1.6731
 497.000       2.1861
 498.000       2.4086
 499.000       1.2937
 500.000       1.4912
 501.000       1.6200
 502.000       1.5016
 503.000       0.9642
 504.000       1.6061
 505.000       1.1445
 506.000       1.2310
 507.000       0.7506
 508.000       1.0837
 509.000       0.7207
 510.000       0.6251
 511.000       1.0647
 512.000       1.3322
 513.000       0.8733
 514.000       0.7667
 515.000       0.8207
 516.000       0.9017
 517.000       0.7633
 518.000       0.9791
 519.000       1.0963
 520.000       1.0914
 521.000       1.1771
 522.000       1.6050
 523.000       1.6911
 524.000       1.6576
 525.000       1.7319
 526.000       2.2638
 527.000       2.1219
 528.000       2.1946
 529.000       2.6687
 530.000       2.7130
 531.000       2.0419
 532.000       1.6767
 533.000       2.1352
 534.000       2.4260
 535.000       2.6669
 536.000       2.0802
 537.000       3.3610
 538.000       4.0744
 539.000       5.0040
 540.000       5.8855
 541.000       8.0149
 542.000       9.7440
 543.000       3.7551
 544.000       0.5985
 545.000       0.4314
 546.000       0.6390
 547.000      54.3423
 548.000      53.7944
 549.000      54.7451
 550.000      53.1214
 551.000      53.9775
 552.000      55.2820
 553.000      55.3437
 554.000      54.9201
 555.000      55.6565
 556.000      54.0801
 557.000      53.6113
 558.000      54.6898
 559.000      54.6291
 560.000      54.6655
 561.000      54.8737
 562.000      54.6094
 563.000      52.8687
 564.000      54.7680
 565.000      55.2426
 566.000      54.4108
 567.000      54.4258
 568.000      54.1229
 569.000      54.4499
 570.000      55.4277
 571.000      54.4413
 572.000      54.6995
 573.000      54.3321
 574.000      54.2704
 575.000      52.0349
 576.000      54.9587
 577.000      53.8393
 578.000      53.9592
 579.000      54.1929
 580.000      53.1778
 581.000      55.3298
 582.000      55.3467
 583.000      51.3237
 584.000      54.2712
 585.000      54.3980
 586.000      54.0204
 587.000      53.9987
 588.000      54.7611
 589.000      52.6255
 590.000      55.0983
 591.000      55.0402
 592.000      52.6673
 593.000      53.9577
 594.000      53.8997
 595.000      54.4177
 596.000      54.6700
 597.000       0.5073
 598.000      54.7218
 599.000      54.8465
 600.000      53.4604
 601.000      54.6915
 602.000      54.3228
 603.000      53.9918
 604.000      55.1377
 605.000      53.9864
 606.000      54.2193
 607.000      54.5859
 608.000      54.2676
 609.000      54.3936
 610.000      54.4382
 611.000      54.8509
 612.000      54.4531
 613.000      54.7425
 614.000      54.4881
 615.000      55.4269
 616.000      53.4153
 617.000      54.9070
 618.000      54.0429
 619.000      55.0444
 620.000      54.5411
 621.000      55.0959
 622.000      54.3788
 623.000      54.2861
 624.000      55.1374
 625.000      54.6323
 626.000      54.1679
 627.000      54.5089
 628.000      54.4965
 629.000      54.4137
 630.000      55.1457
 631.000      54.3811
 632.000      55.1920
 633.000      51.1751
 634.000      53.8770
 635.000      55.2122
 636.000      54.1207
 637.000      54.4900
 638.000      55.3963
 639.000      54.9296
 640.000      54.5196
 641.000      54.6541
 642.000      54.6115
 643.000      54.1121
 644.000      54.9534
 645.000      54.9972
 646.000      54.5043
 647.000      55.1907
 648.000      54.2672
 649.000      54.5754
 650.000      54.3307
 651.000      55.1987
 652.000      54.7351
 653.000      53.9529
