#Res        AtomicFlx
   1.000       4.8235
   2.000       3.5837
   3.000       4.2268
   4.000       2.2080
   5.000       1.6041
   6.000       1.0072
   7.000       0.8026
   8.000       1.2863
   9.000       1.5891
  10.000       1.4119
  11.000       1.1761
  12.000       0.8915
  13.000       0.6310
  14.000       0.9096
  15.000       0.8832
  16.000       0.6111
  17.000       0.8559
  18.000       0.7090
  19.000       0.5402
  20.000       0.4898
  21.000       0.5694
  22.000       0.6265
  23.000       0.7529
  24.000       0.8925
  25.000       0.6139
  26.000       0.5465
  27.000       1.0916
  28.000       1.0709
  29.000       1.0299
  30.000       0.5833
  31.000       0.6807
  32.000       0.8012
  33.000       0.9536
  34.000       0.6287
  35.000       0.8559
  36.000       1.0334
  37.000       0.7696
  38.000       0.7957
  39.000       0.6874
  40.000       0.7521
  41.000       0.8341
  42.000       0.6429
  43.000       0.9101
  44.000       1.2767
  45.000       0.6021
  46.000       0.5325
  47.000       0.7441
  48.000       0.8501
  49.000       0.6382
  50.000       0.6200
  51.000       1.0485
  52.000       1.1197
  53.000       0.6157
  54.000       0.5329
  55.000       0.6964
  56.000       0.6020
  57.000       0.9222
  58.000       0.8093
  59.000       0.5772
  60.000       0.8227
  61.000       0.6516
  62.000       0.9138
  63.000       0.5802
  64.000       0.7038
  65.000       0.5426
  66.000       0.7756
  67.000       1.7850
  68.000       1.4942
  69.000       0.7035
  70.000       1.0094
  71.000       0.6269
  72.000       0.8350
  73.000       0.6787
  74.000       0.7160
  75.000       1.1490
  76.000       0.9595
  77.000       1.2986
  78.000       1.6678
  79.000       1.2236
  80.000       0.9127
  81.000       0.9023
  82.000       1.0165
  83.000       1.2821
  84.000       0.8191
  85.000       0.5999
  86.000       0.7755
  87.000       0.5230
  88.000       0.8648
  89.000       0.6159
  90.000       1.0232
  91.000       0.6074
  92.000       0.8264
  93.000       0.8452
  94.000       0.6394
  95.000       1.3206
  96.000       0.7390
  97.000       0.9661
  98.000       0.7063
  99.000       0.6809
 100.000       1.1395
 101.000       1.1030
 102.000       0.7478
 103.000       0.6926
 104.000       0.9659
 105.000       0.7003
 106.000       0.6417
 107.000       0.6567
 108.000       0.6545
 109.000       0.7317
 110.000       0.9899
 111.000       0.6350
 112.000       0.8280
 113.000       0.9605
 114.000       0.7440
 115.000       0.8236
 116.000       1.5336
 117.000       1.6153
 118.000       2.2110
 119.000       2.2151
 120.000       1.1185
 121.000       0.9716
 122.000       1.0205
 123.000       1.7338
 124.000       1.3018
 125.000       1.2076
 126.000       1.7359
 127.000       1.2672
 128.000       1.4812
 129.000       1.2402
 130.000       1.0571
 131.000       1.7008
 132.000       1.8351
 133.000       2.0216
 134.000       1.7810
 135.000       2.5970
 136.000       3.1934
 137.000       5.6705
 138.000       4.7568
 139.000       6.0724
 140.000       7.2247
 141.000       6.4564
 142.000       6.8579
 143.000       5.7958
 144.000       5.3860
 145.000       2.7984
 146.000       2.7161
 147.000       3.4273
 148.000       3.5428
 149.000       2.0779
 150.000       1.7783
 151.000       0.9960
 152.000       0.9960
 153.000       0.8365
 154.000       1.0635
 155.000       1.0085
 156.000       0.8066
 157.000       0.9071
 158.000       0.9881
 159.000       1.7163
 160.000       1.2789
 161.000       1.0926
 162.000       1.2313
 163.000       1.6383
 164.000       1.5086
 165.000       1.9749
 166.000       3.0136
 167.000       1.3686
 168.000       2.4292
 169.000       1.1178
 170.000       1.5381
 171.000       1.8086
 172.000       1.5562
 173.000       1.4684
 174.000       1.0648
 175.000       1.1325
 176.000       1.4808
 177.000       1.2820
 178.000       1.7003
 179.000       1.4173
 180.000       1.0344
 181.000       0.8718
 182.000       1.0806
 183.000       0.6961
 184.000       0.8341
 185.000       1.3398
 186.000       1.1623
 187.000       0.8620
 188.000       1.0109
 189.000       0.8138
 190.000       0.8052
 191.000       0.7379
 192.000       0.9158
 193.000       1.3209
 194.000       0.7503
 195.000       1.1093
 196.000       1.1180
 197.000       1.2367
 198.000       0.7185
 199.000       1.0171
 200.000       1.4146
 201.000       0.8134
 202.000       0.7854
 203.000       0.7557
 204.000       1.6038
 205.000       0.8248
 206.000       0.9807
 207.000       1.2401
 208.000       0.8215
 209.000       0.7634
 210.000       0.9622
 211.000       0.8931
 212.000       1.6756
 213.000       0.7009
 214.000       1.0171
 215.000       0.8979
 216.000       0.8142
 217.000       1.0177
 218.000       0.7679
 219.000       0.7715
 220.000       0.7757
 221.000       0.9067
 222.000       0.8744
 223.000       0.8422
 224.000       0.8039
 225.000       0.9185
 226.000       0.9194
 227.000       1.0260
 228.000       1.0904
 229.000       0.8631
 230.000       0.8613
 231.000       1.1818
 232.000       2.0316
 233.000       0.7325
 234.000       0.9814
 235.000       1.2674
 236.000       1.0440
 237.000       0.6361
 238.000       1.0517
 239.000       1.5564
 240.000       1.0905
 241.000       1.4939
 242.000       1.3101
 243.000       1.5204
 244.000       1.1143
 245.000       1.3784
 246.000       1.3837
 247.000       1.3390
 248.000       1.2323
 249.000       0.7599
 250.000       0.9845
 251.000       0.8718
 252.000       0.8689
 253.000       0.7696
 254.000       0.5700
 255.000       0.5580
 256.000       0.5670
 257.000       0.5130
 258.000       0.5671
 259.000       0.5236
 260.000       0.9918
 261.000       0.4494
 262.000       0.6035
 263.000       0.4642
 264.000       0.5274
 265.000       0.5209
 266.000       0.6499
 267.000       0.5158
 268.000       0.6119
 269.000       0.6503
 270.000       0.6417
 271.000       0.6139
 272.000       0.9457
 273.000       0.6339
 274.000       0.8083
 275.000       0.9058
 276.000       0.6218
 277.000       1.2656
 278.000       1.6225
 279.000       1.4680
 280.000       0.9918
 281.000       0.9276
 282.000       0.9157
 283.000       0.7717
 284.000       1.5042
 285.000       0.7764
 286.000       0.6092
 287.000       0.8729
 288.000       0.9345
 289.000       0.5826
 290.000       0.5678
 291.000       0.8869
 292.000       0.6945
 293.000       0.5103
 294.000       0.5499
 295.000       1.2759
 296.000       0.6243
 297.000       0.5143
 298.000       1.2220
 299.000       0.7715
 300.000       0.7527
 301.000       0.6228
 302.000       1.3583
 303.000       0.7701
 304.000       0.7558
 305.000       0.9654
 306.000       0.6773
 307.000       0.8946
 308.000       0.8845
 309.000       0.7450
 310.000       1.0769
 311.000       1.1637
 312.000       1.0377
 313.000       1.4641
 314.000       1.7095
 315.000       1.7491
 316.000       1.2701
 317.000       1.8804
 318.000       1.4717
 319.000       1.1500
 320.000       1.0702
 321.000       1.5033
 322.000       0.9541
 323.000       1.0598
 324.000       2.3032
 325.000       1.3599
 326.000       1.3716
 327.000       1.0747
 328.000       1.0140
 329.000       1.0064
 330.000       1.0990
 331.000       1.0645
 332.000       0.9889
 333.000       0.8546
 334.000       0.8742
 335.000       1.1120
 336.000       0.8264
 337.000       1.0998
 338.000       0.9018
 339.000       1.3222
 340.000       1.2232
 341.000       1.5566
 342.000       1.2902
 343.000       1.2536
 344.000       1.1214
 345.000       0.9635
 346.000       1.0737
 347.000       1.2684
 348.000       1.1010
 349.000       0.7923
 350.000       0.8806
 351.000       0.7898
 352.000       0.7448
 353.000       0.6915
 354.000       0.8639
 355.000       0.8698
 356.000       0.9801
 357.000       0.7903
 358.000       0.9125
 359.000       0.8703
 360.000       0.5271
 361.000       0.8782
 362.000       0.6411
 363.000       0.5827
 364.000       0.6141
 365.000       0.6092
 366.000       0.5761
 367.000       0.5295
 368.000       0.7147
 369.000       0.8357
 370.000       0.5561
 371.000       0.6724
 372.000       0.6785
 373.000       0.7034
 374.000       0.6433
 375.000       0.7293
 376.000       0.9919
 377.000       1.0016
 378.000       0.9777
 379.000       0.9378
 380.000       1.3086
 381.000       2.4830
 382.000       1.9138
 383.000       1.4412
 384.000       1.3668
 385.000       2.1705
 386.000       2.3091
 387.000       1.3987
 388.000       1.3017
 389.000       1.3607
 390.000       1.1482
 391.000       0.9332
 392.000       0.9225
 393.000       0.7428
 394.000       0.7727
 395.000       1.0030
 396.000       1.0122
 397.000       0.8300
 398.000       0.8568
 399.000       1.2647
 400.000       1.8597
 401.000       0.8804
 402.000       0.8832
 403.000       1.4254
 404.000       1.1349
 405.000       0.8132
 406.000       1.3420
 407.000       1.1468
 408.000       1.1979
 409.000       0.8931
 410.000       0.8954
 411.000       0.9764
 412.000       1.0024
 413.000       0.9710
 414.000       1.0224
 415.000       1.3011
 416.000       1.2850
 417.000       1.1208
 418.000       1.1302
 419.000       1.3897
 420.000       1.6838
 421.000       1.1398
 422.000       1.0056
 423.000       0.7581
 424.000       0.8350
 425.000       0.8116
 426.000       1.0447
 427.000       1.0303
 428.000       0.8030
 429.000       1.0572
 430.000       0.7236
 431.000       0.8182
 432.000       1.1220
 433.000       0.8823
 434.000       0.7859
 435.000       0.9914
 436.000       1.0624
 437.000       1.0694
 438.000       1.0443
 439.000       1.5095
 440.000       2.0381
 441.000       1.7987
 442.000       1.3133
 443.000       1.5013
 444.000       1.7527
 445.000       1.7446
 446.000       1.2194
 447.000       1.1784
 448.000       2.4540
 449.000       1.4338
 450.000       1.4341
 451.000       1.8280
 452.000       2.0597
 453.000       3.0189
 454.000       2.6307
 455.000       1.5951
 456.000       2.2012
 457.000       1.6037
 458.000       1.2408
 459.000       1.0809
 460.000       2.0114
 461.000       1.1909
 462.000       0.8302
 463.000       1.2978
 464.000       1.3669
 465.000       0.7458
 466.000       0.6909
 467.000       1.0297
 468.000       0.9116
 469.000       0.9031
 470.000       0.7583
 471.000       0.7301
 472.000       1.0661
 473.000       0.6096
 474.000       0.6987
 475.000       0.9255
 476.000       1.0085
 477.000       0.7187
 478.000       1.1286
 479.000       1.1060
 480.000       1.1009
 481.000       2.0961
 482.000       1.7232
 483.000       1.9584
 484.000       1.9238
 485.000       2.4700
 486.000       3.2240
 487.000       2.2602
 488.000       1.8570
 489.000       2.6153
 490.000       1.7221
 491.000       2.0868
 492.000       1.9480
 493.000       1.1893
 494.000       1.9929
 495.000       1.1589
 496.000       1.4560
 497.000       2.1728
 498.000       1.6606
 499.000       1.4477
 500.000       1.6347
 501.000       1.7571
 502.000       1.4132
 503.000       0.9853
 504.000       1.6995
 505.000       1.3153
 506.000       0.9882
 507.000       0.8476
 508.000       1.3238
 509.000       1.1144
 510.000       0.9385
 511.000       2.0310
 512.000       1.3519
 513.000       0.8221
 514.000       1.1776
 515.000       0.9258
 516.000       1.0134
 517.000       0.7475
 518.000       0.9652
 519.000       1.0211
 520.000       1.0081
 521.000       1.4341
 522.000       1.3526
 523.000       1.5326
 524.000       1.5522
 525.000       1.5482
 526.000       1.9215
 527.000       1.9654
 528.000       2.1253
 529.000       2.1447
 530.000       2.3562
 531.000       2.1045
 532.000       1.5324
 533.000       1.5662
 534.000       1.7286
 535.000       1.9538
 536.000       1.2062
 537.000       1.6757
 538.000       1.6937
 539.000       1.8223
 540.000       2.4504
 541.000       3.6970
 542.000       5.2492
 543.000       4.1382
 544.000       0.8859
 545.000       0.4580
 546.000       0.4595
 547.000      54.5206
 548.000      54.2152
 549.000      54.2940
 550.000      55.3372
 551.000      54.2220
 552.000      56.6525
 553.000      52.6506
 554.000      53.9755
 555.000      54.5706
 556.000      54.4984
 557.000      54.8004
 558.000      55.9258
 559.000      53.3813
 560.000      54.4956
 561.000      52.1717
 562.000      55.2217
 563.000      53.5855
 564.000      54.2074
 565.000      54.8504
 566.000      55.8252
 567.000      53.9350
 568.000      55.3888
 569.000      55.4012
 570.000      56.3539
 571.000      54.5651
 572.000      55.1913
 573.000      55.2000
 574.000      55.2772
 575.000      54.8711
 576.000      56.3472
 577.000      54.4503
 578.000      52.8162
 579.000      54.7730
 580.000      54.7581
 581.000      55.4611
 582.000      54.2372
 583.000      53.7124
 584.000      55.3515
 585.000      53.4195
 586.000      53.7180
 587.000      55.9167
 588.000      53.9461
 589.000      54.7841
 590.000      54.4059
 591.000      55.2621
 592.000      54.3396
 593.000      54.7048
 594.000      53.8040
 595.000      55.6219
 596.000      54.4809
 597.000       0.5132
 598.000      54.3773
 599.000      54.2500
 600.000      54.8444
 601.000      55.1588
 602.000      54.3913
 603.000      54.9035
 604.000      54.7067
 605.000      54.8659
 606.000      55.2387
 607.000      55.1020
 608.000      54.5971
 609.000      55.4207
 610.000      54.8411
 611.000      54.2354
 612.000      54.4923
 613.000      54.7901
 614.000      54.6432
 615.000      55.2335
 616.000      55.3319
 617.000      55.0228
 618.000      55.0017
 619.000      54.5264
 620.000      54.8436
 621.000      54.3672
 622.000      54.6043
 623.000      53.8875
 624.000      54.3754
 625.000      55.0693
 626.000      54.8060
 627.000      55.2028
 628.000      55.3355
 629.000      54.3296
 630.000      54.8441
 631.000      54.7916
 632.000      55.0331
 633.000      54.6628
 634.000      55.3609
 635.000      54.6500
 636.000      54.3176
 637.000      54.7819
 638.000      54.9470
 639.000      55.0660
 640.000      55.2211
 641.000      54.8050
 642.000      54.2172
 643.000      54.6400
 644.000      54.7363
 645.000      55.8518
 646.000      53.9370
 647.000      55.5126
 648.000      54.9601
 649.000      54.6372
 650.000      54.6874
 651.000      54.8438
 652.000      55.1624
 653.000      55.8962
