#Res        AtomicFlx
   1.000       9.6637
   2.000       7.0492
   3.000       6.6869
   4.000       6.0103
   5.000       3.1947
   6.000       1.2352
   7.000       1.0928
   8.000       1.8000
   9.000       1.9020
  10.000       1.5168
  11.000       1.3499
  12.000       1.0475
  13.000       0.6602
  14.000       0.7459
  15.000       0.9221
  16.000       0.6285
  17.000       0.8127
  18.000       0.6966
  19.000       0.5748
  20.000       0.6127
  21.000       0.6194
  22.000       0.6951
  23.000       0.8718
  24.000       1.1290
  25.000       0.6237
  26.000       0.5431
  27.000       1.0185
  28.000       1.3466
  29.000       0.5781
  30.000       0.5478
  31.000       0.5928
  32.000       0.7388
  33.000       0.6958
  34.000       0.6372
  35.000       0.9441
  36.000       0.9613
  37.000       0.7069
  38.000       0.9134
  39.000       0.7949
  40.000       0.7574
  41.000       0.7724
  42.000       0.5820
  43.000       0.8629
  44.000       1.1791
  45.000       0.6086
  46.000       0.5172
  47.000       0.6919
  48.000       0.8899
  49.000       0.6382
  50.000       0.5938
  51.000       1.0196
  52.000       1.0867
  53.000       0.5987
  54.000       0.5433
  55.000       0.6711
  56.000       0.5895
  57.000       0.9371
  58.000       0.5620
  59.000       0.5376
  60.000       0.8496
  61.000       0.6670
  62.000       0.9346
  63.000       0.6299
  64.000       0.6894
  65.000       0.5621
  66.000       0.6550
  67.000       0.9334
  68.000       0.9145
  69.000       1.0180
  70.000       0.7480
  71.000       0.5999
  72.000       0.6086
  73.000       0.7545
  74.000       0.8391
  75.000       0.8623
  76.000       0.7823
  77.000       1.5454
  78.000       2.2231
  79.000       1.2626
  80.000       1.1449
  81.000       0.9440
  82.000       1.3790
  83.000       1.1539
  84.000       1.0579
  85.000       0.5876
  86.000       0.8171
  87.000       0.6482
  88.000       1.0137
  89.000       0.6959
  90.000       0.8075
  91.000       0.7778
  92.000       0.8786
  93.000       0.9915
  94.000       0.7824
  95.000       1.0887
  96.000       0.9215
  97.000       1.0523
  98.000       0.8986
  99.000       0.8504
 100.000       0.8698
 101.000       1.1349
 102.000       0.7346
 103.000       0.7027
 104.000       0.7170
 105.000       1.0942
 106.000       0.6576
 107.000       0.6820
 108.000       0.6334
 109.000       0.7136
 110.000       1.0649
 111.000       0.7699
 112.000       0.7590
 113.000       0.9577
 114.000       0.8020
 115.000       0.8272
 116.000       1.6808
 117.000       1.3233
 118.000       1.9624
 119.000       1.8037
 120.000       0.9796
 121.000       0.8598
 122.000       0.8982
 123.000       1.6027
 124.000       1.3708
 125.000       1.2501
 126.000       2.0323
 127.000       1.1788
 128.000       1.4149
 129.000       1.0053
 130.000       1.0149
 131.000       1.6945
 132.000       2.0432
 133.000       2.1899
 134.000       2.0996
 135.000       2.5839
 136.000       3.6000
 137.000       3.7248
 138.000       4.5919
 139.000       5.0693
 140.000       6.0616
 141.000       5.7053
 142.000       6.2907
 143.000       4.9392
 144.000       4.7168
 145.000       4.4363
 146.000       3.3182
 147.000       3.9865
 148.000       3.5642
 149.000       2.3118
 150.000       1.6591
 151.000       0.9742
 152.000       0.8791
 153.000       0.7386
 154.000       0.9790
 155.000       0.9627
 156.000       0.6583
 157.000       0.8632
 158.000       0.7601
 159.000       1.4587
 160.000       1.0483
 161.000       0.8090
 162.000       0.8188
 163.000       1.3770
 164.000       1.2246
 165.000       2.1696
 166.000       2.5603
 167.000       2.4049
 168.000       3.3558
 169.000       1.4864
 170.000       1.3259
 171.000       2.1413
 172.000       1.5735
 173.000       1.4957
 174.000       1.1957
 175.000       0.9567
 176.000       1.2638
 177.000       1.1321
 178.000       1.3818
 179.000       1.4843
 180.000       1.1867
 181.000       0.8961
 182.000       1.1086
 183.000       0.7561
 184.000       0.8265
 185.000       1.4404
 186.000       1.2298
 187.000       0.8547
 188.000       0.8092
 189.000       0.9348
 190.000       0.9308
 191.000       0.8250
 192.000       1.1750
 193.000       1.7044
 194.000       0.8585
 195.000       1.2841
 196.000       1.4024
 197.000       2.4440
 198.000       1.1823
 199.000       1.4217
 200.000       1.9958
 201.000       1.7677
 202.000       1.6849
 203.000       1.8212
 204.000       1.9019
 205.000       1.2485
 206.000       1.1615
 207.000       2.1383
 208.000       1.1174
 209.000       0.9263
 210.000       0.9067
 211.000       1.0086
 212.000       1.0022
 213.000       0.6700
 214.000       1.0037
 215.000       0.8943
 216.000       0.7318
 217.000       0.9648
 218.000       0.7052
 219.000       0.7820
 220.000       0.7714
 221.000       0.8774
 222.000       0.9239
 223.000       0.7920
 224.000       0.7226
 225.000       0.8976
 226.000       0.9374
 227.000       0.9921
 228.000       1.0044
 229.000       0.8217
 230.000       0.8280
 231.000       1.5846
 232.000       1.9106
 233.000       0.7485
 234.000       0.8812
 235.000       1.2275
 236.000       1.0783
 237.000       0.7116
 238.000       1.0844
 239.000       1.6200
 240.000       1.2846
 241.000       1.7588
 242.000       2.4148
 243.000       1.7680
 244.000       1.3864
 245.000       1.6448
 246.000       1.5328
 247.000       1.3057
 248.000       1.1412
 249.000       0.7092
 250.000       0.8757
 251.000       1.0558
 252.000       0.9052
 253.000       0.7520
 254.000       0.5938
 255.000       0.5807
 256.000       0.5654
 257.000       0.4726
 258.000       0.5859
 259.000       0.5609
 260.000       0.9003
 261.000       0.4801
 262.000       0.6587
 263.000       0.5345
 264.000       0.6328
 265.000       0.6494
 266.000       1.3477
 267.000       0.5791
 268.000       0.6183
 269.000       0.6164
 270.000       0.6694
 271.000       0.6287
 272.000       0.9653
 273.000       0.6931
 274.000       0.8241
 275.000       1.6792
 276.000       0.7114
 277.000       1.2615
 278.000       1.5948
 279.000       1.5064
 280.000       1.1179
 281.000       1.0143
 282.000       0.6689
 283.000       0.6129
 284.000       1.5041
 285.000       0.7674
 286.000       0.6020
 287.000       0.8190
 288.000       0.7277
 289.000       0.5449
 290.000       0.5638
 291.000       0.8183
 292.000       0.6343
 293.000       0.4923
 294.000       0.6567
 295.000       1.2409
 296.000       0.5829
 297.000       0.4991
 298.000       1.2504
 299.000       0.8153
 300.000       0.5947
 301.000       0.5694
 302.000       1.1323
 303.000       0.7180
 304.000       0.6759
 305.000       0.9322
 306.000       0.6870
 307.000       0.8349
 308.000       0.8272
 309.000       0.7009
 310.000       0.8751
 311.000       0.9974
 312.000       0.9929
 313.000       1.4691
 314.000       1.6436
 315.000       1.7667
 316.000       3.2898
 317.000       3.0723
 318.000       2.0527
 319.000       1.5480
 320.000       1.8308
 321.000       2.3312
 322.000       1.3085
 323.000       1.4036
 324.000       2.3229
 325.000       1.3578
 326.000       1.3867
 327.000       1.3995
 328.000       1.3367
 329.000       0.9990
 330.000       1.0635
 331.000       1.0854
 332.000       0.9557
 333.000       0.7156
 334.000       0.7902
 335.000       0.9963
 336.000       0.6904
 337.000       0.9819
 338.000       0.7958
 339.000       1.0101
 340.000       0.8815
 341.000       1.1565
 342.000       1.0981
 343.000       1.1041
 344.000       0.9867
 345.000       0.8627
 346.000       1.0271
 347.000       1.8852
 348.000       1.0054
 349.000       0.7060
 350.000       0.8058
 351.000       0.7433
 352.000       0.6699
 353.000       0.6565
 354.000       0.8331
 355.000       0.7954
 356.000       0.8298
 357.000       0.7810
 358.000       0.7099
 359.000       0.8554
 360.000       0.5736
 361.000       0.7555
 362.000       0.7674
 363.000       0.6904
 364.000       0.6694
 365.000       0.6112
 366.000       0.6762
 367.000       0.6086
 368.000       0.9928
 369.000       1.0469
 370.000       0.6126
 371.000       1.0004
 372.000       0.8967
 373.000       0.8934
 374.000       0.7106
 375.000       0.8701
 376.000       1.0330
 377.000       1.0542
 378.000       1.1121
 379.000       1.2449
 380.000       1.4451
 381.000       2.2412
 382.000       1.7558
 383.000       1.8605
 384.000       1.4683
 385.000       2.3011
 386.000       1.6743
 387.000       2.0204
 388.000       1.4152
 389.000       1.4896
 390.000       1.0801
 391.000       1.0995
 392.000       1.0228
 393.000       0.9353
 394.000       1.0133
 395.000       0.9728
 396.000       1.1130
 397.000       0.9666
 398.000       0.9098
 399.000       1.1974
 400.000       1.7598
 401.000       0.7538
 402.000       0.7399
 403.000       1.0982
 404.000       1.0907
 405.000       0.7550
 406.000       1.1057
 407.000       0.8920
 408.000       1.0505
 409.000       0.6358
 410.000       0.6061
 411.000       0.7082
 412.000       0.8739
 413.000       0.6801
 414.000       0.6754
 415.000       0.8155
 416.000       0.8426
 417.000       0.8517
 418.000       0.8283
 419.000       0.9218
 420.000       0.7563
 421.000       0.6756
 422.000       0.8524
 423.000       0.6326
 424.000       0.6986
 425.000       0.6279
 426.000       0.8728
 427.000       0.9423
 428.000       0.7398
 429.000       0.7119
 430.000       0.5891
 431.000       0.6870
 432.000       1.0228
 433.000       0.6345
 434.000       0.6307
 435.000       0.7425
 436.000       0.6828
 437.000       0.8611
 438.000       0.8352
 439.000       1.3155
 440.000       1.1787
 441.000       0.7719
 442.000       0.7263
 443.000       0.8094
 444.000       1.0242
 445.000       1.1232
 446.000       0.9370
 447.000       0.6964
 448.000       1.8138
 449.000       0.8654
 450.000       0.7622
 451.000       1.1940
 452.000       1.2825
 453.000       1.0853
 454.000       1.1388
 455.000       0.8734
 456.000       1.4360
 457.000       1.0389
 458.000       0.7959
 459.000       0.7490
 460.000       0.9632
 461.000       1.0484
 462.000       0.6416
 463.000       1.2972
 464.000       1.2018
 465.000       0.6373
 466.000       0.6189
 467.000       0.8249
 468.000       0.7482
 469.000       0.8949
 470.000       0.8136
 471.000       0.7260
 472.000       1.0942
 473.000       0.6616
 474.000       0.7056
 475.000       0.9201
 476.000       1.0489
 477.000       0.7814
 478.000       1.0924
 479.000       1.1296
 480.000       1.0153
 481.000       1.2560
 482.000       1.6268
 483.000       1.6026
 484.000       1.2615
 485.000       1.1977
 486.000       1.1970
 487.000       1.9232
 488.000       1.2950
 489.000       2.2259
 490.000       0.9785
 491.000       1.1016
 492.000       1.8985
 493.000       1.2709
 494.000       1.5677
 495.000       1.0902
 496.000       1.0702
 497.000       1.6658
 498.000       2.1380
 499.000       0.9541
 500.000       1.0646
 501.000       0.9964
 502.000       1.1982
 503.000       0.6340
 504.000       0.9634
 505.000       0.9360
 506.000       0.8495
 507.000       0.6334
 508.000       0.8774
 509.000       1.0543
 510.000       1.0365
 511.000       1.7191
 512.000       1.2660
 513.000       0.9520
 514.000       0.9060
 515.000       0.9271
 516.000       1.0703
 517.000       0.8706
 518.000       1.1530
 519.000       1.2265
 520.000       1.3895
 521.000       1.7413
 522.000       1.7172
 523.000       1.9050
 524.000       2.1625
 525.000       2.0381
 526.000       2.4356
 527.000       2.4569
 528.000       2.6584
 529.000       2.4711
 530.000       2.9953
 531.000       2.7529
 532.000       2.0351
 533.000       2.0440
 534.000       2.4516
 535.000       2.5381
 536.000       1.5568
 537.000       1.9324
 538.000       1.9011
 539.000       1.6333
 540.000       2.1107
 541.000       3.2283
 542.000       4.6028
 543.000       4.5978
 544.000       1.4359
 545.000       0.4792
 546.000       0.6623
 547.000      54.3646
 548.000      54.3003
 549.000      55.2827
 550.000      54.4444
 551.000      55.1763
 552.000      54.4502
 553.000      55.5721
 554.000      54.2539
 555.000      54.5598
 556.000      54.4047
 557.000      55.3477
 558.000      54.6338
 559.000      54.7670
 560.000      55.7294
 561.000      53.9669
 562.000      55.1113
 563.000      55.2968
 564.000      54.8374
 565.000      53.9789
 566.000      55.8713
 567.000      55.1360
 568.000      54.5039
 569.000      54.8618
 570.000      53.6098
 571.000      54.5057
 572.000      54.2271
 573.000      55.3012
 574.000      54.8468
 575.000      55.4496
 576.000      54.8772
 577.000      54.1837
 578.000      55.8770
 579.000      54.3522
 580.000      55.4242
 581.000      55.1206
 582.000      54.7511
 583.000      55.1732
 584.000      54.6487
 585.000      53.2598
 586.000      54.5649
 587.000      54.1450
 588.000      54.7257
 589.000      54.2182
 590.000      54.7729
 591.000      55.8329
 592.000      55.4198
 593.000      53.8658
 594.000      55.3921
 595.000      54.5100
 596.000      55.7246
 597.000       0.4840
 598.000      54.0687
 599.000      54.8737
 600.000      55.2317
 601.000      54.8438
 602.000      54.9676
 603.000      54.5155
 604.000      55.0662
 605.000      55.2181
 606.000      54.7478
 607.000      55.2083
 608.000      55.0083
 609.000      55.0649
 610.000      54.8521
 611.000      54.6602
 612.000      54.9586
 613.000      54.3670
 614.000      55.6025
 615.000      55.0164
 616.000      55.3333
 617.000      55.3982
 618.000      54.5092
 619.000      55.6014
 620.000      53.8575
 621.000      54.7391
 622.000      55.1127
 623.000      54.4922
 624.000      55.3935
 625.000      54.3947
 626.000      54.4183
 627.000      55.0707
 628.000      54.5331
 629.000      55.1678
 630.000      54.5425
 631.000      55.0292
 632.000      55.0385
 633.000      55.2922
 634.000      54.3061
 635.000      54.9835
 636.000      54.4501
 637.000      55.3578
 638.000      54.5720
 639.000      55.0635
 640.000      53.7816
 641.000      54.8809
 642.000      55.0695
 643.000      54.7157
 644.000      54.9669
 645.000      54.1874
 646.000      55.3924
 647.000      53.7300
 648.000      54.8298
 649.000      54.7916
 650.000      54.9331
 651.000      55.0508
 652.000      54.0749
 653.000      54.7099
