#Res        AtomicFlx
   1.000       3.3517
   2.000       1.8988
   3.000       1.9300
   4.000       1.1821
   5.000       1.5432
   6.000       1.5093
   7.000       1.4660
   8.000       1.3051
   9.000       1.2158
  10.000       0.8016
  11.000       0.7473
  12.000       1.0817
  13.000       0.6522
  14.000       0.5469
  15.000       0.6662
  16.000       0.5391
  17.000       0.6663
  18.000       0.6026
  19.000       0.6537
  20.000       0.5567
  21.000       0.9119
  22.000       0.6754
  23.000       0.5743
  24.000       1.0559
  25.000       1.1547
  26.000       1.5187
  27.000       0.6795
  28.000       0.6983
  29.000       0.8278
  30.000       0.8078
  31.000       0.7245
  32.000       0.8924
  33.000       1.7919
  34.000       0.7678
  35.000       0.8537
  36.000       0.8001
  37.000       0.8561
  38.000       0.9247
  39.000       0.7331
  40.000       0.9705
  41.000       1.8630
  42.000       0.7518
  43.000       0.6492
  44.000       1.7978
  45.000       0.9378
  46.000       0.7468
  47.000       0.8046
  48.000       1.0665
  49.000       1.2091
  50.000       0.8258
  51.000       0.6395
  52.000       0.7705
  53.000       0.7124
  54.000       0.8666
  55.000       0.9381
  56.000       1.0759
  57.000       1.0919
  58.000       0.9240
  59.000       0.9249
  60.000       0.8536
  61.000       1.1455
  62.000       0.8141
  63.000       1.0085
  64.000       2.2821
  65.000       1.4511
  66.000       1.2990
  67.000       1.4600
  68.000       0.9601
  69.000       1.2337
  70.000       1.3139
  71.000       0.8557
  72.000       1.1544
  73.000       1.1993
  74.000       2.6001
  75.000       2.2625
  76.000       1.7149
  77.000       2.0659
  78.000       1.8440
  79.000       1.4160
  80.000       1.0898
  81.000       0.6656
  82.000       0.8320
  83.000       0.7319
  84.000       1.1331
  85.000       0.6762
  86.000       1.0232
  87.000       1.2574
  88.000       0.9096
  89.000       1.1392
  90.000       1.0371
  91.000       1.0503
  92.000       1.2457
  93.000       1.2763
  94.000       1.0089
  95.000       1.2570
  96.000       1.0853
  97.000       1.1646
  98.000       1.1076
  99.000       0.9774
 100.000       0.8519
 101.000       0.8503
 102.000       0.7143
 103.000       0.8537
 104.000       0.6182
 105.000       0.9440
 106.000       1.0948
 107.000       0.8966
 108.000       0.6703
 109.000       1.0578
 110.000       0.8736
 111.000       0.8685
 112.000       1.0149
 113.000       1.1299
 114.000       2.0694
 115.000       1.4639
 116.000       1.1701
 117.000       1.0853
 118.000       1.3530
 119.000       1.1677
 120.000       2.3431
 121.000       1.6542
 122.000       2.8312
 123.000       2.3235
 124.000       3.0469
 125.000       2.4031
 126.000       2.1610
 127.000       2.7790
 128.000       3.5511
 129.000       2.7595
 130.000       1.8211
 131.000       1.6050
 132.000       1.1639
 133.000       1.7637
 134.000       2.1288
 135.000       2.1870
 136.000       2.6915
 137.000       3.3836
 138.000       3.1366
 139.000       3.4140
 140.000       4.3813
 141.000       5.4069
 142.000       4.8327
 143.000       5.0006
 144.000       5.3364
 145.000       5.2688
 146.000       4.2417
 147.000       3.0683
 148.000       2.7589
 149.000       3.4659
 150.000       3.3538
 151.000       2.0060
 152.000       2.8943
 153.000       3.7260
 154.000       3.4803
 155.000       3.1683
 156.000       4.4297
 157.000       5.6218
 158.000       5.9155
 159.000       4.9064
 160.000       4.0981
 161.000       4.1583
 162.000       2.8920
 163.000       2.0880
 164.000       1.5052
 165.000       1.0899
 166.000       1.0663
 167.000       1.3012
 168.000       1.6232
 169.000       1.0641
 170.000       0.8551
 171.000       1.7588
 172.000       1.0464
 173.000       0.9620
 174.000       0.8715
 175.000       1.1088
 176.000       1.5890
 177.000       1.3603
 178.000       1.2878
 179.000       1.6456
 180.000       1.4214
 181.000       1.1818
 182.000       1.3213
 183.000       1.7289
 184.000       1.4966
 185.000       1.4049
 186.000       1.7520
 187.000       1.3347
 188.000       0.9761
 189.000       1.3977
 190.000       0.9842
 191.000       1.0288
 192.000       1.0220
 193.000       0.7974
 194.000       0.7345
 195.000       0.9171
 196.000       0.7415
 197.000       0.8372
 198.000       0.8232
 199.000       0.8265
 200.000       0.9207
 201.000       0.8595
 202.000       0.8225
 203.000       1.0575
 204.000       1.1158
 205.000       1.0140
 206.000       1.2451
 207.000       1.4160
 208.000       2.0769
 209.000       1.5597
 210.000       2.6714
 211.000       3.8169
 212.000       4.3263
 213.000       4.2438
 214.000       1.7795
 215.000       2.0780
 216.000       1.1897
 217.000       1.2016
 218.000       1.8386
 219.000       1.1860
 220.000       0.8502
 221.000       1.0449
 222.000       1.0194
 223.000       1.3081
 224.000       0.8055
 225.000       0.8571
 226.000       0.8743
 227.000       0.8595
 228.000       0.8490
 229.000       0.7796
 230.000       1.0463
 231.000       0.9417
 232.000       1.2618
 233.000       1.0810
 234.000       1.3334
 235.000       1.1600
 236.000       1.5482
 237.000       1.5455
 238.000       1.1700
 239.000       1.4809
 240.000       0.8930
 241.000       0.9008
 242.000       1.7560
 243.000       1.1576
 244.000       0.7278
 245.000       0.9917
 246.000       1.2904
 247.000       0.8892
 248.000       0.7181
 249.000       1.0146
 250.000       0.9736
 251.000       1.0184
 252.000       1.3495
 253.000       1.6296
 254.000       1.5273
 255.000       1.2372
 256.000       1.4042
 257.000       1.7061
 258.000       1.3820
 259.000       0.9500
 260.000       1.6334
 261.000       0.8271
 262.000       0.8770
 263.000       0.6517
 264.000       0.7040
 265.000       0.6871
 266.000       0.6869
 267.000       0.7496
 268.000       0.6163
 269.000       0.7878
 270.000       0.8407
 271.000       1.8440
 272.000       0.5461
 273.000       0.7210
 274.000       0.6348
 275.000       0.9341
 276.000       1.3039
 277.000       1.4748
 278.000       1.0946
 279.000       0.7289
 280.000       0.8076
 281.000       0.8408
 282.000       0.8288
 283.000       1.0847
 284.000       0.8587
 285.000       0.8564
 286.000       1.3505
 287.000       1.1119
 288.000       1.7419
 289.000       1.6739
 290.000       1.6993
 291.000       1.4909
 292.000       1.1005
 293.000       1.0875
 294.000       1.1229
 295.000       1.9490
 296.000       0.8987
 297.000       0.7245
 298.000       0.7721
 299.000       0.8775
 300.000       0.6441
 301.000       0.7069
 302.000       0.9140
 303.000       0.6342
 304.000       0.5437
 305.000       0.8686
 306.000       0.6979
 307.000       0.6262
 308.000       0.5457
 309.000       0.7474
 310.000       0.9461
 311.000       0.6782
 312.000       0.6244
 313.000       1.2026
 314.000       0.7791
 315.000       0.7337
 316.000       0.9748
 317.000       0.7452
 318.000       0.9688
 319.000       0.8204
 320.000       0.7329
 321.000       0.9287
 322.000       1.1399
 323.000       0.8853
 324.000       1.1334
 325.000       1.2033
 326.000       1.3965
 327.000       1.1392
 328.000       1.2426
 329.000       1.2588
 330.000       1.0001
 331.000       0.9441
 332.000       2.1472
 333.000       1.0072
 334.000       0.8346
 335.000       0.9518
 336.000       1.0859
 337.000       0.8207
 338.000       0.8564
 339.000       0.6575
 340.000       0.8884
 341.000       0.7747
 342.000       0.7489
 343.000       0.7813
 344.000       0.7184
 345.000       0.6297
 346.000       0.7314
 347.000       1.1151
 348.000       0.8786
 349.000       1.1319
 350.000       1.2610
 351.000       1.4579
 352.000       1.1247
 353.000       1.0986
 354.000       1.2626
 355.000       1.0788
 356.000       0.8906
 357.000       1.2989
 358.000       0.9642
 359.000       0.8864
 360.000       0.9335
 361.000       1.0250
 362.000       0.6345
 363.000       0.6885
 364.000       0.9916
 365.000       0.8297
 366.000       0.9367
 367.000       0.6775
 368.000       0.7688
 369.000       0.9901
 370.000       0.6026
 371.000       0.9597
 372.000       0.7227
 373.000       0.9541
 374.000       0.9999
 375.000       1.1237
 376.000       0.7778
 377.000       1.3546
 378.000       1.1895
 379.000       1.2145
 380.000       0.9344
 381.000       1.0590
 382.000       0.9333
 383.000       1.0570
 384.000       0.8651
 385.000       0.9850
 386.000       1.0668
 387.000       1.3067
 388.000       1.2603
 389.000       1.4390
 390.000       1.6575
 391.000       2.0352
 392.000       2.3209
 393.000       2.0783
 394.000       1.3473
 395.000       1.7335
 396.000       1.8947
 397.000       1.4003
 398.000       1.6040
 399.000       1.2235
 400.000       1.8363
 401.000       0.8964
 402.000       0.8104
 403.000       0.9730
 404.000       0.7609
 405.000       0.9854
 406.000       0.7586
 407.000       0.9779
 408.000       0.9456
 409.000       0.8256
 410.000       1.1683
 411.000       1.3840
 412.000       1.3960
 413.000       0.9154
 414.000       1.2700
 415.000       1.2770
 416.000       1.1896
 417.000       1.1240
 418.000       1.0483
 419.000       1.2581
 420.000       1.1075
 421.000       1.0435
 422.000       1.1791
 423.000       1.0285
 424.000       1.1822
 425.000       1.1649
 426.000       1.2883
 427.000       1.3701
 428.000       1.4603
 429.000       1.1996
 430.000       1.6663
 431.000       1.8521
 432.000       1.9829
 433.000       1.9129
 434.000       1.9772
 435.000       2.0965
 436.000       1.3657
 437.000       1.4628
 438.000       1.2661
 439.000       1.2373
 440.000       1.1348
 441.000       1.0041
 442.000       1.0772
 443.000       1.3617
 444.000       1.3318
 445.000       1.2515
 446.000       1.2219
 447.000       1.2243
 448.000       1.5687
 449.000       1.7102
 450.000       2.2763
 451.000       2.3767
 452.000       2.0641
 453.000       1.2844
 454.000       1.5794
 455.000       2.4441
 456.000       1.6169
 457.000       1.4792
 458.000       2.0883
 459.000       1.7292
 460.000       1.6195
 461.000       1.6467
 462.000       1.7276
 463.000       2.0436
 464.000       2.3321
 465.000       2.0185
 466.000       1.7671
 467.000       2.1167
 468.000       1.6021
 469.000       1.5189
 470.000       1.0939
 471.000       1.5048
 472.000       1.4800
 473.000       1.3023
 474.000       1.6894
 475.000       1.3193
 476.000       0.9013
 477.000       1.0099
 478.000       1.4195
 479.000       1.2885
 480.000       0.9331
 481.000       0.8663
 482.000       0.9570
 483.000       0.8885
 484.000       0.9089
 485.000       1.0622
 486.000       1.3317
 487.000       1.0571
 488.000       0.8145
 489.000       1.0296
 490.000       1.0434
 491.000       1.1124
 492.000       0.9736
 493.000       1.2445
 494.000       1.3557
 495.000       1.3749
 496.000       1.5725
 497.000       2.1273
 498.000       1.6521
 499.000       1.7277
 500.000       1.3714
 501.000       1.5845
 502.000       3.0988
 503.000       2.4805
 504.000       2.3239
 505.000       1.6652
 506.000       1.4175
 507.000       1.2574
 508.000       1.2625
 509.000       1.3345
 510.000       1.1357
 511.000       1.2971
 512.000       1.2078
 513.000       1.2477
 514.000       1.0027
 515.000       1.7582
 516.000       1.4575
 517.000       1.3382
 518.000       1.1335
 519.000       1.5420
 520.000       1.0719
 521.000       1.0981
 522.000       1.3100
 523.000       1.1898
 524.000       0.9125
 525.000       1.2336
 526.000       1.5535
 527.000       1.9898
 528.000       1.6468
 529.000       2.0512
 530.000       3.2276
 531.000       2.7723
 532.000       2.5179
 533.000       3.5215
 534.000       3.7343
 535.000       3.6172
 536.000       3.7471
 537.000       4.8526
 538.000       5.1841
 539.000       5.6632
 540.000       5.4594
 541.000       4.9246
 542.000       5.2018
 543.000       4.8218
 544.000       4.3719
 545.000       4.2347
 546.000       4.3937
 547.000       3.6749
 548.000       3.0938
 549.000       3.4411
 550.000       3.6998
 551.000       3.6486
 552.000       7.3844
 553.000       2.1822
 554.000       8.4895
 555.000      52.6782
 556.000       0.4758
 557.000       0.5216
 558.000      51.2756
 559.000      50.6743
 560.000      51.7628
 561.000      52.3717
 562.000      51.7289
 563.000      51.2824
 564.000      51.7680
 565.000      52.0319
 566.000      51.1252
 567.000      52.1284
 568.000      51.4722
 569.000      49.5341
 570.000      51.4090
 571.000      49.7064
 572.000      50.5772
 573.000      51.3994
 574.000      50.8740
 575.000      52.0082
 576.000      51.5203
 577.000      51.1641
 578.000      50.3217
 579.000      52.5091
 580.000      49.8809
 581.000      51.6992
 582.000      51.3392
 583.000      51.6465
 584.000      52.6298
 585.000      51.1781
 586.000      50.5729
 587.000      50.9861
 588.000      51.0781
 589.000      52.1289
 590.000      51.2086
 591.000      50.5993
 592.000      51.8020
 593.000      51.2870
 594.000      51.9757
 595.000      51.3521
 596.000      50.6043
 597.000      48.2255
 598.000      53.1238
 599.000      50.9199
 600.000       0.6561
 601.000      52.6235
 602.000      51.8847
 603.000      52.3199
 604.000      52.3776
 605.000      52.5130
 606.000      52.6506
 607.000      51.7729
 608.000      53.1612
 609.000      52.5656
 610.000      50.9109
 611.000      52.9242
 612.000      52.0643
 613.000      52.5159
 614.000      52.6836
 615.000      52.5239
 616.000      52.5138
 617.000      51.9088
 618.000      52.6629
 619.000      52.8042
 620.000      51.0645
 621.000      52.7664
 622.000      52.5101
 623.000      52.5618
 624.000      51.0752
 625.000      52.4280
 626.000      52.4024
 627.000      52.0880
 628.000      51.8701
 629.000      52.7555
 630.000      53.3175
 631.000      51.9046
 632.000      52.5472
 633.000      53.0665
 634.000      53.0250
 635.000      52.0067
 636.000      52.4002
 637.000      51.3006
 638.000      52.6255
 639.000      53.2828
 640.000      51.7409
 641.000      51.1677
 642.000      53.0024
 643.000      52.5482
 644.000      52.4766
 645.000      52.8780
 646.000      52.1484
