#Res        AtomicFlx
   1.000       4.4555
   2.000       2.1213
   3.000       2.1044
   4.000       1.2637
   5.000       1.7240
   6.000       1.7080
   7.000       1.5258
   8.000       1.5833
   9.000       1.5136
  10.000       1.0254
  11.000       1.0094
  12.000       1.3348
  13.000       1.0310
  14.000       0.8196
  15.000       0.8742
  16.000       0.8901
  17.000       1.1540
  18.000       0.7415
  19.000       0.7613
  20.000       0.7313
  21.000       1.1443
  22.000       0.7148
  23.000       0.6261
  24.000       1.0657
  25.000       1.5441
  26.000       0.9698
  27.000       0.6843
  28.000       0.7378
  29.000       0.9531
  30.000       0.8654
  31.000       0.7667
  32.000       1.4547
  33.000       1.6454
  34.000       0.8665
  35.000       0.8847
  36.000       0.7756
  37.000       0.7408
  38.000       0.8802
  39.000       0.7573
  40.000       0.9750
  41.000       1.2268
  42.000       0.7442
  43.000       0.6250
  44.000       1.6195
  45.000       0.9206
  46.000       0.7178
  47.000       0.8438
  48.000       1.3379
  49.000       2.0016
  50.000       1.1521
  51.000       0.6089
  52.000       0.7515
  53.000       0.7568
  54.000       0.8216
  55.000       0.9841
  56.000       0.8047
  57.000       1.0460
  58.000       0.7757
  59.000       1.0922
  60.000       0.8003
  61.000       0.9359
  62.000       0.8106
  63.000       1.0537
  64.000       0.9984
  65.000       1.0459
  66.000       1.0909
  67.000       1.2108
  68.000       1.0059
  69.000       1.1337
  70.000       1.0406
  71.000       0.8517
  72.000       1.2527
  73.000       1.3136
  74.000       2.9969
  75.000       2.3947
  76.000       1.7511
  77.000       1.6462
  78.000       1.7173
  79.000       1.7040
  80.000       1.1435
  81.000       0.6328
  82.000       0.8197
  83.000       0.6244
  84.000       1.0036
  85.000       0.6395
  86.000       0.9065
  87.000       0.7970
  88.000       0.8090
  89.000       0.7938
  90.000       0.6892
  91.000       0.7854
  92.000       0.8110
  93.000       1.0656
  94.000       0.7736
  95.000       1.0966
  96.000       1.2190
  97.000       1.1124
  98.000       1.0809
  99.000       1.0798
 100.000       0.8840
 101.000       0.8270
 102.000       0.9863
 103.000       0.9270
 104.000       0.6361
 105.000       0.8953
 106.000       0.8440
 107.000       0.9696
 108.000       0.6509
 109.000       0.9649
 110.000       0.6093
 111.000       0.6271
 112.000       0.8821
 113.000       0.8568
 114.000       1.3793
 115.000       0.8328
 116.000       0.6387
 117.000       0.6090
 118.000       0.5675
 119.000       0.6685
 120.000       0.9543
 121.000       0.8482
 122.000       1.3268
 123.000       1.4847
 124.000       1.3232
 125.000       1.8443
 126.000       1.8975
 127.000       1.6150
 128.000       2.2720
 129.000       1.7787
 130.000       1.1399
 131.000       1.3349
 132.000       0.9418
 133.000       1.0459
 134.000       1.5914
 135.000       2.0236
 136.000       2.2869
 137.000       3.0703
 138.000       3.6511
 139.000       2.9959
 140.000       2.7885
 141.000       2.8001
 142.000       1.7059
 143.000       1.4096
 144.000       1.5243
 145.000       1.1263
 146.000       1.1721
 147.000       1.0111
 148.000       0.9228
 149.000       0.9777
 150.000       1.1199
 151.000       0.7538
 152.000       0.9297
 153.000       1.1820
 154.000       1.8858
 155.000       1.7036
 156.000       2.1803
 157.000       2.3644
 158.000       3.6392
 159.000       2.6284
 160.000       3.0834
 161.000       2.7206
 162.000       2.7073
 163.000       1.4822
 164.000       1.1059
 165.000       0.9088
 166.000       1.7635
 167.000       1.8761
 168.000       1.8622
 169.000       1.6793
 170.000       2.2652
 171.000       2.1421
 172.000       2.6121
 173.000       2.5336
 174.000       2.9365
 175.000       2.4222
 176.000       2.0229
 177.000       2.1444
 178.000       1.7156
 179.000       1.9475
 180.000       2.0268
 181.000       1.8078
 182.000       1.6039
 183.000       1.6785
 184.000       1.4905
 185.000       1.1992
 186.000       1.5342
 187.000       1.0671
 188.000       1.1647
 189.000       1.3603
 190.000       0.8859
 191.000       1.1244
 192.000       0.9906
 193.000       0.6740
 194.000       0.6507
 195.000       0.8347
 196.000       0.6777
 197.000       0.8279
 198.000       0.7509
 199.000       0.6844
 200.000       0.9757
 201.000       0.8686
 202.000       1.0690
 203.000       0.8775
 204.000       1.1311
 205.000       1.1499
 206.000       1.0333
 207.000       1.1932
 208.000       1.7023
 209.000       1.0160
 210.000       1.5549
 211.000       1.9568
 212.000       1.1706
 213.000       1.2480
 214.000       1.0846
 215.000       1.5846
 216.000       1.2058
 217.000       1.2556
 218.000       1.9865
 219.000       1.2011
 220.000       1.3204
 221.000       1.3158
 222.000       1.1818
 223.000       1.2865
 224.000       0.8171
 225.000       0.6808
 226.000       0.9256
 227.000       0.8754
 228.000       0.7659
 229.000       0.7573
 230.000       1.1253
 231.000       0.8916
 232.000       1.1144
 233.000       1.0321
 234.000       1.2125
 235.000       0.8595
 236.000       1.3036
 237.000       1.4242
 238.000       1.0032
 239.000       1.3157
 240.000       0.8084
 241.000       0.8208
 242.000       1.9625
 243.000       1.1303
 244.000       0.6900
 245.000       0.9253
 246.000       1.2038
 247.000       1.1139
 248.000       0.7347
 249.000       0.9358
 250.000       0.9161
 251.000       0.9500
 252.000       1.5277
 253.000       1.7403
 254.000       1.6105
 255.000       1.1793
 256.000       1.3744
 257.000       1.7654
 258.000       1.3130
 259.000       1.0079
 260.000       1.6380
 261.000       0.8575
 262.000       0.8865
 263.000       0.6814
 264.000       0.8770
 265.000       0.6808
 266.000       0.6599
 267.000       0.6951
 268.000       0.5926
 269.000       1.0374
 270.000       0.6571
 271.000       0.9810
 272.000       0.5650
 273.000       0.7230
 274.000       0.6699
 275.000       0.6800
 276.000       0.7450
 277.000       0.8571
 278.000       0.7947
 279.000       0.8632
 280.000       0.9683
 281.000       0.9844
 282.000       1.0151
 283.000       1.2596
 284.000       0.8891
 285.000       0.9162
 286.000       1.4234
 287.000       0.9962
 288.000       1.5894
 289.000       1.5113
 290.000       2.0392
 291.000       1.1772
 292.000       1.4439
 293.000       1.2335
 294.000       1.0479
 295.000       2.0551
 296.000       1.0078
 297.000       0.7331
 298.000       0.7974
 299.000       0.9511
 300.000       0.7329
 301.000       0.5542
 302.000       0.8945
 303.000       0.6329
 304.000       0.5481
 305.000       0.9288
 306.000       0.6321
 307.000       0.6273
 308.000       0.5728
 309.000       0.7321
 310.000       0.9299
 311.000       0.6828
 312.000       0.6200
 313.000       1.1483
 314.000       0.7345
 315.000       0.7257
 316.000       1.0272
 317.000       0.6425
 318.000       0.8898
 319.000       1.0687
 320.000       0.6721
 321.000       0.8131
 322.000       1.0638
 323.000       0.8356
 324.000       1.1428
 325.000       1.1571
 326.000       1.3088
 327.000       1.0137
 328.000       1.2039
 329.000       1.3033
 330.000       1.1210
 331.000       1.0673
 332.000       2.2755
 333.000       1.3345
 334.000       1.5517
 335.000       2.2337
 336.000       1.9148
 337.000       1.3460
 338.000       1.0313
 339.000       0.8342
 340.000       0.9983
 341.000       0.8651
 342.000       0.9890
 343.000       0.7791
 344.000       0.6890
 345.000       0.5696
 346.000       0.5913
 347.000       0.8187
 348.000       0.6328
 349.000       0.6770
 350.000       0.6067
 351.000       1.0840
 352.000       0.9453
 353.000       0.8004
 354.000       1.1092
 355.000       0.6237
 356.000       0.6268
 357.000       0.9539
 358.000       0.7170
 359.000       0.5767
 360.000       1.0090
 361.000       0.7827
 362.000       0.5969
 363.000       0.5685
 364.000       0.9694
 365.000       0.7749
 366.000       1.0192
 367.000       0.7218
 368.000       1.0050
 369.000       0.8316
 370.000       0.7009
 371.000       1.2205
 372.000       0.8744
 373.000       0.9409
 374.000       0.6861
 375.000       1.3589
 376.000       1.1226
 377.000       0.8571
 378.000       0.7570
 379.000       1.0174
 380.000       0.7431
 381.000       0.8555
 382.000       0.8198
 383.000       0.8416
 384.000       0.7636
 385.000       0.8973
 386.000       0.9479
 387.000       1.0848
 388.000       0.9986
 389.000       1.2313
 390.000       1.2590
 391.000       2.5777
 392.000       2.4295
 393.000       1.6655
 394.000       1.2996
 395.000       1.3595
 396.000       1.7011
 397.000       1.3686
 398.000       1.3952
 399.000       1.1439
 400.000       1.7849
 401.000       0.9088
 402.000       0.7480
 403.000       0.9783
 404.000       0.7697
 405.000       0.8158
 406.000       0.7416
 407.000       0.9124
 408.000       0.8204
 409.000       0.6832
 410.000       1.0442
 411.000       1.2114
 412.000       1.1141
 413.000       0.7273
 414.000       1.0289
 415.000       0.9353
 416.000       0.9594
 417.000       0.9967
 418.000       0.9480
 419.000       1.5507
 420.000       1.0203
 421.000       0.8028
 422.000       1.2233
 423.000       1.1402
 424.000       1.0922
 425.000       1.0471
 426.000       1.3503
 427.000       1.2471
 428.000       1.1151
 429.000       1.0835
 430.000       1.5486
 431.000       1.2751
 432.000       1.1675
 433.000       1.1092
 434.000       1.0425
 435.000       1.7624
 436.000       0.7520
 437.000       0.9133
 438.000       0.9558
 439.000       0.9090
 440.000       0.8854
 441.000       0.5948
 442.000       0.6611
 443.000       0.8453
 444.000       1.1246
 445.000       0.8404
 446.000       0.9214
 447.000       0.9494
 448.000       1.0915
 449.000       0.9598
 450.000       1.1054
 451.000       1.3473
 452.000       2.2020
 453.000       0.9784
 454.000       1.0719
 455.000       1.9573
 456.000       1.4231
 457.000       0.9461
 458.000       1.4521
 459.000       1.5319
 460.000       1.3230
 461.000       1.1358
 462.000       1.4305
 463.000       1.9628
 464.000       1.7515
 465.000       1.4219
 466.000       1.2612
 467.000       1.7842
 468.000       1.3372
 469.000       1.2430
 470.000       1.2122
 471.000       1.4268
 472.000       1.8042
 473.000       1.2142
 474.000       1.2850
 475.000       1.1599
 476.000       0.8518
 477.000       0.9679
 478.000       1.2566
 479.000       1.1439
 480.000       0.9110
 481.000       0.9018
 482.000       0.9193
 483.000       0.8480
 484.000       0.9298
 485.000       0.8106
 486.000       1.2198
 487.000       1.8612
 488.000       0.7674
 489.000       0.9480
 490.000       0.9375
 491.000       1.1593
 492.000       0.9316
 493.000       1.1964
 494.000       1.2781
 495.000       1.4128
 496.000       1.4193
 497.000       2.1491
 498.000       1.6693
 499.000       2.2392
 500.000       2.3293
 501.000       2.2654
 502.000       3.7583
 503.000       3.5612
 504.000       3.6013
 505.000       3.0779
 506.000       2.2817
 507.000       1.8223
 508.000       1.8111
 509.000       1.4822
 510.000       1.3206
 511.000       1.6818
 512.000       1.3491
 513.000       1.3394
 514.000       1.1010
 515.000       1.9646
 516.000       1.3781
 517.000       1.3431
 518.000       1.0827
 519.000       1.5277
 520.000       1.0138
 521.000       0.9593
 522.000       1.2184
 523.000       1.2380
 524.000       0.8963
 525.000       0.9799
 526.000       1.0372
 527.000       1.4869
 528.000       1.1057
 529.000       1.2834
 530.000       2.0769
 531.000       1.8781
 532.000       1.8460
 533.000       2.1998
 534.000       2.3174
 535.000       2.5438
 536.000       2.3190
 537.000       3.0805
 538.000       3.3957
 539.000       4.3604
 540.000       4.2583
 541.000       3.6275
 542.000       4.2267
 543.000       4.0915
 544.000       3.2421
 545.000       3.3015
 546.000       4.0482
 547.000       3.0607
 548.000       2.5800
 549.000       3.4563
 550.000       4.3485
 551.000       5.3930
 552.000       5.0981
 553.000       0.9939
 554.000       4.4682
 555.000      50.3117
 556.000       0.5500
 557.000       1.1409
 558.000      51.0708
 559.000      49.4516
 560.000      52.0829
 561.000      51.6825
 562.000      51.9403
 563.000      52.0656
 564.000      52.9944
 565.000      51.5534
 566.000      51.6686
 567.000      51.8646
 568.000      51.3291
 569.000      51.6124
 570.000      52.5702
 571.000      51.2762
 572.000      50.8194
 573.000      51.3576
 574.000      51.2491
 575.000      52.9019
 576.000      51.4038
 577.000      51.6852
 578.000      52.0149
 579.000      51.5461
 580.000      51.0842
 581.000      50.8839
 582.000      51.4870
 583.000      52.8310
 584.000      51.0412
 585.000      52.3820
 586.000      51.5814
 587.000      50.4063
 588.000      51.2302
 589.000      51.8709
 590.000      52.0660
 591.000      50.8292
 592.000      51.3437
 593.000      51.2346
 594.000      51.8782
 595.000      51.4847
 596.000      52.0049
 597.000      51.3872
 598.000      51.5098
 599.000      52.0106
 600.000       0.6419
 601.000      52.7683
 602.000      53.2883
 603.000      52.6604
 604.000      52.8077
 605.000      52.3617
 606.000      53.3531
 607.000      52.0658
 608.000      53.0635
 609.000      52.9542
 610.000      53.1771
 611.000      52.7440
 612.000      51.9051
 613.000      52.1376
 614.000      52.0082
 615.000      52.8648
 616.000      52.7797
 617.000      52.3108
 618.000      52.2361
 619.000      53.0107
 620.000      52.3829
 621.000      52.2192
 622.000      51.8146
 623.000      51.9796
 624.000      52.0510
 625.000      53.0117
 626.000      52.9314
 627.000      53.0093
 628.000      52.8368
 629.000      51.9819
 630.000      52.2244
 631.000      52.1729
 632.000      52.1885
 633.000      52.2773
 634.000      52.8822
 635.000      52.6237
 636.000      53.1030
 637.000      52.4054
 638.000      52.7603
 639.000      52.7795
 640.000      52.6142
 641.000      51.9074
 642.000      52.7626
 643.000      52.9793
 644.000      52.6523
 645.000      52.3061
 646.000      52.4395
