#Res        AtomicFlx
   1.000       3.0025
   2.000       1.6813
   3.000       1.6962
   4.000       0.9158
   5.000       1.2984
   6.000       1.4862
   7.000       1.1749
   8.000       1.3829
   9.000       1.2339
  10.000       0.7514
  11.000       0.8406
  12.000       1.1996
  13.000       0.6972
  14.000       0.5323
  15.000       0.6816
  16.000       0.5563
  17.000       0.5866
  18.000       0.5878
  19.000       0.6576
  20.000       0.5995
  21.000       0.9522
  22.000       0.6489
  23.000       0.5484
  24.000       0.9991
  25.000       0.8460
  26.000       1.2075
  27.000       0.6115
  28.000       0.6632
  29.000       0.7504
  30.000       0.7106
  31.000       0.6399
  32.000       0.8161
  33.000       1.3903
  34.000       0.7124
  35.000       0.7686
  36.000       0.7386
  37.000       0.7508
  38.000       0.8095
  39.000       0.6905
  40.000       0.9786
  41.000       1.5732
  42.000       0.7312
  43.000       0.5902
  44.000       1.7355
  45.000       0.9322
  46.000       0.7074
  47.000       0.7777
  48.000       1.1502
  49.000       1.2322
  50.000       0.8411
  51.000       0.5746
  52.000       0.7130
  53.000       0.6472
  54.000       1.0069
  55.000       0.8929
  56.000       0.7813
  57.000       1.0451
  58.000       0.7145
  59.000       0.9811
  60.000       0.7464
  61.000       0.8052
  62.000       0.6961
  63.000       0.8967
  64.000       1.4228
  65.000       1.2122
  66.000       1.1367
  67.000       1.2192
  68.000       0.9005
  69.000       0.9869
  70.000       1.1557
  71.000       0.8258
  72.000       0.9395
  73.000       0.8743
  74.000       2.2894
  75.000       1.4819
  76.000       0.9573
  77.000       1.0250
  78.000       1.0946
  79.000       1.2983
  80.000       0.8181
  81.000       0.6121
  82.000       0.7093
  83.000       0.5451
  84.000       0.8741
  85.000       0.5380
  86.000       0.6710
  87.000       0.9205
  88.000       0.7128
  89.000       0.7375
  90.000       0.7726
  91.000       0.7691
  92.000       0.9101
  93.000       1.0988
  94.000       0.6853
  95.000       1.0306
  96.000       1.0829
  97.000       1.0940
  98.000       1.0830
  99.000       0.7462
 100.000       0.7267
 101.000       0.6995
 102.000       0.5791
 103.000       0.7876
 104.000       0.5794
 105.000       0.8711
 106.000       1.0040
 107.000       0.8587
 108.000       0.6422
 109.000       0.9580
 110.000       0.6751
 111.000       0.6628
 112.000       0.9350
 113.000       0.9549
 114.000       1.8728
 115.000       1.1751
 116.000       0.8928
 117.000       0.8036
 118.000       0.8236
 119.000       0.9004
 120.000       1.4815
 121.000       0.8857
 122.000       1.7513
 123.000       1.7443
 124.000       1.7702
 125.000       2.5851
 126.000       1.3182
 127.000       1.3119
 128.000       1.9405
 129.000       1.6282
 130.000       0.9314
 131.000       1.0556
 132.000       1.2135
 133.000       2.0499
 134.000       3.0786
 135.000       3.0109
 136.000       3.8104
 137.000       4.7367
 138.000       5.6408
 139.000       6.1500
 140.000       4.9604
 141.000       6.0101
 142.000       4.3087
 143.000       3.6126
 144.000       3.6459
 145.000       3.4988
 146.000       3.1270
 147.000       2.8313
 148.000       3.1933
 149.000       3.3802
 150.000       2.7521
 151.000       2.0073
 152.000       3.7421
 153.000       3.7197
 154.000       3.6424
 155.000       4.5885
 156.000       4.7420
 157.000       4.3729
 158.000       5.6992
 159.000       4.8034
 160.000       4.9308
 161.000       3.2979
 162.000       1.9200
 163.000       1.2728
 164.000       0.8114
 165.000       0.7705
 166.000       0.8058
 167.000       1.1160
 168.000       0.9915
 169.000       0.8283
 170.000       1.3800
 171.000       1.6297
 172.000       1.0212
 173.000       1.1963
 174.000       1.1936
 175.000       1.7996
 176.000       2.3581
 177.000       1.0201
 178.000       0.7871
 179.000       1.4598
 180.000       1.3769
 181.000       1.1546
 182.000       1.0328
 183.000       1.6220
 184.000       1.3615
 185.000       0.9303
 186.000       1.4349
 187.000       1.1201
 188.000       1.2407
 189.000       1.2821
 190.000       0.8467
 191.000       0.8786
 192.000       0.9020
 193.000       0.6327
 194.000       0.5794
 195.000       0.7409
 196.000       0.6314
 197.000       0.7954
 198.000       0.7945
 199.000       0.7167
 200.000       0.9492
 201.000       0.9140
 202.000       0.8964
 203.000       1.0087
 204.000       1.0190
 205.000       0.8824
 206.000       0.9132
 207.000       1.1473
 208.000       1.7216
 209.000       0.8511
 210.000       1.3486
 211.000       1.7152
 212.000       0.8299
 213.000       0.9162
 214.000       0.8253
 215.000       1.5665
 216.000       0.9179
 217.000       0.9495
 218.000       1.2662
 219.000       0.9843
 220.000       0.8504
 221.000       0.7638
 222.000       0.8398
 223.000       1.1813
 224.000       0.6319
 225.000       0.5946
 226.000       0.7846
 227.000       0.7606
 228.000       0.8022
 229.000       0.6924
 230.000       1.0684
 231.000       0.8977
 232.000       1.0915
 233.000       0.8766
 234.000       0.7979
 235.000       0.7602
 236.000       1.1895
 237.000       0.9624
 238.000       1.0367
 239.000       1.3124
 240.000       0.8415
 241.000       0.8484
 242.000       1.8816
 243.000       1.1312
 244.000       0.7161
 245.000       0.9114
 246.000       1.2864
 247.000       1.0934
 248.000       0.6772
 249.000       0.9316
 250.000       0.8983
 251.000       0.9433
 252.000       1.4055
 253.000       2.0919
 254.000       1.5016
 255.000       1.0541
 256.000       1.1884
 257.000       1.3801
 258.000       1.1472
 259.000       0.8978
 260.000       1.4222
 261.000       0.7546
 262.000       0.9274
 263.000       0.6202
 264.000       0.7861
 265.000       0.6307
 266.000       0.6364
 267.000       0.7121
 268.000       0.5368
 269.000       0.6430
 270.000       0.5812
 271.000       0.9903
 272.000       0.5004
 273.000       0.8944
 274.000       0.6849
 275.000       0.8654
 276.000       0.6952
 277.000       1.1675
 278.000       0.5963
 279.000       0.5316
 280.000       0.8516
 281.000       0.7760
 282.000       0.6642
 283.000       0.8908
 284.000       0.7051
 285.000       0.6993
 286.000       1.0441
 287.000       0.9714
 288.000       1.5712
 289.000       1.2890
 290.000       1.6279
 291.000       1.3970
 292.000       1.6258
 293.000       1.2201
 294.000       1.2698
 295.000       1.4214
 296.000       0.8969
 297.000       0.7317
 298.000       0.7653
 299.000       0.8769
 300.000       0.6671
 301.000       0.6104
 302.000       0.9258
 303.000       0.6007
 304.000       0.5151
 305.000       0.7536
 306.000       0.6463
 307.000       0.5942
 308.000       0.5239
 309.000       0.7119
 310.000       0.9075
 311.000       0.6663
 312.000       0.5891
 313.000       1.0200
 314.000       0.7860
 315.000       0.7532
 316.000       0.9237
 317.000       0.7601
 318.000       0.9194
 319.000       0.9665
 320.000       0.7375
 321.000       0.9475
 322.000       1.2549
 323.000       0.9182
 324.000       1.2229
 325.000       1.7553
 326.000       1.4145
 327.000       1.1764
 328.000       1.3037
 329.000       1.3737
 330.000       1.0620
 331.000       0.9670
 332.000       2.2699
 333.000       1.0006
 334.000       0.8603
 335.000       0.9784
 336.000       1.1916
 337.000       0.9325
 338.000       0.9935
 339.000       0.8268
 340.000       1.0834
 341.000       0.8621
 342.000       1.0548
 343.000       0.9249
 344.000       0.9010
 345.000       1.4191
 346.000       0.9749
 347.000       1.1065
 348.000       0.8767
 349.000       1.2641
 350.000       1.4912
 351.000       1.5071
 352.000       1.1770
 353.000       1.1135
 354.000       1.3104
 355.000       0.8279
 356.000       0.8313
 357.000       1.1106
 358.000       0.8425
 359.000       0.7843
 360.000       1.0486
 361.000       0.9155
 362.000       0.6398
 363.000       0.5944
 364.000       1.0081
 365.000       0.7942
 366.000       1.0083
 367.000       0.6389
 368.000       0.7908
 369.000       0.9819
 370.000       0.5947
 371.000       0.8349
 372.000       0.5914
 373.000       0.8124
 374.000       0.6336
 375.000       0.8169
 376.000       0.6964
 377.000       0.7927
 378.000       0.7553
 379.000       0.8642
 380.000       0.6221
 381.000       0.9142
 382.000       0.8282
 383.000       1.0015
 384.000       0.8555
 385.000       0.9986
 386.000       1.0469
 387.000       1.2144
 388.000       1.1387
 389.000       1.2020
 390.000       1.3870
 391.000       2.3152
 392.000       2.0558
 393.000       2.0235
 394.000       1.2703
 395.000       1.5644
 396.000       1.6785
 397.000       1.4096
 398.000       1.3868
 399.000       1.0367
 400.000       1.9865
 401.000       0.8820
 402.000       0.7803
 403.000       0.9386
 404.000       0.7072
 405.000       0.8011
 406.000       0.7390
 407.000       0.8583
 408.000       0.7627
 409.000       0.6651
 410.000       1.0030
 411.000       1.1303
 412.000       1.0885
 413.000       0.6933
 414.000       0.9885
 415.000       0.8478
 416.000       0.9501
 417.000       0.7692
 418.000       0.7364
 419.000       1.0943
 420.000       0.7160
 421.000       0.6548
 422.000       0.9094
 423.000       0.7672
 424.000       0.7898
 425.000       1.1336
 426.000       1.0903
 427.000       0.9038
 428.000       1.0774
 429.000       0.9773
 430.000       1.1471
 431.000       1.0523
 432.000       0.9839
 433.000       0.9844
 434.000       1.1302
 435.000       1.5627
 436.000       0.7538
 437.000       0.7020
 438.000       0.9436
 439.000       0.7326
 440.000       0.7737
 441.000       0.6465
 442.000       0.9119
 443.000       0.9679
 444.000       0.9184
 445.000       0.7787
 446.000       1.0650
 447.000       0.8067
 448.000       1.1181
 449.000       1.1129
 450.000       1.3268
 451.000       1.0919
 452.000       1.1201
 453.000       1.0134
 454.000       1.8931
 455.000       2.2409
 456.000       1.5948
 457.000       1.7454
 458.000       1.6768
 459.000       1.6548
 460.000       1.6037
 461.000       1.3227
 462.000       1.5478
 463.000       2.0259
 464.000       1.5016
 465.000       1.5509
 466.000       1.5639
 467.000       1.7917
 468.000       1.4405
 469.000       1.6292
 470.000       1.5149
 471.000       1.4186
 472.000       1.8426
 473.000       1.4971
 474.000       1.5224
 475.000       1.1172
 476.000       1.0597
 477.000       1.2206
 478.000       1.2590
 479.000       1.2726
 480.000       0.9654
 481.000       0.9934
 482.000       0.9481
 483.000       0.8679
 484.000       0.8856
 485.000       0.9924
 486.000       1.5215
 487.000       1.0564
 488.000       0.7987
 489.000       0.9799
 490.000       0.9049
 491.000       1.0827
 492.000       0.8769
 493.000       0.9604
 494.000       1.1919
 495.000       1.2418
 496.000       1.0534
 497.000       1.8157
 498.000       1.2204
 499.000       1.1779
 500.000       1.3406
 501.000       1.8448
 502.000       2.3640
 503.000       2.3635
 504.000       1.6491
 505.000       1.8166
 506.000       1.2247
 507.000       1.1654
 508.000       1.2209
 509.000       1.2095
 510.000       0.9958
 511.000       1.1118
 512.000       1.0157
 513.000       1.1647
 514.000       0.7515
 515.000       1.3772
 516.000       1.2218
 517.000       1.1381
 518.000       0.7401
 519.000       0.8396
 520.000       0.6691
 521.000       0.5820
 522.000       0.9576
 523.000       0.9105
 524.000       0.7100
 525.000       0.8375
 526.000       0.7553
 527.000       1.2429
 528.000       0.7654
 529.000       0.8197
 530.000       1.5555
 531.000       1.2636
 532.000       1.3353
 533.000       1.4942
 534.000       1.5308
 535.000       1.8775
 536.000       1.6567
 537.000       2.2998
 538.000       2.6807
 539.000       3.7071
 540.000       3.3917
 541.000       2.9237
 542.000       3.2546
 543.000       3.4040
 544.000       2.5506
 545.000       2.4744
 546.000       3.1795
 547.000       2.3514
 548.000       1.8549
 549.000       2.2789
 550.000       3.3017
 551.000       3.8424
 552.000       8.8610
 553.000       1.9538
 554.000       4.5538
 555.000      51.7905
 556.000       0.4813
 557.000       0.7618
 558.000      51.3589
 559.000      50.9485
 560.000      51.7883
 561.000      51.3751
 562.000      51.0246
 563.000      52.4518
 564.000      50.5627
 565.000      50.8508
 566.000      52.0805
 567.000      52.1791
 568.000      51.0857
 569.000      52.3475
 570.000      50.3813
 571.000      49.9997
 572.000      51.7870
 573.000      51.4969
 574.000      51.9259
 575.000      52.5106
 576.000      52.7937
 577.000      49.5891
 578.000      50.8757
 579.000      50.7073
 580.000      52.3397
 581.000      50.9760
 582.000      50.8527
 583.000      51.8418
 584.000      50.9735
 585.000      50.4595
 586.000      51.0325
 587.000      50.3034
 588.000      51.6666
 589.000      50.5956
 590.000      52.3782
 591.000      50.6769
 592.000      51.6570
 593.000      51.3382
 594.000      51.0003
 595.000      50.6116
 596.000      52.1300
 597.000      51.3827
 598.000      51.8119
 599.000      52.5550
 600.000       0.5903
 601.000      52.8080
 602.000      53.1474
 603.000      53.4340
 604.000      52.4295
 605.000      53.0731
 606.000      52.7535
 607.000      52.2020
 608.000      51.9256
 609.000      52.2043
 610.000      52.5322
 611.000      52.0245
 612.000      53.0251
 613.000      52.5380
 614.000      52.6439
 615.000      52.9076
 616.000      52.8250
 617.000      52.7900
 618.000      52.6747
 619.000      52.5414
 620.000      52.3271
 621.000      51.4252
 622.000      52.2949
 623.000      52.5148
 624.000      52.5550
 625.000      53.0415
 626.000      52.1887
 627.000      52.2950
 628.000      51.7927
 629.000      52.9502
 630.000      52.3714
 631.000      52.9654
 632.000      52.7037
 633.000      52.7769
 634.000      53.3137
 635.000      52.9259
 636.000      53.2520
 637.000      51.9754
 638.000      52.4062
 639.000      52.6053
 640.000      52.4641
 641.000      52.4226
 642.000      52.4480
 643.000      52.7629
 644.000      52.8303
 645.000      51.7995
 646.000      53.2521
