#Res        AtomicFlx
   1.000       6.2282
   2.000       4.8064
   3.000       3.7774
   4.000       2.4452
   5.000       2.3471
   6.000       2.6389
   7.000       1.8911
   8.000       2.5689
   9.000       1.7281
  10.000       1.3415
  11.000       1.2447
  12.000       1.2394
  13.000       1.0306
  14.000       0.8461
  15.000       0.9143
  16.000       0.9025
  17.000       0.7602
  18.000       0.7670
  19.000       0.8378
  20.000       0.6490
  21.000       0.6002
  22.000       0.4873
  23.000       0.5424
  24.000       0.6095
  25.000       0.6448
  26.000       0.5184
  27.000       0.5607
  28.000       0.7321
  29.000       0.7347
  30.000       0.6717
  31.000       0.6636
  32.000       0.8335
  33.000       1.0080
  34.000       1.0641
  35.000       1.0467
  36.000       1.0920
  37.000       1.3313
  38.000       1.5694
  39.000       1.4709
  40.000       1.1786
  41.000       0.9926
  42.000       0.8617
  43.000       0.9513
  44.000       0.8966
  45.000       0.6596
  46.000       0.6654
  47.000       0.7808
  48.000       0.7214
  49.000       0.5974
  50.000       0.6335
  51.000       0.7429
  52.000       0.7728
  53.000       0.7247
  54.000       0.6772
  55.000       0.5910
  56.000       0.6076
  57.000       0.6197
  58.000       0.5076
  59.000       0.4731
  60.000       0.5575
  61.000       0.6920
  62.000       0.6777
  63.000       0.6123
  64.000       0.7555
  65.000       0.8026
  66.000       0.8512
  67.000       0.8367
  68.000       0.8409
  69.000       0.8680
  70.000       0.7565
  71.000       1.0288
  72.000       0.9461
  73.000       0.8145
  74.000       0.7341
  75.000       0.7529
  76.000       0.7166
  77.000       0.7265
  78.000       0.7589
  79.000       0.8007
  80.000       0.7845
  81.000       0.7259
  82.000       0.8539
  83.000       0.6826
  84.000       0.6833
  85.000       0.6743
  86.000       0.6374
  87.000       0.6362
  88.000       0.5779
  89.000       0.5413
  90.000       0.5244
  91.000       0.5422
  92.000       0.5253
  93.000       0.4769
  94.000       0.4845
  95.000       0.5053
  96.000       0.5101
  97.000       0.4831
  98.000       0.4941
  99.000       0.4993
 100.000       0.4707
 101.000       0.4525
 102.000       0.4613
 103.000       0.5120
 104.000       0.4962
 105.000       0.4894
 106.000       0.5150
 107.000       0.5018
 108.000       0.4890
 109.000       0.4968
 110.000       0.5215
 111.000       0.4865
 112.000       0.5037
 113.000       0.6126
 114.000       0.6199
 115.000       0.6154
 116.000       0.8279
 117.000       0.9622
 118.000       1.1814
 119.000       1.0635
 120.000       0.7231
 121.000       0.7871
 122.000       0.8635
 123.000       1.0653
 124.000       1.0365
 125.000       1.2266
 126.000       1.4639
 127.000       1.8795
 128.000       2.6027
 129.000       2.5198
 130.000       1.4223
 131.000       1.6264
 132.000       2.0711
 133.000       1.5934
 134.000       1.3306
 135.000       1.2498
 136.000       1.5397
 137.000       1.3154
 138.000       1.8901
 139.000       2.3542
 140.000       2.6973
 141.000       2.7384
 142.000       2.6005
 143.000       2.4072
 144.000       2.1340
 145.000       1.6389
 146.000       1.8364
 147.000       2.0386
 148.000       1.9183
 149.000       1.2523
 150.000       1.1347
 151.000       0.7647
 152.000       0.7532
 153.000       0.5904
 154.000       0.6550
 155.000       0.7353
 156.000       0.6347
 157.000       0.5605
 158.000       0.7092
 159.000       0.9213
 160.000       1.0989
 161.000       1.1093
 162.000       1.0272
 163.000       0.8282
 164.000       1.1847
 165.000       1.6521
 166.000       1.3340
 167.000       1.0476
 168.000       1.2056
 169.000       1.1892
 170.000       0.9609
 171.000       1.4018
 172.000       1.5118
 173.000       1.9508
 174.000       1.6162
 175.000       1.3225
 176.000       1.0705
 177.000       0.8399
 178.000       0.8518
 179.000       0.7647
 180.000       0.6326
 181.000       0.6563
 182.000       0.6548
 183.000       0.5634
 184.000       0.5471
 185.000       0.6124
 186.000       0.6168
 187.000       0.5564
 188.000       0.5516
 189.000       0.6629
 190.000       0.7018
 191.000       0.6342
 192.000       0.6560
 193.000       0.8355
 194.000       0.8927
 195.000       0.8823
 196.000       0.9648
 197.000       1.1009
 198.000       1.2735
 199.000       1.3082
 200.000       1.3808
 201.000       1.3196
 202.000       1.1591
 203.000       1.1913
 204.000       1.2142
 205.000       1.0579
 206.000       0.9795
 207.000       1.0051
 208.000       1.0333
 209.000       0.9027
 210.000       0.9043
 211.000       0.9497
 212.000       0.8090
 213.000       0.7176
 214.000       0.7502
 215.000       0.7295
 216.000       0.6208
 217.000       0.6585
 218.000       0.7303
 219.000       0.6610
 220.000       0.6252
 221.000       0.7051
 222.000       0.7238
 223.000       0.6676
 224.000       0.7157
 225.000       0.7715
 226.000       0.7407
 227.000       0.7207
 228.000       0.7459
 229.000       0.7277
 230.000       0.6857
 231.000       0.8310
 232.000       0.7598
 233.000       0.7470
 234.000       0.9178
 235.000       0.8263
 236.000       0.8429
 237.000       1.0269
 238.000       1.0325
 239.000       0.9663
 240.000       1.1431
 241.000       1.2441
 242.000       1.4163
 243.000       1.4303
 244.000       1.1550
 245.000       1.2467
 246.000       1.4193
 247.000       1.1904
 248.000       1.1553
 249.000       1.1182
 250.000       0.9201
 251.000       0.7456
 252.000       0.7147
 253.000       0.6819
 254.000       0.6132
 255.000       0.5511
 256.000       0.5522
 257.000       0.5411
 258.000       0.5496
 259.000       0.5176
 260.000       0.6129
 261.000       0.6570
 262.000       0.6498
 263.000       0.6438
 264.000       0.5468
 265.000       0.7200
 266.000       0.7167
 267.000       0.7550
 268.000       0.5623
 269.000       0.6758
 270.000       0.8111
 271.000       0.6639
 272.000       0.6012
 273.000       0.7887
 274.000       0.8982
 275.000       0.9159
 276.000       0.8600
 277.000       0.9699
 278.000       0.9005
 279.000       0.9488
 280.000       0.9440
 281.000       0.8532
 282.000       0.7857
 283.000       0.6568
 284.000       0.7087
 285.000       0.7041
 286.000       0.6265
 287.000       0.6487
 288.000       0.6505
 289.000       0.5906
 290.000       0.6007
 291.000       0.6205
 292.000       0.5766
 293.000       0.5213
 294.000       0.5648
 295.000       0.5992
 296.000       0.5261
 297.000       0.5056
 298.000       0.6079
 299.000       0.5977
 300.000       0.5634
 301.000       0.6028
 302.000       0.5658
 303.000       0.5447
 304.000       0.5241
 305.000       0.5648
 306.000       0.5616
 307.000       0.6194
 308.000       0.6439
 309.000       0.6217
 310.000       0.6195
 311.000       0.6778
 312.000       0.7077
 313.000       0.7893
 314.000       0.8762
 315.000       0.9016
 316.000       1.1079
 317.000       1.8164
 318.000       1.3845
 319.000       1.1075
 320.000       1.6229
 321.000       1.4478
 322.000       1.1368
 323.000       1.3763
 324.000       1.4139
 325.000       1.3698
 326.000       1.4045
 327.000       1.1113
 328.000       0.9765
 329.000       0.7915
 330.000       0.6638
 331.000       0.6031
 332.000       0.5499
 333.000       0.5592
 334.000       0.6994
 335.000       0.5527
 336.000       0.5198
 337.000       0.5865
 338.000       0.6112
 339.000       0.6404
 340.000       0.7225
 341.000       0.7478
 342.000       0.7841
 343.000       0.8676
 344.000       0.8056
 345.000       0.6523
 346.000       0.6771
 347.000       0.6631
 348.000       0.5640
 349.000       0.5261
 350.000       0.5304
 351.000       0.5441
 352.000       0.4934
 353.000       0.4690
 354.000       0.5209
 355.000       0.5253
 356.000       0.5073
 357.000       0.5165
 358.000       0.6431
 359.000       0.6694
 360.000       0.6018
 361.000       0.5919
 362.000       0.7511
 363.000       0.8327
 364.000       0.6052
 365.000       0.6181
 366.000       0.8573
 367.000       0.8365
 368.000       0.7561
 369.000       0.8892
 370.000       0.9910
 371.000       0.9950
 372.000       0.9499
 373.000       1.0079
 374.000       0.9990
 375.000       1.0012
 376.000       0.9038
 377.000       0.9117
 378.000       0.9501
 379.000       1.1233
 380.000       1.3679
 381.000       1.8126
 382.000       1.7497
 383.000       1.7792
 384.000       1.9808
 385.000       2.0271
 386.000       1.3463
 387.000       0.9779
 388.000       0.8943
 389.000       1.0656
 390.000       0.9331
 391.000       0.7087
 392.000       0.7807
 393.000       0.9116
 394.000       0.7790
 395.000       0.6313
 396.000       0.7750
 397.000       0.9244
 398.000       0.7988
 399.000       0.7464
 400.000       1.0056
 401.000       1.0895
 402.000       1.0057
 403.000       1.1163
 404.000       0.8968
 405.000       0.8932
 406.000       1.0850
 407.000       0.9776
 408.000       1.0259
 409.000       1.6663
 410.000       1.1971
 411.000       1.1441
 412.000       0.9738
 413.000       0.8330
 414.000       0.7447
 415.000       0.8396
 416.000       0.8146
 417.000       0.7680
 418.000       0.8496
 419.000       0.7656
 420.000       1.0517
 421.000       1.1880
 422.000       1.1905
 423.000       0.8871
 424.000       0.8518
 425.000       0.6928
 426.000       0.5413
 427.000       0.5998
 428.000       0.6528
 429.000       0.6177
 430.000       0.5644
 431.000       0.5661
 432.000       0.5932
 433.000       0.5529
 434.000       0.5493
 435.000       0.6054
 436.000       0.6305
 437.000       0.6544
 438.000       0.7139
 439.000       0.7414
 440.000       0.7551
 441.000       0.7253
 442.000       0.7436
 443.000       0.6624
 444.000       0.7265
 445.000       0.7232
 446.000       0.6287
 447.000       0.6675
 448.000       0.7468
 449.000       0.7280
 450.000       0.7217
 451.000       0.8096
 452.000       0.9490
 453.000       1.0546
 454.000       1.0046
 455.000       1.0370
 456.000       1.0313
 457.000       0.9434
 458.000       0.8393
 459.000       0.9203
 460.000       0.8623
 461.000       0.7943
 462.000       0.6842
 463.000       0.6904
 464.000       0.7092
 465.000       0.6065
 466.000       0.5868
 467.000       0.6475
 468.000       0.6613
 469.000       0.6500
 470.000       0.7146
 471.000       0.6555
 472.000       0.6579
 473.000       0.6074
 474.000       0.5597
 475.000       0.6231
 476.000       0.6415
 477.000       0.6223
 478.000       0.6836
 479.000       0.7735
 480.000       0.7683
 481.000       0.8043
 482.000       0.9591
 483.000       0.9751
 484.000       1.0750
 485.000       1.2096
 486.000       1.5383
 487.000       1.6716
 488.000       1.4425
 489.000       1.5176
 490.000       1.1483
 491.000       1.7603
 492.000       2.1448
 493.000       1.3374
 494.000       1.2928
 495.000       1.0146
 496.000       1.1627
 497.000       1.1819
 498.000       1.0667
 499.000       0.9287
 500.000       0.9648
 501.000       0.9895
 502.000       0.9223
 503.000       0.9598
 504.000       0.9815
 505.000       0.9642
 506.000       1.0526
 507.000       1.1612
 508.000       1.1232
 509.000       1.1101
 510.000       1.0094
 511.000       1.0470
 512.000       0.9470
 513.000       0.8826
 514.000       0.9238
 515.000       1.0543
 516.000       1.1233
 517.000       0.9077
 518.000       0.9702
 519.000       1.2845
 520.000       1.2451
 521.000       1.0583
 522.000       1.2914
 523.000       1.6606
 524.000       1.6409
 525.000       1.5460
 526.000       1.9922
 527.000       1.9642
 528.000       2.0055
 529.000       2.0062
 530.000       1.9677
 531.000       1.6891
 532.000       1.4288
 533.000       1.5265
 534.000       1.6391
 535.000       1.4487
 536.000       1.2640
 537.000       1.6085
 538.000       1.8913
 539.000       1.9489
 540.000       2.4288
 541.000       4.3220
 542.000       6.3752
