#Res        AtomicFlx
   1.000       2.5635
   2.000       1.6340
   3.000       1.1928
   4.000       1.0300
   5.000       1.4183
   6.000       0.9713
   7.000       0.8805
   8.000       0.8498
   9.000       0.7933
  10.000       0.6414
  11.000       0.6075
  12.000       0.6710
  13.000       0.5954
  14.000       0.5029
  15.000       0.5395
  16.000       0.5875
  17.000       0.5104
  18.000       0.4991
  19.000       0.5154
  20.000       0.6194
  21.000       0.6665
  22.000       0.7086
  23.000       0.6271
  24.000       0.7539
  25.000       1.0417
  26.000       0.8940
  27.000       0.8329
  28.000       0.7873
  29.000       0.8118
  30.000       0.9381
  31.000       0.9400
  32.000       0.8460
  33.000       0.9282
  34.000       0.8839
  35.000       0.9044
  36.000       0.8578
  37.000       0.8917
  38.000       0.8742
  39.000       0.7712
  40.000       0.7792
  41.000       0.8424
  42.000       0.7684
  43.000       0.7078
  44.000       0.7784
  45.000       0.7994
  46.000       0.7370
  47.000       0.7119
  48.000       0.8074
  49.000       0.8952
  50.000       0.8454
  51.000       0.6492
  52.000       0.6005
  53.000       0.6039
  54.000       0.5646
  55.000       0.5063
  56.000       0.5025
  57.000       0.4786
  58.000       0.4890
  59.000       0.5581
  60.000       0.5939
  61.000       0.5631
  62.000       0.6050
  63.000       0.6484
  64.000       0.6850
  65.000       0.7837
  66.000       0.7747
  67.000       0.7490
  68.000       0.7952
  69.000       0.7101
  70.000       0.6521
  71.000       0.6626
  72.000       0.5878
  73.000       0.7284
  74.000       1.3247
  75.000       2.6343
  76.000       1.5982
  77.000       1.6467
  78.000       1.3150
  79.000       0.8191
  80.000       0.6910
  81.000       0.7212
  82.000       0.7336
  83.000       0.6991
  84.000       0.6396
  85.000       0.6709
  86.000       0.7168
  87.000       0.7269
  88.000       0.6914
  89.000       0.7910
  90.000       0.8370
  91.000       0.8546
  92.000       0.8521
  93.000       0.8984
  94.000       0.8828
  95.000       0.8667
  96.000       0.8803
  97.000       0.8487
  98.000       0.8721
  99.000       0.8650
 100.000       0.8065
 101.000       0.7307
 102.000       0.7274
 103.000       0.7141
 104.000       0.6679
 105.000       0.6566
 106.000       0.6916
 107.000       0.6607
 108.000       0.6498
 109.000       0.7053
 110.000       0.7841
 111.000       0.7683
 112.000       0.8440
 113.000       0.9476
 114.000       1.0982
 115.000       1.0756
 116.000       0.9617
 117.000       1.0900
 118.000       1.0882
 119.000       1.2813
 120.000       1.1010
 121.000       1.6313
 122.000       1.8813
 123.000       2.8297
 124.000       3.3435
 125.000       4.7064
 126.000       4.1462
 127.000       3.8488
 128.000       6.3072
 129.000       6.5187
 130.000       4.9443
 131.000       5.4119
 132.000       5.4878
 133.000       5.6066
 134.000       4.8002
 135.000       3.4513
 136.000       3.8327
 137.000       4.5222
 138.000       5.2399
 139.000       4.9746
 140.000       4.2458
 141.000       4.5794
 142.000       3.7956
 143.000       3.6016
 144.000       3.8336
 145.000       4.1993
 146.000       3.5211
 147.000       2.9921
 148.000       2.7592
 149.000       3.4950
 150.000       4.0525
 151.000       3.4037
 152.000       3.0642
 153.000       4.4247
 154.000       5.4284
 155.000       5.1061
 156.000       4.7949
 157.000       5.5931
 158.000       7.0559
 159.000       6.4836
 160.000       6.1597
 161.000       5.4085
 162.000       3.5167
 163.000       2.4827
 164.000       1.2796
 165.000       1.2371
 166.000       0.9930
 167.000       0.9388
 168.000       1.0202
 169.000       0.9587
 170.000       0.8292
 171.000       0.9090
 172.000       0.9674
 173.000       0.9141
 174.000       0.8965
 175.000       0.8991
 176.000       0.8706
 177.000       0.9757
 178.000       0.9170
 179.000       0.9964
 180.000       0.9419
 181.000       0.9340
 182.000       1.2031
 183.000       1.0439
 184.000       1.1314
 185.000       1.1530
 186.000       1.2256
 187.000       1.1732
 188.000       1.0139
 189.000       0.9800
 190.000       0.9299
 191.000       0.8603
 192.000       0.8630
 193.000       0.8737
 194.000       0.8048
 195.000       0.7863
 196.000       0.8565
 197.000       0.8556
 198.000       0.8326
 199.000       0.8444
 200.000       0.8897
 201.000       0.8849
 202.000       0.9134
 203.000       0.8816
 204.000       0.8715
 205.000       0.9318
 206.000       1.0470
 207.000       1.0727
 208.000       1.3352
 209.000       2.2436
 210.000       1.9309
 211.000       1.8408
 212.000       1.8417
 213.000       1.6731
 214.000       1.5456
 215.000       1.3763
 216.000       1.3008
 217.000       1.3631
 218.000       1.2306
 219.000       1.0369
 220.000       1.2902
 221.000       1.3434
 222.000       0.9966
 223.000       0.8037
 224.000       0.6491
 225.000       0.6003
 226.000       0.6657
 227.000       0.6227
 228.000       0.6039
 229.000       0.6496
 230.000       0.6713
 231.000       0.6906
 232.000       0.7746
 233.000       0.7783
 234.000       0.7940
 235.000       0.9392
 236.000       1.0468
 237.000       1.0779
 238.000       0.9180
 239.000       0.9864
 240.000       0.9755
 241.000       0.8998
 242.000       0.9688
 243.000       0.9579
 244.000       0.9448
 245.000       0.9781
 246.000       1.0141
 247.000       1.0562
 248.000       1.1230
 249.000       1.1453
 250.000       1.1090
 251.000       1.0422
 252.000       1.1381
 253.000       1.2903
 254.000       1.2453
 255.000       1.0143
 256.000       1.0523
 257.000       1.1958
 258.000       1.0582
 259.000       1.0205
 260.000       0.9536
 261.000       0.8640
 262.000       0.8206
 263.000       0.7972
 264.000       0.7472
 265.000       0.7175
 266.000       0.6934
 267.000       0.6673
 268.000       0.6413
 269.000       0.6794
 270.000       0.6381
 271.000       0.5843
 272.000       0.6286
 273.000       0.5585
 274.000       0.6646
 275.000       0.6183
 276.000       0.7557
 277.000       0.6428
 278.000       0.7207
 279.000       0.6021
 280.000       0.5033
 281.000       0.5021
 282.000       0.6198
 283.000       0.5967
 284.000       0.5572
 285.000       0.6130
 286.000       0.7406
 287.000       0.7817
 288.000       0.9812
 289.000       1.0345
 290.000       0.9764
 291.000       0.8295
 292.000       0.7308
 293.000       0.6803
 294.000       0.6547
 295.000       0.7179
 296.000       0.6892
 297.000       0.5940
 298.000       0.6662
 299.000       0.7107
 300.000       0.5590
 301.000       0.5912
 302.000       0.7291
 303.000       0.6400
 304.000       0.5688
 305.000       0.6979
 306.000       0.7331
 307.000       0.6286
 308.000       0.6706
 309.000       0.8039
 310.000       0.7385
 311.000       0.7117
 312.000       0.7949
 313.000       0.7921
 314.000       0.7297
 315.000       0.7489
 316.000       0.8268
 317.000       0.8124
 318.000       0.8190
 319.000       0.8563
 320.000       0.8782
 321.000       0.8454
 322.000       0.8913
 323.000       0.9866
 324.000       1.0137
 325.000       1.0654
 326.000       1.2246
 327.000       1.3061
 328.000       1.5077
 329.000       1.5118
 330.000       1.2634
 331.000       1.3657
 332.000       1.4116
 333.000       1.2164
 334.000       1.2385
 335.000       1.5012
 336.000       1.2641
 337.000       1.3146
 338.000       1.0632
 339.000       0.8914
 340.000       0.8834
 341.000       0.9205
 342.000       0.8530
 343.000       0.7963
 344.000       0.8081
 345.000       0.7887
 346.000       0.7977
 347.000       0.8599
 348.000       0.8382
 349.000       0.7834
 350.000       0.8843
 351.000       0.9830
 352.000       0.9192
 353.000       0.9745
 354.000       0.9617
 355.000       0.8434
 356.000       0.8293
 357.000       0.7972
 358.000       0.6954
 359.000       0.7003
 360.000       0.6847
 361.000       0.6409
 362.000       0.5933
 363.000       0.5998
 364.000       0.5997
 365.000       0.6170
 366.000       0.6541
 367.000       0.6460
 368.000       0.6729
 369.000       0.7353
 370.000       0.8118
 371.000       0.8272
 372.000       0.7793
 373.000       0.5860
 374.000       0.6668
 375.000       0.6449
 376.000       0.5651
 377.000       0.6216
 378.000       0.6339
 379.000       0.5670
 380.000       0.6061
 381.000       0.6369
 382.000       0.6452
 383.000       0.7287
 384.000       0.7939
 385.000       0.8037
 386.000       0.8622
 387.000       0.9369
 388.000       1.0000
 389.000       1.0938
 390.000       1.2634
 391.000       1.4196
 392.000       1.4100
 393.000       1.2845
 394.000       1.0248
 395.000       1.0957
 396.000       1.1890
 397.000       1.0024
 398.000       0.8892
 399.000       0.8872
 400.000       0.8760
 401.000       0.7800
 402.000       0.7481
 403.000       0.8131
 404.000       0.8220
 405.000       0.7712
 406.000       0.8240
 407.000       0.8561
 408.000       0.8408
 409.000       0.8269
 410.000       0.8401
 411.000       0.8924
 412.000       0.8785
 413.000       0.8181
 414.000       0.8813
 415.000       0.8887
 416.000       0.8374
 417.000       0.8445
 418.000       0.8439
 419.000       0.8575
 420.000       0.8236
 421.000       0.8358
 422.000       0.8584
 423.000       0.8308
 424.000       0.8113
 425.000       0.8401
 426.000       0.8696
 427.000       0.8919
 428.000       0.8715
 429.000       0.8967
 430.000       0.9351
 431.000       0.9296
 432.000       1.0585
 433.000       1.3921
 434.000       1.0205
 435.000       0.8783
 436.000       0.8088
 437.000       0.7534
 438.000       0.6653
 439.000       0.6789
 440.000       0.6068
 441.000       0.6242
 442.000       0.7058
 443.000       0.6788
 444.000       0.6244
 445.000       0.7059
 446.000       0.8071
 447.000       0.7736
 448.000       0.7238
 449.000       0.7440
 450.000       0.8542
 451.000       0.8852
 452.000       0.8818
 453.000       0.8953
 454.000       0.8484
 455.000       0.9677
 456.000       0.9436
 457.000       0.8059
 458.000       0.7983
 459.000       0.8828
 460.000       0.9199
 461.000       0.7551
 462.000       0.7700
 463.000       0.9144
 464.000       0.8789
 465.000       0.7890
 466.000       0.8862
 467.000       0.8939
 468.000       0.8237
 469.000       0.8344
 470.000       0.9018
 471.000       0.9590
 472.000       0.9120
 473.000       0.7454
 474.000       0.7941
 475.000       0.8539
 476.000       0.7426
 477.000       0.7463
 478.000       0.8807
 479.000       0.8378
 480.000       0.7861
 481.000       0.9069
 482.000       0.8102
 483.000       0.7789
 484.000       0.7288
 485.000       0.6863
 486.000       0.7384
 487.000       0.7546
 488.000       0.7113
 489.000       0.7474
 490.000       0.8456
 491.000       0.8340
 492.000       0.8090
 493.000       0.9145
 494.000       1.0346
 495.000       1.0524
 496.000       1.0271
 497.000       1.2369
 498.000       1.1693
 499.000       1.0473
 500.000       1.1113
 501.000       1.1799
 502.000       1.3594
 503.000       1.7896
 504.000       1.2359
 505.000       1.2521
 506.000       1.0336
 507.000       1.0967
 508.000       1.1732
 509.000       1.0962
 510.000       0.9295
 511.000       0.9745
 512.000       0.9954
 513.000       0.8861
 514.000       0.8617
 515.000       0.8876
 516.000       0.8798
 517.000       0.8812
 518.000       0.8554
 519.000       0.8653
 520.000       0.8048
 521.000       0.7666
 522.000       0.7403
 523.000       0.7728
 524.000       0.8128
 525.000       0.8288
 526.000       1.1882
 527.000       1.3210
 528.000       1.1605
 529.000       1.3451
 530.000       1.6331
 531.000       1.5996
 532.000       1.5462
 533.000       2.1173
 534.000       2.4352
 535.000       2.1689
 536.000       2.4761
 537.000       3.3849
 538.000       3.7884
 539.000       3.0880
 540.000       3.3336
 541.000       3.2237
 542.000       3.4807
 543.000       3.1746
 544.000       2.7393
 545.000       2.9416
 546.000       3.1296
 547.000       2.8033
 548.000       2.6239
 549.000       2.6544
 550.000       2.9417
 551.000       3.3325
 553.000      52.1614
