#Res        AtomicFlx
   1.000       3.6845
   2.000       2.0490
   3.000       1.3195
   4.000       0.9566
   5.000       1.3188
   6.000       1.0818
   7.000       0.9006
   8.000       0.9046
   9.000       0.7951
  10.000       0.6453
  11.000       0.6391
  12.000       0.6513
  13.000       0.5340
  14.000       0.4726
  15.000       0.5209
  16.000       0.5687
  17.000       0.5091
  18.000       0.5152
  19.000       0.5000
  20.000       0.6088
  21.000       0.7209
  22.000       0.7105
  23.000       0.5560
  24.000       0.7179
  25.000       0.8966
  26.000       0.7406
  27.000       0.5490
  28.000       0.7397
  29.000       1.0988
  30.000       0.6780
  31.000       0.9251
  32.000       1.4007
  33.000       1.1326
  34.000       0.7844
  35.000       1.0344
  36.000       0.9163
  37.000       0.9571
  38.000       0.9941
  39.000       0.7963
  40.000       0.7975
  41.000       0.8661
  42.000       0.6422
  43.000       0.5595
  44.000       0.7198
  45.000       0.7647
  46.000       0.6726
  47.000       0.6972
  48.000       0.8837
  49.000       1.0236
  50.000       0.8796
  51.000       0.6614
  52.000       0.5852
  53.000       0.6258
  54.000       0.6717
  55.000       0.5946
  56.000       0.5463
  57.000       0.5626
  58.000       0.6383
  59.000       0.5745
  60.000       0.5496
  61.000       0.5747
  62.000       0.6172
  63.000       0.6148
  64.000       0.6007
  65.000       0.6598
  66.000       0.8848
  67.000       0.9274
  68.000       1.0482
  69.000       0.9169
  70.000       0.9061
  71.000       0.9674
  72.000       0.7861
  73.000       0.7778
  74.000       0.8621
  75.000       1.1593
  76.000       1.2382
  77.000       1.3052
  78.000       1.0170
  79.000       0.8176
  80.000       0.6662
  81.000       0.6071
  82.000       0.5437
  83.000       0.5726
  84.000       0.5727
  85.000       0.5408
  86.000       0.5113
  87.000       0.5216
  88.000       0.5306
  89.000       0.5592
  90.000       0.5716
  91.000       0.6145
  92.000       0.6983
  93.000       0.8306
  94.000       0.8450
  95.000       0.7422
  96.000       0.7965
  97.000       0.7751
  98.000       0.8309
  99.000       0.8217
 100.000       0.7692
 101.000       0.6569
 102.000       0.5971
 103.000       0.6105
 104.000       0.5833
 105.000       0.5491
 106.000       0.5740
 107.000       0.5648
 108.000       0.5464
 109.000       0.6134
 110.000       0.6976
 111.000       0.6706
 112.000       0.7190
 113.000       0.7665
 114.000       0.8184
 115.000       0.8833
 116.000       0.6428
 117.000       0.6662
 118.000       0.8135
 119.000       0.8204
 120.000       0.8778
 121.000       1.1992
 122.000       1.6337
 123.000       1.7741
 124.000       2.7878
 125.000       3.1600
 126.000       3.7031
 127.000       2.8763
 128.000       3.0156
 129.000       2.8181
 130.000       2.8413
 131.000       3.9227
 132.000       4.7717
 133.000       5.1977
 134.000       6.2664
 135.000       6.2653
 136.000       6.1210
 137.000       6.7484
 138.000       6.6406
 139.000       5.6946
 140.000       4.5938
 141.000       4.9372
 142.000       3.8196
 143.000       2.8107
 144.000       2.7445
 145.000       2.2780
 146.000       1.8060
 147.000       2.1422
 148.000       2.9722
 149.000       3.0816
 150.000       2.5297
 151.000       1.8503
 152.000       2.0403
 153.000       2.6087
 154.000       3.1455
 155.000       4.3819
 156.000       5.1775
 157.000       5.4099
 158.000       6.4348
 159.000       5.4890
 160.000       4.7787
 161.000       3.9021
 162.000       2.0943
 163.000       1.3188
 164.000       0.8518
 165.000       0.7579
 166.000       0.6234
 167.000       0.6526
 168.000       0.7190
 169.000       0.6569
 170.000       0.6105
 171.000       0.6929
 172.000       0.7390
 173.000       0.7415
 174.000       0.7429
 175.000       0.8225
 176.000       0.8119
 177.000       0.7098
 178.000       0.7377
 179.000       0.9526
 180.000       0.9538
 181.000       0.9551
 182.000       1.2393
 183.000       1.5770
 184.000       1.7701
 185.000       2.3952
 186.000       1.2812
 187.000       0.9028
 188.000       1.0244
 189.000       0.9651
 190.000       0.8734
 191.000       0.7314
 192.000       0.7233
 193.000       0.7121
 194.000       0.6005
 195.000       0.5962
 196.000       0.6627
 197.000       0.6417
 198.000       0.5753
 199.000       0.6035
 200.000       0.6714
 201.000       0.6933
 202.000       0.6891
 203.000       0.7268
 204.000       0.8510
 205.000       0.8861
 206.000       0.8909
 207.000       1.0349
 208.000       1.5095
 209.000       2.2075
 210.000       1.6417
 211.000       1.8392
 212.000       1.6974
 213.000       1.2656
 214.000       1.1547
 215.000       1.0096
 216.000       0.8905
 217.000       1.0950
 218.000       1.0590
 219.000       0.8059
 220.000       0.8449
 221.000       0.9535
 222.000       0.8902
 223.000       0.8016
 224.000       0.6934
 225.000       0.6673
 226.000       0.7467
 227.000       0.6940
 228.000       0.6116
 229.000       0.6858
 230.000       0.7519
 231.000       0.6877
 232.000       0.7201
 233.000       0.8733
 234.000       0.8445
 235.000       0.8427
 236.000       1.0152
 237.000       0.9913
 238.000       0.8410
 239.000       0.8860
 240.000       0.8527
 241.000       0.7375
 242.000       0.8789
 243.000       0.8957
 244.000       0.7320
 245.000       0.7230
 246.000       0.8487
 247.000       0.8062
 248.000       0.6881
 249.000       0.7651
 250.000       0.8522
 251.000       0.9172
 252.000       1.0716
 253.000       1.2964
 254.000       1.2046
 255.000       0.9219
 256.000       1.0520
 257.000       1.1825
 258.000       0.9583
 259.000       0.8982
 260.000       0.8113
 261.000       0.6727
 262.000       0.6571
 263.000       0.6662
 264.000       0.5840
 265.000       0.5467
 266.000       0.5651
 267.000       0.5685
 268.000       0.5083
 269.000       0.5176
 270.000       0.5266
 271.000       0.5309
 272.000       0.4569
 273.000       0.4991
 274.000       0.7180
 275.000       0.7582
 276.000       1.2260
 277.000       0.7803
 278.000       1.2746
 279.000       0.8082
 280.000       0.7088
 281.000       0.8319
 282.000       0.7736
 283.000       0.6336
 284.000       0.7234
 285.000       0.6847
 286.000       0.6865
 287.000       0.7140
 288.000       0.7926
 289.000       0.7258
 290.000       0.8028
 291.000       0.8586
 292.000       0.8051
 293.000       0.7169
 294.000       0.7304
 295.000       0.6795
 296.000       0.6255
 297.000       0.6163
 298.000       0.5660
 299.000       0.5830
 300.000       0.5395
 301.000       0.5069
 302.000       0.5589
 303.000       0.5112
 304.000       0.4590
 305.000       0.5027
 306.000       0.5354
 307.000       0.4918
 308.000       0.4804
 309.000       0.5255
 310.000       0.5460
 311.000       0.5468
 312.000       0.5689
 313.000       0.5826
 314.000       0.5601
 315.000       0.5328
 316.000       0.6011
 317.000       0.6544
 318.000       0.6541
 319.000       0.6715
 320.000       0.7024
 321.000       0.7255
 322.000       0.7669
 323.000       0.8075
 324.000       0.8671
 325.000       0.9972
 326.000       1.1392
 327.000       1.1343
 328.000       1.0972
 329.000       1.0589
 330.000       0.8455
 331.000       0.9636
 332.000       0.9740
 333.000       0.8375
 334.000       0.8581
 335.000       0.8336
 336.000       1.0402
 337.000       0.9956
 338.000       0.9556
 339.000       0.7471
 340.000       0.6774
 341.000       0.7237
 342.000       0.7193
 343.000       0.6718
 344.000       0.6598
 345.000       0.6242
 346.000       0.6667
 347.000       0.6846
 348.000       0.6369
 349.000       0.6096
 350.000       0.6834
 351.000       0.7432
 352.000       0.7694
 353.000       0.8154
 354.000       0.7640
 355.000       0.6776
 356.000       0.6845
 357.000       0.6935
 358.000       0.6499
 359.000       0.6075
 360.000       0.6115
 361.000       0.6359
 362.000       0.5767
 363.000       0.5682
 364.000       0.6029
 365.000       0.5936
 366.000       0.5936
 367.000       0.6138
 368.000       0.6120
 369.000       0.5722
 370.000       0.6341
 371.000       0.6629
 372.000       0.7681
 373.000       0.8179
 374.000       0.7618
 375.000       0.8103
 376.000       0.8888
 377.000       0.8224
 378.000       0.6572
 379.000       0.6855
 380.000       0.6672
 381.000       0.6597
 382.000       0.6428
 383.000       0.7470
 384.000       0.8871
 385.000       0.9726
 386.000       1.0644
 387.000       1.1159
 388.000       1.4781
 389.000       1.6545
 390.000       1.9095
 391.000       2.1324
 392.000       2.0090
 393.000       1.7058
 394.000       1.3544
 395.000       1.4995
 396.000       1.5471
 397.000       1.1651
 398.000       0.9629
 399.000       0.9843
 400.000       0.9065
 401.000       0.7313
 402.000       0.6665
 403.000       0.7229
 404.000       0.7346
 405.000       0.6265
 406.000       0.6319
 407.000       0.7143
 408.000       0.7117
 409.000       0.6421
 410.000       0.6543
 411.000       0.7472
 412.000       0.7214
 413.000       0.6646
 414.000       0.7680
 415.000       0.7754
 416.000       0.7141
 417.000       0.7511
 418.000       0.6884
 419.000       0.6596
 420.000       0.6613
 421.000       0.6589
 422.000       0.7487
 423.000       0.7605
 424.000       0.6840
 425.000       0.7542
 426.000       0.8967
 427.000       0.8392
 428.000       0.7890
 429.000       0.9618
 430.000       1.0658
 431.000       0.8232
 432.000       0.7476
 433.000       0.9408
 434.000       0.9521
 435.000       0.8355
 436.000       0.6280
 437.000       0.6181
 438.000       0.5497
 439.000       0.5488
 440.000       0.5059
 441.000       0.5241
 442.000       0.5903
 443.000       0.5887
 444.000       0.5349
 445.000       0.6020
 446.000       0.7464
 447.000       0.7281
 448.000       0.6733
 449.000       0.6859
 450.000       0.7482
 451.000       0.7734
 452.000       0.7695
 453.000       0.7935
 454.000       0.7616
 455.000       0.7729
 456.000       0.7719
 457.000       0.6470
 458.000       0.6720
 459.000       0.7654
 460.000       0.7167
 461.000       0.6413
 462.000       0.7674
 463.000       0.8524
 464.000       0.8272
 465.000       0.8397
 466.000       0.9145
 467.000       0.9144
 468.000       0.9714
 469.000       0.9003
 470.000       0.9216
 471.000       0.9559
 472.000       0.9189
 473.000       0.7284
 474.000       0.7258
 475.000       0.7641
 476.000       0.6687
 477.000       0.5984
 478.000       0.6889
 479.000       0.7174
 480.000       0.7018
 481.000       0.7555
 482.000       0.7466
 483.000       0.6896
 484.000       0.6277
 485.000       0.6243
 486.000       0.6471
 487.000       0.6219
 488.000       0.6185
 489.000       0.6594
 490.000       0.7269
 491.000       0.7418
 492.000       0.7900
 493.000       0.8917
 494.000       1.0461
 495.000       1.1438
 496.000       1.0945
 497.000       1.3528
 498.000       1.2766
 499.000       1.2236
 500.000       1.3605
 501.000       1.4505
 502.000       1.8510
 503.000       1.9382
 504.000       1.5307
 505.000       1.5165
 506.000       1.2319
 507.000       1.3141
 508.000       1.4370
 509.000       1.2519
 510.000       0.9988
 511.000       1.1342
 512.000       1.1420
 513.000       0.8834
 514.000       0.9032
 515.000       1.0609
 516.000       0.9087
 517.000       0.8269
 518.000       0.9642
 519.000       0.9529
 520.000       0.6722
 521.000       0.6692
 522.000       0.7879
 523.000       0.7554
 524.000       0.6702
 525.000       0.6936
 526.000       0.8755
 527.000       0.8766
 528.000       0.8652
 529.000       0.9900
 530.000       1.0837
 531.000       1.1540
 532.000       1.2180
 533.000       1.3632
 534.000       1.5502
 535.000       1.6511
 536.000       1.8264
 537.000       2.4506
 538.000       2.7998
 539.000       2.5828
 540.000       2.4802
 541.000       2.1844
 542.000       2.2804
 543.000       2.1752
 544.000       1.8312
 545.000       1.8488
 546.000       2.0645
 547.000       1.9426
 548.000       1.8089
 549.000       2.1244
 550.000       2.3630
 551.000       3.1076
 553.000       0.9935
