#Res        AtomicFlx
   1.000       1.4061
   2.000       1.1471
   3.000       0.9599
   4.000       1.0330
   5.000       1.5033
   6.000       1.2353
   7.000       1.1101
   8.000       1.0837
   9.000       1.0110
  10.000       0.8359
  11.000       0.8585
  12.000       0.9043
  13.000       0.8271
  14.000       0.7664
  15.000       0.8338
  16.000       0.8744
  17.000       0.7896
  18.000       0.7799
  19.000       0.6989
  20.000       0.7344
  21.000       0.8213
  22.000       0.7397
  23.000       0.5913
  24.000       0.6748
  25.000       0.8247
  26.000       0.7639
  27.000       0.6389
  28.000       0.6356
  29.000       0.6494
  30.000       0.6639
  31.000       0.6757
  32.000       0.6967
  33.000       0.7465
  34.000       0.7611
  35.000       0.8483
  36.000       0.7795
  37.000       0.8000
  38.000       0.8086
  39.000       0.7372
  40.000       0.7813
  41.000       0.8423
  42.000       0.7249
  43.000       0.6466
  44.000       0.7272
  45.000       0.7470
  46.000       0.6947
  47.000       0.6616
  48.000       0.6985
  49.000       0.7458
  50.000       0.7806
  51.000       0.6279
  52.000       0.5858
  53.000       0.6017
  54.000       0.5660
  55.000       0.5158
  56.000       0.5314
  57.000       0.5221
  58.000       0.5033
  59.000       0.5439
  60.000       0.5894
  61.000       0.6221
  62.000       0.6125
  63.000       0.6434
  64.000       0.7721
  65.000       1.0581
  66.000       0.7608
  67.000       0.8036
  68.000       0.7323
  69.000       0.6279
  70.000       0.6670
  71.000       0.7570
  72.000       0.6944
  73.000       0.9262
  74.000       1.8143
  75.000       1.9699
  76.000       1.4320
  77.000       1.3434
  78.000       1.0970
  79.000       0.8913
  80.000       0.7941
  81.000       0.6950
  82.000       0.6063
  83.000       0.6056
  84.000       0.6137
  85.000       0.6122
  86.000       0.5417
  87.000       0.5670
  88.000       0.6056
  89.000       0.6386
  90.000       0.6748
  91.000       0.6452
  92.000       0.6591
  93.000       0.7166
  94.000       0.7686
  95.000       0.6911
  96.000       0.7259
  97.000       0.8142
  98.000       0.7573
  99.000       0.6947
 100.000       0.6593
 101.000       0.7071
 102.000       0.6493
 103.000       0.6197
 104.000       0.6143
 105.000       0.5934
 106.000       0.6065
 107.000       0.6054
 108.000       0.6031
 109.000       0.6709
 110.000       0.7673
 111.000       0.6906
 112.000       0.7540
 113.000       0.7966
 114.000       0.8349
 115.000       0.7434
 116.000       0.6227
 117.000       0.7000
 118.000       0.8048
 119.000       0.7663
 120.000       1.0073
 121.000       1.4330
 122.000       2.0473
 123.000       3.1671
 124.000       4.9319
 125.000       5.5062
 126.000       6.3221
 127.000       5.6896
 128.000       6.2065
 129.000       4.8261
 130.000       2.9700
 131.000       4.9716
 132.000       6.2698
 133.000       6.2224
 134.000       7.1178
 135.000       7.0315
 136.000       8.0064
 137.000       8.4056
 138.000       8.3024
 139.000       6.9840
 140.000       5.6149
 141.000       5.0622
 142.000       3.8271
 143.000       3.2007
 144.000       2.7615
 145.000       2.4721
 146.000       2.3448
 147.000       1.9078
 148.000       1.3078
 149.000       1.2030
 150.000       1.3751
 151.000       1.2051
 152.000       0.9742
 153.000       1.1477
 154.000       1.2421
 155.000       1.2694
 156.000       1.7035
 157.000       2.6385
 158.000       2.7923
 159.000       1.9373
 160.000       1.9598
 161.000       1.4355
 162.000       0.9818
 163.000       0.8854
 164.000       0.6839
 165.000       0.7078
 166.000       0.6059
 167.000       0.6258
 168.000       0.7011
 169.000       0.6454
 170.000       0.6023
 171.000       0.6904
 172.000       0.7301
 173.000       0.7362
 174.000       0.7175
 175.000       0.7852
 176.000       0.8584
 177.000       0.7814
 178.000       0.7610
 179.000       0.9755
 180.000       0.9628
 181.000       0.8669
 182.000       1.2299
 183.000       1.1855
 184.000       1.1613
 185.000       1.0787
 186.000       1.3232
 187.000       1.4158
 188.000       1.1534
 189.000       1.0216
 190.000       0.9045
 191.000       0.7948
 192.000       0.7488
 193.000       0.7208
 194.000       0.6479
 195.000       0.6098
 196.000       0.6851
 197.000       0.7069
 198.000       0.6452
 199.000       0.6429
 200.000       0.7413
 201.000       0.7303
 202.000       0.6764
 203.000       0.6824
 204.000       0.7437
 205.000       0.7230
 206.000       0.7320
 207.000       0.9076
 208.000       1.0160
 209.000       1.0263
 210.000       1.0437
 211.000       1.1374
 212.000       0.9334
 213.000       1.0148
 214.000       1.3110
 215.000       1.0145
 216.000       0.9118
 217.000       0.9142
 218.000       0.9266
 219.000       1.0167
 220.000       1.0557
 221.000       1.0504
 222.000       0.9089
 223.000       0.8420
 224.000       0.7328
 225.000       0.6980
 226.000       0.7299
 227.000       0.7346
 228.000       0.7582
 229.000       0.7550
 230.000       0.7445
 231.000       0.7719
 232.000       0.8316
 233.000       0.9373
 234.000       0.9582
 235.000       1.0173
 236.000       1.0779
 237.000       1.2045
 238.000       0.9089
 239.000       0.9309
 240.000       0.8298
 241.000       0.7825
 242.000       0.8502
 243.000       0.7799
 244.000       0.6936
 245.000       0.7434
 246.000       0.7796
 247.000       0.7343
 248.000       0.7037
 249.000       0.7825
 250.000       0.8263
 251.000       0.9159
 252.000       1.0211
 253.000       1.1996
 254.000       1.0920
 255.000       0.8541
 256.000       0.8704
 257.000       1.2523
 258.000       0.9140
 259.000       0.9182
 260.000       0.8618
 261.000       0.7186
 262.000       0.6819
 263.000       0.7216
 264.000       0.6804
 265.000       0.6275
 266.000       0.6187
 267.000       0.6218
 268.000       0.5864
 269.000       0.6063
 270.000       0.5717
 271.000       0.5891
 272.000       0.6197
 273.000       0.5842
 274.000       0.6141
 275.000       0.6205
 276.000       0.6059
 277.000       0.5941
 278.000       0.6604
 279.000       0.6226
 280.000       0.5410
 281.000       0.5408
 282.000       0.6416
 283.000       0.6554
 284.000       0.6478
 285.000       0.6684
 286.000       0.7379
 287.000       0.7607
 288.000       0.9007
 289.000       0.9384
 290.000       1.0874
 291.000       1.1495
 292.000       1.3201
 293.000       0.9756
 294.000       0.9420
 295.000       0.8415
 296.000       0.7969
 297.000       0.7230
 298.000       0.7471
 299.000       0.7272
 300.000       0.6462
 301.000       0.6557
 302.000       0.7303
 303.000       0.6930
 304.000       0.6384
 305.000       0.6727
 306.000       0.6953
 307.000       0.6440
 308.000       0.5955
 309.000       0.6279
 310.000       0.6413
 311.000       0.6172
 312.000       0.6474
 313.000       0.6474
 314.000       0.5997
 315.000       0.5639
 316.000       0.6089
 317.000       0.6658
 318.000       0.7194
 319.000       0.6953
 320.000       0.6874
 321.000       0.6919
 322.000       0.6725
 323.000       0.6982
 324.000       0.7626
 325.000       0.8004
 326.000       0.7701
 327.000       0.8484
 328.000       0.8397
 329.000       0.8506
 330.000       0.7624
 331.000       0.8408
 332.000       0.8127
 333.000       0.7290
 334.000       0.7415
 335.000       0.7908
 336.000       0.8624
 337.000       0.9801
 338.000       0.8234
 339.000       0.7107
 340.000       0.7179
 341.000       0.7374
 342.000       0.6668
 343.000       0.5951
 344.000       0.5966
 345.000       0.5931
 346.000       0.6076
 347.000       0.6398
 348.000       0.7015
 349.000       0.6988
 350.000       0.7106
 351.000       0.7589
 352.000       0.8068
 353.000       0.8234
 354.000       0.8038
 355.000       0.6833
 356.000       0.6771
 357.000       0.7213
 358.000       0.6316
 359.000       0.6193
 360.000       0.6075
 361.000       0.5962
 362.000       0.5529
 363.000       0.5253
 364.000       0.5116
 365.000       0.5201
 366.000       0.5441
 367.000       0.5357
 368.000       0.5665
 369.000       0.7057
 370.000       0.7399
 371.000       0.7453
 372.000       0.8637
 373.000       0.9420
 374.000       0.7324
 375.000       0.6657
 376.000       0.7332
 377.000       0.7074
 378.000       0.5893
 379.000       0.6178
 380.000       0.6364
 381.000       0.6608
 382.000       0.6798
 383.000       0.7909
 384.000       0.8837
 385.000       0.9372
 386.000       1.0535
 387.000       1.2083
 388.000       2.0106
 389.000       2.2106
 390.000       2.0025
 391.000       2.0417
 392.000       1.7750
 393.000       1.7121
 394.000       1.2101
 395.000       1.3922
 396.000       1.3929
 397.000       1.1149
 398.000       0.9081
 399.000       0.8548
 400.000       0.8193
 401.000       0.7379
 402.000       0.6656
 403.000       0.6837
 404.000       0.7062
 405.000       0.6688
 406.000       0.6662
 407.000       0.7075
 408.000       0.7535
 409.000       0.7136
 410.000       0.6834
 411.000       0.8037
 412.000       0.8077
 413.000       0.7006
 414.000       0.7787
 415.000       0.7934
 416.000       0.7131
 417.000       0.7129
 418.000       0.7051
 419.000       0.7020
 420.000       0.6936
 421.000       0.6860
 422.000       0.7075
 423.000       0.6859
 424.000       0.6787
 425.000       0.7034
 426.000       0.7937
 427.000       0.7756
 428.000       0.8010
 429.000       0.8958
 430.000       0.8253
 431.000       0.7767
 432.000       0.9351
 433.000       0.8961
 434.000       1.1301
 435.000       0.8308
 436.000       0.7560
 437.000       0.6632
 438.000       0.6215
 439.000       0.6261
 440.000       0.5901
 441.000       0.5707
 442.000       0.6305
 443.000       0.6348
 444.000       0.6297
 445.000       0.6969
 446.000       0.8350
 447.000       0.8420
 448.000       0.7920
 449.000       0.8536
 450.000       0.9513
 451.000       1.0318
 452.000       1.0314
 453.000       1.0683
 454.000       1.0743
 455.000       1.2530
 456.000       1.1072
 457.000       0.8716
 458.000       0.9618
 459.000       1.0997
 460.000       1.0199
 461.000       0.8721
 462.000       1.0172
 463.000       1.2646
 464.000       1.2464
 465.000       1.2591
 466.000       1.3443
 467.000       1.2522
 468.000       1.2520
 469.000       1.3095
 470.000       1.2448
 471.000       1.1482
 472.000       0.9740
 473.000       0.8300
 474.000       0.8850
 475.000       0.9046
 476.000       0.7722
 477.000       0.8073
 478.000       1.0168
 479.000       0.9099
 480.000       0.7559
 481.000       0.7684
 482.000       0.7810
 483.000       0.7378
 484.000       0.6360
 485.000       0.6376
 486.000       0.7049
 487.000       0.6742
 488.000       0.6646
 489.000       0.7120
 490.000       0.7596
 491.000       0.7447
 492.000       0.7948
 493.000       0.8961
 494.000       0.9737
 495.000       1.0415
 496.000       1.0767
 497.000       1.4554
 498.000       1.2814
 499.000       1.0407
 500.000       1.0960
 501.000       1.0861
 502.000       1.3002
 503.000       1.5637
 504.000       1.1972
 505.000       1.2261
 506.000       1.0152
 507.000       1.1243
 508.000       1.2755
 509.000       1.1907
 510.000       0.9878
 511.000       1.0317
 512.000       1.0931
 513.000       0.9301
 514.000       0.8368
 515.000       0.9824
 516.000       0.9596
 517.000       0.8240
 518.000       0.8452
 519.000       0.8720
 520.000       0.7885
 521.000       0.6961
 522.000       0.7519
 523.000       0.8147
 524.000       0.8309
 525.000       0.7187
 526.000       0.8080
 527.000       1.0083
 528.000       0.9515
 529.000       0.9877
 530.000       1.2204
 531.000       1.4305
 532.000       1.4439
 533.000       1.6028
 534.000       1.9724
 535.000       2.1929
 536.000       2.2950
 537.000       2.9589
 538.000       3.1576
 539.000       3.4014
 540.000       3.0824
 541.000       2.5977
 542.000       2.7615
 543.000       2.8175
 544.000       2.3557
 545.000       2.1872
 546.000       2.6168
 547.000       2.5814
 548.000       2.1961
 549.000       2.3682
 550.000       3.0003
 551.000       3.4918
 553.000      31.9590
