#Res        AtomicFlx
   1.000       3.7438
   2.000       3.2490
   3.000       3.9650
   4.000       3.2176
   5.000       2.4529
   6.000       2.7241
   7.000       1.7739
   8.000       2.2101
   9.000       2.3162
  10.000       1.8585
  11.000       1.4618
  12.000       1.8217
  13.000       1.7695
  14.000       1.9268
  15.000       2.6230
  16.000       2.5046
  17.000       2.0319
  18.000       2.4001
  19.000       2.8943
  20.000       4.5394
  21.000       5.1582
  22.000       5.3320
  23.000       5.5585
  24.000       5.5321
  25.000       6.3385
  26.000       5.8325
  27.000       5.3171
  28.000       3.9677
  29.000       3.4491
  30.000       2.9644
  31.000       2.2279
  32.000       2.0973
  33.000       1.5070
  34.000       1.1319
  35.000       1.1287
  36.000       1.0430
  37.000       0.8479
  38.000       0.8437
  39.000       0.8995
  40.000       0.8184
  41.000       0.7077
  42.000       0.7258
  43.000       0.7458
  44.000       0.7125
  45.000       0.6410
  46.000       0.5809
  47.000       0.6225
  48.000       0.7168
  49.000       0.7771
  50.000       0.6964
  51.000       0.7458
  52.000       0.8323
  53.000       0.8499
  54.000       0.8638
  55.000       0.8929
  56.000       0.9070
  57.000       0.9192
  58.000       1.0066
  59.000       1.0978
  60.000       1.1715
  61.000       1.2781
  62.000       1.4390
  63.000       1.7846
  64.000       1.6074
  65.000       1.5280
  66.000       1.2167
  67.000       1.1755
  68.000       1.2965
  69.000       1.1903
  70.000       0.9340
  71.000       1.0186
  72.000       1.1001
  73.000       0.9287
  74.000       0.8197
  75.000       0.9159
  76.000       0.9375
  77.000       0.8241
  78.000       0.6845
  79.000       0.6741
  80.000       0.6405
  81.000       0.5421
  82.000       0.5444
  83.000       0.5810
  84.000       0.5343
  85.000       0.4833
  86.000       0.5400
  87.000       0.5973
  88.000       0.5845
  89.000       0.6268
  90.000       0.6806
  91.000       0.7176
  92.000       0.7845
  93.000       0.8338
  94.000       0.8044
  95.000       0.8232
  96.000       0.8279
  97.000       0.7592
  98.000       0.8086
  99.000       0.6980
 100.000       0.7227
 101.000       0.8824
 102.000       0.9116
 103.000       0.9400
 104.000       1.0417
 105.000       1.1235
 106.000       0.9192
 107.000       0.7456
 108.000       0.8148
 109.000       0.7640
 110.000       0.6515
 111.000       0.7375
 112.000       0.7809
 113.000       0.7611
 114.000       0.7361
 115.000       0.6844
 116.000       0.7267
 117.000       0.7507
 118.000       0.6893
 119.000       0.6513
 120.000       0.7446
 121.000       0.7418
 122.000       0.6419
 123.000       0.6543
 124.000       0.7909
 125.000       0.8027
 126.000       0.7564
 127.000       0.7325
 128.000       0.7669
 129.000       0.8190
 130.000       0.8176
 131.000       0.7990
 132.000       0.7948
 133.000       0.8618
 134.000       0.8509
 135.000       0.8177
 136.000       0.8414
 137.000       0.9162
 138.000       0.9225
 139.000       0.9093
 140.000       0.9961
 141.000       1.1667
 142.000       1.2415
 143.000       1.3092
 144.000       1.0604
 145.000       1.0840
 146.000       1.0655
 147.000       1.2769
 148.000       1.5506
 149.000       1.6042
 150.000       1.9352
 151.000       2.5370
 152.000       3.1544
 153.000       4.0719
 154.000       4.2982
 155.000       4.4788
 156.000       3.9027
 157.000       3.2273
 158.000       2.4696
 159.000       2.4219
 160.000       2.6227
 161.000       2.2178
 162.000       1.7505
 163.000       2.1908
 164.000       2.4052
 165.000       1.8533
 166.000       1.5134
 167.000       1.3199
 168.000       1.0834
 169.000       1.1476
 170.000       1.2511
 171.000       1.0849
 172.000       0.9985
 173.000       1.1426
 174.000       1.2591
 175.000       1.1725
 176.000       1.0568
 177.000       1.1060
 178.000       1.2445
 179.000       1.2616
 180.000       1.3573
 181.000       1.4877
 182.000       1.2488
 183.000       1.0808
 184.000       1.2838
 185.000       1.3534
 186.000       1.3496
 187.000       1.6033
 188.000       1.6335
 189.000       1.5048
 190.000       1.3130
 191.000       1.2948
 192.000       1.1525
 193.000       1.1004
 194.000       1.2053
 195.000       1.1694
 196.000       1.0014
 197.000       1.0191
 198.000       1.1669
 199.000       1.1542
 200.000       1.0343
 201.000       1.0899
 202.000       1.2849
 203.000       1.3050
 204.000       1.2070
 205.000       1.2861
 206.000       1.4326
 207.000       1.4057
 208.000       1.4169
 209.000       1.5632
 210.000       1.8142
 211.000       2.4032
 212.000       2.0394
 213.000       1.7902
 214.000       1.7812
 215.000       1.6590
 216.000       1.5056
 217.000       1.3436
 218.000       1.2529
 219.000       1.1801
 220.000       1.0513
 221.000       1.0031
 222.000       0.9525
 223.000       0.9756
 224.000       0.9053
 225.000       0.8280
 226.000       0.7973
 227.000       0.8711
 228.000       0.9153
 229.000       0.8621
 230.000       0.8827
 231.000       0.9620
 232.000       0.9870
 233.000       0.9457
 234.000       1.0300
 235.000       1.1114
 236.000       1.0417
 237.000       1.1114
 238.000       1.2357
 239.000       1.2205
 240.000       1.2267
 241.000       1.4074
 242.000       1.3973
 243.000       1.3193
 244.000       1.1815
 245.000       1.1786
 246.000       1.2317
 247.000       1.3117
 248.000       1.4493
 249.000       1.4066
 250.000       1.3192
 251.000       1.5838
 252.000       1.9366
 253.000       2.0670
 254.000       1.9195
 255.000       2.1901
 256.000       2.6846
 257.000       2.3736
 258.000       2.0003
 259.000       2.4136
 260.000       2.1433
 261.000       2.0341
 262.000       1.6859
 263.000       1.4026
 264.000       1.3104
 265.000       1.1718
 266.000       1.0067
 267.000       0.9027
 268.000       0.9188
 269.000       0.8279
 270.000       0.6884
 271.000       0.6206
 272.000       0.5866
 273.000       0.6263
 274.000       0.5851
 275.000       0.5809
 276.000       0.5846
 277.000       0.5353
 278.000       0.5483
 279.000       0.6327
 280.000       0.5978
 281.000       0.6286
 282.000       0.5791
 283.000       0.5462
 284.000       0.6459
 285.000       0.7021
 286.000       0.6760
 287.000       0.7547
 288.000       0.8639
 289.000       0.8388
 290.000       0.9693
 291.000       1.0550
 292.000       1.0332
 293.000       0.8773
 294.000       0.8845
 295.000       0.7618
 296.000       0.7977
 297.000       0.8208
 298.000       0.7393
 299.000       0.7081
 300.000       0.8007
 301.000       0.7989
 302.000       0.7062
 303.000       0.7032
 304.000       0.8127
 305.000       0.7606
 306.000       0.6759
 307.000       0.7682
 308.000       0.8164
 309.000       0.7654
 310.000       0.7747
 311.000       0.8560
 312.000       0.8547
 313.000       0.8143
 314.000       0.8822
 315.000       0.9550
 316.000       0.9007
 317.000       0.9133
 318.000       0.9969
 319.000       1.0239
 320.000       1.0034
 321.000       1.0772
 322.000       1.1040
 323.000       1.0548
 324.000       1.0611
 325.000       1.0966
 326.000       1.0590
 327.000       1.0362
 328.000       1.0488
 329.000       0.8755
 330.000       0.9784
 331.000       1.2792
 332.000       1.3169
 333.000       1.4684
 334.000       1.8985
 335.000       2.2463
 336.000       2.3193
 337.000       2.6912
 338.000       3.1147
 339.000       3.3258
 340.000       3.5588
 341.000       3.9887
 342.000       4.3703
 343.000       4.4645
 344.000       4.8546
 345.000       5.2621
 346.000       5.0247
 347.000       5.2665
 348.000       4.7534
 349.000       4.5767
 350.000       5.1055
 351.000       4.2803
 352.000       4.2825
 353.000       3.9560
 354.000       4.4663
 355.000       4.3349
 356.000       3.6476
 357.000       3.9508
 358.000       4.5073
 359.000       4.1970
 360.000       4.0105
 361.000       4.7389
 362.000       5.0632
 363.000       4.9883
 364.000       5.6385
 365.000       5.3547
 366.000       5.5279
 367.000       5.8647
 368.000       5.8372
 369.000       5.4231
 370.000       5.0060
 371.000       4.2136
 372.000       4.3291
 373.000       4.5312
 374.000       3.8047
 375.000       3.3501
 376.000       2.5455
 377.000       2.1537
 378.000       1.9147
 379.000       1.3830
 380.000       1.5555
 381.000       1.5393
 382.000       1.3555
 383.000       1.4111
 384.000       1.2886
 385.000       1.3821
 386.000       1.6163
 387.000       1.8471
 388.000       1.6543
 389.000       1.3493
 390.000       1.2943
 391.000       1.2666
 392.000       1.1235
 393.000       1.1234
 394.000       1.1014
 395.000       0.9489
 396.000       0.8952
 397.000       0.9879
 398.000       1.0150
 399.000       0.9892
 400.000       0.9366
 401.000       0.9945
 402.000       1.0116
 403.000       1.0125
 404.000       1.1351
 405.000       1.1808
 406.000       1.1467
 407.000       1.1596
 408.000       1.0686
 409.000       0.9611
 410.000       0.9285
 411.000       0.9025
 412.000       0.8390
 413.000       0.7869
 414.000       0.7976
 415.000       0.8126
 416.000       0.7667
 417.000       0.7419
 418.000       0.7567
 419.000       0.7582
 420.000       0.7544
 421.000       0.7843
 422.000       0.8245
 423.000       0.8133
 424.000       0.8083
 425.000       0.8106
 426.000       0.8390
 427.000       0.7535
 428.000       0.8597
 429.000       1.0121
 430.000       1.0884
 431.000       0.8666
 432.000       0.8255
 433.000       0.9817
 434.000       0.8951
 435.000       0.7757
 436.000       0.9453
 437.000       1.1746
 438.000       1.1061
 439.000       1.1191
 440.000       1.2283
 441.000       1.1813
 442.000       1.2331
 443.000       1.5229
 444.000       1.6259
 445.000       1.7351
 446.000       2.1210
 447.000       2.5172
 448.000       2.7002
 449.000       2.1596
 450.000       1.9678
 451.000       1.7756
 452.000       1.7465
 453.000       1.6498
 454.000       1.3562
 455.000       1.1673
 456.000       1.2756
 457.000       1.3155
 458.000       1.0382
 459.000       0.9498
 460.000       1.1836
 461.000       1.2213
 462.000       0.9756
 463.000       0.9754
 464.000       1.1225
 465.000       1.0919
 466.000       0.9740
 467.000       0.9818
 468.000       1.0388
 469.000       1.0981
 470.000       1.1443
 471.000       1.1851
 472.000       1.2096
 473.000       1.1093
 474.000       1.0260
 475.000       0.9492
 476.000       0.8994
 477.000       0.8513
 478.000       0.8596
 479.000       0.8386
 480.000       0.7934
 481.000       0.8549
 482.000       0.8585
 483.000       0.8346
 484.000       0.8826
 485.000       0.9956
 486.000       1.2147
 487.000       1.3860
 488.000       1.3247
 489.000       1.0064
 490.000       0.8784
 491.000       0.8696
 492.000       0.8007
 493.000       0.6280
 494.000       0.6133
 495.000       0.6542
 496.000       0.6356
 497.000       0.5747
 498.000       0.6395
 499.000       0.7321
 500.000       0.7150
 501.000       0.7505
 502.000       0.9227
 503.000       1.0386
 504.000       0.9547
 505.000       0.8874
 506.000       0.9705
 507.000       1.0126
 508.000       1.1232
 509.000       1.0466
 510.000       0.9056
 511.000       0.9737
 512.000       1.0776
 513.000       1.0197
 514.000       0.9956
 515.000       1.1273
 516.000       1.2561
 517.000       1.1655
 518.000       1.3836
 519.000       1.4852
 520.000       1.4607
 521.000       1.4384
 522.000       1.1653
 523.000       1.1107
 524.000       1.1166
 525.000       1.0034
 526.000       0.8716
 527.000       0.9676
 528.000       0.9877
 529.000       0.8425
 530.000       0.7757
 531.000       0.9175
 532.000       1.0232
 533.000       0.9626
 534.000       0.8108
 535.000       0.8957
 536.000       1.0917
 537.000       0.9731
 538.000       0.8479
 539.000       1.1068
 540.000       1.1731
 541.000       0.9070
 542.000       1.0259
 543.000       1.3250
 544.000       1.1313
 545.000       0.9728
 546.000       1.4057
 547.000       1.4914
 548.000       1.2815
 549.000       1.2692
 550.000       2.0049
 551.000       2.3818
 552.000       2.6168
 553.000       2.4220
 554.000       2.6763
 555.000       1.3583
 556.000       1.2378
 557.000       1.4921
 558.000       1.6226
 559.000       2.0832
 560.000       3.6891
 561.000       3.0642
 562.000       4.6420
 563.000       5.3490
 564.000       5.8346
 565.000       6.7467
 566.000       7.2687
 567.000       6.6647
 568.000       4.2784
 569.000       3.4687
 570.000       2.2112
 571.000       1.8363
 572.000       1.5086
 573.000       1.2888
 574.000       1.0456
 575.000       1.1833
 576.000       1.2674
 577.000       1.2447
 578.000       1.0265
 579.000       1.0074
 580.000       1.0856
 581.000       0.9884
 582.000       0.8848
 583.000       0.9891
 584.000       0.9880
 585.000       0.9482
 586.000       1.0491
 587.000       0.9913
 588.000       1.0893
 589.000       0.9373
 590.000       0.9077
 591.000       0.9520
 592.000       0.8598
 593.000       0.7888
 594.000       0.9232
 595.000       1.0270
 596.000       0.9652
 597.000       1.0323
 598.000       1.2115
 599.000       1.2800
 600.000       1.2797
 601.000       1.5151
 602.000       1.7910
 603.000       1.7937
 604.000       2.0459
 605.000       3.4187
 610.000       2.6891
