#Res        AtomicFlx
   1.000       6.4949
   2.000       3.9534
   3.000       3.6638
   4.000       2.6174
   5.000       1.9255
   6.000       1.5271
   7.000       1.0656
   8.000       1.6255
   9.000       1.6249
  10.000       1.4075
  11.000       1.1950
  12.000       1.0445
  13.000       0.8386
  14.000       0.9657
  15.000       0.9287
  16.000       0.6495
  17.000       0.8585
  18.000       0.6539
  19.000       0.5149
  20.000       0.4837
  21.000       0.5761
  22.000       0.8610
  23.000       0.7296
  24.000       0.8759
  25.000       0.6171
  26.000       0.5650
  27.000       1.1155
  28.000       1.3316
  29.000       1.3992
  30.000       0.8465
  31.000       0.9351
  32.000       1.1989
  33.000       1.4217
  34.000       1.1132
  35.000       1.8123
  36.000       1.8001
  37.000       1.2646
  38.000       1.8282
  39.000       1.3332
  40.000       1.3557
  41.000       1.7005
  42.000       1.2769
  43.000       1.2483
  44.000       1.6613
  45.000       0.9069
  46.000       0.6357
  47.000       0.9762
  48.000       1.0077
  49.000       0.7558
  50.000       0.6860
  51.000       1.2039
  52.000       1.2835
  53.000       0.7268
  54.000       0.6718
  55.000       0.8530
  56.000       0.6574
  57.000       0.8798
  58.000       0.8805
  59.000       0.6831
  60.000       1.0363
  61.000       0.9440
  62.000       0.9763
  63.000       0.6645
  64.000       0.8358
  65.000       0.6084
  66.000       0.8213
  67.000       1.5161
  68.000       1.1084
  69.000       1.1675
  70.000       0.7394
  71.000       0.6120
  72.000       0.5765
  73.000       0.6877
  74.000       0.7781
  75.000       0.8112
  76.000       0.7489
  77.000       2.1028
  78.000       1.9594
  79.000       1.1788
  80.000       0.9937
  81.000       0.9146
  82.000       1.0732
  83.000       1.0278
  84.000       0.8370
  85.000       0.5498
  86.000       0.6541
  87.000       0.5078
  88.000       0.8842
  89.000       0.5658
  90.000       0.6148
  91.000       0.5583
  92.000       0.7242
  93.000       0.7266
  94.000       0.6016
  95.000       1.2352
  96.000       0.6358
  97.000       0.8035
  98.000       0.5744
  99.000       0.6132
 100.000       0.9789
 101.000       0.9467
 102.000       0.5712
 103.000       0.6164
 104.000       0.8780
 105.000       0.6190
 106.000       0.6009
 107.000       0.6871
 108.000       0.6221
 109.000       0.6739
 110.000       0.9921
 111.000       0.5915
 112.000       0.7080
 113.000       1.1694
 114.000       0.6544
 115.000       0.6883
 116.000       1.3695
 117.000       1.1679
 118.000       1.5871
 119.000       1.8368
 120.000       0.9378
 121.000       0.8926
 122.000       0.8981
 123.000       1.5262
 124.000       1.4063
 125.000       1.2673
 126.000       1.9290
 127.000       1.3617
 128.000       1.7654
 129.000       1.3669
 130.000       1.1898
 131.000       1.7130
 132.000       1.7366
 133.000       2.2425
 134.000       2.3138
 135.000       2.4596
 136.000       3.6726
 137.000       2.5460
 138.000       3.2279
 139.000       3.2145
 140.000       5.5114
 141.000       4.8656
 142.000       4.8776
 143.000       4.5284
 144.000       4.3101
 145.000       4.8842
 146.000       3.4535
 147.000       4.3027
 148.000       3.8871
 149.000       2.1667
 150.000       1.5602
 151.000       1.0032
 152.000       0.8634
 153.000       0.7938
 154.000       1.1770
 155.000       1.1322
 156.000       0.7751
 157.000       1.0795
 158.000       1.3441
 159.000       1.9403
 160.000       1.4800
 161.000       1.2485
 162.000       1.5408
 163.000       1.5058
 164.000       1.7970
 165.000       2.4109
 166.000       2.2079
 167.000       1.2714
 168.000       2.2967
 169.000       1.3044
 170.000       1.6317
 171.000       2.5272
 172.000       2.2722
 173.000       2.3850
 174.000       1.6141
 175.000       1.3764
 176.000       1.4144
 177.000       1.1640
 178.000       2.0072
 179.000       1.5030
 180.000       1.0292
 181.000       0.7904
 182.000       1.1746
 183.000       0.6019
 184.000       0.8924
 185.000       1.2839
 186.000       1.0752
 187.000       0.7901
 188.000       0.5833
 189.000       0.6763
 190.000       0.7154
 191.000       0.6558
 192.000       0.7539
 193.000       1.2690
 194.000       0.6628
 195.000       0.8618
 196.000       1.3740
 197.000       1.1051
 198.000       0.7616
 199.000       1.2665
 200.000       1.5998
 201.000       0.7735
 202.000       0.8132
 203.000       0.8221
 204.000       1.8038
 205.000       0.8278
 206.000       0.7881
 207.000       1.1972
 208.000       0.8669
 209.000       0.7732
 210.000       1.1694
 211.000       1.0897
 212.000       1.1603
 213.000       0.7798
 214.000       1.1088
 215.000       0.9451
 216.000       0.8272
 217.000       0.9732
 218.000       0.7613
 219.000       0.7671
 220.000       0.7710
 221.000       0.8863
 222.000       0.9439
 223.000       0.8305
 224.000       0.7518
 225.000       0.8871
 226.000       0.9225
 227.000       1.1449
 228.000       1.0122
 229.000       0.8127
 230.000       0.8264
 231.000       1.5000
 232.000       2.0399
 233.000       0.7719
 234.000       0.8838
 235.000       1.2896
 236.000       1.2954
 237.000       0.9929
 238.000       1.0753
 239.000       1.6801
 240.000       1.2413
 241.000       1.4715
 242.000       2.1702
 243.000       2.1863
 244.000       1.4435
 245.000       1.5170
 246.000       1.5675
 247.000       1.5048
 248.000       1.1200
 249.000       0.7935
 250.000       1.1322
 251.000       1.1795
 252.000       0.8540
 253.000       0.8332
 254.000       0.6823
 255.000       0.6046
 256.000       0.5867
 257.000       0.5425
 258.000       0.6137
 259.000       0.5823
 260.000       0.9522
 261.000       0.4622
 262.000       0.6088
 263.000       0.4968
 264.000       0.5674
 265.000       0.5271
 266.000       0.5664
 267.000       0.5625
 268.000       0.5796
 269.000       0.7477
 270.000       0.6632
 271.000       0.6466
 272.000       0.9513
 273.000       0.7218
 274.000       0.9097
 275.000       1.2826
 276.000       0.8106
 277.000       1.4099
 278.000       1.3976
 279.000       1.1905
 280.000       1.1333
 281.000       0.8733
 282.000       0.9670
 283.000       0.8748
 284.000       1.4458
 285.000       0.8016
 286.000       0.6113
 287.000       0.8823
 288.000       0.7883
 289.000       0.5758
 290.000       0.6087
 291.000       0.8732
 292.000       0.6933
 293.000       0.5105
 294.000       0.5791
 295.000       1.1759
 296.000       0.6324
 297.000       0.5267
 298.000       1.0725
 299.000       0.8459
 300.000       0.5929
 301.000       0.5746
 302.000       1.0948
 303.000       0.6836
 304.000       0.6913
 305.000       1.0714
 306.000       0.7041
 307.000       0.9948
 308.000       1.2537
 309.000       0.8120
 310.000       1.0004
 311.000       1.2597
 312.000       1.1088
 313.000       1.4238
 314.000       1.7825
 315.000       2.1472
 316.000       1.7292
 317.000       1.6532
 318.000       1.6228
 319.000       1.2446
 320.000       1.3044
 321.000       1.8037
 322.000       1.3767
 323.000       1.7931
 324.000       2.5448
 325.000       2.0615
 326.000       2.0423
 327.000       1.8462
 328.000       1.3162
 329.000       1.1656
 330.000       1.0756
 331.000       1.0078
 332.000       0.9324
 333.000       0.8632
 334.000       0.8956
 335.000       0.9573
 336.000       0.6993
 337.000       1.0328
 338.000       0.8031
 339.000       1.1139
 340.000       0.8986
 341.000       1.2174
 342.000       1.0903
 343.000       1.0391
 344.000       0.8660
 345.000       0.7724
 346.000       0.9115
 347.000       1.1615
 348.000       0.9161
 349.000       0.6191
 350.000       0.7101
 351.000       0.6690
 352.000       0.6140
 353.000       0.5924
 354.000       0.7523
 355.000       0.7901
 356.000       0.7275
 357.000       0.7896
 358.000       0.8136
 359.000       1.0452
 360.000       0.4929
 361.000       0.6929
 362.000       0.4933
 363.000       0.6043
 364.000       0.5353
 365.000       0.7776
 366.000       0.5750
 367.000       0.5083
 368.000       0.7201
 369.000       0.9227
 370.000       0.5447
 371.000       0.7014
 372.000       0.6948
 373.000       0.6896
 374.000       0.6818
 375.000       1.0208
 376.000       1.1135
 377.000       1.0000
 378.000       1.0743
 379.000       0.9520
 380.000       1.3986
 381.000       2.1685
 382.000       1.5493
 383.000       1.4713
 384.000       1.4658
 385.000       1.4676
 386.000       2.1826
 387.000       1.3671
 388.000       1.1882
 389.000       1.3145
 390.000       1.0872
 391.000       0.7461
 392.000       0.8963
 393.000       0.7593
 394.000       0.7732
 395.000       0.7197
 396.000       0.9386
 397.000       0.7763
 398.000       0.7612
 399.000       1.0122
 400.000       1.3772
 401.000       0.7333
 402.000       0.6919
 403.000       1.1365
 404.000       1.0234
 405.000       0.7403
 406.000       1.0837
 407.000       0.9380
 408.000       1.4371
 409.000       0.9321
 410.000       0.7541
 411.000       0.8506
 412.000       0.9902
 413.000       0.8138
 414.000       0.7863
 415.000       1.1526
 416.000       1.0579
 417.000       1.0420
 418.000       1.0680
 419.000       1.1639
 420.000       1.3354
 421.000       1.1313
 422.000       1.0358
 423.000       0.7308
 424.000       0.8270
 425.000       0.6811
 426.000       0.6686
 427.000       0.7596
 428.000       0.7459
 429.000       0.7541
 430.000       0.6202
 431.000       0.7303
 432.000       0.9517
 433.000       0.8214
 434.000       0.7169
 435.000       0.8486
 436.000       0.7712
 437.000       0.9036
 438.000       0.9623
 439.000       2.1860
 440.000       1.2933
 441.000       1.2958
 442.000       0.7637
 443.000       0.9533
 444.000       1.0975
 445.000       1.3609
 446.000       1.1206
 447.000       0.7698
 448.000       1.7371
 449.000       1.1316
 450.000       0.9835
 451.000       1.4231
 452.000       1.6356
 453.000       1.6227
 454.000       1.4045
 455.000       1.2310
 456.000       1.6197
 457.000       1.0651
 458.000       0.9301
 459.000       1.0630
 460.000       2.5122
 461.000       1.2760
 462.000       0.9375
 463.000       1.3612
 464.000       1.3204
 465.000       0.7758
 466.000       0.7511
 467.000       1.1796
 468.000       0.8769
 469.000       0.9481
 470.000       0.8394
 471.000       0.7833
 472.000       1.1732
 473.000       0.6385
 474.000       0.6943
 475.000       0.9056
 476.000       1.6594
 477.000       0.7748
 478.000       1.0233
 479.000       0.9720
 480.000       0.9553
 481.000       1.8894
 482.000       1.4443
 483.000       1.6258
 484.000       1.5645
 485.000       2.1219
 486.000       2.8320
 487.000       2.5446
 488.000       1.6308
 489.000       2.9454
 490.000       1.5904
 491.000       2.0268
 492.000       2.3043
 493.000       1.2536
 494.000       1.8763
 495.000       1.0110
 496.000       1.2957
 497.000       1.6307
 498.000       1.4877
 499.000       0.9809
 500.000       1.1486
 501.000       1.2378
 502.000       1.2048
 503.000       0.8490
 504.000       1.6899
 505.000       1.0104
 506.000       1.2936
 507.000       0.8515
 508.000       0.9535
 509.000       0.7654
 510.000       0.7091
 511.000       1.1191
 512.000       1.1804
 513.000       0.8029
 514.000       0.7795
 515.000       0.8086
 516.000       0.9340
 517.000       0.9587
 518.000       1.1173
 519.000       1.0854
 520.000       1.5483
 521.000       1.3600
 522.000       1.4274
 523.000       1.6426
 524.000       1.8494
 525.000       1.6832
 526.000       2.1364
 527.000       2.1614
 528.000       2.3018
 529.000       2.4468
 530.000       2.6884
 531.000       2.1534
 532.000       1.6450
 533.000       1.6841
 534.000       1.7991
 535.000       2.1281
 536.000       1.3468
 537.000       1.5608
 538.000       1.7177
 539.000       2.0149
 540.000       2.7926
 541.000       3.8248
 542.000       5.3818
 543.000       4.3658
 544.000       6.4785
 545.000       9.6031
 546.000      10.4292
 547.000      11.6215
 548.000      14.0221
 549.000      12.1255
 550.000      15.1252
 551.000      14.2715
 552.000       7.4791
 553.000      10.5483
 554.000      13.0765
 555.000      15.2642
 556.000      16.1251
 557.000      17.9893
 558.000      14.0880
 559.000      16.0005
 560.000      15.7864
 561.000       0.9884
 562.000       0.4736
 563.000       0.5000
 564.000      54.4126
 565.000      54.4845
 566.000      54.1381
 567.000      53.1027
 568.000      55.4417
 569.000      55.3267
 570.000      54.1600
 571.000      55.8240
 572.000      55.4727
 573.000      52.8930
 574.000      55.0921
 575.000      55.0722
 576.000      55.5535
 577.000      54.5266
 578.000      55.2880
 579.000      55.5906
 580.000      55.0388
 581.000      52.1398
 582.000      53.9614
 583.000      55.1236
 584.000      56.0485
 585.000      54.6084
 586.000      54.7345
 587.000      54.9196
 588.000      54.9419
 589.000      55.8884
 590.000      53.6585
 591.000      54.9980
 592.000      56.3281
 593.000      53.5975
 594.000      55.1311
 595.000      53.5181
 596.000      54.0791
 597.000      54.8275
 598.000      54.5386
 599.000      54.7221
 600.000      56.2817
 601.000      55.3051
 602.000      55.3945
 603.000      54.1773
 604.000      53.6073
 605.000      55.0337
 606.000      54.4536
 607.000      55.2313
 608.000      55.0264
 609.000      52.1109
 610.000      54.5089
 611.000      54.7566
 612.000      54.9896
 613.000      54.4152
 614.000       0.5443
 615.000      54.6226
 616.000      54.2089
 617.000      54.3723
 618.000      54.9619
 619.000      55.0077
 620.000      55.0458
 621.000      54.8731
 622.000      55.4383
 623.000      54.5222
 624.000      54.7320
 625.000      54.6575
 626.000      55.0590
 627.000      54.0070
 628.000      56.0398
 629.000      55.5731
 630.000      55.4045
 631.000      54.6600
 632.000      54.3239
 633.000      54.1239
 634.000      55.0408
 635.000      55.5231
 636.000      55.1590
 637.000      54.5880
 638.000      54.9473
 639.000      54.7012
 640.000      55.2187
 641.000      55.1412
 642.000      55.1025
 643.000      55.0434
 644.000      54.5291
 645.000      54.5639
 646.000      54.6355
 647.000      53.9608
 648.000      55.0882
 649.000      54.0919
 650.000      54.6573
 651.000      55.0188
 652.000      54.9830
 653.000      55.2728
 654.000      55.0929
 655.000      54.9214
 656.000      54.5260
 657.000      55.2113
 658.000      55.3846
 659.000      55.0816
 660.000      55.3914
 661.000      54.9746
 662.000      55.1154
 663.000      55.1641
 664.000      54.4640
 665.000      55.1796
 666.000      55.4012
 667.000      54.2591
 668.000      55.0244
 669.000      55.3906
 670.000      55.0975
