#Res        AtomicFlx
   1.000       7.4824
   2.000       5.9996
   3.000       4.5666
   4.000       3.7327
   5.000       2.7952
   6.000       2.4148
   7.000       2.2248
   8.000       1.7887
   9.000       1.1953
  10.000       0.9935
  11.000       0.8639
  12.000       0.7658
  13.000       0.7736
  14.000       0.6832
  15.000       0.5796
  16.000       0.5346
  17.000       0.4814
  18.000       0.4583
  19.000       0.5041
  20.000       0.4459
  21.000       0.4566
  22.000       0.4125
  23.000       0.4867
  24.000       0.5581
  25.000       0.5729
  26.000       0.4701
  27.000       0.5436
  28.000       0.5585
  29.000       0.6267
  30.000       0.5462
  31.000       0.7105
  32.000       0.9483
  33.000       0.7034
  34.000       0.8867
  35.000       1.2309
  36.000       1.0387
  37.000       0.8901
  38.000       1.4161
  39.000       1.3226
  40.000       0.9846
  41.000       1.0022
  42.000       0.7196
  43.000       0.6989
  44.000       0.7239
  45.000       0.5856
  46.000       0.5098
  47.000       0.6159
  48.000       0.6153
  49.000       0.5347
  50.000       0.5670
  51.000       0.6466
  52.000       0.6801
  53.000       0.6569
  54.000       0.6014
  55.000       0.5424
  56.000       0.5163
  57.000       0.5277
  58.000       0.4649
  59.000       0.4496
  60.000       0.4745
  61.000       0.4910
  62.000       0.5217
  63.000       0.5157
  64.000       0.4834
  65.000       0.5032
  66.000       0.5140
  67.000       0.6019
  68.000       0.6804
  69.000       0.5681
  70.000       0.7253
  71.000       0.5199
  72.000       0.5136
  73.000       0.4796
  74.000       0.5490
  75.000       0.5467
  76.000       0.5424
  77.000       0.6031
  78.000       0.6830
  79.000       0.6918
  80.000       0.8148
  81.000       0.7517
  82.000       0.8845
  83.000       0.7601
  84.000       0.5696
  85.000       0.5940
  86.000       0.5796
  87.000       0.5602
  88.000       0.5290
  89.000       0.5230
  90.000       0.5282
  91.000       0.5479
  92.000       0.5176
  93.000       0.4774
  94.000       0.5135
  95.000       0.5467
  96.000       0.5481
  97.000       0.5142
  98.000       0.5143
  99.000       0.6019
 100.000       0.5927
 101.000       0.5265
 102.000       0.4633
 103.000       0.4637
 104.000       0.5020
 105.000       0.4879
 106.000       0.4742
 107.000       0.5048
 108.000       0.5005
 109.000       0.4792
 110.000       0.5561
 111.000       0.6555
 112.000       0.6471
 113.000       0.6471
 114.000       0.8007
 115.000       0.9311
 116.000       0.9627
 117.000       1.4959
 118.000       2.1353
 119.000       1.1856
 120.000       0.7599
 121.000       0.7989
 122.000       0.8593
 123.000       0.8440
 124.000       1.0428
 125.000       1.4271
 126.000       1.6079
 127.000       1.4710
 128.000       2.4254
 129.000       1.9999
 130.000       2.1151
 131.000       2.1701
 132.000       2.1290
 133.000       2.0209
 134.000       1.4760
 135.000       1.0074
 136.000       0.9395
 137.000       1.0322
 138.000       1.3603
 139.000       2.5434
 140.000       2.9505
 141.000       3.8156
 142.000       5.0070
 143.000       4.9645
 144.000       4.8209
 145.000       4.2011
 146.000       3.2658
 147.000       3.3523
 148.000       2.5832
 149.000       2.0443
 150.000       1.3067
 151.000       0.8141
 152.000       0.7208
 153.000       0.5978
 154.000       0.6234
 155.000       0.6232
 156.000       0.5562
 157.000       0.5328
 158.000       0.6027
 159.000       0.6517
 160.000       0.7842
 161.000       0.7373
 162.000       0.7191
 163.000       0.8106
 164.000       0.7688
 165.000       1.1617
 166.000       1.5621
 167.000       1.8648
 168.000       1.8814
 169.000       1.5275
 170.000       1.2824
 171.000       1.5768
 172.000       1.0759
 173.000       0.8938
 174.000       0.9237
 175.000       0.9327
 176.000       0.9026
 177.000       0.8598
 178.000       0.8516
 179.000       0.7866
 180.000       0.6765
 181.000       0.6925
 182.000       0.6839
 183.000       0.6062
 184.000       0.5867
 185.000       0.6408
 186.000       0.6315
 187.000       0.5905
 188.000       0.5934
 189.000       0.6594
 190.000       0.6419
 191.000       0.6295
 192.000       0.6540
 193.000       0.7328
 194.000       0.7222
 195.000       0.7376
 196.000       0.7900
 197.000       1.8712
 198.000       1.7890
 199.000       1.7188
 200.000       1.6142
 201.000       1.9639
 202.000       3.0303
 203.000       1.3903
 204.000       1.2647
 205.000       1.3488
 206.000       1.1032
 207.000       0.8436
 208.000       0.9111
 209.000       0.8555
 210.000       0.7151
 211.000       0.6446
 212.000       0.6287
 213.000       0.6002
 214.000       0.5721
 215.000       0.5967
 216.000       0.5564
 217.000       0.5666
 218.000       0.6184
 219.000       0.5775
 220.000       0.5757
 221.000       0.6469
 222.000       0.6395
 223.000       0.5991
 224.000       0.7043
 225.000       0.7553
 226.000       0.7079
 227.000       0.7310
 228.000       0.7513
 229.000       0.7508
 230.000       0.6987
 231.000       0.8464
 232.000       0.9017
 233.000       0.8462
 234.000       0.7990
 235.000       0.7733
 236.000       0.9889
 237.000       1.0291
 238.000       0.8454
 239.000       1.0033
 240.000       1.1135
 241.000       1.2150
 242.000       1.3148
 243.000       1.3352
 244.000       1.1137
 245.000       1.1272
 246.000       1.2537
 247.000       1.1082
 248.000       0.9894
 249.000       0.9838
 250.000       0.7648
 251.000       0.6691
 252.000       0.6813
 253.000       0.5896
 254.000       0.5043
 255.000       0.5109
 256.000       0.4918
 257.000       0.4604
 258.000       0.4961
 259.000       0.4372
 260.000       0.4492
 261.000       0.4304
 262.000       0.4731
 263.000       0.4997
 264.000       0.4517
 265.000       0.5287
 266.000       0.4669
 267.000       0.4533
 268.000       0.4134
 269.000       0.4007
 270.000       0.4228
 271.000       0.4768
 272.000       0.4791
 273.000       0.5340
 274.000       0.6230
 275.000       0.7475
 276.000       0.7610
 277.000       0.8067
 278.000       0.7441
 279.000       0.7200
 280.000       0.6702
 281.000       0.6399
 282.000       0.6543
 283.000       0.5700
 284.000       0.5299
 285.000       0.5314
 286.000       0.5126
 287.000       0.5174
 288.000       0.5060
 289.000       0.4608
 290.000       0.4929
 291.000       0.5248
 292.000       0.4732
 293.000       0.4258
 294.000       0.4716
 295.000       0.5091
 296.000       0.4476
 297.000       0.4313
 298.000       0.4994
 299.000       0.5016
 300.000       0.4956
 301.000       0.5622
 302.000       0.5314
 303.000       0.4857
 304.000       0.4895
 305.000       0.5557
 306.000       0.5504
 307.000       0.6039
 308.000       0.6622
 309.000       0.6092
 310.000       0.5925
 311.000       0.6957
 312.000       0.6984
 313.000       0.7528
 314.000       0.8735
 315.000       0.9088
 316.000       0.9596
 317.000       0.9589
 318.000       1.0093
 319.000       0.8580
 320.000       1.0230
 321.000       1.0049
 322.000       0.8796
 323.000       1.0426
 324.000       1.1259
 325.000       1.0504
 326.000       0.9271
 327.000       0.7698
 328.000       0.7128
 329.000       0.7620
 330.000       0.7078
 331.000       0.5786
 332.000       0.5518
 333.000       0.5885
 334.000       0.6891
 335.000       0.5898
 336.000       0.5914
 337.000       0.6085
 338.000       0.6452
 339.000       0.6976
 340.000       0.7742
 341.000       0.8006
 342.000       0.7502
 343.000       0.8399
 344.000       0.7790
 345.000       0.6888
 346.000       0.7636
 347.000       0.6842
 348.000       0.5442
 349.000       0.5871
 350.000       0.6132
 351.000       0.5442
 352.000       0.4877
 353.000       0.4831
 354.000       0.5254
 355.000       0.5256
 356.000       0.5290
 357.000       0.5106
 358.000       0.5421
 359.000       0.5766
 360.000       0.5899
 361.000       0.5497
 362.000       0.4832
 363.000       0.4285
 364.000       0.4466
 365.000       0.4726
 366.000       0.4942
 367.000       0.4976
 368.000       0.4966
 369.000       0.5277
 370.000       0.4981
 371.000       0.4876
 372.000       0.5165
 373.000       0.5006
 374.000       0.5041
 375.000       0.6074
 376.000       0.6437
 377.000       0.6379
 378.000       0.7633
 379.000       0.9670
 380.000       1.3772
 381.000       1.4706
 382.000       1.9276
 383.000       1.6456
 384.000       1.4930
 385.000       1.4688
 386.000       1.5792
 387.000       0.9096
 388.000       0.8570
 389.000       0.8141
 390.000       0.7653
 391.000       0.6901
 392.000       0.7103
 393.000       0.7099
 394.000       0.6391
 395.000       0.6398
 396.000       0.6507
 397.000       0.6523
 398.000       0.6122
 399.000       0.6459
 400.000       0.7915
 401.000       0.8019
 402.000       0.7781
 403.000       0.9700
 404.000       0.8330
 405.000       0.6367
 406.000       0.7632
 407.000       0.7084
 408.000       0.6773
 409.000       0.7265
 410.000       0.6770
 411.000       0.6506
 412.000       0.6564
 413.000       0.6492
 414.000       0.6057
 415.000       0.6730
 416.000       0.7039
 417.000       0.6186
 418.000       0.6667
 419.000       0.6575
 420.000       0.7080
 421.000       0.6882
 422.000       0.5763
 423.000       0.5831
 424.000       0.5474
 425.000       0.5200
 426.000       0.5080
 427.000       0.5177
 428.000       0.5340
 429.000       0.5290
 430.000       0.4788
 431.000       0.4777
 432.000       0.5286
 433.000       0.5337
 434.000       0.5339
 435.000       0.5789
 436.000       0.6167
 437.000       0.6334
 438.000       0.7072
 439.000       0.8170
 440.000       0.8868
 441.000       0.7802
 442.000       0.7453
 443.000       0.6907
 444.000       0.7636
 445.000       0.7294
 446.000       0.6359
 447.000       0.6884
 448.000       0.7492
 449.000       0.6838
 450.000       0.6778
 451.000       0.8034
 452.000       0.8467
 453.000       0.8971
 454.000       0.9271
 455.000       0.9976
 456.000       1.0889
 457.000       1.0117
 458.000       0.9150
 459.000       1.0357
 460.000       0.9543
 461.000       0.7940
 462.000       0.7165
 463.000       0.7627
 464.000       0.7704
 465.000       0.6558
 466.000       0.5874
 467.000       0.6584
 468.000       0.6539
 469.000       0.6235
 470.000       0.7270
 471.000       0.6220
 472.000       0.6097
 473.000       0.5690
 474.000       0.5027
 475.000       0.5908
 476.000       0.6823
 477.000       0.5770
 478.000       0.6376
 479.000       0.7703
 480.000       0.8225
 481.000       0.8872
 482.000       1.0722
 483.000       1.0785
 484.000       1.2878
 485.000       1.2345
 486.000       1.3854
 487.000       1.4899
 488.000       1.2092
 489.000       1.3260
 490.000       1.0101
 491.000       1.2385
 492.000       2.1011
 493.000       1.5141
 494.000       1.2982
 495.000       1.1730
 496.000       1.3212
 497.000       1.8260
 498.000       2.0856
 499.000       2.0702
 500.000       1.8491
 501.000       1.3807
 502.000       1.3657
 503.000       1.3514
 504.000       1.1974
 505.000       1.0075
 506.000       0.9666
 507.000       1.0049
 508.000       1.0127
 509.000       0.8523
 510.000       0.8324
 511.000       0.9174
 512.000       0.9997
 513.000       0.8944
 514.000       0.9943
 515.000       1.2078
 516.000       1.1325
 517.000       0.8846
 518.000       1.0961
 519.000       1.3039
 520.000       1.1767
 521.000       1.1032
 522.000       1.3823
 523.000       1.5684
 524.000       1.5061
 525.000       1.5483
 526.000       2.0195
 527.000       2.1214
 528.000       2.1578
 529.000       2.0194
 530.000       2.0492
 531.000       1.8965
 532.000       1.6119
 533.000       1.5487
 534.000       1.5958
 535.000       1.5037
 536.000       1.3027
 537.000       1.2520
 538.000       1.3109
 539.000       1.4268
 540.000       2.0123
 541.000       3.1871
 542.000       4.8278
