#Res        AtomicFlx
   1.000       7.9129
   2.000       6.3397
   3.000       4.7992
   4.000       3.6617
   5.000       2.4561
   6.000       1.8288
   7.000       1.4165
   8.000       1.5475
   9.000       1.4611
  10.000       1.1948
  11.000       1.1328
  12.000       1.0917
  13.000       0.8704
  14.000       0.7604
  15.000       0.8017
  16.000       0.7527
  17.000       0.5188
  18.000       0.4948
  19.000       0.5776
  20.000       0.4992
  21.000       0.4636
  22.000       0.4775
  23.000       0.5440
  24.000       0.6579
  25.000       0.6649
  26.000       0.5084
  27.000       0.6686
  28.000       0.7671
  29.000       0.5823
  30.000       0.5387
  31.000       0.5846
  32.000       0.6367
  33.000       0.6139
  34.000       0.5970
  35.000       0.6715
  36.000       0.7097
  37.000       0.6664
  38.000       0.7815
  39.000       0.7914
  40.000       0.9058
  41.000       0.8414
  42.000       0.6795
  43.000       0.6792
  44.000       0.7131
  45.000       0.6173
  46.000       0.5504
  47.000       0.6152
  48.000       0.6352
  49.000       0.5791
  50.000       0.5431
  51.000       0.6125
  52.000       0.6741
  53.000       0.6486
  54.000       0.6307
  55.000       0.5479
  56.000       0.5411
  57.000       0.5402
  58.000       0.4967
  59.000       0.5156
  60.000       0.5354
  61.000       0.5277
  62.000       0.5854
  63.000       0.6769
  64.000       0.6870
  65.000       0.6770
  66.000       0.6841
  67.000       0.7307
  68.000       0.8301
  69.000       0.6346
  70.000       0.7140
  71.000       0.6893
  72.000       0.6212
  73.000       0.6041
  74.000       0.6761
  75.000       0.7093
  76.000       0.6912
  77.000       0.7984
  78.000       1.1352
  79.000       1.1356
  80.000       1.0798
  81.000       0.8232
  82.000       0.9295
  83.000       0.6773
  84.000       0.5979
  85.000       0.6643
  86.000       0.6295
  87.000       0.5883
  88.000       0.6429
  89.000       0.6631
  90.000       0.6204
  91.000       0.6919
  92.000       0.8232
  93.000       0.7913
  94.000       0.7189
  95.000       0.7173
  96.000       0.6174
  97.000       0.5712
  98.000       0.5547
  99.000       0.5898
 100.000       0.6470
 101.000       0.5874
 102.000       0.5606
 103.000       0.5934
 104.000       0.6098
 105.000       0.5677
 106.000       0.5693
 107.000       0.5919
 108.000       0.5612
 109.000       0.5429
 110.000       0.5848
 111.000       0.5695
 112.000       0.5660
 113.000       0.6501
 114.000       0.6961
 115.000       0.7256
 116.000       0.9765
 117.000       1.5031
 118.000       1.7971
 119.000       1.4837
 120.000       0.9101
 121.000       0.9302
 122.000       1.0717
 123.000       1.3117
 124.000       1.3596
 125.000       1.3594
 126.000       1.8920
 127.000       2.1330
 128.000       2.6077
 129.000       2.4229
 130.000       1.7625
 131.000       1.7707
 132.000       1.8962
 133.000       1.8929
 134.000       1.7569
 135.000       1.9425
 136.000       2.3555
 137.000       2.6359
 138.000       3.1013
 139.000       5.1004
 140.000       6.0214
 141.000       5.8788
 142.000       6.3137
 143.000       5.4506
 144.000       5.1817
 145.000       4.2145
 146.000       3.5934
 147.000       3.4690
 148.000       2.8890
 149.000       1.6648
 150.000       1.2427
 151.000       1.1612
 152.000       1.0563
 153.000       0.8449
 154.000       1.0524
 155.000       1.1779
 156.000       0.9073
 157.000       0.8496
 158.000       1.2284
 159.000       1.3283
 160.000       1.0796
 161.000       1.0857
 162.000       1.3575
 163.000       1.1266
 164.000       1.5178
 165.000       1.9013
 166.000       3.3602
 167.000       3.4199
 168.000       1.7099
 169.000       1.6267
 170.000       1.5117
 171.000       1.6195
 172.000       1.4224
 173.000       1.2089
 174.000       1.2343
 175.000       1.1666
 176.000       0.9951
 177.000       1.1046
 178.000       1.1347
 179.000       0.9682
 180.000       0.7612
 181.000       0.7940
 182.000       0.7763
 183.000       0.6410
 184.000       0.6085
 185.000       0.6958
 186.000       0.6834
 187.000       0.6095
 188.000       0.6374
 189.000       0.7604
 190.000       0.7761
 191.000       0.7121
 192.000       0.7906
 193.000       0.9706
 194.000       0.9733
 195.000       1.0681
 196.000       1.1934
 197.000       1.7699
 198.000       2.3544
 199.000       1.7814
 200.000       2.0377
 201.000       1.8969
 202.000       1.3816
 203.000       1.1949
 204.000       1.2144
 205.000       1.0824
 206.000       0.8532
 207.000       1.2276
 208.000       1.4304
 209.000       1.1788
 210.000       1.4386
 211.000       1.8840
 212.000       1.2473
 213.000       0.7738
 214.000       0.7666
 215.000       0.7394
 216.000       0.6232
 217.000       0.6994
 218.000       0.7747
 219.000       0.6596
 220.000       0.6479
 221.000       0.7592
 222.000       0.7807
 223.000       0.7272
 224.000       0.8252
 225.000       0.9032
 226.000       0.8784
 227.000       0.9142
 228.000       0.9542
 229.000       0.8575
 230.000       0.8045
 231.000       0.7984
 232.000       0.8126
 233.000       0.7311
 234.000       0.6889
 235.000       0.7386
 236.000       0.6879
 237.000       0.6298
 238.000       0.7926
 239.000       0.8454
 240.000       1.0275
 241.000       1.4421
 242.000       1.5172
 243.000       1.4788
 244.000       1.2068
 245.000       1.3983
 246.000       1.3572
 247.000       0.9902
 248.000       0.8532
 249.000       0.7718
 250.000       0.7229
 251.000       0.6589
 252.000       0.6366
 253.000       0.5865
 254.000       0.5586
 255.000       0.5477
 256.000       0.5507
 257.000       0.5097
 258.000       0.4645
 259.000       0.4991
 260.000       0.5241
 261.000       0.4806
 262.000       0.4771
 263.000       0.5139
 264.000       0.5203
 265.000       0.7507
 266.000       0.7518
 267.000       0.6023
 268.000       0.5347
 269.000       0.4789
 270.000       0.6018
 271.000       0.6482
 272.000       0.5868
 273.000       0.6702
 274.000       0.8569
 275.000       0.8910
 276.000       0.8453
 277.000       1.0568
 278.000       0.9849
 279.000       0.9376
 280.000       0.9346
 281.000       0.8655
 282.000       0.7575
 283.000       0.7683
 284.000       0.7612
 285.000       0.6693
 286.000       0.6165
 287.000       0.6569
 288.000       0.6273
 289.000       0.4934
 290.000       0.5445
 291.000       0.6338
 292.000       0.5411
 293.000       0.4512
 294.000       0.4934
 295.000       0.5423
 296.000       0.5019
 297.000       0.4876
 298.000       0.5290
 299.000       0.5591
 300.000       0.5813
 301.000       0.6142
 302.000       0.5774
 303.000       0.6177
 304.000       0.5785
 305.000       0.5697
 306.000       0.6094
 307.000       0.7758
 308.000       0.8164
 309.000       0.7484
 310.000       0.8155
 311.000       0.9135
 312.000       0.9013
 313.000       1.0049
 314.000       1.1448
 315.000       1.1549
 316.000       1.1944
 317.000       1.0772
 318.000       1.0553
 319.000       0.9360
 320.000       1.1363
 321.000       1.0961
 322.000       1.0172
 323.000       1.1011
 324.000       1.8010
 325.000       2.0440
 326.000       2.1704
 327.000       2.5581
 328.000       2.2317
 329.000       1.0352
 330.000       0.8527
 331.000       0.6758
 332.000       0.6183
 333.000       0.6949
 334.000       0.7398
 335.000       0.7183
 336.000       0.6624
 337.000       0.6514
 338.000       0.7236
 339.000       0.7496
 340.000       0.7653
 341.000       0.8656
 342.000       0.9135
 343.000       0.9221
 344.000       0.8473
 345.000       0.7397
 346.000       0.7354
 347.000       0.7060
 348.000       0.6303
 349.000       0.6224
 350.000       0.5878
 351.000       0.5396
 352.000       0.5595
 353.000       0.5177
 354.000       0.5088
 355.000       0.5350
 356.000       0.5708
 357.000       0.5398
 358.000       0.5332
 359.000       0.5822
 360.000       0.6127
 361.000       0.5469
 362.000       0.5232
 363.000       0.4654
 364.000       0.4696
 365.000       0.5299
 366.000       0.5272
 367.000       0.5558
 368.000       0.5891
 369.000       0.6421
 370.000       0.6990
 371.000       0.6526
 372.000       0.6655
 373.000       0.7439
 374.000       0.6786
 375.000       0.7234
 376.000       0.8637
 377.000       0.9687
 378.000       1.0432
 379.000       1.2316
 380.000       1.5803
 381.000       1.8605
 382.000       1.6867
 383.000       1.2959
 384.000       1.8167
 385.000       1.8365
 386.000       1.4611
 387.000       1.2701
 388.000       1.2350
 389.000       1.1213
 390.000       0.9729
 391.000       0.8939
 392.000       0.8655
 393.000       0.9199
 394.000       0.8696
 395.000       0.7980
 396.000       0.8348
 397.000       0.8975
 398.000       0.7908
 399.000       0.7799
 400.000       0.8732
 401.000       0.8451
 402.000       0.8103
 403.000       0.9152
 404.000       0.8780
 405.000       0.7975
 406.000       0.8887
 407.000       0.8327
 408.000       0.8681
 409.000       0.9011
 410.000       0.9254
 411.000       0.8910
 412.000       0.8220
 413.000       0.8069
 414.000       0.7949
 415.000       0.9955
 416.000       0.9459
 417.000       0.7384
 418.000       0.8215
 419.000       1.0035
 420.000       1.0746
 421.000       1.0574
 422.000       0.7816
 423.000       0.7762
 424.000       0.7394
 425.000       0.7163
 426.000       0.6572
 427.000       0.6620
 428.000       0.7622
 429.000       0.6988
 430.000       0.6463
 431.000       0.6763
 432.000       0.7097
 433.000       0.7175
 434.000       0.7550
 435.000       0.7135
 436.000       0.7661
 437.000       0.8987
 438.000       0.9148
 439.000       0.7642
 440.000       0.7512
 441.000       0.8121
 442.000       0.8045
 443.000       0.8150
 444.000       0.8694
 445.000       0.7816
 446.000       0.6781
 447.000       0.7268
 448.000       0.7873
 449.000       0.7253
 450.000       0.7164
 451.000       0.8035
 452.000       0.8539
 453.000       0.8810
 454.000       0.9118
 455.000       0.8927
 456.000       1.1290
 457.000       0.9386
 458.000       0.8210
 459.000       0.8990
 460.000       0.8481
 461.000       0.7476
 462.000       0.7007
 463.000       0.7002
 464.000       0.7159
 465.000       0.6226
 466.000       0.6354
 467.000       0.7599
 468.000       0.7209
 469.000       0.6686
 470.000       0.6996
 471.000       0.6995
 472.000       0.6975
 473.000       0.6339
 474.000       0.6200
 475.000       0.6995
 476.000       0.7186
 477.000       0.7000
 478.000       0.7771
 479.000       0.8919
 480.000       0.9556
 481.000       1.1713
 482.000       1.3103
 483.000       1.1789
 484.000       1.3753
 485.000       1.7300
 486.000       2.3663
 487.000       2.0343
 488.000       1.9001
 489.000       2.0723
 490.000       1.4391
 491.000       1.8598
 492.000       2.0983
 493.000       1.7862
 494.000       1.9864
 495.000       1.7970
 496.000       2.1430
 497.000       2.2514
 498.000       2.0693
 499.000       1.7425
 500.000       1.5712
 501.000       1.5847
 502.000       1.4421
 503.000       1.1718
 504.000       1.2237
 505.000       1.2524
 506.000       1.1271
 507.000       1.0721
 508.000       1.1427
 509.000       1.1531
 510.000       1.0344
 511.000       1.0465
 512.000       1.1391
 513.000       1.1605
 514.000       0.9971
 515.000       1.3312
 516.000       1.4665
 517.000       1.1592
 518.000       1.2826
 519.000       1.7124
 520.000       1.7132
 521.000       1.5173
 522.000       1.9125
 523.000       2.2726
 524.000       2.1571
 525.000       2.0840
 526.000       2.5580
 527.000       2.7971
 528.000       2.9268
 529.000       2.6197
 530.000       2.6826
 531.000       2.6336
 532.000       2.2158
 533.000       2.0345
 534.000       2.1054
 535.000       1.9018
 536.000       1.5104
 537.000       1.5267
 538.000       1.6131
 539.000       1.5413
 540.000       1.7314
 541.000       2.9670
 542.000       4.8266
