#Res        AtomicFlx
   1.000       6.2491
   2.000       3.4230
   3.000       1.5313
   4.000       1.0026
   5.000       1.5017
   6.000       1.5147
   7.000       1.8147
   8.000       1.5599
   9.000       1.0991
  10.000       0.9193
  11.000       0.9119
  12.000       0.8694
  13.000       0.7200
  14.000       0.6946
  15.000       0.7263
  16.000       0.6356
  17.000       0.4844
  18.000       0.4953
  19.000       0.5326
  20.000       0.4369
  21.000       0.4270
  22.000       0.4493
  23.000       0.4706
  24.000       0.5614
  25.000       0.5786
  26.000       0.4522
  27.000       0.5059
  28.000       0.4792
  29.000       0.5129
  30.000       0.5021
  31.000       0.5268
  32.000       0.5722
  33.000       0.5562
  34.000       0.5500
  35.000       0.5866
  36.000       0.6669
  37.000       0.6871
  38.000       0.8743
  39.000       0.7363
  40.000       0.7910
  41.000       0.7504
  42.000       0.6004
  43.000       0.5963
  44.000       0.6469
  45.000       0.5882
  46.000       0.5169
  47.000       0.5803
  48.000       0.5935
  49.000       0.5445
  50.000       0.5484
  51.000       0.6547
  52.000       0.7092
  53.000       0.6812
  54.000       0.6261
  55.000       0.5294
  56.000       0.5074
  57.000       0.5263
  58.000       0.4643
  59.000       0.4321
  60.000       0.4725
  61.000       0.5125
  62.000       0.5009
  63.000       0.5110
  64.000       0.5705
  65.000       0.5677
  66.000       0.5396
  67.000       0.6009
  68.000       0.7434
  69.000       0.6656
  70.000       0.6392
  71.000       0.6444
  72.000       0.7279
  73.000       0.6809
  74.000       0.6472
  75.000       0.6829
  76.000       0.6439
  77.000       0.6598
  78.000       0.7745
  79.000       0.7774
  80.000       0.7284
  81.000       0.7526
  82.000       0.7742
  83.000       0.6609
  84.000       0.6497
  85.000       0.5618
  86.000       0.5454
  87.000       0.6236
  88.000       0.5436
  89.000       0.4987
  90.000       0.5048
  91.000       0.5176
  92.000       0.5155
  93.000       0.5087
  94.000       0.5141
  95.000       0.5344
  96.000       0.5396
  97.000       0.5087
  98.000       0.5217
  99.000       0.5417
 100.000       0.5325
 101.000       0.5147
 102.000       0.5020
 103.000       0.5205
 104.000       0.5476
 105.000       0.5172
 106.000       0.5141
 107.000       0.5493
 108.000       0.5566
 109.000       0.5219
 110.000       0.5464
 111.000       0.6145
 112.000       0.6134
 113.000       0.6653
 114.000       0.6975
 115.000       0.7774
 116.000       0.9556
 117.000       1.5604
 118.000       2.1313
 119.000       1.4858
 120.000       0.8680
 121.000       0.8745
 122.000       1.0782
 123.000       1.2175
 124.000       1.2093
 125.000       1.3107
 126.000       1.5253
 127.000       1.3523
 128.000       1.4766
 129.000       1.3443
 130.000       1.3020
 131.000       1.6783
 132.000       2.5283
 133.000       1.8771
 134.000       1.6711
 135.000       1.9298
 136.000       2.2727
 137.000       1.5491
 138.000       2.4041
 139.000       2.9728
 140.000       4.1912
 141.000       4.7992
 142.000       5.1959
 143.000       5.1875
 144.000       4.8945
 145.000       4.1564
 146.000       4.2198
 147.000       3.9848
 148.000       3.0739
 149.000       2.1435
 150.000       1.6167
 151.000       1.3264
 152.000       0.9874
 153.000       0.9190
 154.000       1.1607
 155.000       1.0229
 156.000       0.7996
 157.000       1.0107
 158.000       1.1939
 159.000       0.9981
 160.000       1.0470
 161.000       0.9517
 162.000       1.0650
 163.000       1.0926
 164.000       1.2283
 165.000       1.6051
 166.000       1.3342
 167.000       1.8253
 168.000       1.3953
 169.000       1.1572
 170.000       1.1894
 171.000       1.6241
 172.000       1.5057
 173.000       1.2795
 174.000       1.3951
 175.000       1.1543
 176.000       1.1227
 177.000       1.2378
 178.000       1.2029
 179.000       1.0257
 180.000       0.8297
 181.000       0.8395
 182.000       0.7846
 183.000       0.6277
 184.000       0.6077
 185.000       0.6914
 186.000       0.6660
 187.000       0.5974
 188.000       0.6377
 189.000       0.6928
 190.000       0.6638
 191.000       0.6410
 192.000       0.6538
 193.000       0.7144
 194.000       0.7093
 195.000       0.7412
 196.000       1.0738
 197.000       1.7105
 198.000       2.1002
 199.000       2.1053
 200.000       2.2721
 201.000       1.8784
 202.000       1.3760
 203.000       1.5438
 204.000       1.4537
 205.000       0.9934
 206.000       0.9216
 207.000       1.1312
 208.000       1.0113
 209.000       0.7070
 210.000       0.7579
 211.000       0.8315
 212.000       0.7278
 213.000       0.6226
 214.000       0.6136
 215.000       0.6468
 216.000       0.5849
 217.000       0.6190
 218.000       0.6975
 219.000       0.6414
 220.000       0.6650
 221.000       0.7687
 222.000       0.7843
 223.000       0.7314
 224.000       0.8078
 225.000       0.8788
 226.000       0.8628
 227.000       0.8651
 228.000       0.8437
 229.000       0.7801
 230.000       0.7880
 231.000       0.7682
 232.000       0.7456
 233.000       0.7310
 234.000       0.6625
 235.000       0.6820
 236.000       0.6847
 237.000       0.6289
 238.000       0.7292
 239.000       0.8570
 240.000       1.0516
 241.000       1.1042
 242.000       1.2044
 243.000       1.2511
 244.000       1.1687
 245.000       1.1861
 246.000       1.1892
 247.000       1.0563
 248.000       0.8846
 249.000       0.8007
 250.000       0.6674
 251.000       0.6081
 252.000       0.5958
 253.000       0.5569
 254.000       0.5297
 255.000       0.5073
 256.000       0.5029
 257.000       0.4711
 258.000       0.4490
 259.000       0.4510
 260.000       0.4669
 261.000       0.4382
 262.000       0.4465
 263.000       0.4921
 264.000       0.4322
 265.000       0.4924
 266.000       0.4566
 267.000       0.4484
 268.000       0.4151
 269.000       0.4275
 270.000       0.4521
 271.000       0.4701
 272.000       0.4846
 273.000       0.4804
 274.000       0.5773
 275.000       0.7702
 276.000       0.7412
 277.000       0.7935
 278.000       0.7254
 279.000       0.7064
 280.000       0.6582
 281.000       0.6624
 282.000       0.5824
 283.000       0.5415
 284.000       0.5503
 285.000       0.5166
 286.000       0.4715
 287.000       0.5186
 288.000       0.5236
 289.000       0.4405
 290.000       0.4940
 291.000       0.5310
 292.000       0.4757
 293.000       0.4321
 294.000       0.4724
 295.000       0.5149
 296.000       0.4755
 297.000       0.4729
 298.000       0.5269
 299.000       0.5306
 300.000       0.5348
 301.000       0.6064
 302.000       0.5926
 303.000       0.6112
 304.000       0.5646
 305.000       0.5365
 306.000       0.5834
 307.000       0.7765
 308.000       0.7570
 309.000       0.6611
 310.000       0.7296
 311.000       0.7966
 312.000       0.8212
 313.000       0.9040
 314.000       1.0381
 315.000       1.0342
 316.000       0.9977
 317.000       1.1433
 318.000       0.9799
 319.000       0.8352
 320.000       0.9372
 321.000       0.9235
 322.000       0.7988
 323.000       0.8775
 324.000       1.8366
 325.000       2.3027
 326.000       3.0131
 327.000       3.0064
 328.000       2.5739
 329.000       1.3880
 330.000       0.8356
 331.000       0.6954
 332.000       0.6931
 333.000       0.7360
 334.000       0.6619
 335.000       0.6092
 336.000       0.6570
 337.000       0.6702
 338.000       0.6972
 339.000       0.7117
 340.000       0.7730
 341.000       0.9205
 342.000       0.9293
 343.000       0.9595
 344.000       0.8497
 345.000       0.6634
 346.000       0.6821
 347.000       0.6956
 348.000       0.5994
 349.000       0.5978
 350.000       0.6158
 351.000       0.5705
 352.000       0.5624
 353.000       0.5332
 354.000       0.5177
 355.000       0.5385
 356.000       0.5538
 357.000       0.4938
 358.000       0.4871
 359.000       0.4648
 360.000       0.4856
 361.000       0.4727
 362.000       0.4397
 363.000       0.4044
 364.000       0.4092
 365.000       0.4307
 366.000       0.4308
 367.000       0.4537
 368.000       0.5105
 369.000       0.5276
 370.000       0.5121
 371.000       0.5667
 372.000       0.6220
 373.000       0.6174
 374.000       0.5931
 375.000       0.6773
 376.000       0.8122
 377.000       0.8914
 378.000       0.9161
 379.000       1.0873
 380.000       1.4839
 381.000       1.3987
 382.000       1.3402
 383.000       1.1904
 384.000       1.5766
 385.000       1.9084
 386.000       1.4220
 387.000       1.0471
 388.000       0.9272
 389.000       0.9094
 390.000       0.8320
 391.000       0.6956
 392.000       0.6973
 393.000       0.7655
 394.000       0.6572
 395.000       0.6029
 396.000       0.7207
 397.000       0.8324
 398.000       0.7489
 399.000       0.7555
 400.000       0.9749
 401.000       1.1010
 402.000       1.0417
 403.000       1.1004
 404.000       0.9107
 405.000       0.6787
 406.000       0.8491
 407.000       0.8526
 408.000       0.7978
 409.000       0.8443
 410.000       0.7234
 411.000       0.7707
 412.000       0.7125
 413.000       0.5960
 414.000       0.6272
 415.000       0.7208
 416.000       0.6775
 417.000       0.6345
 418.000       0.7408
 419.000       0.7928
 420.000       0.9480
 421.000       1.0084
 422.000       0.8297
 423.000       0.7637
 424.000       0.7186
 425.000       0.6814
 426.000       0.5443
 427.000       0.5211
 428.000       0.5934
 429.000       0.5421
 430.000       0.5120
 431.000       0.5471
 432.000       0.5443
 433.000       0.5089
 434.000       0.5548
 435.000       0.6413
 436.000       0.6255
 437.000       0.6486
 438.000       0.6810
 439.000       0.6854
 440.000       0.7335
 441.000       0.7286
 442.000       0.7390
 443.000       0.6633
 444.000       0.7273
 445.000       0.7187
 446.000       0.6216
 447.000       0.6391
 448.000       0.7244
 449.000       0.6846
 450.000       0.6416
 451.000       0.7398
 452.000       0.8575
 453.000       0.9291
 454.000       0.8426
 455.000       0.9359
 456.000       0.9847
 457.000       0.9360
 458.000       0.7837
 459.000       0.8843
 460.000       0.8477
 461.000       0.7373
 462.000       0.6341
 463.000       0.6626
 464.000       0.6660
 465.000       0.5830
 466.000       0.5588
 467.000       0.6302
 468.000       0.6178
 469.000       0.6016
 470.000       0.7093
 471.000       0.6284
 472.000       0.5815
 473.000       0.5352
 474.000       0.5233
 475.000       0.5797
 476.000       0.5960
 477.000       0.6321
 478.000       0.7245
 479.000       0.7544
 480.000       0.9993
 481.000       1.1774
 482.000       1.2705
 483.000       1.1975
 484.000       1.8369
 485.000       1.9154
 486.000       2.3517
 487.000       1.7103
 488.000       1.3692
 489.000       1.2804
 490.000       1.1579
 491.000       1.1722
 492.000       1.4911
 493.000       1.1720
 494.000       1.2876
 495.000       1.1392
 496.000       1.4421
 497.000       1.5430
 498.000       1.4522
 499.000       1.1852
 500.000       1.1748
 501.000       1.2060
 502.000       1.0357
 503.000       0.8951
 504.000       0.9342
 505.000       0.8694
 506.000       0.7885
 507.000       0.8190
 508.000       0.8413
 509.000       0.7353
 510.000       0.6147
 511.000       0.7022
 512.000       0.7193
 513.000       0.6198
 514.000       0.6989
 515.000       0.7660
 516.000       0.7887
 517.000       0.6818
 518.000       0.7673
 519.000       0.9715
 520.000       0.9797
 521.000       0.9349
 522.000       1.1359
 523.000       1.3924
 524.000       1.4285
 525.000       1.4856
 526.000       1.9622
 527.000       2.0436
 528.000       2.0722
 529.000       1.9209
 530.000       1.8419
 531.000       1.7209
 532.000       1.4393
 533.000       1.3517
 534.000       1.4953
 535.000       1.5095
 536.000       1.2731
 537.000       1.4783
 538.000       1.8289
 539.000       2.2005
 540.000       2.9139
 541.000       4.3854
 542.000       6.2765
