#Res        AtomicFlx
   1.000       9.8494
   2.000       8.0102
   3.000       5.5281
   4.000       3.1720
   5.000       2.9757
   6.000       2.1636
   7.000       1.9082
   8.000       2.1855
   9.000       2.3101
  10.000       2.6187
  11.000       1.6457
  12.000       1.7371
  13.000       1.8956
  14.000       2.1374
  15.000       2.3348
  16.000       2.9038
  17.000       2.6031
  18.000       5.0626
  19.000       2.4020
  20.000       2.7189
  21.000       2.9207
  22.000       2.4693
  23.000       1.3776
  24.000       2.0343
  25.000       1.9879
  26.000       1.7807
  27.000       1.8220
  28.000       1.2473
  29.000       1.0206
  30.000       1.5420
  31.000       0.7930
  32.000       1.3177
  33.000       0.9812
  34.000       1.0830
  35.000       0.8979
  36.000       0.9024
  37.000       0.6033
  38.000       0.9493
  39.000       0.7921
  40.000       0.6778
  41.000       0.5984
  42.000       1.0870
  43.000       0.5358
  44.000       0.5100
  45.000       0.5393
  46.000       0.7344
  47.000       0.6036
  48.000       0.7496
  49.000       0.6728
  50.000       0.7177
  51.000       0.8498
  52.000       0.9348
  53.000       1.2077
  54.000       0.9332
  55.000       0.9124
  56.000       1.0920
  57.000       1.1100
  58.000       1.2434
  59.000       1.4201
  60.000       1.3343
  61.000       1.4564
  62.000       1.5820
  63.000       1.9178
  64.000       1.6601
  65.000       1.4163
  66.000       1.1548
  67.000       1.3863
  68.000       1.3585
  69.000       1.0809
  70.000       1.1270
  71.000       1.5542
  72.000       1.3674
  73.000       1.2433
  74.000       1.0882
  75.000       1.2036
  76.000       1.3819
  77.000       1.6656
  78.000       0.8483
  79.000       0.9557
  80.000       0.7795
  81.000       0.7889
  82.000       0.7268
  83.000       0.9350
  84.000       0.8132
  85.000       0.7959
  86.000       0.5141
  87.000       0.6003
  88.000       0.7397
  89.000       0.5536
  90.000       0.6269
  91.000       0.8975
  92.000       0.8489
  93.000       0.7383
  94.000       1.3576
  95.000       0.6595
  96.000       0.7988
  97.000       0.9732
  98.000       0.7533
  99.000       0.8074
 100.000       0.7983
 101.000       1.0861
 102.000       1.0185
 103.000       1.2819
 104.000       1.3708
 105.000       1.3580
 106.000       1.2555
 107.000       1.1124
 108.000       1.2904
 109.000       0.7676
 110.000       0.8075
 111.000       0.6709
 112.000       1.0972
 113.000       0.7313
 114.000       0.8255
 115.000       1.0108
 116.000       1.1042
 117.000       0.8872
 118.000       0.7316
 119.000       1.0781
 120.000       1.0779
 121.000       0.7998
 122.000       0.6141
 123.000       0.7953
 124.000       1.3372
 125.000       0.6188
 126.000       0.7958
 127.000       0.8300
 128.000       0.8708
 129.000       0.8312
 130.000       0.9277
 131.000       0.8287
 132.000       0.8223
 133.000       1.0548
 134.000       0.9557
 135.000       1.0296
 136.000       0.8858
 137.000       1.7386
 138.000       0.9324
 139.000       0.8688
 140.000       1.3973
 141.000       1.4583
 142.000       1.6368
 143.000       1.3889
 144.000       1.1538
 145.000       1.0916
 146.000       1.0755
 147.000       1.4971
 148.000       1.8731
 149.000       1.6072
 150.000       1.7580
 151.000       2.4268
 152.000       3.0985
 153.000       3.9522
 154.000       4.7832
 155.000       5.1113
 156.000       3.8748
 157.000       2.7078
 158.000       2.2433
 159.000       2.0327
 160.000       2.3128
 161.000       2.0286
 162.000       1.5094
 163.000       1.8595
 164.000       2.6313
 165.000       1.5753
 166.000       1.4697
 167.000       1.3347
 168.000       1.3516
 169.000       1.3583
 170.000       1.3714
 171.000       1.0010
 172.000       1.0369
 173.000       1.1692
 174.000       2.0066
 175.000       1.3975
 176.000       1.0854
 177.000       1.1549
 178.000       1.1915
 179.000       1.4771
 180.000       1.6416
 181.000       2.0079
 182.000       1.7890
 183.000       2.1368
 184.000       2.3976
 185.000       2.3437
 186.000       1.6255
 187.000       1.2542
 188.000       1.2712
 189.000       1.3944
 190.000       1.1284
 191.000       1.1523
 192.000       0.9802
 193.000       1.2271
 194.000       1.0273
 195.000       1.2428
 196.000       0.8047
 197.000       0.8066
 198.000       0.8063
 199.000       1.0402
 200.000       0.7565
 201.000       0.6770
 202.000       0.7652
 203.000       1.0091
 204.000       0.7997
 205.000       0.9247
 206.000       1.4791
 207.000       0.8497
 208.000       1.0330
 209.000       1.3601
 210.000       1.9099
 211.000       1.0201
 212.000       1.3468
 213.000       1.4821
 214.000       0.9741
 215.000       0.9442
 216.000       0.7599
 217.000       1.2642
 218.000       0.7417
 219.000       0.7495
 220.000       1.0699
 221.000       1.2008
 222.000       0.7570
 223.000       0.9421
 224.000       1.0595
 225.000       1.0986
 226.000       0.7928
 227.000       1.8933
 228.000       1.0602
 229.000       0.9092
 230.000       0.9774
 231.000       1.0175
 232.000       1.2999
 233.000       1.2958
 234.000       1.1499
 235.000       1.2489
 236.000       1.0164
 237.000       1.0476
 238.000       1.3331
 239.000       1.1747
 240.000       1.2382
 241.000       2.1251
 242.000       1.3967
 243.000       1.6957
 244.000       1.3916
 245.000       1.6950
 246.000       1.1248
 247.000       1.3799
 248.000       1.4464
 249.000       1.9467
 250.000       1.3321
 251.000       1.6477
 252.000       1.8815
 253.000       2.1461
 254.000       1.8448
 255.000       1.9644
 256.000       1.9495
 257.000       1.8239
 258.000       1.8294
 259.000       2.1771
 260.000       2.1036
 261.000       2.2083
 262.000       2.0954
 263.000       1.4825
 264.000       1.6313
 265.000       2.3101
 266.000       1.5981
 267.000       1.0734
 268.000       1.3051
 269.000       1.5513
 270.000       1.3088
 271.000       1.0988
 272.000       1.5492
 273.000       1.8250
 274.000       1.0508
 275.000       0.9034
 276.000       0.5632
 277.000       0.8817
 278.000       0.8379
 279.000       1.2809
 280.000       0.6718
 281.000       0.5039
 282.000       0.5885
 283.000       0.6518
 284.000       0.6882
 285.000       0.6313
 286.000       0.5341
 287.000       0.6319
 288.000       0.7133
 289.000       0.7020
 290.000       1.0109
 291.000       1.1596
 292.000       1.5433
 293.000       0.7650
 294.000       0.9128
 295.000       0.8100
 296.000       0.9595
 297.000       1.6249
 298.000       0.6773
 299.000       0.7672
 300.000       0.9373
 301.000       1.0259
 302.000       0.8029
 303.000       0.7337
 304.000       1.0537
 305.000       0.9541
 306.000       0.7452
 307.000       0.8730
 308.000       1.7757
 309.000       0.9873
 310.000       0.9334
 311.000       1.1505
 312.000       1.2328
 313.000       0.9991
 314.000       0.9775
 315.000       1.2118
 316.000       1.0578
 317.000       1.0371
 318.000       1.0307
 319.000       1.1673
 320.000       1.1901
 321.000       1.3058
 322.000       1.0751
 323.000       1.0924
 324.000       1.5191
 325.000       1.1292
 326.000       1.2937
 327.000       1.3225
 328.000       1.4512
 329.000       1.9333
 330.000       1.4229
 331.000       1.5262
 332.000       1.2902
 333.000       1.8331
 334.000       1.5226
 335.000       1.7348
 336.000       1.6763
 337.000       2.0041
 338.000       2.4546
 339.000       2.3720
 340.000       2.6566
 341.000       2.9388
 342.000       3.3545
 343.000       3.3779
 344.000       3.9538
 345.000       4.6626
 346.000       5.3843
 347.000       6.5913
 348.000       8.8936
 349.000       8.5723
 350.000       8.2258
 351.000       7.5741
 352.000       6.3654
 353.000       6.8383
 354.000       6.4172
 355.000       4.7966
 356.000       3.6354
 357.000       4.2256
 358.000       4.5839
 359.000       3.6327
 360.000       3.4568
 361.000       4.5170
 362.000       5.0531
 363.000       4.1517
 364.000       4.8849
 365.000       5.2866
 366.000       5.9153
 367.000       6.0838
 368.000       5.9171
 369.000       5.4437
 370.000       4.7892
 371.000       4.1323
 372.000       4.3100
 373.000       4.7095
 374.000       3.5941
 375.000       3.0937
 376.000       2.5281
 377.000       2.3969
 378.000       2.5872
 379.000       1.7526
 380.000       2.3387
 381.000       2.3845
 382.000       1.9295
 383.000       1.7279
 384.000       1.6802
 385.000       1.8864
 386.000       2.1936
 387.000       2.3697
 388.000       1.3007
 389.000       1.3616
 390.000       1.7421
 391.000       1.0242
 392.000       1.6512
 393.000       1.0890
 394.000       1.0637
 395.000       0.9420
 396.000       0.8756
 397.000       1.2594
 398.000       1.0596
 399.000       1.3287
 400.000       1.2102
 401.000       1.3291
 402.000       1.0229
 403.000       1.1763
 404.000       1.4088
 405.000       1.4677
 406.000       1.1409
 407.000       1.1927
 408.000       1.2274
 409.000       1.0550
 410.000       0.9705
 411.000       1.1866
 412.000       1.0796
 413.000       0.9382
 414.000       0.8896
 415.000       1.1204
 416.000       0.8006
 417.000       0.7874
 418.000       1.1348
 419.000       0.9465
 420.000       0.7682
 421.000       1.0244
 422.000       0.6336
 423.000       0.9781
 424.000       0.5566
 425.000       0.7089
 426.000       0.5652
 427.000       0.5187
 428.000       0.6769
 429.000       0.6365
 430.000       0.5228
 431.000       0.7355
 432.000       0.8939
 433.000       0.9233
 434.000       0.6071
 435.000       0.8077
 436.000       0.8898
 437.000       0.8434
 438.000       0.7937
 439.000       1.1930
 440.000       1.4635
 441.000       1.1540
 442.000       1.2980
 443.000       2.5845
 444.000       1.8734
 445.000       2.0165
 446.000       2.0770
 447.000       2.5430
 448.000       3.3870
 449.000       1.9350
 450.000       1.6473
 451.000       2.0448
 452.000       1.6510
 453.000       1.3773
 454.000       1.2642
 455.000       1.0242
 456.000       0.8762
 457.000       1.2732
 458.000       1.0401
 459.000       0.7087
 460.000       1.0230
 461.000       0.7978
 462.000       0.7437
 463.000       0.7992
 464.000       1.2930
 465.000       1.1372
 466.000       0.7754
 467.000       1.4682
 468.000       1.1959
 469.000       1.1732
 470.000       1.0108
 471.000       1.0559
 472.000       1.1599
 473.000       1.0470
 474.000       0.8674
 475.000       1.6219
 476.000       1.1092
 477.000       1.0623
 478.000       1.2145
 479.000       1.0737
 480.000       1.2641
 481.000       1.0920
 482.000       1.1123
 483.000       1.2644
 484.000       1.4720
 485.000       1.3585
 486.000       1.3257
 487.000       1.5836
 488.000       1.4416
 489.000       0.9542
 490.000       1.2534
 491.000       1.3079
 492.000       1.0413
 493.000       0.8041
 494.000       0.7424
 495.000       1.1493
 496.000       0.8994
 497.000       1.0284
 498.000       0.9164
 499.000       1.3956
 500.000       0.8481
 501.000       0.9636
 502.000       1.1619
 503.000       1.5458
 504.000       1.1958
 505.000       1.1104
 506.000       1.0069
 507.000       1.4026
 508.000       1.4868
 509.000       1.5633
 510.000       0.8734
 511.000       0.9352
 512.000       1.5042
 513.000       0.9640
 514.000       1.0185
 515.000       1.1996
 516.000       1.7500
 517.000       1.1240
 518.000       1.4483
 519.000       1.3853
 520.000       2.0305
 521.000       1.8430
 522.000       1.0947
 523.000       1.4431
 524.000       1.4586
 525.000       1.2699
 526.000       0.9087
 527.000       1.1184
 528.000       1.1002
 529.000       0.8525
 530.000       0.8158
 531.000       1.3555
 532.000       1.2949
 533.000       1.0113
 534.000       0.9655
 535.000       1.0223
 536.000       1.4056
 537.000       1.2935
 538.000       1.0955
 539.000       1.4670
 540.000       1.3435
 541.000       1.1898
 542.000       1.8281
 543.000       1.9774
 544.000       1.7559
 545.000       2.0989
 546.000       2.6295
 547.000       2.1139
 548.000       1.6790
 549.000       2.1803
 550.000       2.7234
 551.000       2.4203
 552.000       2.6911
 553.000       2.4936
 554.000       2.0305
 555.000       1.7514
 556.000       1.6797
 557.000       1.8042
 558.000       2.2525
 559.000       2.0850
 560.000       2.6080
 561.000       2.9416
 562.000       3.3264
 563.000       5.5122
 564.000       4.0609
 565.000       3.1755
 566.000       2.2174
 567.000       2.4405
 568.000       2.9252
 569.000       2.0549
 570.000       2.4560
 571.000       2.1505
 572.000       1.9482
 573.000       1.7989
 574.000       1.6724
 575.000       1.7133
 576.000       2.1311
 577.000       1.6327
 578.000       1.4059
 579.000       1.8699
 580.000       1.6947
 581.000       1.4571
 582.000       1.4233
 583.000       1.5296
 584.000       1.4445
 585.000       1.4163
 586.000       1.2662
 587.000       1.0214
 588.000       1.1241
 589.000       0.9091
 590.000       0.9615
 591.000       1.1806
 592.000       0.8943
 593.000       1.0367
 594.000       1.0864
 595.000       1.1051
 596.000       1.2471
 597.000       1.3630
 598.000       1.6963
 599.000       1.6246
 600.000       1.8486
 601.000       2.1647
 602.000       2.2191
 603.000       2.3688
 604.000       2.6112
 605.000       3.8726
 606.000       7.2896
 607.000       9.9597
 608.000       2.0345
 609.000       3.3316
 610.000       0.9191
 611.000       0.5986
 612.000       0.5480
 613.000      52.4785
 614.000      56.1591
 615.000      57.1959
 616.000      53.4903
 617.000      54.7940
 618.000      56.1417
 619.000      53.6603
 620.000      54.7893
 621.000      54.2141
 622.000      54.1228
 623.000      55.1398
 624.000      54.8132
 625.000      55.0392
 626.000      54.2028
 627.000      55.5808
 628.000      55.1276
 629.000      55.8568
 630.000      55.5528
 631.000      53.8940
 632.000      56.5512
 633.000      56.0669
 634.000      56.6125
 635.000      56.7111
 636.000      57.9091
 637.000      55.6705
 638.000      55.1114
 639.000      55.8248
 640.000      54.4616
 641.000      56.6372
 642.000      55.0298
 643.000      55.1337
 644.000      54.5152
 645.000      55.2508
 646.000      56.8657
 647.000      55.9082
 648.000      53.1323
 649.000      55.2864
 650.000      55.6754
 651.000      57.6523
 652.000      56.0600
 653.000      53.7152
 654.000      57.4382
 655.000      56.0924
 656.000      58.2996
 657.000      54.6555
 658.000      56.0643
 659.000      55.6017
 660.000      56.7283
 661.000      55.0843
 662.000      57.0709
 663.000      55.7357
 664.000      56.7628
 665.000      54.3630
 666.000      56.8062
 667.000      54.4083
 668.000      53.2316
 669.000      56.6410
 670.000      55.7261
 671.000      53.8549
 672.000      53.3689
 673.000      53.9302
 674.000      56.8771
 675.000      55.9181
 676.000      54.6630
 677.000      57.1229
 678.000      56.0897
 679.000      53.2146
 680.000      54.4728
 681.000      56.1241
 682.000      55.1851
 683.000      56.1489
 684.000      57.4424
 685.000      55.5477
 686.000      53.3907
 687.000      58.3360
 688.000      55.8832
 689.000      56.3719
 690.000      54.7978
 691.000      53.8680
 692.000      54.2547
 693.000      56.4592
 694.000      56.3754
 695.000      53.3338
 696.000      56.1567
 697.000      54.4303
 698.000      57.1563
 699.000      57.1155
 700.000      57.4705
 701.000      55.6374
 702.000      55.9559
 703.000      55.9351
 704.000      54.1569
 705.000      52.4340
 706.000      56.3743
 707.000      57.2327
 708.000      55.8199
 709.000      56.6559
 710.000      55.8253
 711.000      56.8398
 712.000      54.6362
 713.000      54.8537
 714.000      53.9291
 715.000      56.6645
 716.000      52.7766
 717.000      55.0248
 718.000      56.0395
 719.000      55.7688
 720.000      56.2440
 721.000      54.9896
 722.000      59.5498
 723.000      61.0528
 724.000      60.3441
 725.000      60.2106
 726.000      60.2027
 727.000      58.7083
 728.000      61.2393
 729.000      61.2099
 730.000      60.3082
 731.000      61.2090
 732.000      61.1614
 733.000      61.1042
 734.000      60.8456
 735.000      61.0079
 736.000      61.9579
 737.000      61.0255
 738.000      61.7046
 739.000      61.0942
 740.000      60.2274
 741.000      60.2817
 742.000      60.1400
 743.000      60.9925
 744.000      60.4886
 745.000      60.9111
 746.000      61.1470
 747.000      62.6698
 748.000      61.3497
 749.000      61.2381
 750.000      61.1070
 751.000      60.1582
 752.000      60.8472
 753.000      61.1304
 754.000      61.3620
 755.000      61.2313
 756.000      60.6508
 757.000      60.7011
 758.000      60.1502
 759.000      60.4371
 760.000      60.3924
 761.000      61.0859
 762.000      60.5442
 763.000      61.4643
 764.000      60.6690
 765.000      60.4960
 766.000      61.5430
 767.000      61.6928
 768.000      60.5047
 769.000      60.5019
 770.000      60.4390
 771.000      60.1111
 772.000      61.1650
 773.000      61.6209
 774.000      60.0068
 775.000      60.7205
 776.000      61.4041
 777.000      61.4891
 778.000      60.7430
 779.000      59.1607
 780.000      61.3173
 781.000      61.2100
 782.000      60.8424
 783.000      60.4773
 784.000      61.4671
 785.000      60.1681
