#Res        AtomicFlx
   1.000       2.3343
   2.000       1.4446
   3.000       1.6102
   4.000       1.3953
   5.000       1.9682
   6.000       2.0330
   7.000       2.0057
   8.000       2.3143
   9.000       2.4593
  10.000       2.6131
  11.000       1.7904
  12.000       1.6976
  13.000       2.1738
  14.000       2.4438
  15.000       2.6642
  16.000       2.9037
  17.000       1.9513
  18.000       3.5163
  19.000       2.2804
  20.000       2.6866
  21.000       2.9614
  22.000       3.5239
  23.000       4.2257
  24.000       5.1883
  25.000       4.1900
  26.000       3.8676
  27.000       3.2359
  28.000       3.3336
  29.000       2.4172
  30.000       2.3852
  31.000       1.3300
  32.000       2.3960
  33.000       1.5295
  34.000       1.4274
  35.000       1.1760
  36.000       1.4407
  37.000       0.8588
  38.000       1.2829
  39.000       1.1780
  40.000       0.7587
  41.000       0.6546
  42.000       1.1575
  43.000       0.5892
  44.000       0.5411
  45.000       0.7075
  46.000       0.8708
  47.000       0.8499
  48.000       1.0032
  49.000       1.0105
  50.000       1.2303
  51.000       1.1785
  52.000       1.3882
  53.000       2.1418
  54.000       1.3638
  55.000       1.3932
  56.000       1.8608
  57.000       1.4740
  58.000       1.4953
  59.000       1.7743
  60.000       1.6509
  61.000       1.6078
  62.000       1.6348
  63.000       1.5577
  64.000       1.6833
  65.000       1.6777
  66.000       1.3742
  67.000       1.7088
  68.000       1.6234
  69.000       1.4289
  70.000       1.2834
  71.000       1.4282
  72.000       1.4383
  73.000       1.2165
  74.000       1.2864
  75.000       1.1356
  76.000       1.1304
  77.000       1.1865
  78.000       0.7102
  79.000       0.9686
  80.000       0.7104
  81.000       0.7451
  82.000       0.7020
  83.000       1.0086
  84.000       0.7848
  85.000       0.6081
  86.000       0.9614
  87.000       0.7845
  88.000       0.8396
  89.000       0.8050
  90.000       0.9545
  91.000       1.0596
  92.000       1.1423
  93.000       1.6566
  94.000       1.8243
  95.000       0.8281
  96.000       0.7877
  97.000       1.1209
  98.000       0.9709
  99.000       0.9256
 100.000       0.7918
 101.000       1.2824
 102.000       1.2303
 103.000       1.3559
 104.000       1.3145
 105.000       1.5752
 106.000       1.4673
 107.000       1.3532
 108.000       1.5570
 109.000       1.0127
 110.000       0.8985
 111.000       0.8236
 112.000       1.2408
 113.000       0.9344
 114.000       0.8720
 115.000       1.2498
 116.000       1.3127
 117.000       0.9353
 118.000       0.8054
 119.000       1.3635
 120.000       1.3507
 121.000       0.9708
 122.000       0.8323
 123.000       1.2587
 124.000       1.4725
 125.000       1.0363
 126.000       0.8728
 127.000       1.0698
 128.000       1.1477
 129.000       0.9125
 130.000       0.9790
 131.000       1.1072
 132.000       1.0194
 133.000       1.1915
 134.000       1.2545
 135.000       1.2820
 136.000       1.0850
 137.000       1.8124
 138.000       1.3542
 139.000       1.4681
 140.000       1.7126
 141.000       1.6610
 142.000       1.9614
 143.000       1.7551
 144.000       1.5853
 145.000       1.5936
 146.000       1.4862
 147.000       2.0363
 148.000       2.3549
 149.000       2.3281
 150.000       2.5213
 151.000       3.0622
 152.000       3.2211
 153.000       4.2521
 154.000       3.9076
 155.000       5.5453
 156.000       4.1307
 157.000       3.2213
 158.000       2.7578
 159.000       2.7299
 160.000       2.9049
 161.000       2.5323
 162.000       2.3505
 163.000       2.6688
 164.000       2.8672
 165.000       2.3368
 166.000       2.2534
 167.000       2.0810
 168.000       2.0183
 169.000       2.0596
 170.000       2.0711
 171.000       1.5261
 172.000       1.4047
 173.000       1.9544
 174.000       2.2299
 175.000       1.8466
 176.000       1.4603
 177.000       1.5717
 178.000       1.7696
 179.000       1.9521
 180.000       2.1146
 181.000       2.6790
 182.000       2.6496
 183.000       2.7224
 184.000       2.8389
 185.000       2.6843
 186.000       2.6173
 187.000       2.1572
 188.000       1.9521
 189.000       2.0425
 190.000       1.7135
 191.000       2.1569
 192.000       1.5395
 193.000       1.4767
 194.000       1.5716
 195.000       1.5064
 196.000       1.1146
 197.000       1.1543
 198.000       1.0434
 199.000       1.1444
 200.000       0.8457
 201.000       0.9207
 202.000       0.8671
 203.000       1.0572
 204.000       0.8989
 205.000       1.0236
 206.000       1.5195
 207.000       0.7938
 208.000       1.0275
 209.000       1.4349
 210.000       2.2271
 211.000       1.2136
 212.000       1.5802
 213.000       1.7924
 214.000       1.0703
 215.000       1.0779
 216.000       0.9779
 217.000       1.8605
 218.000       0.9493
 219.000       1.1293
 220.000       1.7023
 221.000       1.3348
 222.000       1.0365
 223.000       1.3425
 224.000       1.2836
 225.000       1.4482
 226.000       1.1208
 227.000       1.7263
 228.000       1.2774
 229.000       1.1767
 230.000       1.2485
 231.000       1.3464
 232.000       1.6289
 233.000       1.5325
 234.000       1.4813
 235.000       1.7953
 236.000       1.8713
 237.000       1.5823
 238.000       1.6675
 239.000       1.7388
 240.000       1.8197
 241.000       2.4289
 242.000       1.6218
 243.000       1.5462
 244.000       1.7394
 245.000       2.0604
 246.000       1.5876
 247.000       1.6719
 248.000       1.9078
 249.000       1.8086
 250.000       1.5937
 251.000       1.9625
 252.000       1.9636
 253.000       1.9817
 254.000       2.1620
 255.000       2.1477
 256.000       2.2001
 257.000       2.0221
 258.000       1.8516
 259.000       1.8113
 260.000       1.8428
 261.000       1.5429
 262.000       1.6292
 263.000       1.4214
 264.000       1.3853
 265.000       1.3331
 266.000       1.3607
 267.000       1.1325
 268.000       1.0162
 269.000       1.1682
 270.000       1.5155
 271.000       1.0065
 272.000       1.1102
 273.000       1.4932
 274.000       1.2216
 275.000       1.1583
 276.000       0.6125
 277.000       0.6605
 278.000       0.6348
 279.000       0.7746
 280.000       0.5618
 281.000       0.5260
 282.000       0.6408
 283.000       0.7221
 284.000       0.9422
 285.000       0.7705
 286.000       0.7452
 287.000       1.0005
 288.000       1.2767
 289.000       1.0832
 290.000       1.4586
 291.000       1.6785
 292.000       1.7402
 293.000       1.1674
 294.000       1.2230
 295.000       1.0948
 296.000       1.2311
 297.000       1.8321
 298.000       0.9982
 299.000       1.0380
 300.000       1.1820
 301.000       1.3625
 302.000       1.1534
 303.000       1.0056
 304.000       1.4124
 305.000       1.2391
 306.000       1.0060
 307.000       1.2835
 308.000       2.1929
 309.000       1.1998
 310.000       1.3537
 311.000       1.5808
 312.000       1.6048
 313.000       1.2987
 314.000       1.3836
 315.000       1.6929
 316.000       1.3708
 317.000       1.3436
 318.000       1.5543
 319.000       1.3851
 320.000       1.4253
 321.000       1.5029
 322.000       1.3671
 323.000       1.5175
 324.000       1.6777
 325.000       1.4222
 326.000       1.5645
 327.000       1.8576
 328.000       1.9455
 329.000       1.7177
 330.000       1.9197
 331.000       2.1101
 332.000       1.4678
 333.000       2.4199
 334.000       1.7046
 335.000       2.4694
 336.000       2.6521
 337.000       3.3393
 338.000       3.5624
 339.000       4.5347
 340.000       5.2672
 341.000       5.0450
 342.000       5.8084
 343.000       7.0579
 344.000       7.7515
 345.000       7.6297
 346.000       6.5408
 347.000       6.4944
 348.000       5.5861
 349.000       5.4734
 350.000       6.6430
 351.000       6.4148
 352.000       8.3943
 353.000       8.5728
 354.000      11.0506
 355.000       9.1151
 356.000       6.8390
 357.000       9.3019
 358.000      10.4968
 359.000       8.2213
 360.000       7.9134
 361.000      10.8485
 362.000      10.5015
 363.000       9.1561
 364.000      10.6597
 365.000      12.4536
 366.000      11.8403
 367.000      13.4276
 368.000      13.3553
 369.000      12.6558
 370.000      10.7855
 371.000       9.4316
 372.000       9.9649
 373.000       9.4887
 374.000       6.9290
 375.000       5.8756
 376.000       4.3756
 377.000       3.6114
 378.000       2.8917
 379.000       1.4589
 380.000       1.9728
 381.000       2.0824
 382.000       1.7430
 383.000       1.6304
 384.000       1.7265
 385.000       1.8717
 386.000       2.0104
 387.000       2.6674
 388.000       2.5169
 389.000       1.9826
 390.000       1.9519
 391.000       1.4055
 392.000       1.5749
 393.000       1.3659
 394.000       1.2896
 395.000       1.4940
 396.000       1.3951
 397.000       1.5529
 398.000       1.5402
 399.000       1.6216
 400.000       1.5135
 401.000       1.9563
 402.000       1.6081
 403.000       1.5182
 404.000       1.6115
 405.000       2.0230
 406.000       1.7918
 407.000       1.9188
 408.000       1.7577
 409.000       1.4370
 410.000       1.2309
 411.000       1.4631
 412.000       1.4966
 413.000       1.0877
 414.000       1.0705
 415.000       1.2629
 416.000       1.0722
 417.000       1.0083
 418.000       1.1085
 419.000       1.1065
 420.000       1.1390
 421.000       1.1224
 422.000       0.8035
 423.000       0.9339
 424.000       0.6825
 425.000       0.7533
 426.000       0.6145
 427.000       0.6279
 428.000       0.6919
 429.000       0.6387
 430.000       0.5429
 431.000       0.7749
 432.000       1.0542
 433.000       1.0661
 434.000       0.7310
 435.000       1.0081
 436.000       1.2605
 437.000       1.0318
 438.000       0.9843
 439.000       1.4271
 440.000       1.6658
 441.000       1.3817
 442.000       1.4784
 443.000       2.7160
 444.000       2.4872
 445.000       2.5847
 446.000       2.9088
 447.000       3.0375
 448.000       4.7419
 449.000       2.4353
 450.000       1.6020
 451.000       1.8993
 452.000       1.6796
 453.000       1.5549
 454.000       1.5948
 455.000       1.1527
 456.000       1.1046
 457.000       1.6866
 458.000       1.4900
 459.000       0.9783
 460.000       1.3910
 461.000       1.3237
 462.000       1.2179
 463.000       1.3222
 464.000       1.7699
 465.000       1.7239
 466.000       1.3451
 467.000       1.8276
 468.000       1.7459
 469.000       1.6384
 470.000       1.6446
 471.000       1.7899
 472.000       1.8103
 473.000       1.9959
 474.000       1.5003
 475.000       1.5521
 476.000       1.8519
 477.000       1.9919
 478.000       1.3307
 479.000       1.4416
 480.000       1.6531
 481.000       1.3752
 482.000       1.2361
 483.000       1.1974
 484.000       1.1783
 485.000       1.1370
 486.000       1.0899
 487.000       1.3750
 488.000       1.4313
 489.000       0.9791
 490.000       1.0019
 491.000       1.0764
 492.000       1.0873
 493.000       0.8016
 494.000       0.6833
 495.000       1.1587
 496.000       0.9509
 497.000       0.6519
 498.000       0.6977
 499.000       1.1597
 500.000       0.8538
 501.000       0.9114
 502.000       0.8908
 503.000       1.2188
 504.000       1.0731
 505.000       1.1054
 506.000       0.8722
 507.000       1.1736
 508.000       1.4943
 509.000       1.6665
 510.000       0.8881
 511.000       1.0054
 512.000       1.7790
 513.000       1.0702
 514.000       1.1196
 515.000       1.4597
 516.000       1.7864
 517.000       1.2913
 518.000       1.5355
 519.000       1.5520
 520.000       2.1862
 521.000       1.8548
 522.000       1.1872
 523.000       1.4081
 524.000       1.4417
 525.000       1.1950
 526.000       0.9097
 527.000       0.9798
 528.000       1.0148
 529.000       0.8118
 530.000       0.6647
 531.000       0.9221
 532.000       1.1784
 533.000       1.0166
 534.000       0.8501
 535.000       0.8190
 536.000       1.1778
 537.000       1.2218
 538.000       0.9800
 539.000       1.4314
 540.000       1.3184
 541.000       1.2187
 542.000       1.6076
 543.000       1.7089
 544.000       1.5573
 545.000       1.3610
 546.000       2.2480
 547.000       1.5512
 548.000       1.5164
 549.000       1.6280
 550.000       1.7522
 551.000       1.7741
 552.000       1.9156
 553.000       2.2258
 554.000       1.6929
 555.000       1.6470
 556.000       1.7118
 557.000       1.8367
 558.000       2.0477
 559.000       2.1133
 560.000       2.6881
 561.000       2.8274
 562.000       3.2281
 563.000       3.8459
 564.000       4.5900
 565.000       4.9396
 566.000       3.2330
 567.000       4.4365
 568.000       5.2353
 569.000       3.2495
 570.000       2.8662
 571.000       2.1265
 572.000       2.0490
 573.000       1.9110
 574.000       1.6085
 575.000       1.9089
 576.000       2.0694
 577.000       1.9589
 578.000       1.6590
 579.000       1.7250
 580.000       1.7679
 581.000       1.6480
 582.000       1.6502
 583.000       1.6532
 584.000       1.6876
 585.000       1.6852
 586.000       1.5961
 587.000       1.4432
 588.000       1.4976
 589.000       1.4337
 590.000       1.5456
 591.000       1.6879
 592.000       1.3591
 593.000       1.2711
 594.000       1.5158
 595.000       1.6383
 596.000       1.6801
 597.000       1.6939
 598.000       2.0703
 599.000       2.2877
 600.000       2.1115
 601.000       2.2876
 602.000       2.6533
 603.000       2.8185
 604.000       3.1783
 605.000       5.4040
 606.000       5.7765
 607.000       8.9207
 608.000       2.0257
 609.000       3.1222
 610.000       1.1384
 611.000      46.1324
 612.000       0.6803
 613.000      53.5548
 614.000      56.2999
 615.000      56.4555
 616.000      56.4361
 617.000      55.2252
 618.000      55.8064
 619.000      53.7955
 620.000      56.3969
 621.000      55.4057
 622.000      53.7455
 623.000      55.2724
 624.000      54.5397
 625.000      57.5681
 626.000      55.2719
 627.000      56.4279
 628.000      55.8360
 629.000      55.2339
 630.000      55.3561
 631.000      55.2575
 632.000      56.8283
 633.000      56.5066
 634.000      54.5655
 635.000      53.5263
 636.000      58.0573
 637.000      55.8389
 638.000      55.6819
 639.000      56.5758
 640.000      54.6076
 641.000      54.9190
 642.000      55.7942
 643.000      55.7982
 644.000      55.6464
 645.000      56.6755
 646.000      54.9392
 647.000      53.7278
 648.000      55.8354
 649.000      57.3293
 650.000      54.0311
 651.000      56.1182
 652.000      55.2249
 653.000      55.7374
 654.000      55.9775
 655.000      55.0413
 656.000      55.7878
 657.000      54.9299
 658.000      55.5683
 659.000      53.3037
 660.000      55.6581
 661.000      54.4617
 662.000      54.0474
 663.000      55.6784
 664.000      55.0504
 665.000      55.3605
 666.000      54.8442
 667.000      58.0749
 668.000      56.4488
 669.000      52.4712
 670.000      56.3243
 671.000      54.3895
 672.000      55.4098
 673.000      52.5491
 674.000      55.3081
 675.000      57.3110
 676.000      54.1846
 677.000      55.1414
 678.000      57.3991
 679.000      55.4998
 680.000      55.5885
 681.000      55.5861
 682.000      55.8297
 683.000      53.0922
 684.000      53.2009
 685.000      55.8784
 686.000      28.4970
 687.000      51.7150
 688.000      53.2380
 689.000      56.0237
 690.000      57.0504
 691.000      57.2314
 692.000      56.5284
 693.000      54.0393
 694.000      55.4116
 695.000      57.0770
 696.000      54.0119
 697.000      55.7715
 698.000      54.8763
 699.000      57.4746
 700.000      55.4381
 701.000      53.8743
 702.000      55.8287
 703.000      55.1094
 704.000      54.9714
 705.000      56.2851
 706.000      56.6420
 707.000      56.4864
 708.000      56.1317
 709.000      52.7871
 710.000      56.1475
 711.000      54.1919
 712.000      53.3734
 713.000      56.2730
 714.000      55.0088
 715.000      56.5523
 716.000      55.9030
 717.000      55.1239
 718.000      54.8209
 719.000      56.1782
 720.000      55.7069
 721.000      52.5262
 722.000      61.3270
 723.000      61.5074
 724.000      60.0079
 725.000      60.7855
 726.000      61.3090
 727.000      61.3921
 728.000      60.6068
 729.000      61.2531
 730.000      59.7850
 731.000      60.9018
 732.000      61.0429
 733.000      59.7994
 734.000      60.8910
 735.000      60.5082
 736.000      60.7246
 737.000      61.1338
 738.000      61.1824
 739.000      60.7257
 740.000      61.7034
 741.000      60.0403
 742.000      60.9445
 743.000      61.1330
 744.000      61.2956
 745.000      60.1899
 746.000      61.0982
 747.000      61.7351
 748.000      60.6293
 749.000      61.4278
 750.000      61.8710
 751.000      60.4305
 752.000      60.8762
 753.000      61.7863
 754.000      61.3136
 755.000      62.1927
 756.000      61.0161
 757.000      60.2790
 758.000      61.3346
 759.000      61.2157
 760.000      60.2578
 761.000      61.0009
 762.000      60.2996
 763.000      61.5555
 764.000      61.3553
 765.000      60.4537
 766.000      60.7678
 767.000      60.6645
 768.000      61.5914
 769.000      59.6732
 770.000      61.4083
 771.000      60.0383
 772.000      61.7721
 773.000      60.4021
 774.000      62.0216
 775.000      61.2296
 776.000      61.5135
 777.000      61.1438
 778.000      61.2093
 779.000      60.7007
 780.000      60.9478
 781.000      60.6395
 782.000      61.2905
 783.000      60.5273
 784.000      61.6190
 785.000      61.5623
