#Res        AtomicFlx
   1.000      12.6996
   2.000      10.1585
   3.000       8.0787
   4.000       5.8513
   5.000       4.7553
   6.000       3.0175
   7.000       2.5132
   8.000       2.4401
   9.000       2.3133
  10.000       2.9222
  11.000       2.4420
  12.000       2.5027
  13.000       2.8351
  14.000       3.9902
  15.000       4.0467
  16.000       4.2180
  17.000       3.6785
  18.000       4.5518
  19.000       5.4541
  20.000       6.9243
  21.000       8.3647
  22.000       7.0805
  23.000       7.8929
  24.000       7.6488
  25.000       6.4338
  26.000       4.5736
  27.000       3.6778
  28.000       3.4930
  29.000       2.0175
  30.000       2.3278
  31.000       1.0571
  32.000       1.7388
  33.000       1.1701
  34.000       1.0816
  35.000       0.9285
  36.000       1.1783
  37.000       0.6398
  38.000       0.9737
  39.000       1.0671
  40.000       0.7852
  41.000       0.6033
  42.000       0.9755
  43.000       0.6123
  44.000       0.5566
  45.000       0.7959
  46.000       0.8892
  47.000       0.7540
  48.000       0.9897
  49.000       1.1078
  50.000       1.5116
  51.000       1.2495
  52.000       2.3189
  53.000       1.7820
  54.000       1.4631
  55.000       1.2900
  56.000       1.4792
  57.000       1.3496
  58.000       1.6525
  59.000       2.4913
  60.000       1.2946
  61.000       1.7087
  62.000       1.5866
  63.000       1.5973
  64.000       1.2437
  65.000       1.4709
  66.000       1.4835
  67.000       1.5981
  68.000       1.4415
  69.000       1.3168
  70.000       1.0507
  71.000       1.1150
  72.000       1.2872
  73.000       1.3032
  74.000       0.9455
  75.000       0.9756
  76.000       1.0149
  77.000       1.0694
  78.000       0.6312
  79.000       0.8407
  80.000       0.6582
  81.000       0.6515
  82.000       0.6499
  83.000       0.9026
  84.000       0.8444
  85.000       0.6612
  86.000       0.5626
  87.000       0.6740
  88.000       0.7457
  89.000       0.6235
  90.000       0.7381
  91.000       1.0648
  92.000       0.9736
  93.000       2.1122
  94.000       1.3786
  95.000       0.6646
  96.000       0.7718
  97.000       0.9319
  98.000       0.7233
  99.000       0.7703
 100.000       0.7193
 101.000       1.0027
 102.000       0.9523
 103.000       1.0365
 104.000       1.3002
 105.000       1.0752
 106.000       1.0331
 107.000       1.0176
 108.000       1.2101
 109.000       0.7128
 110.000       0.8391
 111.000       0.6308
 112.000       1.0211
 113.000       0.6684
 114.000       0.7254
 115.000       0.9957
 116.000       1.0239
 117.000       0.6271
 118.000       0.6570
 119.000       1.0334
 120.000       1.0262
 121.000       0.7151
 122.000       0.6759
 123.000       0.9170
 124.000       1.1611
 125.000       0.9563
 126.000       0.8290
 127.000       0.8143
 128.000       0.9254
 129.000       0.9296
 130.000       0.9515
 131.000       0.9490
 132.000       0.9042
 133.000       1.1650
 134.000       0.8851
 135.000       0.8807
 136.000       0.9805
 137.000       1.6569
 138.000       0.9206
 139.000       0.9510
 140.000       1.3145
 141.000       1.4293
 142.000       1.7372
 143.000       1.4099
 144.000       1.1080
 145.000       1.0587
 146.000       0.9879
 147.000       1.4386
 148.000       1.7935
 149.000       1.4538
 150.000       2.0176
 151.000       3.0319
 152.000       3.8828
 153.000       5.0933
 154.000       5.7647
 155.000       4.8324
 156.000       4.8439
 157.000       3.3886
 158.000       2.7128
 159.000       2.3107
 160.000       2.4675
 161.000       1.8486
 162.000       1.5214
 163.000       2.0742
 164.000       2.8212
 165.000       1.8051
 166.000       1.5213
 167.000       1.3581
 168.000       1.2542
 169.000       1.4139
 170.000       1.3359
 171.000       1.0119
 172.000       1.1167
 173.000       1.3116
 174.000       1.4343
 175.000       1.4672
 176.000       1.3211
 177.000       1.7711
 178.000       1.3650
 179.000       1.5409
 180.000       1.3437
 181.000       1.8927
 182.000       1.8512
 183.000       2.1385
 184.000       2.2848
 185.000       2.3630
 186.000       2.8122
 187.000       2.1040
 188.000       1.7087
 189.000       1.5538
 190.000       1.1947
 191.000       1.9816
 192.000       0.9455
 193.000       1.1345
 194.000       1.1111
 195.000       1.2533
 196.000       0.7815
 197.000       0.8085
 198.000       0.8027
 199.000       1.0058
 200.000       0.7532
 201.000       0.7360
 202.000       0.8008
 203.000       1.0037
 204.000       0.8630
 205.000       0.9170
 206.000       1.6496
 207.000       0.9253
 208.000       1.1575
 209.000       1.4423
 210.000       1.9649
 211.000       1.2169
 212.000       1.6503
 213.000       1.8077
 214.000       1.2910
 215.000       1.2485
 216.000       1.2019
 217.000       1.6770
 218.000       0.9889
 219.000       1.2873
 220.000       1.4044
 221.000       1.3941
 222.000       0.9102
 223.000       1.2602
 224.000       1.3577
 225.000       1.2543
 226.000       0.8338
 227.000       1.1263
 228.000       1.0424
 229.000       0.9352
 230.000       0.9649
 231.000       0.9868
 232.000       1.2765
 233.000       1.3272
 234.000       1.0728
 235.000       1.2471
 236.000       1.0128
 237.000       1.0626
 238.000       1.3972
 239.000       1.1895
 240.000       1.2396
 241.000       1.6546
 242.000       1.5535
 243.000       1.6655
 244.000       1.8086
 245.000       2.0426
 246.000       1.2968
 247.000       1.4973
 248.000       1.5642
 249.000       1.6334
 250.000       1.3224
 251.000       1.9819
 252.000       1.4113
 253.000       1.5261
 254.000       2.1451
 255.000       2.6710
 256.000       2.7819
 257.000       3.0067
 258.000       2.6431
 259.000       2.8357
 260.000       2.6831
 261.000       2.2068
 262.000       1.7867
 263.000       1.9306
 264.000       1.8626
 265.000       1.3134
 266.000       1.2561
 267.000       1.0502
 268.000       0.9701
 269.000       1.2212
 270.000       1.6773
 271.000       0.8645
 272.000       0.7802
 273.000       1.4085
 274.000       1.1224
 275.000       1.0599
 276.000       0.5384
 277.000       0.6543
 278.000       0.5897
 279.000       0.7972
 280.000       0.5398
 281.000       0.4956
 282.000       0.6326
 283.000       0.6125
 284.000       0.6995
 285.000       0.6511
 286.000       0.5936
 287.000       0.7419
 288.000       0.9873
 289.000       0.8240
 290.000       1.0843
 291.000       1.3995
 292.000       1.4636
 293.000       1.1064
 294.000       0.9455
 295.000       0.8110
 296.000       1.0245
 297.000       1.5854
 298.000       0.7875
 299.000       0.8516
 300.000       0.9908
 301.000       1.1485
 302.000       0.9076
 303.000       0.8927
 304.000       1.2996
 305.000       1.2139
 306.000       0.9821
 307.000       1.0722
 308.000       2.0466
 309.000       1.0554
 310.000       1.1442
 311.000       1.2442
 312.000       1.2603
 313.000       1.1432
 314.000       1.0259
 315.000       1.0819
 316.000       1.0465
 317.000       1.0866
 318.000       1.3720
 319.000       1.1280
 320.000       1.1407
 321.000       1.4123
 322.000       1.1387
 323.000       1.2256
 324.000       2.2494
 325.000       1.2477
 326.000       1.3679
 327.000       1.6390
 328.000       1.8639
 329.000       1.9475
 330.000       1.5929
 331.000       1.6611
 332.000       1.3750
 333.000       2.1197
 334.000       1.7490
 335.000       1.8694
 336.000       1.7521
 337.000       2.1241
 338.000       2.5799
 339.000       2.4688
 340.000       2.7584
 341.000       3.0951
 342.000       3.4590
 343.000       3.5890
 344.000       3.7183
 345.000       5.0995
 346.000       4.2118
 347.000       5.1994
 348.000       6.4446
 349.000       4.7920
 350.000       4.9418
 351.000       4.2570
 352.000       3.7540
 353.000       3.7415
 354.000       4.1292
 355.000       3.6351
 356.000       2.6441
 357.000       2.9114
 358.000       3.6124
 359.000       3.4250
 360.000       2.7864
 361.000       3.6482
 362.000       4.5076
 363.000       3.4678
 364.000       3.7485
 365.000       4.3158
 366.000       4.4365
 367.000       4.3858
 368.000       4.2029
 369.000       4.3162
 370.000       3.9345
 371.000       3.2425
 372.000       3.6306
 373.000       4.0182
 374.000       3.0646
 375.000       2.8340
 376.000       2.4077
 377.000       2.1230
 378.000       2.0977
 379.000       1.5125
 380.000       2.0151
 381.000       2.2913
 382.000       1.7243
 383.000       1.4749
 384.000       1.5298
 385.000       1.5980
 386.000       1.5371
 387.000       1.9964
 388.000       1.7950
 389.000       1.6591
 390.000       2.1140
 391.000       1.5710
 392.000       1.4135
 393.000       1.0557
 394.000       1.5303
 395.000       1.5193
 396.000       1.3750
 397.000       1.2990
 398.000       1.1013
 399.000       1.4280
 400.000       0.9689
 401.000       1.1672
 402.000       0.9554
 403.000       1.1322
 404.000       1.1576
 405.000       1.3465
 406.000       1.0333
 407.000       1.1151
 408.000       1.2512
 409.000       1.0047
 410.000       0.9473
 411.000       1.0430
 412.000       1.0674
 413.000       0.8530
 414.000       0.9014
 415.000       1.0006
 416.000       1.0265
 417.000       0.8209
 418.000       0.9756
 419.000       0.9243
 420.000       0.8527
 421.000       1.1133
 422.000       0.6789
 423.000       0.7982
 424.000       0.6266
 425.000       0.9290
 426.000       0.6659
 427.000       0.6518
 428.000       0.6946
 429.000       0.9556
 430.000       0.5479
 431.000       0.6961
 432.000       0.9310
 433.000       0.9532
 434.000       0.5891
 435.000       0.7994
 436.000       0.9138
 437.000       0.8123
 438.000       0.7645
 439.000       1.1160
 440.000       1.4919
 441.000       1.1099
 442.000       1.2041
 443.000       2.2716
 444.000       1.7998
 445.000       1.8993
 446.000       2.1559
 447.000       2.4657
 448.000       4.1765
 449.000       2.4269
 450.000       1.6864
 451.000       2.1054
 452.000       1.5586
 453.000       1.5310
 454.000       1.6816
 455.000       1.0899
 456.000       0.9770
 457.000       1.5688
 458.000       1.1959
 459.000       0.7880
 460.000       1.1940
 461.000       0.9610
 462.000       0.9253
 463.000       0.8644
 464.000       1.3912
 465.000       1.2379
 466.000       0.8111
 467.000       1.5735
 468.000       1.3527
 469.000       1.2666
 470.000       1.0843
 471.000       1.1108
 472.000       1.2506
 473.000       1.1177
 474.000       0.9474
 475.000       1.5632
 476.000       1.2799
 477.000       1.1959
 478.000       1.2832
 479.000       1.1568
 480.000       1.3574
 481.000       1.2164
 482.000       1.3286
 483.000       1.6747
 484.000       1.0447
 485.000       1.0547
 486.000       1.2113
 487.000       1.0781
 488.000       0.9622
 489.000       0.6832
 490.000       0.7415
 491.000       0.7777
 492.000       0.8526
 493.000       0.6412
 494.000       0.5964
 495.000       1.0223
 496.000       0.7582
 497.000       0.7053
 498.000       0.7040
 499.000       1.1594
 500.000       0.6980
 501.000       0.9448
 502.000       0.9809
 503.000       1.2429
 504.000       1.0427
 505.000       1.2538
 506.000       0.9033
 507.000       1.1332
 508.000       1.4789
 509.000       1.8707
 510.000       1.1327
 511.000       1.0060
 512.000       1.7653
 513.000       1.0129
 514.000       1.1007
 515.000       1.2374
 516.000       1.8290
 517.000       1.3934
 518.000       1.6146
 519.000       1.2959
 520.000       1.9810
 521.000       1.6823
 522.000       1.0633
 523.000       1.4453
 524.000       1.4214
 525.000       1.1598
 526.000       0.8136
 527.000       1.0420
 528.000       1.0359
 529.000       0.7881
 530.000       0.7335
 531.000       1.0509
 532.000       1.1032
 533.000       0.8905
 534.000       0.7532
 535.000       0.7400
 536.000       1.0613
 537.000       1.1582
 538.000       0.7721
 539.000       1.2548
 540.000       1.1779
 541.000       1.0107
 542.000       1.2776
 543.000       1.6635
 544.000       1.6189
 545.000       1.0300
 546.000       1.9887
 547.000       1.2521
 548.000       1.1404
 549.000       1.4210
 550.000       1.5847
 551.000       1.5971
 552.000       2.0080
 553.000       2.3113
 554.000       1.9143
 555.000       1.5393
 556.000       1.4920
 557.000       1.6901
 558.000       1.9494
 559.000       2.0262
 560.000       2.6570
 561.000       2.6117
 562.000       3.6204
 563.000       6.2030
 564.000       4.3835
 565.000       5.4681
 566.000       5.7925
 567.000       5.5736
 568.000       4.9069
 569.000       2.9447
 570.000       2.9409
 571.000       2.1930
 572.000       1.7517
 573.000       1.5331
 574.000       1.3842
 575.000       1.3906
 576.000       1.6914
 577.000       1.4390
 578.000       1.1926
 579.000       1.5447
 580.000       1.6260
 581.000       1.4247
 582.000       1.2318
 583.000       1.4976
 584.000       1.8109
 585.000       1.5648
 586.000       1.1159
 587.000       1.0057
 588.000       1.1074
 589.000       0.8773
 590.000       0.9073
 591.000       1.1850
 592.000       0.9178
 593.000       0.9101
 594.000       0.9727
 595.000       1.0594
 596.000       1.0976
 597.000       1.1414
 598.000       1.4732
 599.000       1.5373
 600.000       1.5345
 601.000       1.7484
 602.000       1.9610
 603.000       2.1864
 604.000       2.1357
 605.000       2.7564
 606.000       8.2376
 607.000      11.8066
 608.000       3.6435
 609.000       5.8092
 610.000       1.0903
 611.000      47.3186
 612.000       0.6171
 613.000      57.5075
 614.000      56.1704
 615.000      56.5926
 616.000      56.1414
 617.000      55.1330
 618.000      55.1907
 619.000      55.3507
 620.000      55.3314
 621.000      56.7236
 622.000      55.9165
 623.000      55.8330
 624.000      56.6844
 625.000      56.6509
 626.000      56.1013
 627.000      55.7807
 628.000      55.7463
 629.000      57.6579
 630.000      54.9338
 631.000      53.4066
 632.000      55.2006
 633.000      57.5402
 634.000      54.7756
 635.000      57.0472
 636.000      54.5314
 637.000      56.2649
 638.000      54.9660
 639.000      51.8061
 640.000      54.0929
 641.000      56.9160
 642.000      57.3022
 643.000      56.2820
 644.000      55.9806
 645.000      56.6910
 646.000      54.9424
 647.000      56.3400
 648.000      56.4442
 649.000      53.9294
 650.000      54.2876
 651.000      54.5417
 652.000      54.7563
 653.000      54.1433
 654.000      55.2129
 655.000      54.7909
 656.000      53.2830
 657.000      55.5165
 658.000      53.2213
 659.000      55.7901
 660.000      55.6979
 661.000      50.4370
 662.000      53.8472
 663.000      52.4885
 664.000      54.9465
 665.000      54.5408
 666.000      53.6474
 667.000      54.1647
 668.000      54.9501
 669.000      54.9248
 670.000      56.1266
 671.000      55.1830
 672.000      54.5324
 673.000      56.7423
 674.000      53.8607
 675.000      55.0796
 676.000      33.8820
 677.000      54.7626
 678.000      55.5762
 679.000      56.2377
 680.000      55.9552
 681.000      57.4933
 682.000      57.2646
 683.000      55.4280
 684.000      58.1471
 685.000      53.3655
 686.000      53.6288
 687.000      57.1971
 688.000      55.5459
 689.000      56.3106
 690.000      52.3346
 691.000      57.0220
 692.000      55.1172
 693.000      55.8022
 694.000      55.0117
 695.000      55.8744
 696.000      54.0107
 697.000      54.9028
 698.000      54.7578
 699.000      55.4683
 700.000      54.4049
 701.000      52.8143
 702.000      55.6184
 703.000      55.3251
 704.000      58.3171
 705.000      53.2672
 706.000      58.7247
 707.000      53.8821
 708.000      57.0384
 709.000      54.3791
 710.000      56.3039
 711.000      55.0341
 712.000      57.7608
 713.000      54.4814
 714.000      55.4619
 715.000      55.0873
 716.000      54.0944
 717.000      56.1540
 718.000      55.0511
 719.000      57.2949
 720.000      52.6804
 721.000      52.2151
 722.000      61.1382
 723.000      60.7988
 724.000      60.6882
 725.000      61.3882
 726.000      60.0423
 727.000      60.9145
 728.000      61.1878
 729.000      60.6552
 730.000      60.4738
 731.000      60.6619
 732.000      60.7958
 733.000      60.7776
 734.000      61.6974
 735.000      61.8592
 736.000      61.1686
 737.000      60.6304
 738.000      60.3930
 739.000      60.9043
 740.000      61.1128
 741.000      61.0103
 742.000      61.3357
 743.000      61.1696
 744.000      60.8136
 745.000      61.0857
 746.000      61.0224
 747.000      60.3352
 748.000      60.3285
 749.000      61.6686
 750.000      59.2890
 751.000      61.5290
 752.000      60.7615
 753.000      61.4859
 754.000      61.2733
 755.000      61.1034
 756.000      61.2702
 757.000      61.1831
 758.000      61.9010
 759.000      61.1960
 760.000      61.1390
 761.000      61.7823
 762.000      61.5688
 763.000      60.7650
 764.000      61.0585
 765.000      62.3495
 766.000      61.4966
 767.000      60.9169
 768.000      61.6705
 769.000      60.7652
 770.000      61.5141
 771.000      60.0261
 772.000      60.8459
 773.000      60.7369
 774.000      59.8835
 775.000      61.3075
 776.000      61.0635
 777.000      61.0002
 778.000      61.4202
 779.000      60.1977
 780.000      61.8234
 781.000      61.9762
 782.000      61.7459
 783.000      60.9798
 784.000      61.3842
 785.000      60.9034
