#Res        AtomicFlx
   1.000       7.4649
   2.000       5.0520
   3.000       3.1980
   4.000       1.4140
   5.000       1.0879
   6.000       0.9940
   7.000       1.3430
   8.000       1.0790
   9.000       0.9434
  10.000       0.9564
  11.000       0.8730
  12.000       0.6840
  13.000       0.6818
  14.000       0.6578
  15.000       0.5753
  16.000       0.5207
  17.000       0.5222
  18.000       0.5671
  19.000       0.4966
  20.000       0.5037
  21.000       0.4899
  22.000       0.5336
  23.000       0.8989
  24.000       0.9960
  25.000       0.6730
  26.000       0.7948
  27.000       0.9663
  28.000       0.7749
  29.000       0.6734
  30.000       0.6747
  31.000       0.7421
  32.000       0.7779
  33.000       0.7398
  34.000       0.7655
  35.000       0.8424
  36.000       0.8440
  37.000       0.9913
  38.000       0.8451
  39.000       0.7846
  40.000       0.7926
  41.000       0.6965
  42.000       0.6716
  43.000       0.7212
  44.000       0.6483
  45.000       0.5921
  46.000       0.6431
  47.000       0.6397
  48.000       0.5570
  49.000       0.5988
  50.000       0.7426
  51.000       0.7582
  52.000       0.6333
  53.000       0.5413
  54.000       0.4865
  55.000       0.4876
  56.000       0.4811
  57.000       0.4631
  58.000       0.4880
  59.000       0.5118
  60.000       0.5583
  61.000       0.5827
  62.000       0.5463
  63.000       0.5682
  64.000       0.6149
  65.000       0.6670
  66.000       0.7444
  67.000       0.8679
  68.000       0.8688
  69.000       0.7251
  70.000       0.8398
  71.000       0.8906
  72.000       0.8305
  73.000       0.7434
  74.000       0.6107
  75.000       0.7551
  76.000       0.9878
  77.000       0.9221
  78.000       0.7256
  79.000       0.8879
  80.000       0.8741
  81.000       0.6998
  82.000       0.7268
  83.000       0.5938
  84.000       0.4778
  85.000       0.5323
  86.000       0.5269
  87.000       0.4648
  88.000       0.4457
  89.000       0.4572
  90.000       0.4836
  91.000       0.5044
  92.000       0.4532
  93.000       0.4963
  94.000       0.6251
  95.000       0.5968
  96.000       0.5680
  97.000       0.6095
  98.000       0.6656
  99.000       0.6165
 100.000       0.6101
 101.000       0.6147
 102.000       0.6229
 103.000       0.5777
 104.000       0.6052
 105.000       0.6661
 106.000       0.6788
 107.000       0.6419
 108.000       0.6576
 109.000       0.6660
 110.000       0.6882
 111.000       0.7837
 112.000       0.8429
 113.000       0.9345
 114.000       1.3739
 115.000       1.4061
 116.000       1.9551
 117.000       1.8980
 118.000       1.6662
 119.000       1.4662
 120.000       1.1254
 121.000       1.3307
 122.000       1.9111
 123.000       1.9771
 124.000       2.0641
 125.000       2.7586
 126.000       3.0319
 127.000       3.4381
 128.000       2.8205
 129.000       2.8039
 130.000       2.8242
 131.000       2.5549
 132.000       2.2022
 133.000       2.1402
 134.000       2.1246
 135.000       4.0774
 136.000       5.4772
 137.000       7.6032
 138.000       8.2215
 139.000       8.1201
 140.000       8.0315
 141.000       8.5904
 142.000       9.0612
 143.000       9.5895
 144.000       9.5139
 145.000       9.3624
 146.000       9.1225
 147.000       8.3435
 148.000       7.0707
 149.000       6.9164
 150.000       5.6713
 151.000       4.7437
 152.000       3.0974
 153.000       2.3671
 154.000       1.4192
 155.000       1.2963
 156.000       1.0529
 157.000       0.9411
 158.000       1.2295
 159.000       1.2152
 160.000       0.9162
 161.000       0.9968
 162.000       1.1957
 163.000       1.2404
 164.000       1.0691
 165.000       0.9947
 166.000       1.2062
 167.000       1.3430
 168.000       1.5764
 169.000       1.3716
 170.000       1.1415
 171.000       1.5168
 172.000       1.1193
 173.000       1.1181
 174.000       1.2678
 175.000       1.3551
 176.000       0.9862
 177.000       1.0011
 178.000       1.0213
 179.000       0.8215
 180.000       0.8201
 181.000       0.7988
 182.000       0.7260
 183.000       0.7029
 184.000       0.6884
 185.000       0.6594
 186.000       0.6208
 187.000       0.6099
 188.000       0.6342
 189.000       0.6370
 190.000       0.6068
 191.000       0.6187
 192.000       0.6472
 193.000       0.6456
 194.000       0.6262
 195.000       0.6146
 196.000       0.7082
 197.000       0.7696
 198.000       0.7530
 199.000       0.8404
 200.000       0.9412
 201.000       1.0200
 202.000       1.2706
 203.000       0.9967
 204.000       1.4014
 205.000       1.3859
 206.000       1.5290
 207.000       1.1285
 208.000       1.0555
 209.000       1.5087
 210.000       1.2978
 211.000       0.8835
 212.000       1.1455
 213.000       1.4271
 214.000       1.1605
 215.000       0.9998
 216.000       0.7848
 217.000       0.6569
 218.000       0.7196
 219.000       0.6613
 220.000       0.6268
 221.000       0.6717
 222.000       0.6773
 223.000       0.6473
 224.000       0.6900
 225.000       0.7405
 226.000       0.6944
 227.000       0.7200
 228.000       0.7812
 229.000       0.7957
 230.000       0.7681
 231.000       0.8381
 232.000       0.8036
 233.000       0.7304
 234.000       0.8126
 235.000       0.8288
 236.000       0.7277
 237.000       0.6956
 238.000       0.8276
 239.000       0.8073
 240.000       0.6826
 241.000       0.7655
 242.000       0.8502
 243.000       0.8824
 244.000       1.1309
 245.000       1.1709
 246.000       1.2481
 247.000       1.1396
 248.000       1.1488
 249.000       1.2469
 250.000       1.2501
 251.000       1.0301
 252.000       0.9743
 253.000       0.8254
 254.000       0.7495
 255.000       0.7366
 256.000       0.6763
 257.000       0.6067
 258.000       0.5923
 259.000       0.5886
 260.000       0.5454
 261.000       0.5397
 262.000       0.5907
 263.000       0.6034
 264.000       0.5720
 265.000       0.4751
 266.000       0.5056
 267.000       0.4392
 268.000       0.5123
 269.000       0.4697
 270.000       0.5546
 271.000       0.4655
 272.000       0.4114
 273.000       0.4519
 274.000       0.5485
 275.000       0.5548
 276.000       0.5265
 277.000       0.6456
 278.000       0.8191
 279.000       0.8092
 280.000       1.2305
 281.000       2.0571
 282.000       1.3131
 283.000       1.2308
 284.000       0.9025
 285.000       0.8445
 286.000       0.6979
 287.000       0.6600
 288.000       0.6478
 289.000       0.5656
 290.000       0.5450
 291.000       0.5302
 292.000       0.4588
 293.000       0.4699
 294.000       0.5267
 295.000       0.4963
 296.000       0.4687
 297.000       0.5026
 298.000       0.5155
 299.000       0.5026
 300.000       0.5021
 301.000       0.5351
 302.000       0.5456
 303.000       0.5668
 304.000       0.5917
 305.000       0.6053
 306.000       0.6185
 307.000       0.5888
 308.000       0.6067
 309.000       0.6303
 310.000       0.6470
 311.000       0.6845
 312.000       0.7354
 313.000       0.7449
 314.000       0.7659
 315.000       0.8217
 316.000       0.9699
 317.000       1.0543
 318.000       1.1002
 319.000       1.1264
 320.000       1.0753
 321.000       1.0282
 322.000       0.8779
 323.000       0.9583
 324.000       0.9904
 325.000       0.8481
 326.000       0.9486
 327.000       1.0874
 328.000       0.9898
 329.000       0.9158
 330.000       0.8192
 331.000       0.8347
 332.000       0.7499
 333.000       0.7276
 334.000       0.7703
 335.000       0.7933
 336.000       0.7089
 337.000       0.6533
 338.000       0.7503
 339.000       0.7613
 340.000       0.7037
 341.000       0.7237
 342.000       0.8053
 343.000       0.9348
 344.000       0.8659
 345.000       0.8693
 346.000       0.7966
 347.000       0.7156
 348.000       0.7565
 349.000       0.7140
 350.000       0.6584
 351.000       0.6718
 352.000       0.6668
 353.000       0.6244
 354.000       0.6110
 355.000       0.5883
 356.000       0.5709
 357.000       0.5820
 358.000       0.6055
 359.000       0.5780
 360.000       0.5516
 361.000       0.5978
 362.000       0.6553
 363.000       0.5718
 364.000       0.5028
 365.000       0.4931
 366.000       0.5316
 367.000       0.5454
 368.000       0.5802
 369.000       0.5371
 370.000       0.4840
 371.000       0.4877
 372.000       0.4990
 373.000       0.5158
 374.000       0.5490
 375.000       0.6148
 376.000       0.6630
 377.000       0.6622
 378.000       0.6773
 379.000       0.7697
 380.000       0.7984
 381.000       0.8550
 382.000       1.0525
 383.000       1.0618
 384.000       0.8526
 385.000       0.9087
 386.000       1.0824
 387.000       0.9827
 388.000       0.8727
 389.000       0.9411
 390.000       0.8728
 391.000       0.7224
 392.000       0.7343
 393.000       0.7957
 394.000       0.7908
 395.000       0.7081
 396.000       0.6963
 397.000       0.7589
 398.000       0.7638
 399.000       0.7367
 400.000       0.6970
 401.000       0.7678
 402.000       0.7700
 403.000       0.6757
 404.000       0.7093
 405.000       0.7355
 406.000       0.7249
 407.000       0.7132
 408.000       0.7780
 409.000       0.9140
 410.000       0.9054
 411.000       0.8333
 412.000       0.8808
 413.000       0.8779
 414.000       0.7808
 415.000       0.8187
 416.000       0.8901
 417.000       0.8484
 418.000       0.7807
 419.000       0.8860
 420.000       0.8995
 421.000       0.8892
 422.000       1.1505
 423.000       0.9704
 424.000       0.9339
 425.000       0.6680
 426.000       0.6199
 427.000       0.6743
 428.000       0.6491
 429.000       0.5814
 430.000       0.5902
 431.000       0.5573
 432.000       0.5235
 433.000       0.5283
 434.000       0.4959
 435.000       0.5200
 436.000       0.5784
 437.000       0.5933
 438.000       0.6158
 439.000       0.6944
 440.000       0.8353
 441.000       0.8528
 442.000       0.7938
 443.000       0.7018
 444.000       0.6007
 445.000       0.7221
 446.000       0.7086
 447.000       0.6242
 448.000       0.6514
 449.000       0.7632
 450.000       0.7816
 451.000       0.7377
 452.000       0.8688
 453.000       1.0670
 454.000       1.1572
 455.000       1.1741
 456.000       1.5292
 457.000       1.1899
 458.000       1.0724
 459.000       0.9469
 460.000       1.0237
 461.000       0.8733
 462.000       1.0108
 463.000       0.8352
 464.000       0.6336
 465.000       0.6912
 466.000       0.5955
 467.000       0.5539
 468.000       0.6413
 469.000       0.7204
 470.000       0.6711
 471.000       0.6548
 472.000       0.6697
 473.000       0.7254
 474.000       0.6820
 475.000       0.5725
 476.000       0.6426
 477.000       0.7893
 478.000       0.7624
 479.000       0.6577
 480.000       0.7176
 481.000       0.7682
 482.000       0.7728
 483.000       0.7685
 484.000       0.9324
 485.000       1.0022
 486.000       0.9655
 487.000       1.2591
 488.000       1.2791
 489.000       1.3924
 490.000       1.4600
 491.000       1.3525
 492.000       1.8200
 493.000       1.8989
 494.000       1.3472
 495.000       1.4854
 496.000       1.2741
 497.000       1.5453
 498.000       1.4530
 499.000       1.4168
 500.000       1.2602
 501.000       1.0929
 502.000       1.1428
 503.000       1.2019
 504.000       0.9716
 505.000       0.9598
 506.000       1.1668
 507.000       1.1471
 508.000       1.0152
 509.000       1.2321
 510.000       1.4075
 511.000       1.2526
 512.000       1.0508
 513.000       1.2503
 514.000       1.0377
 515.000       0.6716
 516.000       0.9702
 517.000       1.1465
 518.000       0.8920
 519.000       0.7915
 520.000       1.0860
 521.000       1.0983
 522.000       0.9199
 523.000       1.0355
 524.000       1.3012
 525.000       1.3439
 526.000       1.1885
 527.000       1.5632
 528.000       1.6896
 529.000       1.6837
 530.000       1.5342
 531.000       1.6185
 532.000       1.4648
 533.000       1.1719
 534.000       1.2142
 535.000       1.2929
 536.000       1.1070
 537.000       0.9490
 538.000       1.1234
 539.000       1.2543
 540.000       1.0971
 541.000       1.2627
 542.000       2.0887
 543.000       3.8564
 544.000       5.0164
