#Res        AtomicFlx
   1.000       4.4436
   2.000       2.6290
   3.000       1.6961
   4.000       1.2519
   5.000       0.8605
   6.000       0.8632
   7.000       1.3268
   8.000       1.1178
   9.000       1.0284
  10.000       0.9046
  11.000       0.7656
  12.000       0.6278
  13.000       0.7114
  14.000       0.7307
  15.000       0.6980
  16.000       0.6977
  17.000       0.7773
  18.000       0.7930
  19.000       0.6548
  20.000       0.6283
  21.000       0.5442
  22.000       0.6322
  23.000       0.6567
  24.000       0.6463
  25.000       0.7196
  26.000       0.7162
  27.000       0.6226
  28.000       0.6936
  29.000       0.6635
  30.000       0.7419
  31.000       0.7150
  32.000       0.6806
  33.000       0.7252
  34.000       0.7643
  35.000       0.8115
  36.000       0.8112
  37.000       0.8450
  38.000       0.7682
  39.000       0.7816
  40.000       0.7622
  41.000       0.6707
  42.000       0.6774
  43.000       0.7386
  44.000       0.6877
  45.000       0.6378
  46.000       0.6809
  47.000       0.7022
  48.000       0.6578
  49.000       0.6554
  50.000       0.7371
  51.000       0.7473
  52.000       0.6347
  53.000       0.5737
  54.000       0.5699
  55.000       0.5358
  56.000       0.4940
  57.000       0.4727
  58.000       0.4750
  59.000       0.4640
  60.000       0.4551
  61.000       0.5190
  62.000       0.5388
  63.000       0.5447
  64.000       0.5721
  65.000       0.6281
  66.000       0.6497
  67.000       0.7446
  68.000       0.7118
  69.000       0.6756
  70.000       0.6732
  71.000       0.7560
  72.000       0.7674
  73.000       0.7505
  74.000       0.5962
  75.000       0.7812
  76.000       1.5175
  77.000       1.6148
  78.000       1.2162
  79.000       1.1840
  80.000       0.9827
  81.000       0.8312
  82.000       0.7812
  83.000       0.6197
  84.000       0.6313
  85.000       0.7181
  86.000       0.7439
  87.000       0.6946
  88.000       0.5834
  89.000       0.6978
  90.000       0.7501
  91.000       0.7151
  92.000       0.6849
  93.000       0.7376
  94.000       0.7095
  95.000       0.7256
  96.000       0.7967
  97.000       0.7857
  98.000       0.7203
  99.000       0.6532
 100.000       0.6573
 101.000       0.6818
 102.000       0.6787
 103.000       0.7285
 104.000       0.6987
 105.000       0.6714
 106.000       0.7226
 107.000       0.7598
 108.000       0.7473
 109.000       0.7102
 110.000       0.7453
 111.000       0.7788
 112.000       0.7885
 113.000       0.8089
 114.000       1.0229
 115.000       1.4627
 116.000       1.8856
 117.000       1.2029
 118.000       0.8248
 119.000       0.9670
 120.000       0.9789
 121.000       0.9651
 122.000       1.0866
 123.000       1.1077
 124.000       1.4806
 125.000       1.3070
 126.000       1.6227
 127.000       1.3114
 128.000       1.2409
 129.000       1.5192
 130.000       1.7538
 131.000       1.6083
 132.000       1.2449
 133.000       1.3445
 134.000       2.6507
 135.000       2.7949
 136.000       2.9206
 137.000       5.1834
 138.000       6.4162
 139.000       7.2316
 140.000       7.2445
 141.000       7.0922
 142.000       7.0031
 143.000       6.9672
 144.000       6.9107
 145.000       6.8257
 146.000       6.7096
 147.000       6.6910
 148.000       6.2540
 149.000       5.1572
 150.000       4.2306
 151.000       3.0845
 152.000       2.2198
 153.000       1.3152
 154.000       0.9218
 155.000       0.6772
 156.000       0.6126
 157.000       0.6276
 158.000       0.6405
 159.000       0.5920
 160.000       0.5637
 161.000       0.6248
 162.000       0.7603
 163.000       0.7869
 164.000       0.7053
 165.000       0.7390
 166.000       0.8180
 167.000       0.8759
 168.000       1.7145
 169.000       2.4298
 170.000       2.6483
 171.000       2.3238
 172.000       1.4927
 173.000       1.2042
 174.000       1.2307
 175.000       1.0213
 176.000       1.0208
 177.000       1.0582
 178.000       0.9724
 179.000       0.7959
 180.000       0.7508
 181.000       0.8303
 182.000       0.7966
 183.000       0.7126
 184.000       0.7394
 185.000       0.8251
 186.000       0.7780
 187.000       0.7464
 188.000       0.8701
 189.000       0.9073
 190.000       0.8437
 191.000       0.8561
 192.000       0.9013
 193.000       0.9046
 194.000       0.8764
 195.000       0.8332
 196.000       0.9019
 197.000       1.0060
 198.000       0.8113
 199.000       0.9583
 200.000       1.5670
 201.000       1.1989
 202.000       1.0335
 203.000       0.9267
 204.000       1.0003
 205.000       1.8100
 206.000       1.8802
 207.000       1.3872
 208.000       1.1508
 209.000       1.0342
 210.000       0.9525
 211.000       0.8900
 212.000       0.8094
 213.000       0.8440
 214.000       0.9255
 215.000       0.8158
 216.000       0.7498
 217.000       0.7001
 218.000       0.6318
 219.000       0.5998
 220.000       0.6418
 221.000       0.6689
 222.000       0.6280
 223.000       0.6421
 224.000       0.6903
 225.000       0.7039
 226.000       0.6929
 227.000       0.7088
 228.000       0.8173
 229.000       0.8713
 230.000       0.8545
 231.000       0.9168
 232.000       0.9067
 233.000       0.8151
 234.000       0.8556
 235.000       0.8712
 236.000       0.7941
 237.000       0.8140
 238.000       0.8609
 239.000       0.8366
 240.000       0.7765
 241.000       0.8240
 242.000       0.8843
 243.000       0.9083
 244.000       1.1620
 245.000       1.1914
 246.000       1.2824
 247.000       1.0674
 248.000       0.9917
 249.000       1.1483
 250.000       1.0816
 251.000       0.9975
 252.000       0.9913
 253.000       0.8344
 254.000       0.7629
 255.000       0.8313
 256.000       0.7460
 257.000       0.6324
 258.000       0.6445
 259.000       0.6506
 260.000       0.6114
 261.000       0.5681
 262.000       0.5664
 263.000       0.5937
 264.000       0.5525
 265.000       0.5445
 266.000       0.5414
 267.000       0.4826
 268.000       0.5145
 269.000       0.5969
 270.000       0.5767
 271.000       0.4851
 272.000       0.4594
 273.000       0.5012
 274.000       0.5936
 275.000       0.6024
 276.000       0.6076
 277.000       0.6746
 278.000       0.6951
 279.000       0.7762
 280.000       0.9008
 281.000       0.8368
 282.000       0.8406
 283.000       0.8203
 284.000       0.7452
 285.000       0.6864
 286.000       0.6634
 287.000       0.7899
 288.000       0.7727
 289.000       0.6627
 290.000       0.6480
 291.000       0.6441
 292.000       0.6169
 293.000       0.6003
 294.000       0.6060
 295.000       0.6153
 296.000       0.6127
 297.000       0.6362
 298.000       0.6583
 299.000       0.5846
 300.000       0.5601
 301.000       0.6167
 302.000       0.6906
 303.000       0.6079
 304.000       0.6458
 305.000       0.6802
 306.000       0.6511
 307.000       0.5932
 308.000       0.6385
 309.000       0.6957
 310.000       0.7284
 311.000       0.7432
 312.000       0.7827
 313.000       0.8271
 314.000       0.8975
 315.000       0.9102
 316.000       1.0213
 317.000       1.1584
 318.000       1.2378
 319.000       1.2338
 320.000       1.2302
 321.000       1.1890
 322.000       0.9997
 323.000       1.1442
 324.000       1.2340
 325.000       1.0592
 326.000       0.8943
 327.000       0.9004
 328.000       0.7566
 329.000       0.7953
 330.000       0.8840
 331.000       0.9051
 332.000       0.7808
 333.000       0.7398
 334.000       0.6919
 335.000       0.6969
 336.000       0.8084
 337.000       0.8693
 338.000       0.8496
 339.000       0.7829
 340.000       0.7685
 341.000       0.8072
 342.000       0.8798
 343.000       0.9661
 344.000       0.9286
 345.000       1.0079
 346.000       0.9203
 347.000       0.7928
 348.000       0.7787
 349.000       0.8330
 350.000       0.7733
 351.000       0.7138
 352.000       0.7908
 353.000       0.9125
 354.000       0.8137
 355.000       0.7436
 356.000       0.9127
 357.000       1.0424
 358.000       0.9260
 359.000       0.9296
 360.000       1.0792
 361.000       1.1128
 362.000       1.0008
 363.000       0.9383
 364.000       0.7655
 365.000       0.7406
 366.000       0.6687
 367.000       0.6059
 368.000       0.6408
 369.000       0.6732
 370.000       0.6895
 371.000       0.7319
 372.000       0.6744
 373.000       0.6620
 374.000       0.7184
 375.000       0.7363
 376.000       0.7615
 377.000       0.7621
 378.000       0.7393
 379.000       1.2035
 380.000       1.0956
 381.000       1.1612
 382.000       1.4375
 383.000       1.5057
 384.000       1.2494
 385.000       1.3716
 386.000       2.0730
 387.000       1.7703
 388.000       1.4784
 389.000       1.2346
 390.000       1.1928
 391.000       1.0280
 392.000       0.8748
 393.000       0.8581
 394.000       0.8810
 395.000       0.7759
 396.000       0.7355
 397.000       0.8069
 398.000       0.8471
 399.000       0.7422
 400.000       0.7339
 401.000       0.8500
 402.000       0.8777
 403.000       0.7519
 404.000       0.7848
 405.000       0.7446
 406.000       0.6796
 407.000       0.6123
 408.000       0.7088
 409.000       0.8654
 410.000       0.8945
 411.000       0.7689
 412.000       0.7134
 413.000       0.6524
 414.000       0.6620
 415.000       0.6742
 416.000       0.6869
 417.000       0.7360
 418.000       0.8138
 419.000       0.7989
 420.000       0.8589
 421.000       0.9221
 422.000       1.1877
 423.000       1.6339
 424.000       1.0117
 425.000       0.6994
 426.000       0.7652
 427.000       0.7359
 428.000       0.6619
 429.000       0.6553
 430.000       0.7170
 431.000       0.5882
 432.000       0.5095
 433.000       0.5942
 434.000       0.5079
 435.000       0.4896
 436.000       0.5717
 437.000       0.6264
 438.000       0.6034
 439.000       0.7072
 440.000       0.8393
 441.000       0.8470
 442.000       0.8176
 443.000       0.7021
 444.000       0.5906
 445.000       0.6854
 446.000       0.6960
 447.000       0.5839
 448.000       0.6120
 449.000       0.7387
 450.000       0.7315
 451.000       0.6912
 452.000       0.8195
 453.000       0.9961
 454.000       1.0287
 455.000       1.0374
 456.000       1.0540
 457.000       1.0263
 458.000       0.9722
 459.000       0.8257
 460.000       0.8918
 461.000       0.8296
 462.000       0.7464
 463.000       0.6127
 464.000       0.6012
 465.000       0.6714
 466.000       0.6255
 467.000       0.5648
 468.000       0.6730
 469.000       0.7900
 470.000       0.7545
 471.000       0.6506
 472.000       0.6774
 473.000       0.7605
 474.000       0.7007
 475.000       0.5523
 476.000       0.6300
 477.000       0.7062
 478.000       0.6381
 479.000       0.6201
 480.000       0.7541
 481.000       0.8249
 482.000       0.8133
 483.000       0.9518
 484.000       1.1477
 485.000       1.1416
 486.000       1.1980
 487.000       1.4529
 488.000       1.2804
 489.000       1.1499
 490.000       1.2311
 491.000       1.1594
 492.000       1.5931
 493.000       1.8053
 494.000       1.4457
 495.000       1.4541
 496.000       1.0991
 497.000       1.2345
 498.000       1.3847
 499.000       1.3322
 500.000       1.2264
 501.000       1.2975
 502.000       1.3019
 503.000       1.2249
 504.000       1.1752
 505.000       1.2554
 506.000       1.2804
 507.000       1.2228
 508.000       1.2616
 509.000       1.3339
 510.000       1.3628
 511.000       1.4364
 512.000       1.4304
 513.000       1.4360
 514.000       1.2382
 515.000       0.8338
 516.000       1.0544
 517.000       1.2711
 518.000       1.0423
 519.000       0.8619
 520.000       1.1661
 521.000       1.3053
 522.000       1.1623
 523.000       1.2856
 524.000       1.6092
 525.000       1.7857
 526.000       1.7753
 527.000       2.2160
 528.000       2.2893
 529.000       2.1857
 530.000       2.0373
 531.000       2.2190
 532.000       2.1227
 533.000       1.7826
 534.000       1.9491
 535.000       2.1533
 536.000       1.8500
 537.000       1.6323
 538.000       2.1284
 539.000       2.3416
 540.000       2.6939
 541.000       2.9294
 542.000       4.1729
 543.000       6.2174
 544.000       7.9680
