#Res        AtomicFlx
   1.000       6.6035
   2.000       4.9494
   3.000       3.1449
   4.000       1.7082
   5.000       1.4993
   6.000       1.6592
   7.000       2.1973
   8.000       1.6213
   9.000       1.2237
  10.000       1.1245
  11.000       1.0536
  12.000       0.7565
  13.000       0.6565
  14.000       0.6881
  15.000       0.6399
  16.000       0.5057
  17.000       0.5210
  18.000       0.5404
  19.000       0.4648
  20.000       0.4573
  21.000       0.5074
  22.000       0.5643
  23.000       0.5980
  24.000       0.5354
  25.000       0.5203
  26.000       0.7040
  27.000       0.7517
  28.000       0.6477
  29.000       0.5979
  30.000       0.7097
  31.000       0.7652
  32.000       0.7760
  33.000       0.8073
  34.000       0.7836
  35.000       0.8667
  36.000       0.8334
  37.000       1.2187
  38.000       1.2575
  39.000       1.1707
  40.000       0.8756
  41.000       0.6379
  42.000       0.7588
  43.000       0.8474
  44.000       0.6940
  45.000       0.5679
  46.000       0.7275
  47.000       0.7845
  48.000       0.6737
  49.000       0.6954
  50.000       0.8335
  51.000       0.8258
  52.000       0.6600
  53.000       0.6233
  54.000       0.5408
  55.000       0.5118
  56.000       0.4940
  57.000       0.4795
  58.000       0.4818
  59.000       0.4711
  60.000       0.4773
  61.000       0.5531
  62.000       0.6415
  63.000       0.5783
  64.000       0.4717
  65.000       0.5148
  66.000       0.5606
  67.000       0.5862
  68.000       0.5836
  69.000       0.5526
  70.000       0.5655
  71.000       0.5485
  72.000       0.5894
  73.000       0.5893
  74.000       0.5541
  75.000       0.6432
  76.000       0.8733
  77.000       0.9722
  78.000       0.7987
  79.000       0.7459
  80.000       0.7063
  81.000       0.6715
  82.000       0.6242
  83.000       0.5937
  84.000       0.5682
  85.000       0.5750
  86.000       0.5418
  87.000       0.5204
  88.000       0.5044
  89.000       0.4938
  90.000       0.4955
  91.000       0.5118
  92.000       0.5213
  93.000       0.5486
  94.000       0.5713
  95.000       0.5950
  96.000       0.7061
  97.000       0.8153
  98.000       0.6774
  99.000       0.6069
 100.000       0.6215
 101.000       0.6365
 102.000       0.5941
 103.000       0.5210
 104.000       0.5289
 105.000       0.5461
 106.000       0.5547
 107.000       0.5409
 108.000       0.5485
 109.000       0.5296
 110.000       0.5605
 111.000       0.6164
 112.000       0.6478
 113.000       0.7336
 114.000       0.9780
 115.000       1.6950
 116.000       1.8220
 117.000       1.4668
 118.000       0.9137
 119.000       0.8364
 120.000       0.7608
 121.000       0.8719
 122.000       0.8583
 123.000       0.8245
 124.000       1.0439
 125.000       0.9324
 126.000       1.0123
 127.000       0.8928
 128.000       0.8365
 129.000       1.0263
 130.000       1.2327
 131.000       1.1675
 132.000       0.8365
 133.000       1.0059
 134.000       1.6895
 135.000       2.5802
 136.000       3.2456
 137.000       4.5894
 138.000       5.3645
 139.000       5.3647
 140.000       5.1837
 141.000       4.9519
 142.000       4.4088
 143.000       3.7185
 144.000       2.2633
 145.000       1.8057
 146.000       1.2727
 147.000       1.4290
 148.000       2.1938
 149.000       2.9869
 150.000       3.2439
 151.000       1.9936
 152.000       1.2305
 153.000       0.9735
 154.000       0.8185
 155.000       0.6779
 156.000       0.6155
 157.000       0.6205
 158.000       0.5661
 159.000       0.5676
 160.000       0.5459
 161.000       0.6215
 162.000       0.7342
 163.000       0.7425
 164.000       0.6477
 165.000       0.7561
 166.000       0.7881
 167.000       0.9454
 168.000       1.5922
 169.000       2.9046
 170.000       3.1575
 171.000       2.0150
 172.000       1.4204
 173.000       1.1452
 174.000       1.1499
 175.000       1.1314
 176.000       0.8168
 177.000       0.9912
 178.000       0.9598
 179.000       0.6903
 180.000       0.7312
 181.000       0.7527
 182.000       0.6991
 183.000       0.6063
 184.000       0.5974
 185.000       0.6307
 186.000       0.5891
 187.000       0.5809
 188.000       0.6433
 189.000       0.6587
 190.000       0.6542
 191.000       0.6283
 192.000       0.6634
 193.000       0.7300
 194.000       0.7230
 195.000       0.6737
 196.000       0.7561
 197.000       0.9498
 198.000       0.9006
 199.000       0.8467
 200.000       1.1420
 201.000       1.2916
 202.000       1.4672
 203.000       1.3352
 204.000       1.5663
 205.000       1.9214
 206.000       1.9161
 207.000       1.7742
 208.000       1.2797
 209.000       1.0700
 210.000       0.9445
 211.000       0.8596
 212.000       0.7505
 213.000       0.7750
 214.000       0.8218
 215.000       0.8484
 216.000       0.7048
 217.000       0.6139
 218.000       0.6785
 219.000       0.6045
 220.000       0.5856
 221.000       0.6494
 222.000       0.6282
 223.000       0.5933
 224.000       0.7064
 225.000       0.7655
 226.000       0.7314
 227.000       0.8369
 228.000       0.9443
 229.000       0.8992
 230.000       0.8784
 231.000       0.9316
 232.000       0.8521
 233.000       0.8191
 234.000       1.0232
 235.000       1.0097
 236.000       0.8616
 237.000       0.9192
 238.000       1.1216
 239.000       1.0851
 240.000       0.9463
 241.000       1.1862
 242.000       1.3050
 243.000       1.4973
 244.000       1.5378
 245.000       1.5050
 246.000       1.6836
 247.000       1.1513
 248.000       1.1437
 249.000       1.2685
 250.000       1.0794
 251.000       0.8556
 252.000       0.7845
 253.000       0.6455
 254.000       0.6112
 255.000       0.5864
 256.000       0.5389
 257.000       0.4998
 258.000       0.5139
 259.000       0.5073
 260.000       0.4493
 261.000       0.4638
 262.000       0.5028
 263.000       0.5115
 264.000       0.4539
 265.000       0.4822
 266.000       0.5427
 267.000       0.5111
 268.000       0.5688
 269.000       0.4993
 270.000       0.5464
 271.000       0.5251
 272.000       0.4240
 273.000       0.4330
 274.000       0.4866
 275.000       0.4965
 276.000       0.4805
 277.000       0.5975
 278.000       0.9765
 279.000       0.6637
 280.000       0.8308
 281.000       0.7776
 282.000       0.9209
 283.000       1.1004
 284.000       0.9819
 285.000       1.0209
 286.000       0.7926
 287.000       0.7456
 288.000       0.7395
 289.000       0.5585
 290.000       0.5615
 291.000       0.5779
 292.000       0.5291
 293.000       0.4893
 294.000       0.5237
 295.000       0.5101
 296.000       0.4650
 297.000       0.4971
 298.000       0.5705
 299.000       0.5527
 300.000       0.5047
 301.000       0.5759
 302.000       0.6718
 303.000       0.7096
 304.000       0.8027
 305.000       0.7701
 306.000       0.6407
 307.000       0.5959
 308.000       0.6606
 309.000       0.6597
 310.000       0.6321
 311.000       0.6742
 312.000       0.7387
 313.000       0.7487
 314.000       0.7764
 315.000       0.7955
 316.000       0.9998
 317.000       1.0598
 318.000       0.9720
 319.000       1.0095
 320.000       0.9875
 321.000       1.0487
 322.000       0.8979
 323.000       0.9688
 324.000       1.0541
 325.000       0.9622
 326.000       0.8843
 327.000       0.9185
 328.000       1.1981
 329.000       1.0828
 330.000       0.6792
 331.000       0.6779
 332.000       0.6951
 333.000       0.6689
 334.000       0.5550
 335.000       0.5748
 336.000       0.7398
 337.000       0.8754
 338.000       0.7660
 339.000       0.7036
 340.000       0.7703
 341.000       0.7592
 342.000       0.8538
 343.000       1.0947
 344.000       1.0729
 345.000       1.1536
 346.000       1.0290
 347.000       0.8565
 348.000       0.8168
 349.000       0.8090
 350.000       0.6850
 351.000       0.6424
 352.000       0.6437
 353.000       0.6933
 354.000       0.5781
 355.000       0.5186
 356.000       0.5713
 357.000       0.5641
 358.000       0.5602
 359.000       0.5575
 360.000       0.5565
 361.000       0.5777
 362.000       0.5949
 363.000       0.5682
 364.000       0.5282
 365.000       0.5152
 366.000       0.5912
 367.000       0.6084
 368.000       0.6022
 369.000       0.6448
 370.000       0.6073
 371.000       0.5971
 372.000       0.5240
 373.000       0.5016
 374.000       0.6488
 375.000       0.7398
 376.000       0.6941
 377.000       0.6539
 378.000       0.6814
 379.000       1.1933
 380.000       0.8855
 381.000       1.1278
 382.000       1.4622
 383.000       1.2962
 384.000       0.9995
 385.000       1.2133
 386.000       1.4492
 387.000       1.2395
 388.000       1.1281
 389.000       1.2150
 390.000       1.0740
 391.000       0.8276
 392.000       0.8214
 393.000       0.8557
 394.000       0.8157
 395.000       0.7251
 396.000       0.7047
 397.000       0.7504
 398.000       0.7357
 399.000       0.6564
 400.000       0.6201
 401.000       0.6852
 402.000       0.6948
 403.000       0.6442
 404.000       0.6421
 405.000       0.6844
 406.000       0.6374
 407.000       0.5508
 408.000       0.5684
 409.000       0.6293
 410.000       0.6732
 411.000       0.6001
 412.000       0.5540
 413.000       0.5732
 414.000       0.5639
 415.000       0.5242
 416.000       0.5472
 417.000       0.5878
 418.000       0.5504
 419.000       0.5760
 420.000       0.6526
 421.000       0.6210
 422.000       0.5893
 423.000       0.6264
 424.000       0.6622
 425.000       0.7970
 426.000       0.6125
 427.000       0.5535
 428.000       0.5764
 429.000       0.6014
 430.000       0.6023
 431.000       0.5604
 432.000       0.5201
 433.000       0.5338
 434.000       0.5438
 435.000       0.5735
 436.000       0.6305
 437.000       0.6417
 438.000       0.6762
 439.000       0.7585
 440.000       0.7675
 441.000       0.7623
 442.000       0.7499
 443.000       0.7336
 444.000       0.6713
 445.000       0.7361
 446.000       0.7088
 447.000       0.6485
 448.000       0.6751
 449.000       0.7082
 450.000       0.6788
 451.000       0.6885
 452.000       0.7616
 453.000       0.8668
 454.000       0.9558
 455.000       1.0305
 456.000       1.5641
 457.000       1.2606
 458.000       0.8870
 459.000       0.7580
 460.000       0.8415
 461.000       0.8039
 462.000       0.7067
 463.000       0.6563
 464.000       0.6855
 465.000       0.7139
 466.000       0.6496
 467.000       0.6193
 468.000       0.6997
 469.000       0.7470
 470.000       0.7191
 471.000       0.6772
 472.000       0.6964
 473.000       0.7155
 474.000       0.7276
 475.000       0.6772
 476.000       0.6927
 477.000       0.7342
 478.000       0.7045
 479.000       0.7157
 480.000       0.7704
 481.000       0.7525
 482.000       0.7621
 483.000       0.8488
 484.000       0.9328
 485.000       0.9599
 486.000       0.9871
 487.000       1.6293
 488.000       1.3169
 489.000       1.1627
 490.000       1.3642
 491.000       1.1267
 492.000       1.6290
 493.000       1.7873
 494.000       1.3162
 495.000       1.3301
 496.000       0.9950
 497.000       1.1562
 498.000       1.1966
 499.000       1.1292
 500.000       0.9846
 501.000       0.9531
 502.000       0.9419
 503.000       0.8619
 504.000       0.8559
 505.000       0.9106
 506.000       0.8274
 507.000       0.7860
 508.000       0.8952
 509.000       0.9569
 510.000       0.8874
 511.000       1.1927
 512.000       1.1723
 513.000       1.3527
 514.000       1.1251
 515.000       0.7222
 516.000       1.0321
 517.000       1.2599
 518.000       1.0275
 519.000       0.9283
 520.000       1.2637
 521.000       1.2992
 522.000       1.0431
 523.000       1.1740
 524.000       1.4968
 525.000       1.4637
 526.000       1.4094
 527.000       1.8002
 528.000       2.0550
 529.000       2.1940
 530.000       2.1219
 531.000       2.1070
 532.000       1.7843
 533.000       1.5115
 534.000       1.5946
 535.000       1.5370
 536.000       1.2138
 537.000       1.1428
 538.000       1.3387
 539.000       1.2701
 540.000       1.4486
 541.000       2.1026
 542.000       4.0797
 543.000       5.7839
 544.000       8.3398
