#Res        AtomicFlx
   1.000       2.5473
   2.000       1.5378
   3.000       1.6732
   4.000       0.9301
   5.000       1.2274
   6.000       1.3922
   7.000       1.2434
   8.000       1.2856
   9.000       1.1893
  10.000       0.8569
  11.000       0.8005
  12.000       1.1406
  13.000       0.7727
  14.000       0.6158
  15.000       0.7445
  16.000       0.7007
  17.000       0.8617
  18.000       0.6951
  19.000       0.8065
  20.000       0.6319
  21.000       0.8056
  22.000       0.6245
  23.000       0.5885
  24.000       1.0164
  25.000       1.2514
  26.000       1.3278
  27.000       0.6938
  28.000       0.7286
  29.000       1.4929
  30.000       1.1145
  31.000       1.0834
  32.000       2.0282
  33.000       1.8513
  34.000       0.9722
  35.000       1.0437
  36.000       0.8873
  37.000       0.9483
  38.000       1.1794
  39.000       0.9578
  40.000       1.0863
  41.000       1.3099
  42.000       0.8226
  43.000       0.6851
  44.000       1.8572
  45.000       0.9675
  46.000       0.7628
  47.000       0.8694
  48.000       1.2213
  49.000       1.2431
  50.000       0.9075
  51.000       0.6044
  52.000       0.7427
  53.000       0.7122
  54.000       1.1139
  55.000       0.8754
  56.000       1.0134
  57.000       1.0878
  58.000       1.3155
  59.000       1.1239
  60.000       0.7774
  61.000       0.9243
  62.000       0.7129
  63.000       0.8043
  64.000       1.4936
  65.000       1.1562
  66.000       1.0185
  67.000       1.2238
  68.000       0.8408
  69.000       1.1791
  70.000       1.0926
  71.000       0.8043
  72.000       0.8578
  73.000       0.9498
  74.000       2.4888
  75.000       1.3315
  76.000       1.0539
  77.000       1.1897
  78.000       1.1865
  79.000       1.1537
  80.000       0.9348
  81.000       0.6554
  82.000       0.7854
  83.000       0.7046
  84.000       1.0837
  85.000       0.7208
  86.000       1.1683
  87.000       1.2284
  88.000       0.8175
  89.000       1.1241
  90.000       0.9879
  91.000       0.8545
  92.000       0.7208
  93.000       1.3190
  94.000       0.7868
  95.000       1.0731
  96.000       1.0976
  97.000       1.0431
  98.000       0.9405
  99.000       0.8969
 100.000       0.7976
 101.000       0.7552
 102.000       0.8024
 103.000       0.8041
 104.000       0.5815
 105.000       0.8975
 106.000       0.9781
 107.000       0.8298
 108.000       0.6376
 109.000       0.9481
 110.000       0.7134
 111.000       0.6640
 112.000       0.9851
 113.000       1.0848
 114.000       1.3527
 115.000       1.1363
 116.000       0.8385
 117.000       0.9499
 118.000       0.8040
 119.000       1.1040
 120.000       2.5205
 121.000       1.4503
 122.000       2.0879
 123.000       3.3284
 124.000       4.0711
 125.000       5.2803
 126.000       6.0807
 127.000       4.7165
 128.000       5.4300
 129.000       2.8834
 130.000       1.7615
 131.000       2.1072
 132.000       2.3840
 133.000       2.4453
 134.000       2.2575
 135.000       2.7358
 136.000       2.7854
 137.000       3.2999
 138.000       3.2739
 139.000       2.9915
 140.000       3.3346
 141.000       3.0495
 142.000       2.2389
 143.000       2.0533
 144.000       2.4542
 145.000       1.6490
 146.000       1.6144
 147.000       1.6708
 148.000       1.3558
 149.000       1.2524
 150.000       1.8305
 151.000       2.3135
 152.000       1.7867
 153.000       2.0972
 154.000       3.5290
 155.000       4.3790
 156.000       3.5925
 157.000       5.3225
 158.000       4.9354
 159.000       3.6082
 160.000       3.5339
 161.000       3.4551
 162.000       3.8204
 163.000       2.2727
 164.000       1.2846
 165.000       1.1503
 166.000       1.1002
 167.000       1.4494
 168.000       1.6229
 169.000       0.9335
 170.000       1.1759
 171.000       1.7308
 172.000       1.4828
 173.000       1.6530
 174.000       0.9820
 175.000       1.3608
 176.000       1.5423
 177.000       1.8871
 178.000       1.4142
 179.000       1.8362
 180.000       1.3848
 181.000       1.3629
 182.000       1.3866
 183.000       2.4210
 184.000       2.4554
 185.000       1.5845
 186.000       1.6149
 187.000       1.0627
 188.000       1.0562
 189.000       1.4121
 190.000       0.8655
 191.000       0.9786
 192.000       0.8979
 193.000       0.6862
 194.000       0.6348
 195.000       0.7664
 196.000       0.6331
 197.000       0.9008
 198.000       0.7572
 199.000       0.6747
 200.000       0.9172
 201.000       0.8927
 202.000       0.8007
 203.000       1.0609
 204.000       1.1450
 205.000       1.2583
 206.000       1.1488
 207.000       1.2924
 208.000       1.8864
 209.000       0.9623
 210.000       1.3993
 211.000       1.8534
 212.000       1.0909
 213.000       1.0631
 214.000       0.9130
 215.000       1.4446
 216.000       1.0921
 217.000       1.1110
 218.000       1.3518
 219.000       1.5295
 220.000       1.0231
 221.000       1.0792
 222.000       0.9074
 223.000       1.4996
 224.000       0.7388
 225.000       0.9368
 226.000       0.8491
 227.000       0.8144
 228.000       0.8972
 229.000       0.7274
 230.000       0.9969
 231.000       0.8472
 232.000       1.1135
 233.000       1.1673
 234.000       1.2957
 235.000       0.7749
 236.000       1.1461
 237.000       1.1540
 238.000       0.9467
 239.000       1.3042
 240.000       0.8135
 241.000       0.8081
 242.000       1.7500
 243.000       1.1199
 244.000       0.6853
 245.000       1.1212
 246.000       1.2341
 247.000       1.9043
 248.000       0.8559
 249.000       1.0123
 250.000       0.9757
 251.000       1.0552
 252.000       1.3878
 253.000       2.0557
 254.000       1.6713
 255.000       1.3107
 256.000       1.5380
 257.000       1.8333
 258.000       1.4986
 259.000       1.1016
 260.000       1.6721
 261.000       0.9367
 262.000       0.9856
 263.000       0.7471
 264.000       0.9802
 265.000       0.7491
 266.000       0.7290
 267.000       0.8158
 268.000       0.6611
 269.000       1.1290
 270.000       0.7516
 271.000       1.3108
 272.000       0.6934
 273.000       0.9893
 274.000       1.0063
 275.000       1.2114
 276.000       1.5635
 277.000       1.2054
 278.000       1.3921
 279.000       1.0585
 280.000       1.3092
 281.000       0.8103
 282.000       0.9305
 283.000       1.1407
 284.000       0.7565
 285.000       0.7249
 286.000       1.0808
 287.000       0.9882
 288.000       1.5169
 289.000       1.2199
 290.000       1.4122
 291.000       1.1810
 292.000       1.3154
 293.000       1.0166
 294.000       1.3530
 295.000       1.8798
 296.000       0.8869
 297.000       0.7299
 298.000       0.7704
 299.000       0.9315
 300.000       0.6697
 301.000       0.5876
 302.000       1.0849
 303.000       0.6336
 304.000       0.5723
 305.000       0.9118
 306.000       0.6539
 307.000       0.6145
 308.000       0.5572
 309.000       0.7723
 310.000       0.9248
 311.000       0.6613
 312.000       0.5891
 313.000       1.0476
 314.000       0.7412
 315.000       0.7453
 316.000       0.7124
 317.000       0.7244
 318.000       0.8741
 319.000       1.0197
 320.000       0.6523
 321.000       0.7429
 322.000       1.0755
 323.000       0.8469
 324.000       1.2587
 325.000       1.2355
 326.000       1.3467
 327.000       1.0982
 328.000       1.3894
 329.000       1.4377
 330.000       1.2992
 331.000       1.3586
 332.000       2.2713
 333.000       1.4087
 334.000       1.2052
 335.000       2.5034
 336.000       3.9169
 337.000       2.7798
 338.000       2.4935
 339.000       2.1319
 340.000       1.1973
 341.000       0.9218
 342.000       1.1299
 343.000       0.9223
 344.000       0.7893
 345.000       0.6603
 346.000       0.6930
 347.000       1.0174
 348.000       0.7286
 349.000       0.8601
 350.000       0.8793
 351.000       1.0645
 352.000       0.9982
 353.000       0.9190
 354.000       1.2720
 355.000       0.6434
 356.000       0.7244
 357.000       1.3554
 358.000       0.7875
 359.000       0.5222
 360.000       0.8850
 361.000       1.0065
 362.000       0.6028
 363.000       0.5329
 364.000       1.0368
 365.000       0.8618
 366.000       0.9385
 367.000       0.7549
 368.000       0.8387
 369.000       1.0471
 370.000       0.6375
 371.000       1.0082
 372.000       0.6450
 373.000       0.9000
 374.000       0.6112
 375.000       1.0781
 376.000       1.0391
 377.000       1.1874
 378.000       0.9226
 379.000       1.0259
 380.000       0.7230
 381.000       0.9458
 382.000       1.0064
 383.000       1.0961
 384.000       1.0554
 385.000       1.3719
 386.000       1.3644
 387.000       1.5499
 388.000       1.4954
 389.000       1.6110
 390.000       1.5300
 391.000       2.9828
 392.000       3.9004
 393.000       2.9787
 394.000       1.5581
 395.000       2.2344
 396.000       1.9673
 397.000       1.5026
 398.000       1.5252
 399.000       1.1431
 400.000       1.9804
 401.000       0.9695
 402.000       0.8170
 403.000       0.9604
 404.000       0.7420
 405.000       0.8511
 406.000       0.7427
 407.000       0.8430
 408.000       0.7998
 409.000       0.6846
 410.000       1.0390
 411.000       1.2236
 412.000       1.1888
 413.000       0.7361
 414.000       0.9917
 415.000       0.8925
 416.000       1.0367
 417.000       0.9258
 418.000       0.9314
 419.000       1.3480
 420.000       0.9542
 421.000       0.9000
 422.000       1.3292
 423.000       1.1702
 424.000       0.9748
 425.000       1.0779
 426.000       1.2400
 427.000       1.1708
 428.000       1.1792
 429.000       1.1385
 430.000       1.3154
 431.000       1.1748
 432.000       1.3208
 433.000       1.8912
 434.000       1.8790
 435.000       1.7554
 436.000       1.1924
 437.000       1.1946
 438.000       0.8379
 439.000       0.8456
 440.000       0.9109
 441.000       0.8303
 442.000       0.9349
 443.000       1.0873
 444.000       1.0445
 445.000       0.9086
 446.000       0.9694
 447.000       0.8576
 448.000       1.0271
 449.000       0.9687
 450.000       1.3389
 451.000       1.1291
 452.000       0.9918
 453.000       0.9204
 454.000       1.1607
 455.000       2.2088
 456.000       1.1892
 457.000       1.2539
 458.000       1.2067
 459.000       1.5599
 460.000       1.3520
 461.000       1.1297
 462.000       1.4089
 463.000       2.0305
 464.000       1.5758
 465.000       1.6969
 466.000       1.5280
 467.000       1.8689
 468.000       1.3161
 469.000       1.2678
 470.000       1.2146
 471.000       1.4018
 472.000       2.4562
 473.000       1.4863
 474.000       1.1651
 475.000       1.2387
 476.000       1.1362
 477.000       1.0467
 478.000       1.2326
 479.000       1.2606
 480.000       0.8867
 481.000       0.9137
 482.000       0.8318
 483.000       0.8036
 484.000       0.9083
 485.000       0.9809
 486.000       1.6276
 487.000       1.1326
 488.000       0.9543
 489.000       0.9786
 490.000       1.0353
 491.000       1.4476
 492.000       1.0482
 493.000       1.1361
 494.000       1.4662
 495.000       1.5736
 496.000       1.2562
 497.000       2.0108
 498.000       1.4005
 499.000       1.3431
 500.000       1.4397
 501.000       1.6434
 502.000       2.2263
 503.000       2.6827
 504.000       1.3956
 505.000       1.9319
 506.000       1.3862
 507.000       1.3324
 508.000       1.3895
 509.000       1.3440
 510.000       1.0952
 511.000       1.2230
 512.000       1.1273
 513.000       1.1401
 514.000       0.7640
 515.000       1.4784
 516.000       1.2711
 517.000       1.1033
 518.000       0.8059
 519.000       0.9760
 520.000       0.7450
 521.000       0.7495
 522.000       1.0573
 523.000       1.0602
 524.000       0.9235
 525.000       0.8800
 526.000       0.8649
 527.000       1.3529
 528.000       0.9573
 529.000       0.9570
 530.000       1.6818
 531.000       1.4840
 532.000       1.3261
 533.000       1.6209
 534.000       1.6852
 535.000       2.1304
 536.000       1.7520
 537.000       2.6908
 538.000       2.7538
 539.000       3.4824
 540.000       2.8323
 541.000       2.4213
 542.000       2.5839
 543.000       2.6901
 544.000       2.1448
 545.000       1.9802
 546.000       2.4543
 547.000       2.0203
 548.000       1.5511
 549.000       1.7002
 550.000       2.3839
 551.000       2.3948
 552.000       7.3527
 553.000      51.7513
 554.000       0.5693
 555.000       0.7612
 556.000      50.1074
 557.000      52.4641
 558.000      51.9354
 559.000      51.7330
 560.000      50.9613
 561.000      51.2522
 562.000      52.8049
 563.000      51.7434
 564.000      51.8016
 565.000      52.8148
 566.000      51.4313
 567.000      53.0921
 568.000      53.0727
 569.000      53.0319
 570.000      52.3959
 571.000      53.3967
 572.000      51.8840
 573.000      51.1652
 574.000      52.7232
 575.000      51.5832
 576.000      51.3850
 577.000      52.6113
 578.000      52.0904
 579.000      51.0313
 580.000      50.0770
 581.000      52.1691
 582.000      51.9894
 583.000      52.7689
 584.000      52.7943
 585.000      50.5599
 586.000      51.6155
 587.000      50.8737
 588.000      51.8687
 589.000      51.6932
 590.000      52.0895
 591.000      51.6034
 592.000      50.9331
 593.000      48.7211
 594.000      50.9063
 595.000      51.7447
 596.000      51.7724
 597.000      51.4669
 598.000       0.6717
 599.000      53.2011
 600.000      53.3598
 601.000      52.5802
 602.000      52.2998
 603.000      52.8388
 604.000      52.7717
 605.000      52.5549
 606.000      52.2028
 607.000      52.2547
 608.000      51.7950
 609.000      52.6033
 610.000      52.7193
 611.000      52.6308
 612.000      52.7464
 613.000      51.6015
 614.000      52.2074
 615.000      52.1650
 616.000      53.0633
 617.000      52.3430
 618.000      53.2385
 619.000      52.2980
 620.000      52.6311
 621.000      51.4784
 622.000      53.1026
 623.000      53.3038
 624.000      52.7286
 625.000      51.7634
 626.000      52.3095
 627.000      51.3812
 628.000      52.3152
 629.000      52.4263
 630.000      53.0640
 631.000      52.1487
 632.000      52.6859
 633.000      52.6496
 634.000      52.4806
 635.000      53.2297
 636.000      53.6934
 637.000      52.5232
 638.000      52.3694
 639.000      53.4416
 640.000      52.7916
 641.000      52.2996
 642.000      52.7418
 643.000      52.9861
 644.000      52.3791
