#Res        AtomicFlx
   1.000       4.4804
   2.000       2.8016
   3.000       1.8287
   4.000       1.2190
   5.000       0.9178
   6.000       0.7738
   7.000       1.0552
   8.000       0.8867
   9.000       0.7580
  10.000       0.6887
  11.000       0.6066
  12.000       0.5456
  13.000       0.5681
  14.000       0.5366
  15.000       0.4809
  16.000       0.4523
  17.000       0.5115
  18.000       0.5801
  19.000       0.5518
  20.000       0.5695
  21.000       0.5394
  22.000       0.7082
  23.000       0.6668
  24.000       1.2669
  25.000       1.5403
  26.000       1.4548
  27.000       1.3869
  28.000       1.2968
  29.000       1.1299
  30.000       1.1828
  31.000       1.2103
  32.000       1.0613
  33.000       1.1015
  34.000       1.2556
  35.000       1.1546
  36.000       1.0028
  37.000       1.1150
  38.000       1.1213
  39.000       1.1856
  40.000       1.1024
  41.000       0.9492
  42.000       1.0725
  43.000       1.0219
  44.000       0.7703
  45.000       0.7738
  46.000       1.0141
  47.000       0.9772
  48.000       0.7477
  49.000       0.8199
  50.000       1.0454
  51.000       1.0270
  52.000       0.7257
  53.000       0.5863
  54.000       0.5504
  55.000       0.5572
  56.000       0.4700
  57.000       0.4608
  58.000       0.5130
  59.000       0.4879
  60.000       0.4575
  61.000       0.4952
  62.000       0.6000
  63.000       0.5743
  64.000       0.4982
  65.000       0.5042
  66.000       0.5680
  67.000       0.5869
  68.000       0.5878
  69.000       0.6001
  70.000       0.6373
  71.000       0.5930
  72.000       0.6628
  73.000       0.6331
  74.000       0.6219
  75.000       0.6571
  76.000       0.8580
  77.000       0.8805
  78.000       0.7995
  79.000       0.8101
  80.000       0.7704
  81.000       0.7243
  82.000       0.6799
  83.000       0.6392
  84.000       0.5905
  85.000       0.6118
  86.000       0.5585
  87.000       0.5223
  88.000       0.5194
  89.000       0.5261
  90.000       0.5410
  91.000       0.5556
  92.000       0.5139
  93.000       0.5750
  94.000       0.6090
  95.000       0.5871
  96.000       0.6997
  97.000       0.8939
  98.000       0.9371
  99.000       0.6462
 100.000       0.6105
 101.000       0.6171
 102.000       0.5529
 103.000       0.5692
 104.000       0.5802
 105.000       0.5732
 106.000       0.5785
 107.000       0.5812
 108.000       0.6131
 109.000       0.5845
 110.000       0.5727
 111.000       0.6580
 112.000       0.6650
 113.000       0.6336
 114.000       0.7914
 115.000       0.8239
 116.000       1.0514
 117.000       1.1059
 118.000       0.7459
 119.000       0.8022
 120.000       0.8761
 121.000       1.0871
 122.000       1.1081
 123.000       1.1825
 124.000       1.3330
 125.000       1.5413
 126.000       1.9925
 127.000       1.8982
 128.000       1.6224
 129.000       2.0069
 130.000       2.1758
 131.000       2.0380
 132.000       1.7903
 133.000       2.2727
 134.000       3.0446
 135.000       3.7246
 136.000       5.0987
 137.000       6.6968
 138.000       7.0451
 139.000       7.4250
 140.000       8.1302
 141.000       8.5058
 142.000       8.6578
 143.000       8.4832
 144.000       7.9270
 145.000       6.2649
 146.000       5.7347
 147.000       5.9945
 148.000       4.9001
 149.000       4.7855
 150.000       3.9076
 151.000       3.1998
 152.000       2.3500
 153.000       1.4329
 154.000       0.9808
 155.000       0.9289
 156.000       0.7984
 157.000       0.7870
 158.000       0.8566
 159.000       0.7968
 160.000       0.7212
 161.000       0.8321
 162.000       0.9505
 163.000       0.9444
 164.000       0.7960
 165.000       0.8131
 166.000       0.8493
 167.000       1.0221
 168.000       1.5728
 169.000       2.0937
 170.000       2.3528
 171.000       1.1684
 172.000       1.1067
 173.000       1.0133
 174.000       1.2760
 175.000       1.1025
 176.000       0.8717
 177.000       1.0170
 178.000       1.0516
 179.000       0.7816
 180.000       0.7519
 181.000       0.8056
 182.000       0.7578
 183.000       0.6896
 184.000       0.6382
 185.000       0.6222
 186.000       0.5947
 187.000       0.5977
 188.000       0.6157
 189.000       0.6050
 190.000       0.6039
 191.000       0.6113
 192.000       0.6113
 193.000       0.6227
 194.000       0.6261
 195.000       0.6046
 196.000       0.6676
 197.000       0.6912
 198.000       0.6520
 199.000       0.6943
 200.000       0.7396
 201.000       0.6791
 202.000       0.7129
 203.000       0.7647
 204.000       0.6838
 205.000       0.6930
 206.000       0.6934
 207.000       0.7307
 208.000       0.6607
 209.000       0.5693
 210.000       0.6677
 211.000       0.9038
 212.000       0.8174
 213.000       1.1340
 214.000       1.4517
 215.000       0.9790
 216.000       0.7082
 217.000       0.6860
 218.000       0.7033
 219.000       0.6204
 220.000       0.6823
 221.000       0.7422
 222.000       0.6948
 223.000       0.6853
 224.000       0.7767
 225.000       0.8442
 226.000       0.7845
 227.000       0.8611
 228.000       1.0023
 229.000       0.9769
 230.000       0.9078
 231.000       1.0338
 232.000       1.0544
 233.000       0.9756
 234.000       1.0505
 235.000       1.0840
 236.000       0.9493
 237.000       0.9154
 238.000       1.0338
 239.000       1.0234
 240.000       0.9137
 241.000       0.9651
 242.000       0.9683
 243.000       0.9521
 244.000       1.0524
 245.000       1.2187
 246.000       1.3193
 247.000       1.2487
 248.000       1.4232
 249.000       1.8542
 250.000       1.4638
 251.000       1.2192
 252.000       1.0394
 253.000       0.8637
 254.000       0.9124
 255.000       0.9256
 256.000       0.8263
 257.000       0.7824
 258.000       0.8379
 259.000       0.8537
 260.000       0.8118
 261.000       0.8991
 262.000       0.8547
 263.000       0.8181
 264.000       0.9999
 265.000       0.7692
 266.000       0.7091
 267.000       0.5339
 268.000       0.5049
 269.000       0.4712
 270.000       0.4952
 271.000       0.4430
 272.000       0.4393
 273.000       0.4504
 274.000       0.4916
 275.000       0.4623
 276.000       0.4724
 277.000       0.5340
 278.000       0.5945
 279.000       0.5633
 280.000       0.7094
 281.000       0.7085
 282.000       0.8608
 283.000       0.9765
 284.000       0.8877
 285.000       1.0648
 286.000       0.9065
 287.000       0.8762
 288.000       0.8273
 289.000       0.6862
 290.000       0.7251
 291.000       0.7464
 292.000       0.6082
 293.000       0.6209
 294.000       0.7177
 295.000       0.7002
 296.000       0.6119
 297.000       0.6650
 298.000       0.7628
 299.000       0.7012
 300.000       0.7332
 301.000       0.8664
 302.000       0.8964
 303.000       0.8547
 304.000       1.0462
 305.000       1.0170
 306.000       0.7745
 307.000       0.7368
 308.000       0.8292
 309.000       0.8172
 310.000       0.7891
 311.000       0.8268
 312.000       0.8771
 313.000       0.8593
 314.000       0.8655
 315.000       0.9209
 316.000       1.0094
 317.000       1.0671
 318.000       1.1410
 319.000       1.1729
 320.000       1.1540
 321.000       1.1693
 322.000       1.0794
 323.000       1.1734
 324.000       1.1949
 325.000       0.9984
 326.000       1.0051
 327.000       1.0525
 328.000       1.1023
 329.000       0.9946
 330.000       0.8983
 331.000       0.8578
 332.000       0.7949
 333.000       0.7436
 334.000       0.6349
 335.000       0.6708
 336.000       0.7874
 337.000       0.8640
 338.000       0.8148
 339.000       0.7208
 340.000       0.6789
 341.000       0.7391
 342.000       0.8693
 343.000       0.9215
 344.000       0.8110
 345.000       0.8717
 346.000       0.7822
 347.000       0.6456
 348.000       0.6073
 349.000       0.6133
 350.000       0.5609
 351.000       0.5300
 352.000       0.5315
 353.000       0.5716
 354.000       0.5520
 355.000       0.5257
 356.000       0.5398
 357.000       0.5706
 358.000       0.6006
 359.000       0.5601
 360.000       0.5460
 361.000       0.6120
 362.000       0.6565
 363.000       0.5783
 364.000       0.4485
 365.000       0.4815
 366.000       0.5221
 367.000       0.4937
 368.000       0.4585
 369.000       0.4869
 370.000       0.5125
 371.000       0.4883
 372.000       0.4925
 373.000       0.5002
 374.000       0.5042
 375.000       0.5841
 376.000       0.7047
 377.000       0.6988
 378.000       0.8192
 379.000       1.6626
 380.000       1.7184
 381.000       1.8570
 382.000       1.9981
 383.000       1.7370
 384.000       1.3148
 385.000       1.3454
 386.000       1.1708
 387.000       0.9306
 388.000       0.8538
 389.000       0.7907
 390.000       0.7804
 391.000       0.7534
 392.000       0.7010
 393.000       0.7219
 394.000       0.7900
 395.000       0.7256
 396.000       0.6773
 397.000       0.7499
 398.000       0.8130
 399.000       0.7287
 400.000       0.6624
 401.000       0.7727
 402.000       0.8677
 403.000       0.7792
 404.000       0.7422
 405.000       0.7856
 406.000       0.7030
 407.000       0.6114
 408.000       0.6897
 409.000       0.7391
 410.000       0.7655
 411.000       0.7277
 412.000       0.7209
 413.000       0.7964
 414.000       0.7721
 415.000       0.7251
 416.000       0.8646
 417.000       0.9290
 418.000       0.8412
 419.000       0.8840
 420.000       1.0345
 421.000       1.1152
 422.000       1.0125
 423.000       1.0315
 424.000       0.9113
 425.000       0.7113
 426.000       0.6471
 427.000       0.5696
 428.000       0.5509
 429.000       0.5860
 430.000       0.5810
 431.000       0.5308
 432.000       0.5309
 433.000       0.5652
 434.000       0.5605
 435.000       0.5749
 436.000       0.6429
 437.000       0.6661
 438.000       0.6717
 439.000       0.7359
 440.000       0.7630
 441.000       0.7668
 442.000       0.7289
 443.000       0.7626
 444.000       0.6979
 445.000       0.8123
 446.000       0.7960
 447.000       0.6979
 448.000       0.7368
 449.000       0.7906
 450.000       0.7455
 451.000       0.7426
 452.000       0.8223
 453.000       0.8963
 454.000       0.9538
 455.000       1.0965
 456.000       1.7290
 457.000       1.3155
 458.000       1.0208
 459.000       1.0019
 460.000       1.2309
 461.000       1.1095
 462.000       0.9453
 463.000       0.8207
 464.000       0.8070
 465.000       0.7810
 466.000       0.6480
 467.000       0.6116
 468.000       0.7406
 469.000       0.7867
 470.000       0.7039
 471.000       0.6700
 472.000       0.6891
 473.000       0.7044
 474.000       0.7071
 475.000       0.5964
 476.000       0.6474
 477.000       0.7080
 478.000       0.7049
 479.000       0.6522
 480.000       0.7384
 481.000       0.7802
 482.000       0.7946
 483.000       0.8401
 484.000       0.9366
 485.000       1.0397
 486.000       1.0784
 487.000       1.5100
 488.000       1.4373
 489.000       1.3016
 490.000       1.5047
 491.000       1.2325
 492.000       1.5653
 493.000       1.7443
 494.000       1.3570
 495.000       1.5104
 496.000       1.2296
 497.000       1.3720
 498.000       1.5811
 499.000       1.4348
 500.000       1.1415
 501.000       1.2805
 502.000       1.3761
 503.000       1.1750
 504.000       1.0921
 505.000       1.2062
 506.000       1.1751
 507.000       1.0181
 508.000       1.0400
 509.000       1.1333
 510.000       1.0001
 511.000       0.8999
 512.000       0.8885
 513.000       0.9107
 514.000       0.7660
 515.000       0.7635
 516.000       0.9622
 517.000       1.0155
 518.000       0.8928
 519.000       1.0151
 520.000       1.2548
 521.000       1.2323
 522.000       1.4444
 523.000       1.7419
 524.000       1.7667
 525.000       1.8221
 526.000       1.6451
 527.000       2.0539
 528.000       2.2726
 529.000       2.3356
 530.000       2.0634
 531.000       2.1806
 532.000       1.9384
 533.000       1.5631
 534.000       1.6341
 535.000       1.6756
 536.000       1.3775
 537.000       1.2605
 538.000       1.4305
 539.000       1.4111
 540.000       1.5064
 541.000       2.4056
 542.000       3.5063
 543.000       5.6077
 544.000       7.4274
