#Res        AtomicFlx
   1.000       5.4672
   2.000       4.3007
   3.000       3.4595
   4.000       2.7571
   5.000       1.9935
   6.000       1.7595
   7.000       1.9582
   8.000       1.6916
   9.000       1.7466
  10.000       1.5702
  11.000       1.3731
  12.000       1.4403
  13.000       1.4490
  14.000       1.2358
  15.000       1.2302
  16.000       1.3962
  17.000       1.2566
  18.000       1.1185
  19.000       1.3394
  20.000       1.3177
  21.000       1.0287
  22.000       1.0733
  23.000       1.0510
  24.000       1.2512
  25.000       1.0525
  26.000       1.1935
  27.000       1.0468
  28.000       1.0737
  29.000       0.7839
  30.000       0.8887
  31.000       1.1342
  32.000       0.9636
  33.000       0.9764
  34.000       1.1617
  35.000       1.2830
  36.000       1.2166
  37.000       1.4260
  38.000       1.0899
  39.000       0.9150
  40.000       1.0608
  41.000       0.9390
  42.000       0.8441
  43.000       0.9207
  44.000       0.9011
  45.000       0.7668
  46.000       0.7865
  47.000       0.8781
  48.000       0.8154
  49.000       0.8047
  50.000       0.9888
  51.000       0.9539
  52.000       0.7984
  53.000       0.6531
  54.000       0.6103
  55.000       0.6136
  56.000       0.6279
  57.000       0.5563
  58.000       0.5562
  59.000       0.6281
  60.000       0.6322
  61.000       0.6771
  62.000       0.6956
  63.000       0.7144
  64.000       0.7141
  65.000       0.7319
  66.000       0.7845
  67.000       1.1925
  68.000       0.8576
  69.000       0.6682
  70.000       0.6540
  71.000       0.6553
  72.000       0.6969
  73.000       0.6343
  74.000       0.6398
  75.000       0.6700
  76.000       0.8506
  77.000       1.0768
  78.000       0.8881
  79.000       0.8284
  80.000       0.8440
  81.000       0.7031
  82.000       0.7197
  83.000       0.7405
  84.000       0.7207
  85.000       0.6913
  86.000       0.7221
  87.000       0.7482
  88.000       0.6648
  89.000       0.6594
  90.000       0.6911
  91.000       0.7709
  92.000       0.7753
  93.000       0.6743
  94.000       0.7298
  95.000       0.8165
  96.000       0.8675
  97.000       0.9064
  98.000       0.7848
  99.000       0.7247
 100.000       0.7521
 101.000       0.7071
 102.000       0.5989
 103.000       0.5969
 104.000       0.5943
 105.000       0.5859
 106.000       0.5825
 107.000       0.5860
 108.000       0.5808
 109.000       0.5667
 110.000       0.5890
 111.000       0.6350
 112.000       0.6449
 113.000       0.6412
 114.000       0.8733
 115.000       1.0430
 116.000       1.2743
 117.000       0.9720
 118.000       0.7218
 119.000       0.8182
 120.000       0.8206
 121.000       0.8731
 122.000       0.9759
 123.000       1.0701
 124.000       1.7061
 125.000       1.2325
 126.000       1.3724
 127.000       1.3393
 128.000       1.1371
 129.000       1.3600
 130.000       1.5778
 131.000       2.1859
 132.000       2.1445
 133.000       3.8406
 134.000       3.9219
 135.000       3.4746
 136.000       2.8469
 137.000       3.1276
 138.000       3.6946
 139.000       3.1682
 140.000       4.4148
 141.000       4.8318
 142.000       6.1819
 143.000       6.2288
 144.000       5.2688
 145.000       6.0785
 146.000       6.5170
 147.000       6.3372
 148.000       5.4542
 149.000       5.4792
 150.000       4.8695
 151.000       4.4953
 152.000       3.0518
 153.000       1.9034
 154.000       1.1743
 155.000       0.8648
 156.000       0.6822
 157.000       0.7706
 158.000       0.7879
 159.000       0.6509
 160.000       0.6710
 161.000       0.8095
 162.000       0.8632
 163.000       0.7960
 164.000       0.7144
 165.000       0.9034
 166.000       0.8119
 167.000       0.9060
 168.000       1.4058
 169.000       1.8563
 170.000       2.0065
 171.000       1.9718
 172.000       1.8611
 173.000       2.2673
 174.000       2.4795
 175.000       1.2968
 176.000       0.9303
 177.000       1.0345
 178.000       1.0503
 179.000       0.7490
 180.000       0.7060
 181.000       0.7665
 182.000       0.7056
 183.000       0.6022
 184.000       0.6440
 185.000       0.6581
 186.000       0.5944
 187.000       0.6292
 188.000       0.7064
 189.000       0.6868
 190.000       0.6611
 191.000       0.6929
 192.000       0.7753
 193.000       0.7838
 194.000       0.7361
 195.000       0.8187
 196.000       0.9896
 197.000       0.9401
 198.000       0.9146
 199.000       1.2228
 200.000       1.4575
 201.000       1.2754
 202.000       2.5460
 203.000       2.7605
 204.000       2.9740
 205.000       1.9746
 206.000       1.7576
 207.000       1.4358
 208.000       1.2226
 209.000       1.1128
 210.000       1.0455
 211.000       0.9183
 212.000       0.9606
 213.000       1.0149
 214.000       0.8387
 215.000       0.8557
 216.000       0.7502
 217.000       0.6875
 218.000       0.6801
 219.000       0.6067
 220.000       0.6328
 221.000       0.6697
 222.000       0.6224
 223.000       0.5940
 224.000       0.6789
 225.000       0.7290
 226.000       0.6555
 227.000       0.7002
 228.000       0.7807
 229.000       0.7900
 230.000       0.7444
 231.000       0.8013
 232.000       0.7660
 233.000       0.7103
 234.000       0.7719
 235.000       0.7801
 236.000       0.7051
 237.000       0.6818
 238.000       0.7894
 239.000       0.8049
 240.000       0.6993
 241.000       0.7725
 242.000       0.8394
 243.000       0.9940
 244.000       1.1893
 245.000       1.3213
 246.000       1.4418
 247.000       1.3051
 248.000       1.4160
 249.000       1.6357
 250.000       1.5651
 251.000       1.6051
 252.000       1.5097
 253.000       1.2280
 254.000       1.2654
 255.000       1.3683
 256.000       1.1600
 257.000       0.9705
 258.000       1.0689
 259.000       1.0762
 260.000       0.9018
 261.000       0.7518
 262.000       0.8025
 263.000       0.7965
 264.000       0.6772
 265.000       0.6037
 266.000       0.6743
 267.000       0.6132
 268.000       0.7410
 269.000       0.7369
 270.000       0.6331
 271.000       0.6793
 272.000       0.6283
 273.000       0.5554
 274.000       0.6205
 275.000       0.6954
 276.000       0.6851
 277.000       0.6509
 278.000       0.7704
 279.000       0.8047
 280.000       0.9975
 281.000       1.0135
 282.000       1.0339
 283.000       0.9146
 284.000       0.7467
 285.000       0.6959
 286.000       0.7263
 287.000       0.8434
 288.000       0.8036
 289.000       0.7011
 290.000       0.6708
 291.000       0.6760
 292.000       0.6405
 293.000       0.5552
 294.000       0.5651
 295.000       0.5578
 296.000       0.5526
 297.000       0.5880
 298.000       0.5468
 299.000       0.5384
 300.000       0.5699
 301.000       0.5924
 302.000       0.5813
 303.000       0.5980
 304.000       0.6370
 305.000       0.6364
 306.000       0.5757
 307.000       0.5395
 308.000       0.5638
 309.000       0.5719
 310.000       0.5648
 311.000       0.6000
 312.000       0.6263
 313.000       0.6341
 314.000       0.6798
 315.000       0.7359
 316.000       0.8315
 317.000       0.9364
 318.000       0.9843
 319.000       0.9848
 320.000       0.9980
 321.000       0.9919
 322.000       0.9234
 323.000       1.0548
 324.000       1.0455
 325.000       1.0303
 326.000       1.1099
 327.000       0.9889
 328.000       0.9755
 329.000       0.9093
 330.000       0.7660
 331.000       0.8883
 332.000       0.9389
 333.000       0.8142
 334.000       0.6211
 335.000       0.6889
 336.000       0.8584
 337.000       0.8991
 338.000       0.7951
 339.000       0.7266
 340.000       0.7574
 341.000       0.9647
 342.000       1.0473
 343.000       0.8093
 344.000       0.8012
 345.000       0.8206
 346.000       0.7613
 347.000       0.6832
 348.000       0.7365
 349.000       0.7403
 350.000       0.6478
 351.000       0.6196
 352.000       0.6397
 353.000       0.7294
 354.000       0.6517
 355.000       0.5916
 356.000       0.6457
 357.000       0.6908
 358.000       0.6774
 359.000       0.6405
 360.000       0.6735
 361.000       0.7374
 362.000       0.6739
 363.000       0.6210
 364.000       0.6305
 365.000       0.7170
 366.000       0.6920
 367.000       0.7192
 368.000       0.8243
 369.000       0.7610
 370.000       0.6701
 371.000       0.7936
 372.000       0.8040
 373.000       0.6531
 374.000       0.7990
 375.000       1.0821
 376.000       0.8964
 377.000       0.8035
 378.000       0.9564
 379.000       1.0588
 380.000       0.8827
 381.000       1.0458
 382.000       1.3716
 383.000       1.4216
 384.000       1.1537
 385.000       1.2854
 386.000       1.5584
 387.000       1.4323
 388.000       1.2154
 389.000       1.2474
 390.000       1.2595
 391.000       1.0510
 392.000       0.9115
 393.000       0.9949
 394.000       1.0414
 395.000       0.9127
 396.000       0.8079
 397.000       0.8759
 398.000       0.9292
 399.000       0.8228
 400.000       0.6902
 401.000       0.7596
 402.000       0.8573
 403.000       0.8289
 404.000       0.8983
 405.000       0.9666
 406.000       0.7837
 407.000       0.6342
 408.000       0.7058
 409.000       0.7671
 410.000       0.7344
 411.000       0.7609
 412.000       0.7426
 413.000       0.7126
 414.000       0.7100
 415.000       0.6911
 416.000       0.6912
 417.000       0.6913
 418.000       0.7222
 419.000       0.7130
 420.000       0.7753
 421.000       0.8667
 422.000       1.4010
 423.000       2.1629
 424.000       2.1766
 425.000       1.0632
 426.000       1.1326
 427.000       1.0637
 428.000       0.8719
 429.000       0.9150
 430.000       0.9747
 431.000       0.8383
 432.000       0.6971
 433.000       0.7597
 434.000       0.7791
 435.000       0.6893
 436.000       0.7086
 437.000       0.7872
 438.000       0.8461
 439.000       0.9256
 440.000       0.9020
 441.000       0.8959
 442.000       0.8655
 443.000       0.7609
 444.000       0.6886
 445.000       0.7904
 446.000       0.7926
 447.000       0.6956
 448.000       0.7205
 449.000       0.8395
 450.000       0.8836
 451.000       0.8308
 452.000       0.9155
 453.000       1.1444
 454.000       1.2553
 455.000       1.2538
 456.000       1.1187
 457.000       1.1943
 458.000       1.0539
 459.000       0.8767
 460.000       0.9348
 461.000       0.8688
 462.000       0.7559
 463.000       0.6349
 464.000       0.6481
 465.000       0.7073
 466.000       0.6558
 467.000       0.6210
 468.000       0.7453
 469.000       0.8584
 470.000       0.8371
 471.000       0.8616
 472.000       0.8235
 473.000       0.9192
 474.000       0.9306
 475.000       0.7394
 476.000       0.7550
 477.000       0.8934
 478.000       0.8671
 479.000       0.7860
 480.000       0.8504
 481.000       0.8721
 482.000       0.9899
 483.000       1.1473
 484.000       1.1994
 485.000       1.1738
 486.000       1.7646
 487.000       1.5325
 488.000       1.4358
 489.000       1.0416
 490.000       1.1519
 491.000       1.2528
 492.000       1.7010
 493.000       1.8222
 494.000       1.4086
 495.000       1.2130
 496.000       1.0027
 497.000       1.0749
 498.000       1.1394
 499.000       1.0597
 500.000       0.9588
 501.000       0.9547
 502.000       0.9837
 503.000       0.9713
 504.000       0.9153
 505.000       0.8632
 506.000       0.9562
 507.000       1.0280
 508.000       0.9158
 509.000       0.9561
 510.000       1.1803
 511.000       1.1291
 512.000       1.0498
 513.000       1.1954
 514.000       1.1740
 515.000       0.9920
 516.000       1.0409
 517.000       1.1614
 518.000       0.9416
 519.000       0.8604
 520.000       1.0915
 521.000       1.1233
 522.000       0.9810
 523.000       1.1095
 524.000       1.3499
 525.000       1.4031
 526.000       1.3500
 527.000       1.7045
 528.000       1.7756
 529.000       1.8131
 530.000       1.7391
 531.000       1.7610
 532.000       1.5343
 533.000       1.3103
 534.000       1.4211
 535.000       1.4716
 536.000       1.2718
 537.000       1.1897
 538.000       1.4368
 539.000       1.4736
 540.000       1.3971
 541.000       1.5810
 542.000       2.4290
 543.000       4.5854
 544.000       6.9753
