#Res        AtomicFlx
   1.000       7.7704
   2.000       4.6390
   3.000       2.7670
   4.000       1.4326
   5.000       0.9138
   6.000       0.8540
   7.000       1.2357
   8.000       1.0569
   9.000       0.9620
  10.000       0.9499
  11.000       0.8592
  12.000       0.7290
  13.000       0.7665
  14.000       0.8533
  15.000       0.7354
  16.000       0.6150
  17.000       0.7211
  18.000       0.7684
  19.000       0.6362
  20.000       0.6340
  21.000       0.6385
  22.000       0.6680
  23.000       0.7153
  24.000       0.7420
  25.000       0.6629
  26.000       0.7880
  27.000       0.7678
  28.000       0.8448
  29.000       0.6976
  30.000       0.8338
  31.000       1.4423
  32.000       0.9707
  33.000       1.0388
  34.000       1.6639
  35.000       1.6837
  36.000       1.3938
  37.000       1.6083
  38.000       1.3236
  39.000       1.1951
  40.000       1.4095
  41.000       1.1386
  42.000       0.9526
  43.000       1.0372
  44.000       0.9352
  45.000       0.7370
  46.000       0.7215
  47.000       0.8062
  48.000       0.6912
  49.000       0.6182
  50.000       0.7824
  51.000       0.8309
  52.000       0.7259
  53.000       0.6152
  54.000       0.5595
  55.000       0.5304
  56.000       0.5055
  57.000       0.4811
  58.000       0.5356
  59.000       0.5963
  60.000       0.5442
  61.000       0.5300
  62.000       0.6337
  63.000       0.6321
  64.000       0.5261
  65.000       0.5299
  66.000       0.6187
  67.000       0.6553
  68.000       0.7930
  69.000       0.7015
  70.000       0.8088
  71.000       0.7983
  72.000       0.7725
  73.000       0.6469
  74.000       0.5694
  75.000       0.6383
  76.000       0.8231
  77.000       0.8686
  78.000       0.7309
  79.000       0.7777
  80.000       0.7448
  81.000       0.6088
  82.000       0.6389
  83.000       0.5735
  84.000       0.5206
  85.000       0.5463
  86.000       0.6042
  87.000       0.5562
  88.000       0.5047
  89.000       0.5442
  90.000       0.6045
  91.000       0.5825
  92.000       0.5632
  93.000       0.6593
  94.000       0.7212
  95.000       0.7072
  96.000       0.7572
  97.000       0.8452
  98.000       0.8490
  99.000       0.7171
 100.000       0.6812
 101.000       0.7021
 102.000       0.6403
 103.000       0.6026
 104.000       0.6154
 105.000       0.6369
 106.000       0.6038
 107.000       0.5769
 108.000       0.5968
 109.000       0.5879
 110.000       0.5826
 111.000       0.6384
 112.000       0.6836
 113.000       0.6662
 114.000       0.8435
 115.000       0.8890
 116.000       1.2036
 117.000       1.2221
 118.000       0.8290
 119.000       0.8936
 120.000       0.9555
 121.000       1.1115
 122.000       1.4419
 123.000       1.4626
 124.000       1.8246
 125.000       2.3531
 126.000       3.0133
 127.000       2.7535
 128.000       1.8109
 129.000       2.0845
 130.000       2.2828
 131.000       3.0409
 132.000       2.5336
 133.000       2.9879
 134.000       3.4606
 135.000       3.9635
 136.000       4.0843
 137.000       5.2111
 138.000       6.2464
 139.000       7.2506
 140.000       7.8008
 141.000       8.4566
 142.000       8.9567
 143.000       9.4601
 144.000       9.1983
 145.000       8.5478
 146.000       7.0432
 147.000       5.7567
 148.000       4.7586
 149.000       5.1385
 150.000       4.2102
 151.000       3.3682
 152.000       2.5313
 153.000       1.5768
 154.000       1.1990
 155.000       1.0000
 156.000       0.7907
 157.000       0.8292
 158.000       0.8764
 159.000       0.7813
 160.000       0.6646
 161.000       0.8001
 162.000       0.9574
 163.000       0.9669
 164.000       0.8297
 165.000       0.8687
 166.000       0.8534
 167.000       1.0225
 168.000       1.3769
 169.000       1.3871
 170.000       1.5919
 171.000       1.8401
 172.000       1.5135
 173.000       1.3652
 174.000       1.5408
 175.000       1.3534
 176.000       1.0442
 177.000       1.0500
 178.000       1.1187
 179.000       0.9383
 180.000       0.9430
 181.000       0.8795
 182.000       0.8733
 183.000       0.8200
 184.000       0.7686
 185.000       0.7577
 186.000       0.6932
 187.000       0.6979
 188.000       0.7124
 189.000       0.7131
 190.000       0.7410
 191.000       0.7586
 192.000       0.8090
 193.000       0.9242
 194.000       0.9693
 195.000       0.9383
 196.000       1.0424
 197.000       1.1762
 198.000       1.1411
 199.000       1.2568
 200.000       1.4442
 201.000       1.5632
 202.000       1.9367
 203.000       2.4595
 204.000       3.0784
 205.000       2.1425
 206.000       1.5947
 207.000       1.3999
 208.000       1.2862
 209.000       1.1583
 210.000       1.0519
 211.000       0.9124
 212.000       0.8893
 213.000       0.9416
 214.000       0.9082
 215.000       0.7891
 216.000       0.7142
 217.000       0.7665
 218.000       0.7694
 219.000       0.6554
 220.000       0.6342
 221.000       0.7063
 222.000       0.6930
 223.000       0.6285
 224.000       0.6740
 225.000       0.7698
 226.000       0.7317
 227.000       0.7240
 228.000       0.8575
 229.000       0.9307
 230.000       0.8576
 231.000       0.9789
 232.000       0.9052
 233.000       0.8145
 234.000       0.9119
 235.000       0.9376
 236.000       0.7848
 237.000       0.8048
 238.000       0.9775
 239.000       0.9287
 240.000       0.7365
 241.000       0.9012
 242.000       1.0979
 243.000       1.2902
 244.000       1.5547
 245.000       1.7802
 246.000       1.9678
 247.000       1.6388
 248.000       1.5988
 249.000       1.9786
 250.000       1.7479
 251.000       1.6761
 252.000       1.5967
 253.000       1.4003
 254.000       1.3183
 255.000       1.3836
 256.000       1.2303
 257.000       0.9784
 258.000       0.9880
 259.000       1.0957
 260.000       0.9017
 261.000       0.7127
 262.000       0.9084
 263.000       0.9938
 264.000       0.7396
 265.000       0.7084
 266.000       0.5900
 267.000       0.5047
 268.000       0.5629
 269.000       0.4922
 270.000       0.6056
 271.000       0.4723
 272.000       0.4203
 273.000       0.4534
 274.000       0.5484
 275.000       0.5417
 276.000       0.5332
 277.000       0.6823
 278.000       0.7620
 279.000       0.6794
 280.000       0.8968
 281.000       1.0536
 282.000       1.0183
 283.000       0.8517
 284.000       0.8802
 285.000       0.8255
 286.000       0.7719
 287.000       0.6987
 288.000       0.6812
 289.000       0.6343
 290.000       0.6522
 291.000       0.6484
 292.000       0.5825
 293.000       0.6022
 294.000       0.6497
 295.000       0.5904
 296.000       0.5548
 297.000       0.5899
 298.000       0.5788
 299.000       0.5319
 300.000       0.5224
 301.000       0.5653
 302.000       0.5794
 303.000       0.5835
 304.000       0.6500
 305.000       0.6684
 306.000       0.6237
 307.000       0.5519
 308.000       0.6189
 309.000       0.6540
 310.000       0.6660
 311.000       0.6918
 312.000       0.8059
 313.000       0.8737
 314.000       0.8818
 315.000       0.9188
 316.000       1.2509
 317.000       1.4131
 318.000       1.3745
 319.000       1.3507
 320.000       1.1439
 321.000       1.1108
 322.000       1.0477
 323.000       1.2452
 324.000       1.0556
 325.000       0.8820
 326.000       1.1283
 327.000       1.3857
 328.000       1.7467
 329.000       1.4882
 330.000       0.7365
 331.000       0.7711
 332.000       0.7785
 333.000       0.7060
 334.000       0.6119
 335.000       0.6955
 336.000       0.8560
 337.000       0.8294
 338.000       0.7619
 339.000       0.8252
 340.000       0.8129
 341.000       0.7985
 342.000       0.8016
 343.000       1.0621
 344.000       0.8940
 345.000       0.8863
 346.000       0.8378
 347.000       0.6637
 348.000       0.6559
 349.000       0.6704
 350.000       0.6007
 351.000       0.5676
 352.000       0.5892
 353.000       0.6466
 354.000       0.5862
 355.000       0.5587
 356.000       0.6001
 357.000       0.6429
 358.000       0.6484
 359.000       0.6555
 360.000       0.7141
 361.000       0.7320
 362.000       0.7323
 363.000       0.6731
 364.000       0.7600
 365.000       0.7547
 366.000       0.6692
 367.000       0.7904
 368.000       1.0279
 369.000       0.8579
 370.000       0.5791
 371.000       0.8208
 372.000       1.0444
 373.000       0.9972
 374.000       0.6868
 375.000       0.8479
 376.000       0.8891
 377.000       0.7081
 378.000       0.7586
 379.000       0.9811
 380.000       0.9320
 381.000       0.9216
 382.000       1.1905
 383.000       1.3326
 384.000       1.0487
 385.000       1.1103
 386.000       1.4921
 387.000       1.4081
 388.000       1.2009
 389.000       1.3288
 390.000       1.2667
 391.000       0.9859
 392.000       0.9240
 393.000       1.0138
 394.000       0.9927
 395.000       0.8323
 396.000       0.7839
 397.000       0.8821
 398.000       0.9488
 399.000       0.8411
 400.000       0.7755
 401.000       0.9163
 402.000       0.9766
 403.000       0.8774
 404.000       0.9086
 405.000       0.9147
 406.000       0.8096
 407.000       0.7899
 408.000       0.7993
 409.000       0.8445
 410.000       0.8651
 411.000       0.7809
 412.000       0.7469
 413.000       0.8478
 414.000       0.8350
 415.000       0.7318
 416.000       0.8773
 417.000       0.9949
 418.000       0.9134
 419.000       0.9406
 420.000       1.1627
 421.000       1.3397
 422.000       1.7816
 423.000       1.6887
 424.000       1.6657
 425.000       1.0410
 426.000       0.8973
 427.000       0.8606
 428.000       0.7561
 429.000       0.7782
 430.000       0.7929
 431.000       0.6321
 432.000       0.6118
 433.000       0.6779
 434.000       0.6124
 435.000       0.5527
 436.000       0.6025
 437.000       0.6030
 438.000       0.5991
 439.000       0.6620
 440.000       0.7063
 441.000       0.7335
 442.000       0.7766
 443.000       1.0647
 444.000       0.7726
 445.000       0.9914
 446.000       1.2013
 447.000       0.9017
 448.000       0.8376
 449.000       1.1563
 450.000       1.1009
 451.000       0.9604
 452.000       1.1656
 453.000       1.4089
 454.000       1.3287
 455.000       1.3340
 456.000       1.5778
 457.000       1.6516
 458.000       1.9454
 459.000       1.8895
 460.000       1.5065
 461.000       1.2308
 462.000       1.1271
 463.000       1.0702
 464.000       1.0891
 465.000       0.9220
 466.000       0.8192
 467.000       0.6851
 468.000       0.7281
 469.000       0.7581
 470.000       0.7362
 471.000       0.7386
 472.000       0.7182
 473.000       0.7637
 474.000       0.7275
 475.000       0.6462
 476.000       0.7271
 477.000       0.8024
 478.000       0.7855
 479.000       0.7765
 480.000       0.9050
 481.000       0.9610
 482.000       0.9125
 483.000       1.0368
 484.000       1.2049
 485.000       1.2349
 486.000       1.3157
 487.000       1.5708
 488.000       1.5777
 489.000       1.3869
 490.000       1.3448
 491.000       1.2331
 492.000       1.5554
 493.000       1.7178
 494.000       1.3842
 495.000       1.4026
 496.000       1.2556
 497.000       1.3428
 498.000       1.4204
 499.000       1.3363
 500.000       1.1887
 501.000       1.2469
 502.000       1.2478
 503.000       1.1705
 504.000       1.1656
 505.000       1.0857
 506.000       0.9587
 507.000       0.9781
 508.000       0.9854
 509.000       0.9226
 510.000       0.9001
 511.000       0.9818
 512.000       1.0673
 513.000       1.0771
 514.000       1.0147
 515.000       0.7322
 516.000       0.8306
 517.000       0.9550
 518.000       0.8288
 519.000       0.7672
 520.000       0.9495
 521.000       0.9880
 522.000       0.8822
 523.000       0.9611
 524.000       1.1480
 525.000       1.1689
 526.000       1.1716
 527.000       1.5041
 528.000       1.6787
 529.000       1.7163
 530.000       1.5867
 531.000       1.6598
 532.000       1.5183
 533.000       1.2396
 534.000       1.2611
 535.000       1.3408
 536.000       1.1152
 537.000       0.9345
 538.000       1.0423
 539.000       1.1011
 540.000       1.1653
 541.000       1.5222
 542.000       2.8636
 543.000       4.9300
 544.000       6.3797
