#Res        AtomicFlx
   1.000       7.6915
   2.000       5.9513
   3.000       3.4021
   4.000       1.7659
   5.000       1.1718
   6.000       1.2826
   7.000       2.2873
   8.000       1.5516
   9.000       1.3033
  10.000       1.2455
  11.000       1.1639
  12.000       0.7848
  13.000       0.7242
  14.000       0.8078
  15.000       0.7319
  16.000       0.4855
  17.000       0.4528
  18.000       0.6209
  19.000       0.5755
  20.000       0.5318
  21.000       0.5698
  22.000       0.6189
  23.000       0.6552
  24.000       0.6453
  25.000       0.6042
  26.000       0.7475
  27.000       0.7587
  28.000       0.7172
  29.000       0.6146
  30.000       0.6843
  31.000       0.7462
  32.000       0.7343
  33.000       0.7445
  34.000       0.8847
  35.000       0.8570
  36.000       0.8641
  37.000       1.0433
  38.000       0.9959
  39.000       0.8225
  40.000       0.8575
  41.000       0.7567
  42.000       0.7064
  43.000       0.8202
  44.000       0.8257
  45.000       0.6917
  46.000       0.7068
  47.000       0.8071
  48.000       0.7869
  49.000       0.6798
  50.000       0.7391
  51.000       0.8589
  52.000       0.8167
  53.000       0.6683
  54.000       0.5803
  55.000       0.5777
  56.000       0.5332
  57.000       0.4864
  58.000       0.5048
  59.000       0.4985
  60.000       0.4890
  61.000       0.5375
  62.000       0.5852
  63.000       0.6086
  64.000       0.5555
  65.000       0.5468
  66.000       0.5909
  67.000       0.6273
  68.000       0.6384
  69.000       0.6336
  70.000       0.7402
  71.000       0.7910
  72.000       0.9063
  73.000       0.7351
  74.000       0.6988
  75.000       0.7594
  76.000       0.9348
  77.000       1.1224
  78.000       1.0380
  79.000       0.8226
  80.000       0.8117
  81.000       0.7812
  82.000       0.7281
  83.000       0.7223
  84.000       0.7193
  85.000       0.6786
  86.000       0.7642
  87.000       0.8022
  88.000       0.6450
  89.000       0.6068
  90.000       0.6827
  91.000       0.6397
  92.000       0.5402
  93.000       0.5750
  94.000       0.5723
  95.000       0.5764
  96.000       0.6073
  97.000       0.6228
  98.000       0.5809
  99.000       0.5730
 100.000       0.5805
 101.000       0.5605
 102.000       0.5666
 103.000       0.5972
 104.000       0.5609
 105.000       0.5932
 106.000       0.6623
 107.000       0.6414
 108.000       0.6104
 109.000       0.7081
 110.000       0.7517
 111.000       0.7620
 112.000       0.8529
 113.000       1.0254
 114.000       1.3253
 115.000       1.5869
 116.000       1.8667
 117.000       1.6108
 118.000       1.0097
 119.000       0.9845
 120.000       1.2743
 121.000       1.3326
 122.000       1.3980
 123.000       1.3780
 124.000       1.5330
 125.000       1.4623
 126.000       1.6580
 127.000       1.5440
 128.000       1.4060
 129.000       1.8146
 130.000       2.3696
 131.000       2.3512
 132.000       2.1032
 133.000       2.1647
 134.000       4.2499
 135.000       4.9489
 136.000       6.8006
 137.000       8.5432
 138.000      10.4501
 139.000      11.4392
 140.000      11.3856
 141.000      11.6223
 142.000      11.7568
 143.000      11.2322
 144.000       9.7457
 145.000       7.9656
 146.000       6.7261
 147.000       6.0829
 148.000       5.0240
 149.000       5.1037
 150.000       4.5633
 151.000       3.9071
 152.000       2.5034
 153.000       1.3929
 154.000       1.1371
 155.000       1.1333
 156.000       1.0116
 157.000       0.9790
 158.000       0.9663
 159.000       0.8934
 160.000       0.8423
 161.000       0.9198
 162.000       1.0063
 163.000       0.9766
 164.000       0.8700
 165.000       0.8550
 166.000       0.8998
 167.000       1.0483
 168.000       1.3110
 169.000       1.2355
 170.000       1.2167
 171.000       1.3571
 172.000       1.1336
 173.000       0.9440
 174.000       1.1537
 175.000       0.8866
 176.000       0.8391
 177.000       0.9332
 178.000       0.9292
 179.000       0.7298
 180.000       0.7845
 181.000       0.8077
 182.000       0.7861
 183.000       0.6808
 184.000       0.6424
 185.000       0.6688
 186.000       0.6051
 187.000       0.5912
 188.000       0.6349
 189.000       0.6683
 190.000       0.6696
 191.000       0.6794
 192.000       0.7126
 193.000       0.7336
 194.000       0.7184
 195.000       0.7174
 196.000       0.7702
 197.000       0.7929
 198.000       0.8699
 199.000       0.9138
 200.000       2.0491
 201.000       1.4823
 202.000       1.4855
 203.000       1.8635
 204.000       2.0925
 205.000       1.7796
 206.000       1.5511
 207.000       2.3764
 208.000       2.7411
 209.000       1.7051
 210.000       1.7696
 211.000       1.9382
 212.000       1.6419
 213.000       1.1379
 214.000       1.1313
 215.000       0.9388
 216.000       0.7920
 217.000       0.7329
 218.000       0.7416
 219.000       0.6893
 220.000       0.6782
 221.000       0.7103
 222.000       0.6968
 223.000       0.6784
 224.000       0.7182
 225.000       0.7841
 226.000       0.7941
 227.000       0.7785
 228.000       0.8375
 229.000       0.9453
 230.000       0.9584
 231.000       1.0139
 232.000       0.9593
 233.000       0.8242
 234.000       0.8454
 235.000       0.8578
 236.000       0.7990
 237.000       0.8173
 238.000       0.8791
 239.000       0.8593
 240.000       0.8141
 241.000       0.8953
 242.000       0.9214
 243.000       0.9937
 244.000       1.1590
 245.000       1.2956
 246.000       1.3951
 247.000       1.1609
 248.000       1.1293
 249.000       1.4049
 250.000       1.2225
 251.000       1.2195
 252.000       1.1238
 253.000       0.9034
 254.000       0.9067
 255.000       0.9479
 256.000       0.8224
 257.000       0.7105
 258.000       0.7692
 259.000       0.7712
 260.000       0.6908
 261.000       0.6715
 262.000       0.6781
 263.000       0.6700
 264.000       0.5906
 265.000       0.5759
 266.000       0.6098
 267.000       0.5379
 268.000       0.5699
 269.000       0.5287
 270.000       0.6203
 271.000       0.4882
 272.000       0.4604
 273.000       0.4710
 274.000       0.5327
 275.000       0.5034
 276.000       0.5241
 277.000       0.6295
 278.000       0.8411
 279.000       0.7863
 280.000       0.8083
 281.000       0.7732
 282.000       0.8383
 283.000       0.9854
 284.000       0.8643
 285.000       0.8871
 286.000       0.7009
 287.000       0.6943
 288.000       0.7050
 289.000       0.5975
 290.000       0.5606
 291.000       0.5531
 292.000       0.5114
 293.000       0.5130
 294.000       0.5592
 295.000       0.5252
 296.000       0.5248
 297.000       0.5682
 298.000       0.5706
 299.000       0.5549
 300.000       0.5553
 301.000       0.5962
 302.000       0.6220
 303.000       0.6591
 304.000       0.7059
 305.000       0.7129
 306.000       0.7095
 307.000       0.7213
 308.000       0.7176
 309.000       0.7219
 310.000       0.7776
 311.000       0.8171
 312.000       0.8621
 313.000       0.9400
 314.000       1.0536
 315.000       1.0689
 316.000       1.2192
 317.000       1.3989
 318.000       1.4987
 319.000       1.4656
 320.000       1.3697
 321.000       1.2762
 322.000       1.1265
 323.000       1.2035
 324.000       1.2404
 325.000       1.1107
 326.000       0.9530
 327.000       0.9786
 328.000       0.9240
 329.000       0.9205
 330.000       0.7963
 331.000       0.8772
 332.000       0.8540
 333.000       0.8265
 334.000       0.8000
 335.000       0.8716
 336.000       0.9492
 337.000       0.9570
 338.000       0.9332
 339.000       0.9930
 340.000       1.0909
 341.000       1.0996
 342.000       0.9808
 343.000       1.4898
 344.000       1.3616
 345.000       1.4494
 346.000       1.2774
 347.000       1.0348
 348.000       0.9823
 349.000       0.9878
 350.000       0.9092
 351.000       0.8953
 352.000       0.8893
 353.000       0.8698
 354.000       0.8152
 355.000       0.7384
 356.000       0.7608
 357.000       0.7623
 358.000       0.7149
 359.000       0.7085
 360.000       0.6665
 361.000       0.6831
 362.000       0.7115
 363.000       0.6854
 364.000       0.6302
 365.000       0.6132
 366.000       0.6276
 367.000       0.6474
 368.000       0.7217
 369.000       0.7121
 370.000       0.6368
 371.000       0.7937
 372.000       0.8435
 373.000       0.6380
 374.000       0.7275
 375.000       1.0321
 376.000       0.9979
 377.000       0.8331
 378.000       0.9358
 379.000       1.4070
 380.000       1.1209
 381.000       1.1748
 382.000       1.5722
 383.000       1.4895
 384.000       1.1216
 385.000       1.2969
 386.000       1.7320
 387.000       1.4727
 388.000       1.2553
 389.000       1.2736
 390.000       1.1391
 391.000       0.8994
 392.000       0.8514
 393.000       0.8217
 394.000       0.7877
 395.000       0.7124
 396.000       0.6963
 397.000       0.7029
 398.000       0.7211
 399.000       0.7011
 400.000       0.6360
 401.000       0.6451
 402.000       0.6199
 403.000       0.6127
 404.000       0.6489
 405.000       0.6691
 406.000       0.6336
 407.000       0.6190
 408.000       0.6689
 409.000       0.7973
 410.000       0.8255
 411.000       0.7048
 412.000       0.6943
 413.000       0.7043
 414.000       0.6370
 415.000       0.5859
 416.000       0.6378
 417.000       0.6879
 418.000       0.6344
 419.000       0.6114
 420.000       0.6945
 421.000       0.8766
 422.000       1.0743
 423.000       1.2758
 424.000       1.3300
 425.000       0.7049
 426.000       0.8096
 427.000       0.8877
 428.000       0.7303
 429.000       0.8745
 430.000       0.8155
 431.000       0.7101
 432.000       0.6503
 433.000       0.5681
 434.000       0.5546
 435.000       0.5566
 436.000       0.5987
 437.000       0.6439
 438.000       0.7332
 439.000       0.8078
 440.000       0.8291
 441.000       0.8229
 442.000       0.8495
 443.000       0.7086
 444.000       0.5942
 445.000       0.7019
 446.000       0.6758
 447.000       0.5861
 448.000       0.6170
 449.000       0.6903
 450.000       0.6662
 451.000       0.6277
 452.000       0.7341
 453.000       0.8395
 454.000       0.8562
 455.000       0.9147
 456.000       1.0389
 457.000       1.0904
 458.000       0.8592
 459.000       0.7000
 460.000       0.7719
 461.000       0.7285
 462.000       0.6748
 463.000       0.6137
 464.000       0.5843
 465.000       0.6179
 466.000       0.5598
 467.000       0.5239
 468.000       0.6367
 469.000       0.7000
 470.000       0.6469
 471.000       0.6801
 472.000       0.7141
 473.000       0.7008
 474.000       0.6629
 475.000       0.7226
 476.000       0.7154
 477.000       0.6785
 478.000       0.6739
 479.000       0.6722
 480.000       0.7455
 481.000       0.7385
 482.000       0.7296
 483.000       0.8518
 484.000       0.9432
 485.000       0.9253
 486.000       1.2158
 487.000       1.1336
 488.000       1.1892
 489.000       0.9235
 490.000       1.0169
 491.000       0.9668
 492.000       1.2528
 493.000       1.3819
 494.000       1.1093
 495.000       1.1066
 496.000       0.9168
 497.000       1.0401
 498.000       1.0915
 499.000       1.0914
 500.000       0.9081
 501.000       0.8644
 502.000       0.9688
 503.000       0.9595
 504.000       0.8821
 505.000       0.8759
 506.000       0.9450
 507.000       0.9256
 508.000       0.8783
 509.000       0.9277
 510.000       1.0254
 511.000       1.0658
 512.000       1.1147
 513.000       1.2364
 514.000       1.1833
 515.000       0.9561
 516.000       0.8906
 517.000       1.0177
 518.000       0.8989
 519.000       0.7995
 520.000       1.0644
 521.000       1.2244
 522.000       1.1228
 523.000       1.3513
 524.000       1.7069
 525.000       1.8761
 526.000       2.0141
 527.000       2.5106
 528.000       2.7332
 529.000       2.6724
 530.000       2.4190
 531.000       2.6125
 532.000       2.5624
 533.000       2.1533
 534.000       2.1540
 535.000       2.3632
 536.000       2.1222
 537.000       1.8271
 538.000       2.0109
 539.000       2.0575
 540.000       2.2367
 541.000       2.4901
 542.000       3.2464
 543.000       4.7126
 544.000       7.0782
