#Res        AtomicFlx
   1.000       4.5369
   2.000       2.6871
   3.000       1.9177
   4.000       1.6132
   5.000       1.2214
   6.000       1.0630
   7.000       1.8208
   8.000       1.3692
   9.000       1.1758
  10.000       1.0624
  11.000       1.0116
  12.000       0.7203
  13.000       0.6352
  14.000       0.7395
  15.000       0.7247
  16.000       0.5773
  17.000       0.6263
  18.000       0.7809
  19.000       0.7250
  20.000       0.7243
  21.000       0.7825
  22.000       0.5586
  23.000       0.8338
  24.000       0.8438
  25.000       0.6562
  26.000       0.7378
  27.000       0.7552
  28.000       0.7880
  29.000       0.7557
  30.000       0.8693
  31.000       0.8696
  32.000       0.8447
  33.000       0.9390
  34.000       0.9951
  35.000       1.0251
  36.000       1.1430
  37.000       1.6127
  38.000       1.5957
  39.000       1.2708
  40.000       1.1270
  41.000       0.9474
  42.000       0.9711
  43.000       0.8654
  44.000       0.6907
  45.000       0.7082
  46.000       0.8722
  47.000       0.8059
  48.000       0.6797
  49.000       0.7594
  50.000       0.8800
  51.000       0.8399
  52.000       0.6957
  53.000       0.6566
  54.000       0.6138
  55.000       0.5955
  56.000       0.5261
  57.000       0.5161
  58.000       0.5329
  59.000       0.5148
  60.000       0.4776
  61.000       0.5089
  62.000       0.6053
  63.000       0.5969
  64.000       0.5207
  65.000       0.5320
  66.000       0.5429
  67.000       0.5598
  68.000       0.5560
  69.000       0.5154
  70.000       0.6019
  71.000       0.6728
  72.000       0.6938
  73.000       0.6533
  74.000       0.6120
  75.000       0.7449
  76.000       0.8644
  77.000       0.8734
  78.000       0.7444
  79.000       0.7938
  80.000       0.7623
  81.000       0.6339
  82.000       0.6414
  83.000       0.5720
  84.000       0.4898
  85.000       0.5278
  86.000       0.5099
  87.000       0.4887
  88.000       0.4687
  89.000       0.4691
  90.000       0.5403
  91.000       0.5421
  92.000       0.4990
  93.000       0.5855
  94.000       0.8354
  95.000       0.6034
  96.000       0.6831
  97.000       0.7591
  98.000       0.6229
  99.000       0.5703
 100.000       0.5365
 101.000       0.4756
 102.000       0.4228
 103.000       0.4485
 104.000       0.4547
 105.000       0.4472
 106.000       0.4625
 107.000       0.4591
 108.000       0.4814
 109.000       0.4686
 110.000       0.4708
 111.000       0.5405
 112.000       0.5763
 113.000       0.5862
 114.000       0.7446
 115.000       0.8066
 116.000       1.0907
 117.000       0.8801
 118.000       0.6531
 119.000       0.7336
 120.000       0.8041
 121.000       0.8997
 122.000       0.9517
 123.000       0.8466
 124.000       1.0252
 125.000       0.9495
 126.000       1.0573
 127.000       0.8549
 128.000       0.8217
 129.000       0.9858
 130.000       1.2829
 131.000       1.3250
 132.000       0.9485
 133.000       1.0458
 134.000       1.1459
 135.000       2.2399
 136.000       2.0260
 137.000       2.0117
 138.000       2.1159
 139.000       2.2649
 140.000       3.5506
 141.000       5.2377
 142.000       6.3824
 143.000       7.2006
 144.000       7.2373
 145.000       7.5445
 146.000       7.2790
 147.000       6.8066
 148.000       5.4357
 149.000       4.3837
 150.000       3.0627
 151.000       2.3861
 152.000       1.3746
 153.000       1.0399
 154.000       0.7920
 155.000       0.6625
 156.000       0.6199
 157.000       0.6423
 158.000       0.6455
 159.000       0.5919
 160.000       0.5725
 161.000       0.6444
 162.000       0.6430
 163.000       0.6171
 164.000       0.6074
 165.000       0.6094
 166.000       0.7723
 167.000       0.8330
 168.000       1.2951
 169.000       1.5499
 170.000       1.4763
 171.000       1.1601
 172.000       1.0366
 173.000       1.0897
 174.000       1.1481
 175.000       1.1895
 176.000       0.8776
 177.000       0.8702
 178.000       0.8997
 179.000       0.7248
 180.000       0.7688
 181.000       0.7770
 182.000       0.6906
 183.000       0.5444
 184.000       0.5993
 185.000       0.6555
 186.000       0.5665
 187.000       0.5599
 188.000       0.6336
 189.000       0.6333
 190.000       0.6314
 191.000       0.6788
 192.000       0.7137
 193.000       0.7332
 194.000       0.7597
 195.000       0.7563
 196.000       0.8398
 197.000       0.8639
 198.000       0.8936
 199.000       1.0837
 200.000       1.3266
 201.000       1.3532
 202.000       2.2140
 203.000       1.6145
 204.000       1.7534
 205.000       2.2704
 206.000       2.6461
 207.000       1.8220
 208.000       1.6181
 209.000       1.4688
 210.000       1.1343
 211.000       1.0670
 212.000       1.3579
 213.000       1.3885
 214.000       1.0244
 215.000       0.9034
 216.000       0.7537
 217.000       0.7368
 218.000       0.7435
 219.000       0.6647
 220.000       0.7026
 221.000       0.7713
 222.000       0.7259
 223.000       0.7122
 224.000       0.8231
 225.000       0.8622
 226.000       0.8066
 227.000       0.8295
 228.000       0.9412
 229.000       0.9903
 230.000       0.9081
 231.000       0.9176
 232.000       0.8598
 233.000       0.8125
 234.000       0.9078
 235.000       0.8959
 236.000       0.8489
 237.000       0.8982
 238.000       1.0063
 239.000       0.9952
 240.000       0.9144
 241.000       1.0482
 242.000       1.1640
 243.000       1.0601
 244.000       1.3433
 245.000       1.3954
 246.000       1.4394
 247.000       1.2096
 248.000       1.1282
 249.000       1.4049
 250.000       1.2824
 251.000       1.1684
 252.000       1.2405
 253.000       0.9779
 254.000       0.7608
 255.000       0.9085
 256.000       0.8190
 257.000       0.6402
 258.000       0.6407
 259.000       0.6302
 260.000       0.5886
 261.000       0.5834
 262.000       0.5929
 263.000       0.6284
 264.000       0.6120
 265.000       0.6114
 266.000       0.5951
 267.000       0.5180
 268.000       0.5327
 269.000       0.5140
 270.000       0.5066
 271.000       0.4491
 272.000       0.4378
 273.000       0.4566
 274.000       0.5123
 275.000       0.5124
 276.000       0.5079
 277.000       0.5635
 278.000       0.7673
 279.000       0.7159
 280.000       0.8254
 281.000       0.7670
 282.000       0.8755
 283.000       0.8303
 284.000       0.8194
 285.000       0.7743
 286.000       0.7437
 287.000       0.8283
 288.000       0.7984
 289.000       0.6355
 290.000       0.6723
 291.000       0.7448
 292.000       0.5922
 293.000       0.5242
 294.000       0.6310
 295.000       0.6115
 296.000       0.5861
 297.000       0.6753
 298.000       0.7194
 299.000       0.6598
 300.000       0.6488
 301.000       0.7038
 302.000       0.7182
 303.000       0.6940
 304.000       0.7589
 305.000       0.7989
 306.000       0.7581
 307.000       0.7091
 308.000       0.7323
 309.000       0.7078
 310.000       0.7234
 311.000       0.7440
 312.000       0.7438
 313.000       0.7633
 314.000       0.7904
 315.000       0.7835
 316.000       0.8615
 317.000       0.9949
 318.000       1.0542
 319.000       0.9623
 320.000       0.9285
 321.000       0.9021
 322.000       0.8448
 323.000       0.9762
 324.000       0.9762
 325.000       0.8160
 326.000       0.7493
 327.000       0.7218
 328.000       0.8176
 329.000       0.6990
 330.000       0.7309
 331.000       0.6746
 332.000       0.5669
 333.000       0.5389
 334.000       0.5044
 335.000       0.5473
 336.000       0.7337
 337.000       0.7395
 338.000       0.6539
 339.000       0.7178
 340.000       0.7057
 341.000       0.6356
 342.000       0.7635
 343.000       0.8643
 344.000       0.8671
 345.000       0.9395
 346.000       0.8203
 347.000       0.6514
 348.000       0.6377
 349.000       0.6478
 350.000       0.5747
 351.000       0.5130
 352.000       0.5223
 353.000       0.5853
 354.000       0.5231
 355.000       0.4850
 356.000       0.5769
 357.000       0.5891
 358.000       0.5760
 359.000       0.5719
 360.000       0.6124
 361.000       0.6630
 362.000       0.7030
 363.000       0.6277
 364.000       0.5688
 365.000       0.5293
 366.000       0.5598
 367.000       0.5973
 368.000       0.6325
 369.000       0.6152
 370.000       0.6041
 371.000       0.7799
 372.000       0.7688
 373.000       0.5382
 374.000       0.7789
 375.000       1.0470
 376.000       0.9394
 377.000       0.9100
 378.000       1.1603
 379.000       1.3337
 380.000       1.0086
 381.000       1.0449
 382.000       1.4548
 383.000       1.4707
 384.000       1.2003
 385.000       1.3850
 386.000       1.7605
 387.000       1.4495
 388.000       1.2040
 389.000       1.0664
 390.000       1.0253
 391.000       0.8962
 392.000       0.7767
 393.000       0.7851
 394.000       0.8432
 395.000       0.7491
 396.000       0.6798
 397.000       0.7505
 398.000       0.8035
 399.000       0.6989
 400.000       0.6480
 401.000       0.7470
 402.000       0.7638
 403.000       0.6941
 404.000       0.6984
 405.000       0.6441
 406.000       0.5418
 407.000       0.5638
 408.000       0.5941
 409.000       0.6346
 410.000       0.6215
 411.000       0.5771
 412.000       0.6161
 413.000       0.6223
 414.000       0.5455
 415.000       0.5356
 416.000       0.6358
 417.000       0.6824
 418.000       0.6363
 419.000       0.5704
 420.000       0.6635
 421.000       0.7471
 422.000       0.7383
 423.000       0.8501
 424.000       0.8272
 425.000       0.6188
 426.000       0.8586
 427.000       0.8257
 428.000       0.6155
 429.000       0.5625
 430.000       0.5542
 431.000       0.5391
 432.000       0.5055
 433.000       0.5116
 434.000       0.4891
 435.000       0.5440
 436.000       0.5996
 437.000       0.6085
 438.000       0.6431
 439.000       0.7464
 440.000       0.8038
 441.000       0.7662
 442.000       0.7702
 443.000       0.7501
 444.000       0.6996
 445.000       0.8077
 446.000       0.7510
 447.000       0.6498
 448.000       0.7210
 449.000       0.7739
 450.000       0.7036
 451.000       0.7050
 452.000       0.8079
 453.000       0.8555
 454.000       0.9432
 455.000       1.0389
 456.000       1.3286
 457.000       1.5020
 458.000       1.1674
 459.000       0.9350
 460.000       1.0606
 461.000       1.1274
 462.000       1.1865
 463.000       0.9112
 464.000       0.8239
 465.000       0.8814
 466.000       0.7347
 467.000       0.6575
 468.000       0.7320
 469.000       0.8047
 470.000       0.7525
 471.000       0.6860
 472.000       0.7161
 473.000       0.7363
 474.000       0.6282
 475.000       0.5523
 476.000       0.6505
 477.000       0.6785
 478.000       0.6110
 479.000       0.6140
 480.000       0.7938
 481.000       0.8415
 482.000       0.7596
 483.000       0.9909
 484.000       1.2628
 485.000       1.8404
 486.000       1.6352
 487.000       1.5121
 488.000       1.1991
 489.000       0.9458
 490.000       1.1581
 491.000       1.0603
 492.000       1.4754
 493.000       2.1444
 494.000       1.4657
 495.000       1.6894
 496.000       0.9762
 497.000       1.0404
 498.000       1.1348
 499.000       1.0207
 500.000       0.9796
 501.000       1.1554
 502.000       1.0968
 503.000       0.9689
 504.000       1.1651
 505.000       1.0834
 506.000       0.9997
 507.000       1.1554
 508.000       1.2024
 509.000       1.0887
 510.000       1.2816
 511.000       0.9747
 512.000       0.7424
 513.000       0.8902
 514.000       0.7893
 515.000       0.6247
 516.000       0.8207
 517.000       0.9673
 518.000       0.8584
 519.000       0.8639
 520.000       1.0838
 521.000       1.1333
 522.000       1.0556
 523.000       1.1908
 524.000       1.4201
 525.000       1.4429
 526.000       1.4700
 527.000       1.8223
 528.000       2.0423
 529.000       2.1113
 530.000       1.9575
 531.000       1.9899
 532.000       1.8377
 533.000       1.5771
 534.000       1.5734
 535.000       1.5810
 536.000       1.3560
 537.000       1.1804
 538.000       1.2079
 539.000       1.1864
 540.000       1.2126
 541.000       1.7205
 542.000       3.1920
 543.000       4.9085
 544.000       7.5162
