#Res        AtomicFlx
   1.000       4.1531
   2.000       2.1215
   3.000       1.3349
   4.000       1.1654
   5.000       1.0477
   6.000       1.0243
   7.000       1.4431
   8.000       1.1468
   9.000       1.0587
  10.000       1.1748
  11.000       1.1784
  12.000       0.7928
  13.000       0.7774
  14.000       1.0267
  15.000       0.8876
  16.000       0.6452
  17.000       0.6233
  18.000       0.7538
  19.000       0.7044
  20.000       0.5729
  21.000       0.4992
  22.000       0.5638
  23.000       0.6247
  24.000       0.8100
  25.000       0.7041
  26.000       0.9026
  27.000       1.0721
  28.000       0.9664
  29.000       0.6896
  30.000       0.8332
  31.000       0.8937
  32.000       0.7320
  33.000       0.7924
  34.000       1.0184
  35.000       0.9926
  36.000       0.7606
  37.000       0.8514
  38.000       0.8079
  39.000       0.7935
  40.000       0.7611
  41.000       0.6299
  42.000       0.6244
  43.000       0.6977
  44.000       0.6313
  45.000       0.5414
  46.000       0.5812
  47.000       0.6326
  48.000       0.5755
  49.000       0.5165
  50.000       0.6050
  51.000       0.6933
  52.000       0.5795
  53.000       0.4914
  54.000       0.4632
  55.000       0.4583
  56.000       0.4332
  57.000       0.4314
  58.000       0.4386
  59.000       0.4440
  60.000       0.4164
  61.000       0.4418
  62.000       0.4726
  63.000       0.4510
  64.000       0.4584
  65.000       0.5551
  66.000       0.5358
  67.000       0.5239
  68.000       0.5628
  69.000       0.4971
  70.000       0.4915
  71.000       0.4673
  72.000       0.5096
  73.000       0.4993
  74.000       0.4587
  75.000       0.4787
  76.000       0.6091
  77.000       0.7009
  78.000       0.7376
  79.000       0.7128
  80.000       0.6669
  81.000       0.5686
  82.000       0.5130
  83.000       0.5344
  84.000       0.4891
  85.000       0.4575
  86.000       0.4557
  87.000       0.4335
  88.000       0.4223
  89.000       0.4479
  90.000       0.4694
  91.000       0.4735
  92.000       0.4803
  93.000       0.5483
  94.000       0.5991
  95.000       0.5772
  96.000       0.6088
  97.000       0.7087
  98.000       0.6102
  99.000       0.5244
 100.000       0.5309
 101.000       0.5205
 102.000       0.4932
 103.000       0.4846
 104.000       0.4843
 105.000       0.4789
 106.000       0.4856
 107.000       0.4945
 108.000       0.5107
 109.000       0.5226
 110.000       0.5406
 111.000       0.5847
 112.000       0.6300
 113.000       0.7148
 114.000       0.9590
 115.000       1.2324
 116.000       1.5480
 117.000       1.2734
 118.000       0.8347
 119.000       0.7928
 120.000       0.8281
 121.000       0.9105
 122.000       1.1630
 123.000       0.8727
 124.000       0.9896
 125.000       0.8775
 126.000       1.0354
 127.000       0.8598
 128.000       0.8331
 129.000       1.0048
 130.000       1.3124
 131.000       1.3418
 132.000       1.0413
 133.000       1.2912
 134.000       2.6340
 135.000       2.8336
 136.000       3.9151
 137.000       4.5888
 138.000       5.5812
 139.000       6.9532
 140.000       6.9685
 141.000       8.0849
 142.000       8.8448
 143.000       9.5434
 144.000       9.0047
 145.000       8.0951
 146.000       7.6186
 147.000       6.3541
 148.000       6.0912
 149.000       4.8063
 150.000       3.5875
 151.000       1.6201
 152.000       1.3632
 153.000       1.1534
 154.000       0.8489
 155.000       0.6743
 156.000       0.6259
 157.000       0.6278
 158.000       0.5957
 159.000       0.5558
 160.000       0.5475
 161.000       0.6095
 162.000       0.6767
 163.000       0.6211
 164.000       0.5648
 165.000       0.6010
 166.000       0.7793
 167.000       0.8969
 168.000       1.2693
 169.000       1.6567
 170.000       2.0419
 171.000       2.2186
 172.000       1.7733
 173.000       1.5221
 174.000       1.2743
 175.000       1.3882
 176.000       0.8744
 177.000       0.9488
 178.000       0.8554
 179.000       0.6755
 180.000       0.6817
 181.000       0.6688
 182.000       0.5862
 183.000       0.5114
 184.000       0.5355
 185.000       0.5556
 186.000       0.5087
 187.000       0.4983
 188.000       0.5604
 189.000       0.6073
 190.000       0.6144
 191.000       0.6011
 192.000       0.6901
 193.000       0.7193
 194.000       0.6995
 195.000       0.7276
 196.000       0.9074
 197.000       0.9103
 198.000       0.8322
 199.000       1.0197
 200.000       0.9877
 201.000       0.9499
 202.000       1.2447
 203.000       1.1128
 204.000       1.0645
 205.000       1.2284
 206.000       1.1865
 207.000       1.0207
 208.000       1.2073
 209.000       1.0760
 210.000       1.0815
 211.000       1.5916
 212.000       1.4133
 213.000       1.6558
 214.000       1.1621
 215.000       1.0251
 216.000       0.8896
 217.000       0.7745
 218.000       0.8212
 219.000       0.8440
 220.000       0.8205
 221.000       0.7898
 222.000       0.7977
 223.000       0.7667
 224.000       0.8403
 225.000       0.9285
 226.000       0.9055
 227.000       0.8592
 228.000       0.9897
 229.000       1.1719
 230.000       1.1306
 231.000       1.3250
 232.000       1.1647
 233.000       0.9396
 234.000       0.9213
 235.000       0.9386
 236.000       0.8650
 237.000       0.7841
 238.000       0.8836
 239.000       0.8938
 240.000       0.8074
 241.000       0.8634
 242.000       0.8861
 243.000       0.8924
 244.000       1.0468
 245.000       1.2029
 246.000       1.2709
 247.000       1.0343
 248.000       1.0029
 249.000       1.2407
 250.000       1.0609
 251.000       1.0856
 252.000       1.0809
 253.000       0.8132
 254.000       0.8340
 255.000       0.9041
 256.000       0.7240
 257.000       0.6302
 258.000       0.8244
 259.000       0.7503
 260.000       0.6380
 261.000       0.6862
 262.000       0.7182
 263.000       0.6640
 264.000       0.7004
 265.000       0.5523
 266.000       0.6070
 267.000       0.4843
 268.000       0.4722
 269.000       0.4211
 270.000       0.4568
 271.000       0.4522
 272.000       0.4059
 273.000       0.3900
 274.000       0.4528
 275.000       0.4904
 276.000       0.4762
 277.000       0.5128
 278.000       0.7351
 279.000       0.8263
 280.000       0.9647
 281.000       0.9132
 282.000       0.9958
 283.000       0.8161
 284.000       0.7344
 285.000       0.6762
 286.000       0.7158
 287.000       0.7731
 288.000       0.6655
 289.000       0.5899
 290.000       0.6132
 291.000       0.6151
 292.000       0.5138
 293.000       0.5076
 294.000       0.5740
 295.000       0.5505
 296.000       0.4933
 297.000       0.5448
 298.000       0.5793
 299.000       0.5424
 300.000       0.4984
 301.000       0.5498
 302.000       0.6145
 303.000       0.6169
 304.000       0.6612
 305.000       0.6715
 306.000       0.6550
 307.000       0.6254
 308.000       0.6715
 309.000       0.7692
 310.000       0.8770
 311.000       0.8825
 312.000       0.8862
 313.000       1.0677
 314.000       1.1846
 315.000       1.0811
 316.000       1.3504
 317.000       1.7056
 318.000       1.6820
 319.000       1.4923
 320.000       1.3201
 321.000       1.1734
 322.000       1.0327
 323.000       1.1427
 324.000       1.1639
 325.000       1.0679
 326.000       1.0460
 327.000       1.1343
 328.000       1.5084
 329.000       1.4004
 330.000       0.7743
 331.000       0.8051
 332.000       0.6765
 333.000       0.6048
 334.000       0.5470
 335.000       0.6052
 336.000       0.6651
 337.000       0.7356
 338.000       0.9162
 339.000       0.9668
 340.000       0.9014
 341.000       1.2143
 342.000       1.4259
 343.000       1.3311
 344.000       1.0715
 345.000       0.9792
 346.000       0.8523
 347.000       0.7800
 348.000       0.7390
 349.000       0.7778
 350.000       0.7422
 351.000       0.6719
 352.000       0.6524
 353.000       0.6608
 354.000       0.6290
 355.000       0.5546
 356.000       0.5740
 357.000       0.6168
 358.000       0.6376
 359.000       0.5740
 360.000       0.5524
 361.000       0.6119
 362.000       0.6359
 363.000       0.5940
 364.000       0.5601
 365.000       0.5460
 366.000       0.5798
 367.000       0.5808
 368.000       0.5993
 369.000       0.6160
 370.000       0.5756
 371.000       0.5918
 372.000       0.6694
 373.000       0.5527
 374.000       0.4616
 375.000       0.5022
 376.000       0.6307
 377.000       0.5796
 378.000       0.5576
 379.000       0.7715
 380.000       0.7439
 381.000       0.8198
 382.000       1.1946
 383.000       1.4100
 384.000       1.0728
 385.000       1.0673
 386.000       1.1806
 387.000       1.0234
 388.000       0.8773
 389.000       0.9153
 390.000       0.8717
 391.000       0.7157
 392.000       0.6977
 393.000       0.7410
 394.000       0.7644
 395.000       0.6780
 396.000       0.6512
 397.000       0.7179
 398.000       0.7516
 399.000       0.6381
 400.000       0.5992
 401.000       0.7275
 402.000       0.7240
 403.000       0.6113
 404.000       0.6306
 405.000       0.7278
 406.000       0.6263
 407.000       0.5775
 408.000       0.6122
 409.000       0.6985
 410.000       0.6957
 411.000       0.6541
 412.000       0.6431
 413.000       0.6647
 414.000       0.6233
 415.000       0.5976
 416.000       0.7477
 417.000       0.8097
 418.000       0.7541
 419.000       0.7888
 420.000       0.8828
 421.000       0.9611
 422.000       1.5883
 423.000       1.8272
 424.000       1.0417
 425.000       0.6541
 426.000       0.6042
 427.000       0.5681
 428.000       0.5048
 429.000       0.4733
 430.000       0.4633
 431.000       0.4447
 432.000       0.4435
 433.000       0.4372
 434.000       0.4097
 435.000       0.4476
 436.000       0.4957
 437.000       0.5086
 438.000       0.5173
 439.000       0.5540
 440.000       0.7162
 441.000       0.6866
 442.000       0.7093
 443.000       0.7035
 444.000       0.6045
 445.000       0.7380
 446.000       0.7124
 447.000       0.5940
 448.000       0.6602
 449.000       0.7583
 450.000       0.7185
 451.000       0.6958
 452.000       0.8704
 453.000       0.9845
 454.000       0.9376
 455.000       1.0034
 456.000       1.1148
 457.000       1.3353
 458.000       1.0750
 459.000       0.8287
 460.000       0.8014
 461.000       0.8574
 462.000       0.7820
 463.000       0.5974
 464.000       0.6463
 465.000       0.7310
 466.000       0.6420
 467.000       0.5820
 468.000       0.6657
 469.000       0.8012
 470.000       0.7424
 471.000       0.7429
 472.000       0.7119
 473.000       0.7897
 474.000       0.8567
 475.000       0.6634
 476.000       0.6856
 477.000       0.8494
 478.000       0.8138
 479.000       0.6904
 480.000       0.8336
 481.000       0.8853
 482.000       0.8118
 483.000       0.8868
 484.000       1.0563
 485.000       1.0577
 486.000       1.0231
 487.000       1.3448
 488.000       1.1877
 489.000       0.9600
 490.000       1.2191
 491.000       1.1962
 492.000       1.9888
 493.000       2.0670
 494.000       1.8003
 495.000       1.8060
 496.000       1.1600
 497.000       1.3267
 498.000       1.2828
 499.000       1.2025
 500.000       0.9823
 501.000       0.9227
 502.000       0.9680
 503.000       0.9138
 504.000       0.8049
 505.000       0.8073
 506.000       0.7905
 507.000       0.8026
 508.000       0.8595
 509.000       0.8243
 510.000       0.7376
 511.000       0.7036
 512.000       0.7164
 513.000       0.8039
 514.000       0.7233
 515.000       0.7816
 516.000       0.8644
 517.000       0.9058
 518.000       0.7490
 519.000       0.8436
 520.000       1.0536
 521.000       1.0203
 522.000       0.9201
 523.000       1.1215
 524.000       1.3174
 525.000       1.2539
 526.000       1.2356
 527.000       1.5515
 528.000       1.7436
 529.000       1.7822
 530.000       1.6900
 531.000       1.7411
 532.000       1.5526
 533.000       1.3091
 534.000       1.3827
 535.000       1.3954
 536.000       1.2060
 537.000       1.1320
 538.000       1.3060
 539.000       1.2011
 540.000       0.9667
 541.000       1.2800
 542.000       2.3731
 543.000       4.2267
 544.000       5.9938
