#Res        AtomicFlx
   1.000       3.3214
   2.000       1.5477
   3.000       0.9234
   4.000       0.8527
   5.000       0.7956
   6.000       0.8267
   7.000       1.2813
   8.000       0.9298
   9.000       0.8548
  10.000       0.7792
  11.000       0.7692
  12.000       0.6118
  13.000       0.5813
  14.000       0.6717
  15.000       0.6364
  16.000       0.5127
  17.000       0.6068
  18.000       0.6617
  19.000       0.5650
  20.000       0.5633
  21.000       0.5417
  22.000       0.4798
  23.000       0.5228
  24.000       0.5524
  25.000       0.5547
  26.000       0.6962
  27.000       0.7095
  28.000       0.6086
  29.000       0.5770
  30.000       0.6580
  31.000       0.6970
  32.000       0.6816
  33.000       0.7452
  34.000       0.8319
  35.000       0.8337
  36.000       0.7617
  37.000       1.1131
  38.000       1.2272
  39.000       1.3094
  40.000       1.0659
  41.000       0.7566
  42.000       0.8451
  43.000       0.9244
  44.000       0.7898
  45.000       0.6615
  46.000       0.7413
  47.000       0.7823
  48.000       0.6942
  49.000       0.6946
  50.000       0.8033
  51.000       0.7811
  52.000       0.6286
  53.000       0.5704
  54.000       0.5486
  55.000       0.5232
  56.000       0.4621
  57.000       0.4628
  58.000       0.4697
  59.000       0.4218
  60.000       0.3770
  61.000       0.4066
  62.000       0.4501
  63.000       0.4360
  64.000       0.4332
  65.000       0.4454
  66.000       0.4930
  67.000       0.5059
  68.000       0.5065
  69.000       0.4929
  70.000       0.5006
  71.000       0.5228
  72.000       0.5648
  73.000       0.5483
  74.000       0.5124
  75.000       0.5976
  76.000       0.8357
  77.000       0.8379
  78.000       0.7978
  79.000       1.0480
  80.000       0.8391
  81.000       0.7053
  82.000       0.6860
  83.000       0.7103
  84.000       0.5889
  85.000       0.5649
  86.000       0.5971
  87.000       0.5860
  88.000       0.5445
  89.000       0.5635
  90.000       0.6265
  91.000       0.6274
  92.000       0.5754
  93.000       0.6248
  94.000       0.7403
  95.000       0.6798
  96.000       0.6685
  97.000       0.7973
  98.000       0.8084
  99.000       0.6618
 100.000       0.5777
 101.000       0.6134
 102.000       0.5496
 103.000       0.5303
 104.000       0.5416
 105.000       0.5391
 106.000       0.5350
 107.000       0.5524
 108.000       0.5613
 109.000       0.5508
 110.000       0.5430
 111.000       0.6099
 112.000       0.6952
 113.000       0.6527
 114.000       0.9716
 115.000       1.0299
 116.000       1.2301
 117.000       1.2329
 118.000       0.8370
 119.000       0.8189
 120.000       0.7899
 121.000       0.9118
 122.000       1.1798
 123.000       1.3313
 124.000       1.6113
 125.000       1.7898
 126.000       2.1561
 127.000       2.1601
 128.000       2.1759
 129.000       2.0009
 130.000       2.8651
 131.000       2.8403
 132.000       2.1531
 133.000       2.9876
 134.000       2.1795
 135.000       2.5568
 136.000       2.2595
 137.000       3.5103
 138.000       4.0625
 139.000       3.9190
 140.000       4.5591
 141.000       6.4335
 142.000       7.5192
 143.000       8.0991
 144.000       8.5779
 145.000       9.0104
 146.000       8.8874
 147.000       9.1238
 148.000       8.0309
 149.000       6.3643
 150.000       4.7047
 151.000       3.5646
 152.000       2.5865
 153.000       1.3831
 154.000       0.9699
 155.000       0.7678
 156.000       0.6285
 157.000       0.6399
 158.000       0.7323
 159.000       0.6688
 160.000       0.5715
 161.000       0.7009
 162.000       0.8637
 163.000       0.8671
 164.000       0.6775
 165.000       0.7028
 166.000       0.7929
 167.000       0.8457
 168.000       1.1079
 169.000       1.5766
 170.000       1.8653
 171.000       2.1454
 172.000       2.2357
 173.000       1.6746
 174.000       1.3253
 175.000       1.1526
 176.000       0.9092
 177.000       0.9692
 178.000       1.0031
 179.000       0.8145
 180.000       0.7718
 181.000       0.7702
 182.000       0.7233
 183.000       0.6510
 184.000       0.6617
 185.000       0.6509
 186.000       0.5789
 187.000       0.5824
 188.000       0.6413
 189.000       0.6339
 190.000       0.6124
 191.000       0.6115
 192.000       0.6585
 193.000       0.6581
 194.000       0.6416
 195.000       0.6516
 196.000       0.7293
 197.000       0.7525
 198.000       0.8294
 199.000       0.9797
 200.000       1.1178
 201.000       1.2019
 202.000       2.4300
 203.000       1.3950
 204.000       2.1592
 205.000       2.1661
 206.000       2.3404
 207.000       2.3402
 208.000       1.7653
 209.000       1.3540
 210.000       1.5972
 211.000       1.3953
 212.000       1.0484
 213.000       1.1527
 214.000       0.7690
 215.000       0.7178
 216.000       0.6928
 217.000       0.7151
 218.000       0.6911
 219.000       0.6106
 220.000       0.6598
 221.000       0.7353
 222.000       0.6837
 223.000       0.6558
 224.000       0.7560
 225.000       0.8008
 226.000       0.7325
 227.000       0.7674
 228.000       0.9097
 229.000       0.9516
 230.000       0.8813
 231.000       0.9394
 232.000       0.8853
 233.000       0.8481
 234.000       0.9842
 235.000       0.9785
 236.000       0.8453
 237.000       0.8802
 238.000       1.0398
 239.000       1.0056
 240.000       0.8787
 241.000       1.0907
 242.000       1.2269
 243.000       1.4827
 244.000       1.5284
 245.000       1.5575
 246.000       1.7517
 247.000       1.3044
 248.000       1.2258
 249.000       1.5033
 250.000       1.2320
 251.000       1.1591
 252.000       1.0209
 253.000       0.7657
 254.000       0.7599
 255.000       0.7384
 256.000       0.6308
 257.000       0.5810
 258.000       0.5840
 259.000       0.5650
 260.000       0.5143
 261.000       0.4933
 262.000       0.5120
 263.000       0.5411
 264.000       0.5195
 265.000       0.5054
 266.000       0.5820
 267.000       0.4750
 268.000       0.5240
 269.000       0.4867
 270.000       0.4567
 271.000       0.4358
 272.000       0.3997
 273.000       0.3935
 274.000       0.4385
 275.000       0.4472
 276.000       0.4305
 277.000       0.4544
 278.000       0.5469
 279.000       0.5345
 280.000       0.5996
 281.000       0.5883
 282.000       0.6583
 283.000       0.6202
 284.000       0.6911
 285.000       0.6617
 286.000       0.5692
 287.000       0.5578
 288.000       0.5232
 289.000       0.5081
 290.000       0.5770
 291.000       0.6490
 292.000       0.5642
 293.000       0.5927
 294.000       0.7146
 295.000       0.6755
 296.000       0.5728
 297.000       0.6087
 298.000       0.6631
 299.000       0.6026
 300.000       0.5342
 301.000       0.5913
 302.000       0.6587
 303.000       0.6546
 304.000       0.6883
 305.000       0.7263
 306.000       0.6498
 307.000       0.5841
 308.000       0.6606
 309.000       0.6917
 310.000       0.6462
 311.000       0.6675
 312.000       0.7341
 313.000       0.7264
 314.000       0.7614
 315.000       0.7941
 316.000       0.9762
 317.000       1.1301
 318.000       1.2185
 319.000       1.1996
 320.000       1.0548
 321.000       1.0989
 322.000       1.0219
 323.000       1.1668
 324.000       1.0386
 325.000       0.7820
 326.000       0.9068
 327.000       0.8045
 328.000       1.0451
 329.000       0.9075
 330.000       0.6181
 331.000       0.5845
 332.000       0.5786
 333.000       0.5626
 334.000       0.5152
 335.000       0.5358
 336.000       0.5622
 337.000       0.5664
 338.000       0.6190
 339.000       0.6517
 340.000       0.6118
 341.000       0.6000
 342.000       0.6740
 343.000       0.7512
 344.000       0.7680
 345.000       0.8501
 346.000       0.7994
 347.000       0.6631
 348.000       0.6343
 349.000       0.6518
 350.000       0.5753
 351.000       0.5197
 352.000       0.5186
 353.000       0.5392
 354.000       0.4888
 355.000       0.4600
 356.000       0.5048
 357.000       0.5159
 358.000       0.4959
 359.000       0.5137
 360.000       0.5485
 361.000       0.5550
 362.000       0.5732
 363.000       0.5477
 364.000       0.5323
 365.000       0.5144
 366.000       0.5258
 367.000       0.5095
 368.000       0.5850
 369.000       0.6298
 370.000       0.5729
 371.000       0.5081
 372.000       0.5022
 373.000       0.4990
 374.000       0.5340
 375.000       0.5164
 376.000       0.5681
 377.000       0.5801
 378.000       0.5752
 379.000       0.5569
 380.000       0.6357
 381.000       0.7386
 382.000       0.9328
 383.000       1.0017
 384.000       0.8314
 385.000       0.8604
 386.000       1.0660
 387.000       0.9752
 388.000       0.8572
 389.000       0.9694
 390.000       0.9259
 391.000       0.7480
 392.000       0.7483
 393.000       0.8078
 394.000       0.7972
 395.000       0.7281
 396.000       0.7449
 397.000       0.7442
 398.000       0.7682
 399.000       0.6789
 400.000       0.6252
 401.000       0.7137
 402.000       0.7260
 403.000       0.6719
 404.000       0.7089
 405.000       0.7313
 406.000       0.6804
 407.000       0.6394
 408.000       0.7221
 409.000       0.7793
 410.000       0.7904
 411.000       0.6911
 412.000       0.6599
 413.000       0.7395
 414.000       0.7089
 415.000       0.6226
 416.000       0.6706
 417.000       0.7381
 418.000       0.7043
 419.000       0.6525
 420.000       0.7016
 421.000       0.7020
 422.000       0.7530
 423.000       0.8004
 424.000       0.8262
 425.000       0.9081
 426.000       0.7760
 427.000       0.7019
 428.000       0.7010
 429.000       0.6867
 430.000       0.6698
 431.000       0.6015
 432.000       0.5422
 433.000       0.5429
 434.000       0.5273
 435.000       0.5141
 436.000       0.5367
 437.000       0.5322
 438.000       0.5127
 439.000       0.5876
 440.000       0.6950
 441.000       0.6206
 442.000       0.5883
 443.000       0.6711
 444.000       0.6296
 445.000       0.7844
 446.000       0.7065
 447.000       0.5506
 448.000       0.6245
 449.000       0.7023
 450.000       0.6164
 451.000       0.5866
 452.000       0.7102
 453.000       0.8078
 454.000       0.8696
 455.000       0.9714
 456.000       1.6240
 457.000       1.2841
 458.000       0.8214
 459.000       0.7201
 460.000       0.8459
 461.000       0.8256
 462.000       0.7160
 463.000       0.6172
 464.000       0.6722
 465.000       0.7874
 466.000       0.7030
 467.000       0.6468
 468.000       0.7721
 469.000       0.8640
 470.000       0.8655
 471.000       0.7787
 472.000       0.7754
 473.000       0.8435
 474.000       0.8706
 475.000       0.7598
 476.000       0.7295
 477.000       0.8136
 478.000       0.8263
 479.000       0.7589
 480.000       0.8128
 481.000       0.8760
 482.000       0.9434
 483.000       1.0513
 484.000       1.1956
 485.000       1.2577
 486.000       1.3451
 487.000       1.8058
 488.000       1.4420
 489.000       1.2004
 490.000       1.3417
 491.000       1.1704
 492.000       1.6317
 493.000       1.8996
 494.000       1.8485
 495.000       2.3373
 496.000       1.4939
 497.000       1.8020
 498.000       1.7197
 499.000       1.3855
 500.000       1.2157
 501.000       1.2602
 502.000       1.2010
 503.000       0.9973
 504.000       0.9947
 505.000       1.0118
 506.000       1.1489
 507.000       1.2065
 508.000       0.9118
 509.000       1.1120
 510.000       1.4451
 511.000       1.2130
 512.000       1.1956
 513.000       1.6026
 514.000       1.3713
 515.000       0.8847
 516.000       1.1552
 517.000       1.4236
 518.000       1.1606
 519.000       1.0153
 520.000       1.3878
 521.000       1.3772
 522.000       1.1458
 523.000       1.4929
 524.000       1.7902
 525.000       1.6569
 526.000       1.6180
 527.000       2.0147
 528.000       2.0329
 529.000       2.0228
 530.000       1.9291
 531.000       1.9647
 532.000       1.7761
 533.000       1.5547
 534.000       1.6216
 535.000       1.7104
 536.000       1.5314
 537.000       1.3854
 538.000       1.4663
 539.000       1.5926
 540.000       1.6257
 541.000       2.3463
 542.000       3.3169
 543.000       5.0670
 544.000       6.8518
