#Res        AtomicFlx
   1.000       2.1342
   2.000       1.6355
   3.000       1.0746
   4.000       0.8875
   5.000       1.2243
   6.000       1.0955
   7.000       0.9311
   8.000       0.7599
   9.000       0.7339
  10.000       0.6330
  11.000       0.5737
  12.000       0.5991
  13.000       0.5464
  14.000       0.4806
  15.000       0.5190
  16.000       0.6221
  17.000       0.5461
  18.000       0.5000
  19.000       0.4553
  20.000       0.5306
  21.000       0.5188
  22.000       0.5804
  23.000       0.4623
  24.000       0.5258
  25.000       0.5785
  26.000       0.5985
  27.000       0.5404
  28.000       0.5559
  29.000       0.6297
  30.000       0.6161
  31.000       0.5937
  32.000       0.6201
  33.000       0.7434
  34.000       0.7218
  35.000       0.9061
  36.000       0.7646
  37.000       1.0189
  38.000       1.1766
  39.000       0.8509
  40.000       0.7853
  41.000       0.7177
  42.000       0.5848
  43.000       0.5463
  44.000       0.6256
  45.000       0.6213
  46.000       0.5786
  47.000       0.5774
  48.000       0.6969
  49.000       0.7911
  50.000       0.7697
  51.000       0.5799
  52.000       0.5388
  53.000       0.5839
  54.000       0.5710
  55.000       0.5023
  56.000       0.4904
  57.000       0.5110
  58.000       0.5157
  59.000       0.5203
  60.000       0.5580
  61.000       0.6104
  62.000       0.6197
  63.000       0.6356
  64.000       0.6948
  65.000       0.7600
  66.000       0.7000
  67.000       0.6741
  68.000       0.6697
  69.000       0.6440
  70.000       0.6193
  71.000       0.6399
  72.000       0.5949
  73.000       0.7691
  74.000       1.5281
  75.000       1.3642
  76.000       0.8204
  77.000       0.9416
  78.000       0.7709
  79.000       0.7272
  80.000       0.6432
  81.000       0.5693
  82.000       0.5548
  83.000       0.5575
  84.000       0.5442
  85.000       0.5799
  86.000       0.5826
  87.000       0.5712
  88.000       0.5295
  89.000       0.5718
  90.000       0.5873
  91.000       0.5652
  92.000       0.5848
  93.000       0.6442
  94.000       0.6058
  95.000       0.5698
  96.000       0.5851
  97.000       0.5210
  98.000       0.4828
  99.000       0.5031
 100.000       0.5358
 101.000       0.5216
 102.000       0.4813
 103.000       0.4896
 104.000       0.4822
 105.000       0.4798
 106.000       0.5092
 107.000       0.5007
 108.000       0.5202
 109.000       0.5837
 110.000       0.6602
 111.000       0.6779
 112.000       0.7558
 113.000       1.1491
 114.000       1.4773
 115.000       1.1863
 116.000       0.8657
 117.000       0.8380
 118.000       0.8416
 119.000       0.9343
 120.000       0.9631
 121.000       1.2263
 122.000       1.9937
 123.000       1.8423
 124.000       2.8581
 125.000       3.4703
 126.000       2.9973
 127.000       3.7060
 128.000       3.4491
 129.000       2.8629
 130.000       2.0400
 131.000       2.6428
 132.000       2.7134
 133.000       2.3004
 134.000       1.8753
 135.000       2.1007
 136.000       2.4482
 137.000       2.9328
 138.000       2.4259
 139.000       2.1673
 140.000       3.0304
 141.000       3.2610
 142.000       2.7108
 143.000       2.4118
 144.000       2.3945
 145.000       2.8517
 146.000       2.0911
 147.000       2.5328
 148.000       2.2877
 149.000       2.5277
 150.000       2.2133
 151.000       1.6520
 152.000       1.7788
 153.000       2.2305
 154.000       1.9968
 155.000       1.7114
 156.000       1.9215
 157.000       1.8180
 158.000       2.0588
 159.000       2.1489
 160.000       2.5695
 161.000       2.4437
 162.000       1.7677
 163.000       1.3214
 164.000       0.9217
 165.000       0.8374
 166.000       0.7242
 167.000       0.6845
 168.000       0.8208
 169.000       0.7877
 170.000       0.6696
 171.000       0.7593
 172.000       0.7951
 173.000       0.7985
 174.000       0.7936
 175.000       0.8530
 176.000       1.0013
 177.000       0.9194
 178.000       0.9936
 179.000       1.0376
 180.000       1.0388
 181.000       0.9161
 182.000       1.2488
 183.000       1.2120
 184.000       1.1155
 185.000       1.2172
 186.000       1.2696
 187.000       1.2485
 188.000       0.9097
 189.000       0.9012
 190.000       0.8553
 191.000       0.7547
 192.000       0.7553
 193.000       0.7355
 194.000       0.5971
 195.000       0.6043
 196.000       0.7056
 197.000       0.6674
 198.000       0.6238
 199.000       0.6859
 200.000       0.7155
 201.000       0.6752
 202.000       0.7981
 203.000       0.8909
 204.000       0.8229
 205.000       1.0304
 206.000       1.2834
 207.000       1.3257
 208.000       1.3610
 209.000       1.0757
 210.000       1.1284
 211.000       1.4461
 212.000       1.4175
 213.000       1.0473
 214.000       0.8851
 215.000       0.8575
 216.000       0.8437
 217.000       0.7401
 218.000       0.7038
 219.000       0.7277
 220.000       0.8476
 221.000       0.9166
 222.000       0.7954
 223.000       0.7409
 224.000       0.6229
 225.000       0.5724
 226.000       0.6433
 227.000       0.6122
 228.000       0.5494
 229.000       0.5926
 230.000       0.6782
 231.000       0.6200
 232.000       0.6284
 233.000       0.7398
 234.000       0.7527
 235.000       0.6898
 236.000       0.8705
 237.000       1.0156
 238.000       0.7990
 239.000       0.8923
 240.000       0.8477
 241.000       0.7414
 242.000       0.8265
 243.000       0.7918
 244.000       0.6965
 245.000       0.6830
 246.000       0.7568
 247.000       0.7616
 248.000       0.6990
 249.000       0.7782
 250.000       0.8134
 251.000       0.8672
 252.000       0.9004
 253.000       1.2271
 254.000       1.0334
 255.000       0.9111
 256.000       1.0154
 257.000       1.2476
 258.000       0.9740
 259.000       0.8236
 260.000       0.7442
 261.000       0.6248
 262.000       0.5978
 263.000       0.5954
 264.000       0.5517
 265.000       0.5341
 266.000       0.5260
 267.000       0.5186
 268.000       0.4868
 269.000       0.5082
 270.000       0.4765
 271.000       0.4834
 272.000       0.4543
 273.000       0.5139
 274.000       0.6066
 275.000       0.8109
 276.000       1.3115
 277.000       0.7714
 278.000       0.9207
 279.000       0.7053
 280.000       0.5382
 281.000       0.5071
 282.000       0.6020
 283.000       0.6257
 284.000       0.5875
 285.000       0.6426
 286.000       0.7524
 287.000       0.7375
 288.000       0.8362
 289.000       0.8025
 290.000       0.9625
 291.000       0.9690
 292.000       0.9983
 293.000       0.7181
 294.000       0.6924
 295.000       0.6199
 296.000       0.5779
 297.000       0.5398
 298.000       0.5620
 299.000       0.5617
 300.000       0.4655
 301.000       0.4963
 302.000       0.5636
 303.000       0.5150
 304.000       0.4511
 305.000       0.5102
 306.000       0.5510
 307.000       0.4771
 308.000       0.4497
 309.000       0.5242
 310.000       0.5300
 311.000       0.5133
 312.000       0.5370
 313.000       0.5527
 314.000       0.5280
 315.000       0.4779
 316.000       0.4987
 317.000       0.5747
 318.000       0.5796
 319.000       0.5738
 320.000       0.6359
 321.000       0.6303
 322.000       0.6156
 323.000       0.6882
 324.000       0.7966
 325.000       0.9160
 326.000       0.9703
 327.000       0.9794
 328.000       0.9319
 329.000       0.8776
 330.000       0.7184
 331.000       0.8806
 332.000       0.9187
 333.000       0.7736
 334.000       0.7744
 335.000       0.8170
 336.000       1.0722
 337.000       0.9112
 338.000       0.7611
 339.000       0.6736
 340.000       0.5988
 341.000       0.6073
 342.000       0.5680
 343.000       0.5911
 344.000       0.5954
 345.000       0.5657
 346.000       0.6382
 347.000       0.6522
 348.000       0.6575
 349.000       0.7022
 350.000       0.7057
 351.000       0.7086
 352.000       0.7754
 353.000       0.8089
 354.000       0.8609
 355.000       0.7532
 356.000       0.7358
 357.000       0.7476
 358.000       0.6863
 359.000       0.6323
 360.000       0.6761
 361.000       0.6808
 362.000       0.5758
 363.000       0.5551
 364.000       0.6159
 365.000       0.6131
 366.000       0.5818
 367.000       0.5358
 368.000       0.6013
 369.000       0.6636
 370.000       0.6491
 371.000       0.6365
 372.000       0.8226
 373.000       0.7414
 374.000       0.6191
 375.000       0.6877
 376.000       0.6685
 377.000       0.6897
 378.000       0.7070
 379.000       0.6782
 380.000       0.6628
 381.000       0.7402
 382.000       0.8197
 383.000       0.7887
 384.000       0.8765
 385.000       1.1376
 386.000       1.3577
 387.000       1.3230
 388.000       1.1481
 389.000       1.2732
 390.000       1.3468
 391.000       2.1700
 392.000       1.9685
 393.000       1.8275
 394.000       1.5285
 395.000       1.5488
 396.000       1.5786
 397.000       1.3829
 398.000       1.3800
 399.000       1.5297
 400.000       1.3321
 401.000       1.0188
 402.000       1.0369
 403.000       1.0589
 404.000       0.9450
 405.000       0.8330
 406.000       0.8699
 407.000       0.8699
 408.000       0.8212
 409.000       0.7351
 410.000       0.7228
 411.000       0.7986
 412.000       0.7497
 413.000       0.6710
 414.000       0.7781
 415.000       0.7917
 416.000       0.6732
 417.000       0.7051
 418.000       0.7185
 419.000       0.7686
 420.000       0.8203
 421.000       0.9263
 422.000       0.7605
 423.000       0.6302
 424.000       0.7206
 425.000       0.7089
 426.000       0.6729
 427.000       0.7226
 428.000       0.7651
 429.000       0.7638
 430.000       0.7565
 431.000       0.9368
 432.000       1.2266
 433.000       1.3663
 434.000       1.0233
 435.000       1.0467
 436.000       0.8497
 437.000       0.7290
 438.000       0.6511
 439.000       0.6776
 440.000       0.6376
 441.000       0.6265
 442.000       0.7022
 443.000       0.7090
 444.000       0.6926
 445.000       0.7504
 446.000       0.8548
 447.000       0.8393
 448.000       0.8100
 449.000       0.8599
 450.000       1.0176
 451.000       1.0610
 452.000       1.0135
 453.000       1.0415
 454.000       0.9775
 455.000       1.1200
 456.000       1.0760
 457.000       0.9468
 458.000       0.8836
 459.000       1.0051
 460.000       1.0724
 461.000       0.8608
 462.000       0.9775
 463.000       1.3138
 464.000       1.2423
 465.000       1.3464
 466.000       1.3505
 467.000       1.2701
 468.000       1.1254
 469.000       1.0995
 470.000       1.0687
 471.000       1.0699
 472.000       1.0053
 473.000       0.8004
 474.000       0.8584
 475.000       0.9493
 476.000       0.8021
 477.000       0.7921
 478.000       0.9953
 479.000       0.9040
 480.000       0.8423
 481.000       0.9263
 482.000       0.8982
 483.000       0.8201
 484.000       0.6892
 485.000       0.6819
 486.000       0.7454
 487.000       0.6721
 488.000       0.6247
 489.000       0.7160
 490.000       0.7308
 491.000       0.6775
 492.000       0.7350
 493.000       0.8114
 494.000       0.8738
 495.000       0.9657
 496.000       0.9933
 497.000       1.2752
 498.000       1.1182
 499.000       1.1176
 500.000       1.1537
 501.000       1.0576
 502.000       1.4549
 503.000       2.0744
 504.000       1.3986
 505.000       1.4066
 506.000       1.1702
 507.000       1.2980
 508.000       1.5619
 509.000       1.3988
 510.000       0.9796
 511.000       1.0941
 512.000       1.2190
 513.000       0.9520
 514.000       0.8186
 515.000       0.9558
 516.000       0.8913
 517.000       0.7836
 518.000       0.8332
 519.000       0.8518
 520.000       0.6948
 521.000       0.6820
 522.000       0.7083
 523.000       0.6592
 524.000       0.6420
 525.000       0.6813
 526.000       0.7598
 527.000       0.8210
 528.000       0.7227
 529.000       0.7557
 530.000       0.9088
 531.000       0.9567
 532.000       0.9403
 533.000       1.1032
 534.000       1.3291
 535.000       1.4494
 536.000       1.5074
 537.000       2.0209
 538.000       2.2231
 539.000       2.7826
 540.000       2.6905
 541.000       2.2458
 542.000       2.3973
 543.000       2.2709
 544.000       1.8164
 545.000       1.8061
 546.000       2.0403
 547.000       1.7453
 548.000       1.5942
 549.000       1.8821
 550.000       1.9291
 551.000       2.5721
 560.000      51.7965
