#Res        AtomicFlx
   1.000       4.9597
   2.000       2.7745
   3.000       1.6743
   4.000       1.6627
   5.000       1.1052
   6.000       0.9220
   7.000       1.2538
   8.000       1.4807
   9.000       1.0804
  10.000       1.0357
  11.000       0.9901
  12.000       0.6677
  13.000       0.7776
  14.000       1.1297
  15.000       0.6637
  16.000       0.6743
  17.000       0.8848
  18.000       0.6280
  19.000       0.6184
  20.000       0.7043
  21.000       1.0739
  22.000       0.8445
  23.000       0.9674
  24.000       0.8123
  25.000       0.7243
  26.000       1.0579
  27.000       0.7344
  28.000       0.9536
  29.000       0.6747
  30.000       0.7165
  31.000       0.9388
  32.000       0.8910
  33.000       0.9276
  34.000       1.3865
  35.000       1.4264
  36.000       0.8030
  37.000       1.1579
  38.000       0.9430
  39.000       0.7849
  40.000       0.8264
  41.000       0.6859
  42.000       1.0582
  43.000       0.8782
  44.000       0.7474
  45.000       0.6978
  46.000       1.1892
  47.000       1.0942
  48.000       0.8541
  49.000       0.8118
  50.000       0.9754
  51.000       1.2422
  52.000       0.7999
  53.000       0.6278
  54.000       0.8532
  55.000       0.6218
  56.000       0.8365
  57.000       0.5692
  58.000       0.7511
  59.000       0.8565
  60.000       0.6000
  61.000       0.7281
  62.000       0.6220
  63.000       0.9914
  64.000       0.5380
  65.000       0.6538
  66.000       0.6686
  67.000       0.6468
  68.000       0.7151
  69.000       0.8139
  70.000       0.6020
  71.000       0.7422
  72.000       1.0394
  73.000       0.9512
  74.000       0.9986
  75.000       1.0494
  76.000       1.6906
  77.000       1.4059
  78.000       1.2728
  79.000       0.9452
  80.000       1.3695
  81.000       1.2219
  82.000       1.1331
  83.000       0.7204
  84.000       0.7687
  85.000       0.6121
  86.000       1.0478
  87.000       0.7486
  88.000       0.7120
  89.000       0.8246
  90.000       1.0572
  91.000       0.8610
  92.000       0.5987
  93.000       0.9663
  94.000       1.0561
  95.000       0.8021
  96.000       0.6570
  97.000       0.8866
  98.000       0.6747
  99.000       0.8002
 100.000       0.8182
 101.000       0.8881
 102.000       0.7753
 103.000       0.7514
 104.000       0.6272
 105.000       0.6320
 106.000       0.6135
 107.000       0.8036
 108.000       0.6820
 109.000       0.7185
 110.000       0.7418
 111.000       1.1169
 112.000       0.8887
 113.000       0.6842
 114.000       1.3185
 115.000       1.2039
 116.000       1.7174
 117.000       1.7940
 118.000       0.9319
 119.000       0.8843
 120.000       0.9573
 121.000       1.3432
 122.000       1.4921
 123.000       0.9019
 124.000       1.3967
 125.000       1.4094
 126.000       1.4450
 127.000       1.4068
 128.000       0.9703
 129.000       1.2458
 130.000       1.3802
 131.000       1.9247
 132.000       1.0550
 133.000       1.3818
 134.000       1.5052
 135.000       1.7351
 136.000       2.7186
 137.000       2.8390
 138.000       2.7673
 139.000       3.3250
 140.000       3.3975
 141.000       4.6896
 142.000       5.1140
 143.000       6.4371
 144.000       6.6979
 145.000       7.9463
 146.000       8.0887
 147.000       8.6096
 148.000       6.6291
 149.000       6.3402
 150.000       4.7941
 151.000       5.9744
 152.000       2.8074
 153.000       1.7254
 154.000       1.0552
 155.000       0.7608
 156.000       0.7315
 157.000       0.7716
 158.000       0.9650
 159.000       0.8152
 160.000       0.6895
 161.000       1.1978
 162.000       1.4323
 163.000       1.0740
 164.000       0.9969
 165.000       0.9897
 166.000       1.9460
 167.000       1.5509
 168.000       2.4152
 169.000       2.2597
 170.000       2.1707
 171.000       2.9385
 172.000       1.1908
 173.000       1.3072
 174.000       1.5501
 175.000       1.7479
 176.000       1.1287
 177.000       0.9180
 178.000       1.0479
 179.000       0.8537
 180.000       1.3695
 181.000       1.4858
 182.000       1.2552
 183.000       0.8809
 184.000       0.7700
 185.000       0.7784
 186.000       0.6713
 187.000       0.7896
 188.000       0.8531
 189.000       1.1297
 190.000       0.7862
 191.000       1.1601
 192.000       0.8573
 193.000       1.1028
 194.000       1.0479
 195.000       1.1767
 196.000       1.2292
 197.000       0.9460
 198.000       1.1887
 199.000       1.2796
 200.000       1.5589
 201.000       1.0173
 202.000       1.5943
 203.000       2.0677
 204.000       2.1808
 205.000       2.8921
 206.000       2.4434
 207.000       2.2802
 208.000       1.9849
 209.000       1.7600
 210.000       1.9655
 211.000       1.5725
 212.000       1.5145
 213.000       1.1225
 214.000       1.1985
 215.000       1.5453
 216.000       0.9625
 217.000       1.0913
 218.000       1.0906
 219.000       0.8574
 220.000       1.1222
 221.000       0.8985
 222.000       0.8155
 223.000       0.9067
 224.000       1.0448
 225.000       1.3078
 226.000       0.8550
 227.000       0.7596
 228.000       1.1551
 229.000       0.9712
 230.000       0.9587
 231.000       1.0116
 232.000       0.8001
 233.000       0.7798
 234.000       1.0453
 235.000       1.1090
 236.000       0.6686
 237.000       1.1331
 238.000       1.6028
 239.000       0.9253
 240.000       0.7446
 241.000       1.0474
 242.000       1.0828
 243.000       1.2160
 244.000       1.5184
 245.000       1.9310
 246.000       2.7038
 247.000       1.6697
 248.000       1.4913
 249.000       1.5351
 250.000       1.7090
 251.000       1.1074
 252.000       1.1205
 253.000       1.0490
 254.000       1.0320
 255.000       1.1006
 256.000       0.8786
 257.000       0.6950
 258.000       0.7031
 259.000       0.8787
 260.000       0.7112
 261.000       0.7259
 262.000       0.8053
 263.000       1.0156
 264.000       0.6866
 265.000       0.7704
 266.000       0.5885
 267.000       0.8272
 268.000       0.6002
 269.000       0.6675
 270.000       0.5502
 271.000       0.6234
 272.000       0.6514
 273.000       0.6316
 274.000       0.6038
 275.000       0.8741
 276.000       0.5246
 277.000       0.7648
 278.000       0.9276
 279.000       0.8166
 280.000       1.3247
 281.000       1.0216
 282.000       0.9618
 283.000       1.1204
 284.000       1.1013
 285.000       0.9515
 286.000       1.1669
 287.000       1.9622
 288.000       0.8562
 289.000       0.7202
 290.000       0.8738
 291.000       0.8119
 292.000       0.8205
 293.000       0.7901
 294.000       0.7770
 295.000       0.9014
 296.000       1.1401
 297.000       0.8581
 298.000       0.9635
 299.000       0.7202
 300.000       0.6182
 301.000       1.0587
 302.000       0.7615
 303.000       0.6245
 304.000       0.6396
 305.000       1.2906
 306.000       0.7691
 307.000       0.6778
 308.000       0.7170
 309.000       0.6841
 310.000       0.9910
 311.000       0.8494
 312.000       0.6969
 313.000       0.8639
 314.000       1.0325
 315.000       0.8964
 316.000       1.6058
 317.000       1.4286
 318.000       1.3038
 319.000       1.2333
 320.000       1.3261
 321.000       1.1462
 322.000       1.3055
 323.000       1.0594
 324.000       1.2700
 325.000       1.2789
 326.000       1.3425
 327.000       1.4549
 328.000       1.8226
 329.000       1.1934
 330.000       0.9803
 331.000       0.7196
 332.000       1.0927
 333.000       1.2743
 334.000       0.7756
 335.000       0.6949
 336.000       1.1320
 337.000       1.7764
 338.000       0.8957
 339.000       1.1144
 340.000       0.8420
 341.000       1.5587
 342.000       1.3541
 343.000       1.5186
 344.000       1.2843
 345.000       0.9412
 346.000       0.9851
 347.000       0.7122
 348.000       0.7523
 349.000       0.7991
 350.000       0.8488
 351.000       0.6550
 352.000       0.7230
 353.000       0.8913
 354.000       0.7915
 355.000       0.5885
 356.000       0.9061
 357.000       0.8302
 358.000       0.8063
 359.000       1.0884
 360.000       0.9844
 361.000       1.1325
 362.000       0.6555
 363.000       1.0641
 364.000       0.9340
 365.000       0.5981
 366.000       0.6535
 367.000       1.0174
 368.000       0.5779
 369.000       0.6041
 370.000       1.0442
 371.000       0.8570
 372.000       0.5962
 373.000       0.8876
 374.000       0.8507
 375.000       0.8917
 376.000       0.7286
 377.000       0.9053
 378.000       1.0474
 379.000       1.3471
 380.000       1.1826
 381.000       1.1734
 382.000       1.8786
 383.000       1.4750
 384.000       1.0352
 385.000       1.5195
 386.000       2.3494
 387.000       1.3780
 388.000       1.9139
 389.000       1.4549
 390.000       1.4160
 391.000       0.8627
 392.000       0.8635
 393.000       1.2505
 394.000       1.4437
 395.000       0.8825
 396.000       0.8925
 397.000       1.2811
 398.000       0.8635
 399.000       1.0509
 400.000       0.8168
 401.000       1.1130
 402.000       0.8799
 403.000       0.7642
 404.000       1.1395
 405.000       1.1940
 406.000       0.8432
 407.000       0.9866
 408.000       0.7678
 409.000       1.1238
 410.000       0.7488
 411.000       0.6344
 412.000       0.7474
 413.000       0.8700
 414.000       0.7361
 415.000       0.6588
 416.000       0.6694
 417.000       0.9045
 418.000       0.7385
 419.000       0.7657
 420.000       1.1571
 421.000       0.7119
 422.000       0.8203
 423.000       0.8978
 424.000       0.7262
 425.000       0.9084
 426.000       0.7810
 427.000       1.0877
 428.000       0.8428
 429.000       1.0557
 430.000       0.7342
 431.000       0.9780
 432.000       0.7020
 433.000       1.0984
 434.000       0.8284
 435.000       0.6891
 436.000       0.8554
 437.000       0.6950
 438.000       0.9454
 439.000       0.8322
 440.000       1.0239
 441.000       1.1746
 442.000       1.1509
 443.000       0.6939
 444.000       0.9004
 445.000       0.7686
 446.000       1.2381
 447.000       0.8348
 448.000       0.6745
 449.000       0.9685
 450.000       0.7327
 451.000       0.7666
 452.000       1.2325
 453.000       1.4394
 454.000       0.9546
 455.000       1.3594
 456.000       1.5291
 457.000       2.0364
 458.000       1.4859
 459.000       0.8437
 460.000       0.9186
 461.000       1.0372
 462.000       1.1328
 463.000       0.9792
 464.000       0.8067
 465.000       1.1923
 466.000       0.7431
 467.000       0.6315
 468.000       1.0214
 469.000       1.2110
 470.000       0.8859
 471.000       0.8762
 472.000       0.7810
 473.000       1.0363
 474.000       0.8599
 475.000       0.9087
 476.000       0.9911
 477.000       1.8125
 478.000       0.9710
 479.000       0.9416
 480.000       0.9466
 481.000       1.0176
 482.000       1.0112
 483.000       1.2044
 484.000       1.2530
 485.000       1.1954
 486.000       1.4043
 487.000       2.5201
 488.000       1.1668
 489.000       1.0670
 490.000       1.7800
 491.000       1.3795
 492.000       1.4842
 493.000       1.7179
 494.000       1.1611
 495.000       1.4851
 496.000       1.2510
 497.000       1.1075
 498.000       1.4339
 499.000       1.9167
 500.000       0.9144
 501.000       1.0469
 502.000       0.9487
 503.000       1.1298
 504.000       0.7341
 505.000       1.0446
 506.000       0.9962
 507.000       1.0456
 508.000       1.0570
 509.000       1.3133
 510.000       0.9992
 511.000       1.2670
 512.000       1.5055
 513.000       1.1587
 514.000       1.2636
 515.000       1.0437
 516.000       1.1210
 517.000       1.4820
 518.000       1.1532
 519.000       1.2585
 520.000       1.6468
 521.000       2.0433
 522.000       1.6339
 523.000       2.4329
 524.000       2.4621
 525.000       2.4149
 526.000       2.3123
 527.000       3.0687
 528.000       3.5675
 529.000       3.7810
 530.000       3.9462
 531.000       4.3052
 532.000       3.3650
 533.000       2.7371
 534.000       2.8679
 535.000       2.4779
 536.000       2.5316
 537.000       1.6052
 538.000       2.1942
 539.000       1.4953
 540.000       1.3704
 541.000       2.0987
 542.000       4.1217
 543.000       5.2882
 544.000       8.3681
 545.000       2.9361
 546.000       4.2162
 547.000       9.8764
 548.000       0.8645
 549.000       0.5933
 550.000       1.1917
 551.000      51.7154
 552.000      51.1964
 553.000      51.9440
 554.000      51.7542
 555.000      53.2049
 556.000      50.8952
 557.000      50.8028
 558.000      51.4218
 559.000      50.5885
 560.000      52.1318
 561.000      52.8563
 562.000      51.7082
 563.000      50.8715
 564.000      51.2428
 565.000      51.3108
 566.000      51.1795
 567.000      51.7392
 568.000      52.5416
 569.000      51.4444
 570.000      51.0596
 571.000      50.6811
 572.000      52.7077
 573.000      51.6845
 574.000      50.5462
 575.000      52.0799
 576.000      50.8794
 577.000      51.4416
 578.000      52.0482
 579.000      51.2943
 580.000      50.9356
 581.000      50.6903
 582.000      50.1813
 583.000      51.4300
 584.000      52.0582
 585.000      52.2223
 586.000      50.8812
 587.000      53.3064
 588.000      52.4089
 589.000      51.4957
 590.000      52.0233
 591.000      52.3675
 592.000      52.4153
 593.000      51.7723
 594.000      49.5332
 595.000      52.5037
 596.000      52.2848
 597.000      51.9317
 598.000       0.8840
 599.000      53.8196
 600.000      54.1325
 601.000      53.1073
 602.000      53.2145
 603.000      53.5688
 604.000      53.4526
 605.000      53.2994
 606.000      53.4965
 607.000      53.3942
 608.000      52.4463
 609.000      52.9976
 610.000      53.2030
 611.000      53.0462
 612.000      53.7110
 613.000      53.7472
 614.000      53.3262
 615.000      53.8041
 616.000      53.7426
 617.000      53.2987
 618.000      52.3150
 619.000      53.5875
 620.000      53.5355
 621.000      53.4754
 622.000      53.4412
 623.000      53.6824
 624.000      53.4486
 625.000      53.1557
 626.000      53.0051
 627.000      53.6394
 628.000      53.5856
 629.000      53.1848
 630.000      53.2239
 631.000      53.3397
 632.000      53.0276
 633.000      53.6317
 634.000      53.4212
 635.000      53.4950
 636.000      53.8414
 637.000      52.9695
 638.000      53.4821
 639.000      52.8125
 640.000      53.7395
 641.000      53.4817
 642.000      53.5877
 643.000      52.5875
