#Res        AtomicFlx
   1.000       4.3413
   2.000       2.1667
   3.000       0.7919
   4.000       1.3902
   5.000       1.1173
   6.000       0.9637
   7.000       1.2836
   8.000       1.5771
   9.000       0.9337
  10.000       1.2318
  11.000       0.9846
  12.000       0.6176
  13.000       0.9508
  14.000       1.1152
  15.000       0.7908
  16.000       0.6851
  17.000       0.9706
  18.000       0.6948
  19.000       0.6714
  20.000       0.6795
  21.000       0.7099
  22.000       0.7064
  23.000       0.7337
  24.000       0.6479
  25.000       0.5870
  26.000       0.9858
  27.000       0.8269
  28.000       0.8261
  29.000       0.6530
  30.000       0.7284
  31.000       0.9127
  32.000       0.8470
  33.000       0.9374
  34.000       1.5372
  35.000       1.5784
  36.000       0.8474
  37.000       1.3086
  38.000       1.2433
  39.000       1.2704
  40.000       1.1087
  41.000       0.7670
  42.000       1.4161
  43.000       1.0755
  44.000       0.8638
  45.000       0.6865
  46.000       1.2575
  47.000       1.3499
  48.000       1.2957
  49.000       0.8768
  50.000       1.0574
  51.000       1.3213
  52.000       0.7074
  53.000       0.5672
  54.000       0.8430
  55.000       0.5715
  56.000       0.6821
  57.000       0.8671
  58.000       0.5930
  59.000       0.6881
  60.000       0.4301
  61.000       0.5784
  62.000       0.5588
  63.000       0.5878
  64.000       0.4485
  65.000       0.5171
  66.000       0.6136
  67.000       0.5726
  68.000       0.5826
  69.000       0.7371
  70.000       0.5037
  71.000       0.6345
  72.000       0.6880
  73.000       0.5819
  74.000       0.6766
  75.000       0.6745
  76.000       1.1873
  77.000       1.3150
  78.000       1.0690
  79.000       1.1776
  80.000       1.3683
  81.000       0.9390
  82.000       1.0119
  83.000       0.6971
  84.000       0.7614
  85.000       0.5729
  86.000       0.9837
  87.000       0.7308
  88.000       0.6878
  89.000       0.7731
  90.000       0.9587
  91.000       1.0020
  92.000       0.6177
  93.000       1.0320
  94.000       1.1323
  95.000       0.8108
  96.000       0.6793
  97.000       1.2190
  98.000       1.0509
  99.000       1.0020
 100.000       0.8177
 101.000       0.9229
 102.000       0.8343
 103.000       0.7311
 104.000       0.6326
 105.000       0.6332
 106.000       0.6287
 107.000       0.9496
 108.000       0.7714
 109.000       0.8809
 110.000       0.6961
 111.000       1.1961
 112.000       0.7679
 113.000       0.7027
 114.000       1.4437
 115.000       1.1433
 116.000       1.5068
 117.000       1.7377
 118.000       0.9590
 119.000       0.8682
 120.000       0.7928
 121.000       1.2236
 122.000       1.5748
 123.000       1.4348
 124.000       1.9403
 125.000       2.2243
 126.000       2.3465
 127.000       3.3581
 128.000       2.3655
 129.000       2.1170
 130.000       2.9899
 131.000       2.9932
 132.000       2.1020
 133.000       3.2586
 134.000       2.7048
 135.000       2.6872
 136.000       2.8471
 137.000       3.5184
 138.000       3.8553
 139.000       4.5387
 140.000       4.9299
 141.000       6.8162
 142.000       7.3511
 143.000       8.5036
 144.000       8.8120
 145.000       9.2437
 146.000       8.8029
 147.000       9.9124
 148.000       8.5487
 149.000       6.8660
 150.000       4.8412
 151.000       4.9518
 152.000       2.4375
 153.000       1.9298
 154.000       1.2490
 155.000       0.8967
 156.000       0.7187
 157.000       0.7386
 158.000       1.0736
 159.000       0.7640
 160.000       0.6556
 161.000       1.1571
 162.000       1.6468
 163.000       1.0099
 164.000       0.8235
 165.000       0.8273
 166.000       1.5156
 167.000       1.1057
 168.000       1.7255
 169.000       2.3029
 170.000       2.1153
 171.000       3.1445
 172.000       2.1660
 173.000       2.0007
 174.000       1.4842
 175.000       1.4414
 176.000       1.1911
 177.000       0.9509
 178.000       1.0869
 179.000       0.9264
 180.000       1.1428
 181.000       1.4511
 182.000       1.5501
 183.000       1.0465
 184.000       0.7612
 185.000       0.7297
 186.000       0.6282
 187.000       0.7446
 188.000       0.8320
 189.000       1.1693
 190.000       0.7777
 191.000       0.8172
 192.000       0.8797
 193.000       1.0654
 194.000       1.0137
 195.000       1.1113
 196.000       1.1303
 197.000       0.8939
 198.000       1.1438
 199.000       1.3597
 200.000       1.7768
 201.000       1.5499
 202.000       2.9213
 203.000       1.9089
 204.000       2.5895
 205.000       2.4754
 206.000       2.2195
 207.000       2.8048
 208.000       1.9498
 209.000       1.5455
 210.000       2.6855
 211.000       1.6706
 212.000       1.2471
 213.000       1.1977
 214.000       1.0425
 215.000       1.3857
 216.000       0.7952
 217.000       1.2192
 218.000       0.8667
 219.000       0.7472
 220.000       1.0750
 221.000       0.8439
 222.000       0.7612
 223.000       0.9823
 224.000       1.0019
 225.000       1.1945
 226.000       0.8176
 227.000       0.7958
 228.000       1.1011
 229.000       1.0427
 230.000       1.0107
 231.000       1.0420
 232.000       0.8824
 233.000       0.9392
 234.000       1.3861
 235.000       1.2213
 236.000       0.8567
 237.000       1.1028
 238.000       1.4958
 239.000       1.0666
 240.000       0.8537
 241.000       1.2703
 242.000       1.3578
 243.000       1.7559
 244.000       1.8737
 245.000       2.4701
 246.000       2.8256
 247.000       2.0238
 248.000       1.5794
 249.000       1.7958
 250.000       1.6328
 251.000       1.2144
 252.000       1.1999
 253.000       1.0152
 254.000       1.6559
 255.000       1.0448
 256.000       0.8345
 257.000       0.6729
 258.000       0.6724
 259.000       0.7673
 260.000       0.5621
 261.000       0.6483
 262.000       0.6251
 263.000       0.9489
 264.000       0.5492
 265.000       0.6707
 266.000       0.5678
 267.000       0.7624
 268.000       0.5364
 269.000       0.8922
 270.000       0.4706
 271.000       0.6850
 272.000       0.7706
 273.000       0.5636
 274.000       0.5430
 275.000       0.8960
 276.000       0.4521
 277.000       0.5060
 278.000       0.6205
 279.000       0.6005
 280.000       1.3250
 281.000       0.9171
 282.000       0.8483
 283.000       0.6497
 284.000       0.8673
 285.000       0.7920
 286.000       1.0610
 287.000       1.8294
 288.000       0.5571
 289.000       0.6097
 290.000       0.9738
 291.000       0.9074
 292.000       0.6468
 293.000       0.8137
 294.000       0.7520
 295.000       0.9427
 296.000       0.6280
 297.000       0.7923
 298.000       1.2421
 299.000       0.6865
 300.000       0.5696
 301.000       1.3276
 302.000       0.7825
 303.000       0.8548
 304.000       0.6858
 305.000       1.3048
 306.000       0.8902
 307.000       0.7498
 308.000       0.7802
 309.000       0.7841
 310.000       1.0123
 311.000       0.8670
 312.000       0.7391
 313.000       0.8108
 314.000       1.0492
 315.000       0.8977
 316.000       1.7271
 317.000       1.5705
 318.000       1.7428
 319.000       1.3827
 320.000       1.2769
 321.000       1.1564
 322.000       1.3751
 323.000       1.1524
 324.000       1.3032
 325.000       1.0607
 326.000       1.0216
 327.000       1.0886
 328.000       1.4342
 329.000       0.8875
 330.000       0.7186
 331.000       0.5818
 332.000       0.8338
 333.000       0.8371
 334.000       0.6196
 335.000       0.6855
 336.000       0.7958
 337.000       0.9820
 338.000       0.6677
 339.000       0.9939
 340.000       0.7052
 341.000       0.7751
 342.000       0.7893
 343.000       0.9509
 344.000       0.9264
 345.000       0.9233
 346.000       1.0500
 347.000       0.7290
 348.000       0.7406
 349.000       0.7280
 350.000       0.6816
 351.000       0.6121
 352.000       0.6733
 353.000       0.7270
 354.000       0.5866
 355.000       0.5675
 356.000       0.8097
 357.000       0.8006
 358.000       0.7226
 359.000       0.8347
 360.000       0.9003
 361.000       0.7146
 362.000       0.5724
 363.000       0.9150
 364.000       0.8698
 365.000       0.5677
 366.000       0.6221
 367.000       0.9743
 368.000       0.5917
 369.000       0.6214
 370.000       1.0843
 371.000       1.0169
 372.000       0.6888
 373.000       0.8287
 374.000       0.8161
 375.000       0.6145
 376.000       0.5786
 377.000       0.8000
 378.000       0.8312
 379.000       0.7347
 380.000       0.7903
 381.000       1.1106
 382.000       1.6095
 383.000       1.2978
 384.000       0.9517
 385.000       1.2285
 386.000       2.2901
 387.000       1.1790
 388.000       1.5773
 389.000       1.4191
 390.000       1.3054
 391.000       0.8758
 392.000       0.8542
 393.000       1.1198
 394.000       1.7806
 395.000       0.9567
 396.000       1.0837
 397.000       1.2264
 398.000       0.8390
 399.000       0.9814
 400.000       0.9608
 401.000       1.2164
 402.000       0.9561
 403.000       0.7279
 404.000       1.1018
 405.000       1.0956
 406.000       0.7873
 407.000       0.7831
 408.000       0.7930
 409.000       0.8938
 410.000       0.7844
 411.000       0.6887
 412.000       0.8152
 413.000       0.9098
 414.000       0.8415
 415.000       0.6908
 416.000       0.7763
 417.000       1.1070
 418.000       0.8978
 419.000       0.8778
 420.000       1.1916
 421.000       1.1128
 422.000       0.8523
 423.000       0.9024
 424.000       0.8297
 425.000       1.2034
 426.000       0.8459
 427.000       1.1328
 428.000       1.0151
 429.000       1.6112
 430.000       0.6585
 431.000       0.9108
 432.000       0.6981
 433.000       1.1783
 434.000       0.8461
 435.000       0.6141
 436.000       0.8153
 437.000       0.5447
 438.000       0.7092
 439.000       0.7011
 440.000       1.4647
 441.000       0.9435
 442.000       0.6224
 443.000       0.6497
 444.000       0.8880
 445.000       0.7641
 446.000       1.3832
 447.000       0.5890
 448.000       0.7359
 449.000       0.9774
 450.000       0.6458
 451.000       0.7163
 452.000       1.1784
 453.000       1.3461
 454.000       0.9353
 455.000       1.5181
 456.000       1.5422
 457.000       2.0543
 458.000       1.6288
 459.000       0.7864
 460.000       1.0025
 461.000       1.1312
 462.000       0.9236
 463.000       0.7305
 464.000       0.9367
 465.000       1.0909
 466.000       0.7590
 467.000       0.6385
 468.000       1.2277
 469.000       1.2263
 470.000       1.0076
 471.000       0.9223
 472.000       0.8186
 473.000       1.1738
 474.000       1.5149
 475.000       0.9420
 476.000       0.9854
 477.000       1.3343
 478.000       1.0569
 479.000       0.9078
 480.000       0.9711
 481.000       1.0520
 482.000       1.0801
 483.000       1.3150
 484.000       1.3935
 485.000       1.3791
 486.000       1.7430
 487.000       3.1450
 488.000       1.6100
 489.000       1.2917
 490.000       2.0735
 491.000       1.4414
 492.000       1.7236
 493.000       2.0057
 494.000       2.7531
 495.000       2.8475
 496.000       1.6711
 497.000       1.7991
 498.000       2.0079
 499.000       1.4413
 500.000       1.2754
 501.000       1.5660
 502.000       1.2411
 503.000       1.3293
 504.000       0.9609
 505.000       1.3249
 506.000       1.3507
 507.000       1.5282
 508.000       1.0033
 509.000       1.4173
 510.000       1.6415
 511.000       1.3141
 512.000       1.8390
 513.000       1.6567
 514.000       1.5038
 515.000       1.0088
 516.000       1.2427
 517.000       1.7245
 518.000       1.4825
 519.000       1.1296
 520.000       1.4601
 521.000       1.7890
 522.000       1.5355
 523.000       1.9284
 524.000       1.9607
 525.000       1.7736
 526.000       1.6662
 527.000       2.0632
 528.000       2.0184
 529.000       2.0411
 530.000       2.5337
 531.000       2.8199
 532.000       1.9751
 533.000       1.6890
 534.000       1.8803
 535.000       1.7498
 536.000       1.9903
 537.000       1.4451
 538.000       1.9179
 539.000       1.6612
 540.000       1.7672
 541.000       2.7755
 542.000       4.7012
 543.000       5.7662
 544.000       7.8937
 545.000       4.2480
 546.000       4.7440
 547.000      11.9888
 548.000       0.9468
 549.000       3.3346
 550.000       0.5210
 551.000      51.9949
 552.000      51.1652
 553.000      52.5789
 554.000      51.5076
 555.000      51.9636
 556.000      51.8152
 557.000      51.8610
 558.000      53.6437
 559.000      49.5522
 560.000      51.2817
 561.000      51.9368
 562.000      51.9941
 563.000      51.0135
 564.000      50.8695
 565.000      51.0744
 566.000      49.8464
 567.000      51.4804
 568.000      51.9218
 569.000      51.2835
 570.000      51.0020
 571.000      52.1761
 572.000      51.9283
 573.000      50.1824
 574.000      51.5804
 575.000      51.7693
 576.000      51.9821
 577.000      51.4885
 578.000      50.9818
 579.000      52.3077
 580.000      52.0835
 581.000      51.9534
 582.000      52.2207
 583.000      50.5056
 584.000      50.6910
 585.000      50.8370
 586.000      51.2243
 587.000      52.2608
 588.000      53.2181
 589.000      51.7329
 590.000      50.4489
 591.000      51.3926
 592.000      52.3465
 593.000      51.3703
 594.000      51.9724
 595.000      50.6562
 596.000      52.0678
 597.000      51.6804
 598.000       0.5806
 599.000      53.9249
 600.000      53.2282
 601.000      53.3927
 602.000      53.5207
 603.000      53.6334
 604.000      53.9394
 605.000      53.5598
 606.000      53.9526
 607.000      53.8226
 608.000      53.4322
 609.000      54.3936
 610.000      53.6176
 611.000      53.9405
 612.000      53.7326
 613.000      53.5171
 614.000      53.5154
 615.000      53.5926
 616.000      53.2441
 617.000      53.8570
 618.000      53.6392
 619.000      53.6106
 620.000      53.2944
 621.000      54.2179
 622.000      53.9416
 623.000      53.5174
 624.000      54.5665
 625.000      54.0324
 626.000      54.0224
 627.000      53.9686
 628.000      53.6639
 629.000      54.4155
 630.000      53.4114
 631.000      54.2421
 632.000      54.2952
 633.000      54.0049
 634.000      53.3704
 635.000      53.2693
 636.000      53.8389
 637.000      52.8275
 638.000      54.1503
 639.000      53.6822
 640.000      53.5336
 641.000      53.5190
 642.000      53.5954
 643.000      53.7286
