#Res        AtomicFlx
   1.000       8.2090
   2.000       6.0885
   3.000       5.0446
   4.000       3.7014
   5.000       2.4315
   6.000       2.2110
   7.000       3.2397
   8.000       2.6878
   9.000       2.4574
  10.000       1.9061
  11.000       1.6681
  12.000       1.0927
  13.000       1.5545
  14.000       1.3974
  15.000       0.9854
  16.000       0.9441
  17.000       1.2673
  18.000       0.7598
  19.000       0.8189
  20.000       0.8945
  21.000       1.0155
  22.000       1.1036
  23.000       1.2565
  24.000       0.9029
  25.000       0.7876
  26.000       1.2586
  27.000       1.2127
  28.000       0.9986
  29.000       0.7941
  30.000       0.8829
  31.000       1.7320
  32.000       1.1172
  33.000       1.0432
  34.000       1.9474
  35.000       1.8598
  36.000       0.9867
  37.000       1.1663
  38.000       0.9945
  39.000       1.0430
  40.000       1.1154
  41.000       0.8373
  42.000       1.1870
  43.000       1.0618
  44.000       0.8480
  45.000       0.6892
  46.000       1.2896
  47.000       1.1854
  48.000       0.9656
  49.000       0.9133
  50.000       1.2551
  51.000       1.4145
  52.000       0.8598
  53.000       0.7206
  54.000       0.9406
  55.000       0.7045
  56.000       0.9592
  57.000       0.9490
  58.000       0.6643
  59.000       0.8399
  60.000       0.5814
  61.000       0.8470
  62.000       0.7594
  63.000       1.0317
  64.000       0.7111
  65.000       0.8634
  66.000       0.8767
  67.000       0.8676
  68.000       1.3097
  69.000       0.9938
  70.000       0.7975
  71.000       0.9430
  72.000       0.9600
  73.000       0.7279
  74.000       0.7465
  75.000       0.9533
  76.000       1.3039
  77.000       1.3592
  78.000       0.9895
  79.000       1.0203
  80.000       1.0132
  81.000       1.0005
  82.000       1.5148
  83.000       0.8170
  84.000       1.0519
  85.000       0.6658
  86.000       1.1547
  87.000       0.7862
  88.000       0.7560
  89.000       0.8847
  90.000       1.0334
  91.000       1.0147
  92.000       0.7645
  93.000       0.9297
  94.000       1.1593
  95.000       1.0365
  96.000       0.7927
  97.000       1.2097
  98.000       0.9168
  99.000       1.2516
 100.000       0.9665
 101.000       0.9704
 102.000       1.1261
 103.000       1.0608
 104.000       0.8247
 105.000       0.8740
 106.000       0.8030
 107.000       1.1106
 108.000       0.8261
 109.000       0.9436
 110.000       0.8177
 111.000       1.3185
 112.000       0.8454
 113.000       0.7529
 114.000       1.3685
 115.000       0.9961
 116.000       1.3000
 117.000       1.5893
 118.000       0.9648
 119.000       1.1309
 120.000       0.9002
 121.000       1.7081
 122.000       1.7063
 123.000       1.1146
 124.000       1.5690
 125.000       1.1644
 126.000       1.4157
 127.000       1.0655
 128.000       1.0188
 129.000       1.5412
 130.000       2.0519
 131.000       3.1227
 132.000       1.8535
 133.000       2.6916
 134.000       3.4354
 135.000       2.9541
 136.000       4.1147
 137.000       4.7656
 138.000       5.3862
 139.000       7.1217
 140.000       8.1149
 141.000       7.2575
 142.000       6.1073
 143.000       7.0663
 144.000       6.6315
 145.000       6.2042
 146.000       4.7389
 147.000       4.8071
 148.000       6.5633
 149.000       7.8941
 150.000       6.3601
 151.000       7.6586
 152.000       4.0856
 153.000       2.4103
 154.000       1.6581
 155.000       1.0221
 156.000       0.8696
 157.000       0.8501
 158.000       1.1133
 159.000       0.8274
 160.000       0.7981
 161.000       1.1802
 162.000       1.5189
 163.000       1.0645
 164.000       0.9829
 165.000       0.9753
 166.000       1.7846
 167.000       1.2878
 168.000       2.2353
 169.000       2.9094
 170.000       3.1311
 171.000       3.4478
 172.000       1.8111
 173.000       1.8004
 174.000       2.0217
 175.000       1.7631
 176.000       1.3580
 177.000       1.0807
 178.000       1.2284
 179.000       0.9619
 180.000       1.1742
 181.000       2.0559
 182.000       1.4940
 183.000       0.9744
 184.000       0.8481
 185.000       0.8925
 186.000       0.7870
 187.000       0.9434
 188.000       1.1431
 189.000       1.3506
 190.000       1.1781
 191.000       1.2226
 192.000       1.3251
 193.000       1.5484
 194.000       1.6637
 195.000       1.6621
 196.000       1.9408
 197.000       1.6340
 198.000       1.5914
 199.000       2.4915
 200.000       3.1297
 201.000       2.5701
 202.000       4.4925
 203.000       3.8189
 204.000       2.8087
 205.000       4.2077
 206.000       2.8423
 207.000       3.5675
 208.000       2.7156
 209.000       2.2017
 210.000       1.9257
 211.000       2.1871
 212.000       2.3134
 213.000       1.6769
 214.000       1.4018
 215.000       1.5707
 216.000       1.0628
 217.000       1.3049
 218.000       1.1619
 219.000       1.1212
 220.000       1.2976
 221.000       1.1025
 222.000       1.0162
 223.000       1.1502
 224.000       1.2465
 225.000       1.4670
 226.000       0.9953
 227.000       0.9745
 228.000       1.4043
 229.000       1.1868
 230.000       1.1202
 231.000       1.1197
 232.000       0.9074
 233.000       0.9211
 234.000       1.1867
 235.000       1.0994
 236.000       0.7946
 237.000       1.2275
 238.000       1.3303
 239.000       0.9202
 240.000       0.8382
 241.000       1.2247
 242.000       1.1076
 243.000       1.2995
 244.000       1.6833
 245.000       2.5045
 246.000       2.7705
 247.000       1.6709
 248.000       1.6926
 249.000       1.6999
 250.000       1.8218
 251.000       1.2871
 252.000       1.2357
 253.000       1.0436
 254.000       1.0893
 255.000       1.2681
 256.000       0.9416
 257.000       0.7060
 258.000       0.7215
 259.000       0.8337
 260.000       0.7120
 261.000       0.8282
 262.000       0.8900
 263.000       1.3566
 264.000       0.7767
 265.000       0.8122
 266.000       0.6519
 267.000       0.8476
 268.000       0.5930
 269.000       1.0667
 270.000       0.6247
 271.000       0.6995
 272.000       0.7108
 273.000       0.7316
 274.000       0.7993
 275.000       1.1471
 276.000       0.7467
 277.000       0.9240
 278.000       1.3918
 279.000       1.0417
 280.000       1.7445
 281.000       1.2049
 282.000       1.1829
 283.000       1.4699
 284.000       1.0640
 285.000       1.1835
 286.000       1.4688
 287.000       2.0502
 288.000       1.4884
 289.000       1.0651
 290.000       1.1468
 291.000       1.2512
 292.000       1.1748
 293.000       0.9089
 294.000       0.9137
 295.000       1.1215
 296.000       0.8761
 297.000       0.8661
 298.000       1.1137
 299.000       0.8680
 300.000       0.7402
 301.000       1.0779
 302.000       0.8332
 303.000       0.9714
 304.000       0.8741
 305.000       1.3826
 306.000       0.9792
 307.000       0.9587
 308.000       0.8861
 309.000       0.8676
 310.000       1.1523
 311.000       0.9363
 312.000       0.8074
 313.000       1.0296
 314.000       1.2772
 315.000       0.9550
 316.000       1.7190
 317.000       1.5422
 318.000       1.4066
 319.000       1.3227
 320.000       1.3950
 321.000       1.1045
 322.000       1.3231
 323.000       1.1668
 324.000       1.4451
 325.000       1.3151
 326.000       1.2094
 327.000       1.7007
 328.000       2.2942
 329.000       1.6351
 330.000       1.0364
 331.000       0.8311
 332.000       1.1093
 333.000       1.2061
 334.000       1.0126
 335.000       0.8227
 336.000       1.1554
 337.000       1.3853
 338.000       0.8218
 339.000       1.1621
 340.000       0.8709
 341.000       0.9422
 342.000       0.8774
 343.000       1.1701
 344.000       0.9693
 345.000       0.9966
 346.000       1.1653
 347.000       0.7699
 348.000       0.9090
 349.000       0.8537
 350.000       0.8194
 351.000       0.7673
 352.000       0.8351
 353.000       1.0892
 354.000       1.0447
 355.000       0.7501
 356.000       1.1012
 357.000       1.1133
 358.000       1.1893
 359.000       1.2288
 360.000       1.1978
 361.000       1.3152
 362.000       1.0766
 363.000       1.2840
 364.000       1.0942
 365.000       0.9088
 366.000       0.8439
 367.000       1.6416
 368.000       0.9128
 369.000       0.7925
 370.000       1.0588
 371.000       1.3368
 372.000       1.1249
 373.000       0.8348
 374.000       1.0078
 375.000       1.2835
 376.000       0.9795
 377.000       0.9457
 378.000       1.0805
 379.000       1.2611
 380.000       1.2066
 381.000       1.3125
 382.000       1.8436
 383.000       1.7665
 384.000       1.3090
 385.000       1.6413
 386.000       2.5715
 387.000       1.8916
 388.000       2.0565
 389.000       2.0438
 390.000       2.0357
 391.000       1.2405
 392.000       1.3132
 393.000       1.7106
 394.000       1.7030
 395.000       1.1647
 396.000       1.2135
 397.000       1.6489
 398.000       1.1654
 399.000       1.0548
 400.000       1.2312
 401.000       1.5812
 402.000       1.7175
 403.000       0.9059
 404.000       1.2305
 405.000       1.3631
 406.000       0.8547
 407.000       0.8860
 408.000       0.7952
 409.000       1.1203
 410.000       0.8110
 411.000       0.8356
 412.000       1.2135
 413.000       1.0651
 414.000       0.9007
 415.000       0.9573
 416.000       0.8642
 417.000       1.0015
 418.000       1.1304
 419.000       1.0058
 420.000       1.2720
 421.000       1.0722
 422.000       1.2668
 423.000       1.9447
 424.000       0.9829
 425.000       0.9611
 426.000       0.8110
 427.000       1.0478
 428.000       0.7838
 429.000       1.4197
 430.000       0.8124
 431.000       0.8433
 432.000       0.7023
 433.000       1.2707
 434.000       0.7677
 435.000       0.6034
 436.000       0.8688
 437.000       0.6161
 438.000       0.8671
 439.000       0.8071
 440.000       0.9312
 441.000       1.0616
 442.000       0.9779
 443.000       0.6282
 444.000       0.9388
 445.000       0.6854
 446.000       1.0484
 447.000       0.6422
 448.000       0.6695
 449.000       0.9218
 450.000       0.8276
 451.000       0.8309
 452.000       1.0602
 453.000       1.4513
 454.000       1.0654
 455.000       1.1073
 456.000       1.0906
 457.000       1.8062
 458.000       1.4346
 459.000       0.9434
 460.000       0.9485
 461.000       1.2309
 462.000       1.2504
 463.000       0.8513
 464.000       0.8796
 465.000       1.1288
 466.000       0.7784
 467.000       0.6336
 468.000       0.8891
 469.000       1.1532
 470.000       0.8346
 471.000       0.7807
 472.000       0.6968
 473.000       0.9207
 474.000       0.7317
 475.000       0.8142
 476.000       0.9298
 477.000       1.4684
 478.000       0.9301
 479.000       0.9641
 480.000       0.9764
 481.000       1.1780
 482.000       1.0878
 483.000       1.3749
 484.000       1.4640
 485.000       1.7168
 486.000       1.6717
 487.000       2.4791
 488.000       1.3824
 489.000       1.3693
 490.000       2.0136
 491.000       1.5458
 492.000       1.9902
 493.000       2.1641
 494.000       1.5619
 495.000       1.7325
 496.000       1.4224
 497.000       1.3891
 498.000       1.6733
 499.000       1.5299
 500.000       1.2763
 501.000       1.4113
 502.000       1.2298
 503.000       1.4853
 504.000       1.0976
 505.000       1.1235
 506.000       1.3709
 507.000       1.5693
 508.000       1.1117
 509.000       1.3379
 510.000       1.5628
 511.000       1.2125
 512.000       1.4747
 513.000       1.2215
 514.000       1.1959
 515.000       0.9169
 516.000       0.9925
 517.000       1.3099
 518.000       1.4478
 519.000       1.0510
 520.000       1.2151
 521.000       1.6234
 522.000       1.2817
 523.000       1.7145
 524.000       1.6727
 525.000       1.6655
 526.000       1.4852
 527.000       1.8758
 528.000       2.0499
 529.000       2.1463
 530.000       2.3233
 531.000       2.8472
 532.000       1.9439
 533.000       1.6053
 534.000       1.7426
 535.000       1.4076
 536.000       2.1326
 537.000       1.1479
 538.000       1.4211
 539.000       1.2468
 540.000       1.8466
 541.000       2.5144
 542.000       2.8726
 543.000       2.9894
 544.000       4.1387
 545.000       3.5716
 546.000       6.1532
 547.000       7.0679
 548.000       3.8542
 549.000       0.7438
 550.000       1.5741
 551.000      52.0070
 552.000      51.9919
 553.000      52.1544
 554.000      51.2822
 555.000      51.8801
 556.000      51.0033
 557.000      50.6778
 558.000      51.5295
 559.000      51.4607
 560.000      50.1229
 561.000      51.1682
 562.000      51.3095
 563.000      51.8580
 564.000      52.3478
 565.000      52.0964
 566.000      51.4198
 567.000      51.5211
 568.000      52.5949
 569.000      51.5256
 570.000      51.6644
 571.000      52.0899
 572.000      49.2696
 573.000      50.7501
 574.000      50.7951
 575.000      51.2636
 576.000      51.1912
 577.000      50.7230
 578.000      50.3550
 579.000      50.8118
 580.000      49.9267
 581.000      52.1299
 582.000      52.3084
 583.000      52.3004
 584.000      50.9002
 585.000      52.3647
 586.000      50.6925
 587.000      52.3384
 588.000      50.9428
 589.000      49.7344
 590.000      51.7159
 591.000      52.7578
 592.000      52.8554
 593.000      51.5392
 594.000      52.6436
 595.000      52.1327
 596.000      52.0813
 597.000      51.2248
 598.000       2.5331
 599.000      53.2761
 600.000      52.7571
 601.000      53.5273
 602.000      51.6461
 603.000      53.4160
 604.000      53.2177
 605.000      53.6421
 606.000      54.0277
 607.000      53.1332
 608.000      52.7755
 609.000      52.6397
 610.000      53.1273
 611.000      53.4663
 612.000      53.3628
 613.000      53.5166
 614.000      53.2195
 615.000      53.5980
 616.000      53.5453
 617.000      52.7340
 618.000      52.8735
 619.000      52.5673
 620.000      53.2583
 621.000      53.5679
 622.000      52.7118
 623.000      52.9205
 624.000      53.1917
 625.000      53.3508
 626.000      53.4044
 627.000      53.0227
 628.000      53.0739
 629.000      53.5105
 630.000      53.2186
 631.000      53.5672
 632.000      53.2683
 633.000      52.7407
 634.000      52.6669
 635.000      52.5330
 636.000      53.0858
 637.000      53.2594
 638.000      53.1360
 639.000      53.1063
 640.000      54.2883
 641.000      53.2902
 642.000      53.6720
 643.000      53.3362
