#Res        AtomicFlx
   1.000       7.8321
   2.000       5.7083
   3.000       5.1002
   4.000       3.8992
   5.000       3.1282
   6.000       2.5117
   7.000       2.1332
   8.000       2.2232
   9.000       1.4611
  10.000       1.6067
  11.000       1.6199
  12.000       1.2328
  13.000       1.1676
  14.000       1.1926
  15.000       1.0286
  16.000       0.8655
  17.000       0.6864
  18.000       0.5734
  19.000       0.6472
  20.000       0.6223
  21.000       0.8972
  22.000       0.7545
  23.000       0.9709
  24.000       0.7485
  25.000       0.6447
  26.000       1.2201
  27.000       1.2555
  28.000       1.4929
  29.000       0.7708
  30.000       1.0874
  31.000       2.4426
  32.000       1.3704
  33.000       1.4029
  34.000       2.9864
  35.000       2.1380
  36.000       1.6221
  37.000       2.0525
  38.000       1.7146
  39.000       1.6256
  40.000       1.8740
  41.000       1.5952
  42.000       1.5621
  43.000       1.7461
  44.000       1.3174
  45.000       0.8237
  46.000       1.2929
  47.000       1.1269
  48.000       1.0218
  49.000       0.7633
  50.000       1.0563
  51.000       0.8339
  52.000       0.6930
  53.000       0.5600
  54.000       0.6444
  55.000       0.6035
  56.000       0.7045
  57.000       0.5283
  58.000       0.6361
  59.000       0.7288
  60.000       0.6738
  61.000       0.6311
  62.000       0.6304
  63.000       0.9692
  64.000       0.6106
  65.000       0.7744
  66.000       0.7850
  67.000       0.6819
  68.000       0.8415
  69.000       0.9420
  70.000       0.6675
  71.000       0.7521
  72.000       0.7440
  73.000       0.5988
  74.000       0.7062
  75.000       0.9471
  76.000       1.1881
  77.000       1.0251
  78.000       0.9452
  79.000       1.0228
  80.000       1.2384
  81.000       0.9265
  82.000       1.0746
  83.000       0.5937
  84.000       0.8519
  85.000       0.6618
  86.000       0.9503
  87.000       0.7026
  88.000       0.7701
  89.000       0.7784
  90.000       0.9705
  91.000       0.8194
  92.000       0.7786
  93.000       0.9820
  94.000       0.9996
  95.000       0.7504
  96.000       0.6772
  97.000       1.3593
  98.000       0.9218
  99.000       1.1284
 100.000       0.8576
 101.000       0.9252
 102.000       1.0090
 103.000       0.8237
 104.000       0.6438
 105.000       0.6179
 106.000       0.6120
 107.000       1.0083
 108.000       0.8095
 109.000       0.5853
 110.000       0.6954
 111.000       1.1761
 112.000       0.7019
 113.000       0.6902
 114.000       1.3059
 115.000       1.1361
 116.000       1.7464
 117.000       1.9248
 118.000       0.9762
 119.000       0.9784
 120.000       0.9049
 121.000       1.5283
 122.000       1.9005
 123.000       1.0766
 124.000       1.8652
 125.000       1.1832
 126.000       1.4406
 127.000       1.0587
 128.000       0.9771
 129.000       1.0613
 130.000       1.3547
 131.000       1.5722
 132.000       1.0808
 133.000       1.4467
 134.000       1.9644
 135.000       2.1299
 136.000       2.6322
 137.000       3.3244
 138.000       3.9043
 139.000       5.3502
 140.000       5.4488
 141.000       6.6156
 142.000       7.7107
 143.000       9.5621
 144.000       7.9605
 145.000       9.0872
 146.000       7.1859
 147.000       6.6532
 148.000       4.2737
 149.000       4.5221
 150.000       2.8591
 151.000       2.8689
 152.000       1.5049
 153.000       1.5340
 154.000       1.2430
 155.000       0.8188
 156.000       0.7741
 157.000       0.7980
 158.000       1.0991
 159.000       0.7735
 160.000       0.7009
 161.000       1.1417
 162.000       1.6115
 163.000       0.9844
 164.000       0.8589
 165.000       0.8517
 166.000       1.4590
 167.000       1.2502
 168.000       2.2849
 169.000       3.1086
 170.000       2.6215
 171.000       1.7842
 172.000       1.2557
 173.000       1.2638
 174.000       1.5956
 175.000       1.6013
 176.000       1.2592
 177.000       1.0256
 178.000       1.1518
 179.000       0.9493
 180.000       1.2447
 181.000       1.9254
 182.000       1.3160
 183.000       1.1018
 184.000       0.7406
 185.000       0.7529
 186.000       0.6659
 187.000       0.8532
 188.000       0.8289
 189.000       1.1811
 190.000       0.8502
 191.000       0.9773
 192.000       0.8980
 193.000       1.1520
 194.000       1.1153
 195.000       1.0876
 196.000       1.2645
 197.000       0.9921
 198.000       0.9041
 199.000       1.0813
 200.000       1.3678
 201.000       0.8955
 202.000       1.5317
 203.000       2.5962
 204.000       1.5866
 205.000       1.4075
 206.000       1.3451
 207.000       1.6508
 208.000       1.0161
 209.000       1.1251
 210.000       1.4821
 211.000       1.1236
 212.000       0.8573
 213.000       0.8802
 214.000       1.0619
 215.000       1.4390
 216.000       0.7747
 217.000       0.7388
 218.000       0.8133
 219.000       0.7391
 220.000       1.0072
 221.000       0.6977
 222.000       0.6357
 223.000       0.7902
 224.000       0.9553
 225.000       1.1710
 226.000       0.7158
 227.000       0.6814
 228.000       1.1456
 229.000       0.8795
 230.000       0.8968
 231.000       0.9462
 232.000       0.8097
 233.000       0.7937
 234.000       1.0706
 235.000       1.0387
 236.000       0.7270
 237.000       0.9787
 238.000       1.4472
 239.000       0.9247
 240.000       0.9245
 241.000       1.0318
 242.000       1.1598
 243.000       1.5745
 244.000       1.6054
 245.000       2.1964
 246.000       2.8592
 247.000       2.3242
 248.000       1.6179
 249.000       2.0914
 250.000       1.6634
 251.000       1.3865
 252.000       1.4664
 253.000       1.5339
 254.000       1.9204
 255.000       1.2404
 256.000       1.1680
 257.000       0.9023
 258.000       0.9129
 259.000       0.9981
 260.000       0.7231
 261.000       0.9346
 262.000       0.8257
 263.000       1.4006
 264.000       0.5575
 265.000       0.6696
 266.000       0.6266
 267.000       0.9516
 268.000       0.8160
 269.000       1.1170
 270.000       0.6885
 271.000       0.7712
 272.000       0.6331
 273.000       0.6861
 274.000       0.7289
 275.000       1.1955
 276.000       0.6425
 277.000       0.8388
 278.000       2.1399
 279.000       0.9151
 280.000       1.7153
 281.000       1.2321
 282.000       1.3264
 283.000       1.2567
 284.000       1.0713
 285.000       0.9472
 286.000       1.0153
 287.000       1.6921
 288.000       0.7957
 289.000       0.6066
 290.000       1.0110
 291.000       0.7321
 292.000       0.6174
 293.000       0.5785
 294.000       0.6655
 295.000       0.7409
 296.000       0.5643
 297.000       0.7599
 298.000       0.9452
 299.000       0.6279
 300.000       0.5959
 301.000       1.2624
 302.000       0.7480
 303.000       0.7103
 304.000       0.7439
 305.000       1.3369
 306.000       0.7834
 307.000       0.7156
 308.000       0.9293
 309.000       0.7654
 310.000       0.9711
 311.000       0.8944
 312.000       0.7000
 313.000       0.7922
 314.000       0.9319
 315.000       0.8823
 316.000       1.6433
 317.000       1.4682
 318.000       1.3930
 319.000       1.3333
 320.000       1.4215
 321.000       1.1819
 322.000       1.3430
 323.000       1.1394
 324.000       1.3214
 325.000       1.3051
 326.000       1.3562
 327.000       1.7295
 328.000       2.1934
 329.000       1.5727
 330.000       0.9393
 331.000       0.6517
 332.000       0.9262
 333.000       1.0087
 334.000       0.6166
 335.000       0.6838
 336.000       1.0651
 337.000       1.1358
 338.000       0.8171
 339.000       0.9924
 340.000       0.7520
 341.000       1.0896
 342.000       0.9182
 343.000       0.9968
 344.000       0.8958
 345.000       0.8413
 346.000       0.9677
 347.000       0.6514
 348.000       0.8123
 349.000       0.6854
 350.000       0.6181
 351.000       0.6021
 352.000       0.6504
 353.000       0.9120
 354.000       0.6177
 355.000       0.5667
 356.000       0.8881
 357.000       0.8756
 358.000       0.9998
 359.000       1.0611
 360.000       0.8351
 361.000       1.0511
 362.000       0.6056
 363.000       0.8252
 364.000       0.5559
 365.000       0.7752
 366.000       0.6805
 367.000       1.1481
 368.000       0.6213
 369.000       0.6551
 370.000       0.8764
 371.000       0.9441
 372.000       0.9272
 373.000       0.7366
 374.000       0.8963
 375.000       1.1425
 376.000       0.8597
 377.000       0.8753
 378.000       1.1358
 379.000       1.2844
 380.000       1.0435
 381.000       1.1603
 382.000       1.8352
 383.000       1.3250
 384.000       1.0129
 385.000       1.5560
 386.000       2.4394
 387.000       1.5134
 388.000       1.6973
 389.000       1.4101
 390.000       1.4258
 391.000       0.9257
 392.000       0.9524
 393.000       1.1381
 394.000       1.8900
 395.000       0.9543
 396.000       1.0419
 397.000       1.2474
 398.000       0.8178
 399.000       0.9900
 400.000       1.0391
 401.000       1.2095
 402.000       1.1919
 403.000       0.9040
 404.000       1.1723
 405.000       1.3372
 406.000       0.8499
 407.000       1.0451
 408.000       0.8698
 409.000       0.9993
 410.000       0.8846
 411.000       0.8005
 412.000       0.8824
 413.000       1.0485
 414.000       0.9359
 415.000       0.8631
 416.000       0.9336
 417.000       1.1362
 418.000       1.0696
 419.000       1.0196
 420.000       1.4153
 421.000       0.9894
 422.000       1.0173
 423.000       1.7825
 424.000       1.1814
 425.000       1.3792
 426.000       1.2371
 427.000       1.4602
 428.000       1.0966
 429.000       1.4939
 430.000       1.0104
 431.000       1.1539
 432.000       0.9182
 433.000       1.3102
 434.000       1.0453
 435.000       0.8018
 436.000       1.1045
 437.000       0.8912
 438.000       1.1011
 439.000       1.0550
 440.000       1.1629
 441.000       1.2836
 442.000       1.0097
 443.000       0.7760
 444.000       1.0134
 445.000       0.8852
 446.000       1.1873
 447.000       0.6535
 448.000       0.8010
 449.000       1.0982
 450.000       0.7821
 451.000       0.8685
 452.000       1.4163
 453.000       1.4981
 454.000       1.1212
 455.000       1.6822
 456.000       1.7554
 457.000       2.3124
 458.000       1.8202
 459.000       0.9682
 460.000       1.2016
 461.000       1.2437
 462.000       1.2376
 463.000       0.9097
 464.000       0.9508
 465.000       1.2102
 466.000       0.8027
 467.000       0.6503
 468.000       1.0825
 469.000       1.2614
 470.000       0.8623
 471.000       0.8221
 472.000       0.7865
 473.000       1.0816
 474.000       0.9306
 475.000       0.9005
 476.000       1.0016
 477.000       1.2457
 478.000       0.9148
 479.000       1.1716
 480.000       0.9657
 481.000       0.9628
 482.000       1.0723
 483.000       1.2201
 484.000       1.3249
 485.000       1.3308
 486.000       1.3722
 487.000       2.9536
 488.000       1.3817
 489.000       1.2860
 490.000       2.0092
 491.000       1.2241
 492.000       1.6345
 493.000       1.7478
 494.000       1.3439
 495.000       1.9170
 496.000       1.6525
 497.000       1.6637
 498.000       2.0772
 499.000       1.6987
 500.000       1.3498
 501.000       1.5620
 502.000       1.4031
 503.000       1.4681
 504.000       1.0206
 505.000       1.4099
 506.000       1.2428
 507.000       1.0612
 508.000       1.0436
 509.000       1.2608
 510.000       0.8568
 511.000       0.9400
 512.000       1.0492
 513.000       0.9183
 514.000       0.9946
 515.000       0.9303
 516.000       0.9836
 517.000       1.2528
 518.000       1.5795
 519.000       1.1103
 520.000       1.2152
 521.000       1.3854
 522.000       1.3892
 523.000       2.1719
 524.000       1.6480
 525.000       1.5416
 526.000       1.5480
 527.000       1.9258
 528.000       1.9345
 529.000       2.0425
 530.000       2.2654
 531.000       2.5279
 532.000       1.9621
 533.000       1.5689
 534.000       1.8350
 535.000       1.6123
 536.000       1.9651
 537.000       1.3202
 538.000       1.7291
 539.000       1.2083
 540.000       1.1543
 541.000       1.7440
 542.000       3.8272
 543.000       5.0387
 544.000       7.5621
 545.000       4.2577
 546.000       6.9669
 547.000      10.0600
 548.000      11.2908
 549.000      13.9776
 550.000      13.2038
 551.000      12.0173
 552.000      13.9071
 553.000      15.0558
 554.000       2.8327
 555.000       4.5611
 556.000       7.1077
 557.000       8.3037
 558.000      11.1842
 559.000      11.5499
 560.000       7.5538
 561.000       8.5560
 562.000      10.2882
 563.000       6.8117
 564.000      10.7360
 565.000      14.8125
 566.000      17.4217
 567.000      19.1385
 568.000      17.2729
 569.000      16.0288
 570.000      16.9874
 571.000      19.6467
 572.000       1.3073
 573.000       0.6113
 574.000       0.5626
 575.000      51.2557
 576.000      52.1051
 577.000      51.2813
 578.000      50.7347
 579.000      50.5353
 580.000      51.7299
 581.000      51.0143
 582.000      50.5841
 583.000      50.7661
 584.000      51.1701
 585.000      52.1035
 586.000      49.6983
 587.000      53.4471
 588.000      49.8381
 589.000      52.4307
 590.000      52.2130
 591.000      51.8399
 592.000      51.9649
 593.000      51.7247
 594.000      50.4938
 595.000      51.8442
 596.000      52.5393
 597.000      51.9938
 598.000      52.5539
 599.000      53.3115
 600.000      51.2565
 601.000      50.6165
 602.000      50.5639
 603.000      52.6773
 604.000      50.4834
 605.000      53.3653
 606.000      52.8319
 607.000      50.5828
 608.000      52.8825
 609.000      49.8392
 610.000      49.4518
 611.000      52.4010
 612.000      51.9056
 613.000      51.3029
 614.000      51.3469
 615.000      50.5219
 616.000      50.4850
 617.000      51.6113
 618.000      48.8156
 619.000      52.6313
 620.000      51.0079
 621.000      51.0987
 622.000       0.6438
 623.000      53.6887
 624.000      54.0514
 625.000      53.1502
 626.000      53.9171
 627.000      53.9089
 628.000      54.6697
 629.000      53.7438
 630.000      53.9850
 631.000      53.7535
 632.000      54.0431
 633.000      53.8526
 634.000      53.8495
 635.000      53.9911
 636.000      54.0923
 637.000      54.3120
 638.000      54.0168
 639.000      53.9079
 640.000      53.4467
 641.000      53.4119
 642.000      54.0383
 643.000      53.7910
 644.000      53.6585
 645.000      54.2058
 646.000      54.0261
 647.000      54.3598
 648.000      54.0573
 649.000      53.5185
 650.000      53.8090
 651.000      54.4114
 652.000      53.6990
 653.000      54.2042
 654.000      53.3658
 655.000      53.8127
 656.000      53.9475
 657.000      52.9402
 658.000      54.2909
 659.000      54.4105
 660.000      53.8727
 661.000      53.5581
 662.000      54.0692
 663.000      54.0579
 664.000      53.8333
 665.000      54.4002
 666.000      53.9243
 667.000      53.4999
