#Res        AtomicFlx
   1.000       4.6000
   2.000       2.1734
   3.000       0.7564
   4.000       1.2025
   5.000       0.8685
   6.000       0.6889
   7.000       0.9105
   8.000       1.1584
   9.000       0.7800
  10.000       1.0561
  11.000       0.8659
  12.000       0.5758
  13.000       0.7370
  14.000       0.7000
  15.000       0.5672
  16.000       0.6933
  17.000       1.0283
  18.000       0.5444
  19.000       0.6245
  20.000       0.6805
  21.000       0.8666
  22.000       0.9175
  23.000       1.0483
  24.000       1.1054
  25.000       1.3577
  26.000       1.1529
  27.000       0.8912
  28.000       1.5758
  29.000       1.1354
  30.000       1.0355
  31.000       1.8504
  32.000       1.2524
  33.000       1.1148
  34.000       1.4731
  35.000       1.9368
  36.000       0.9825
  37.000       1.1088
  38.000       1.0117
  39.000       1.0533
  40.000       1.1043
  41.000       0.8925
  42.000       1.1947
  43.000       1.1167
  44.000       0.9078
  45.000       1.1756
  46.000       1.4705
  47.000       1.3723
  48.000       1.5244
  49.000       1.1389
  50.000       1.2516
  51.000       1.4377
  52.000       0.8577
  53.000       0.6981
  54.000       0.7758
  55.000       0.6211
  56.000       0.7326
  57.000       0.7725
  58.000       0.9035
  59.000       0.7653
  60.000       0.7487
  61.000       0.6717
  62.000       0.6004
  63.000       0.6595
  64.000       0.4916
  65.000       0.5492
  66.000       0.9239
  67.000       0.6109
  68.000       0.6296
  69.000       0.8009
  70.000       0.6380
  71.000       0.8571
  72.000       0.9257
  73.000       0.6525
  74.000       0.6888
  75.000       0.8403
  76.000       1.5241
  77.000       1.2249
  78.000       1.0816
  79.000       0.9917
  80.000       1.2470
  81.000       1.0179
  82.000       1.2022
  83.000       0.7034
  84.000       0.9590
  85.000       0.6773
  86.000       0.9816
  87.000       0.7983
  88.000       0.7214
  89.000       0.7556
  90.000       1.1124
  91.000       0.8423
  92.000       0.6399
  93.000       0.8897
  94.000       1.0791
  95.000       0.7404
  96.000       0.7965
  97.000       1.3375
  98.000       1.4309
  99.000       0.6279
 100.000       0.7744
 101.000       0.8699
 102.000       0.6944
 103.000       0.6926
 104.000       0.6085
 105.000       0.5873
 106.000       0.6423
 107.000       0.9067
 108.000       0.7822
 109.000       0.6779
 110.000       0.7660
 111.000       1.7213
 112.000       0.8637
 113.000       0.7264
 114.000       1.3712
 115.000       1.4352
 116.000       1.9649
 117.000       1.9186
 118.000       1.0063
 119.000       0.9011
 120.000       0.8210
 121.000       1.3701
 122.000       1.8829
 123.000       1.0765
 124.000       1.8962
 125.000       1.2630
 126.000       1.2890
 127.000       1.0280
 128.000       0.9761
 129.000       1.0937
 130.000       1.4161
 131.000       1.5549
 132.000       1.0000
 133.000       1.1702
 134.000       1.3026
 135.000       1.5991
 136.000       3.0249
 137.000       3.4279
 138.000       4.1660
 139.000       5.5304
 140.000       6.4400
 141.000       7.2203
 142.000       7.1227
 143.000       7.8157
 144.000       7.3497
 145.000       6.7813
 146.000       5.8703
 147.000       5.7859
 148.000       4.0424
 149.000       4.2631
 150.000       2.8310
 151.000       2.5022
 152.000       1.4243
 153.000       1.4475
 154.000       1.0990
 155.000       0.7255
 156.000       0.7146
 157.000       0.7474
 158.000       0.9715
 159.000       0.7376
 160.000       0.7221
 161.000       1.1014
 162.000       1.4110
 163.000       0.9287
 164.000       0.8762
 165.000       0.9023
 166.000       1.5411
 167.000       1.3601
 168.000       2.9064
 169.000       3.9234
 170.000       3.7150
 171.000       4.5280
 172.000       2.6190
 173.000       2.4214
 174.000       2.2285
 175.000       1.6383
 176.000       1.4546
 177.000       1.0672
 178.000       1.2068
 179.000       0.9193
 180.000       1.3004
 181.000       2.5876
 182.000       1.6193
 183.000       1.0581
 184.000       0.7669
 185.000       0.7318
 186.000       0.6412
 187.000       0.7196
 188.000       0.7707
 189.000       1.1334
 190.000       0.7419
 191.000       0.7670
 192.000       0.8017
 193.000       1.0738
 194.000       0.8158
 195.000       0.9431
 196.000       1.6952
 197.000       0.6990
 198.000       0.8361
 199.000       0.9418
 200.000       1.1935
 201.000       0.7440
 202.000       1.0661
 203.000       1.6141
 204.000       1.0706
 205.000       0.8706
 206.000       0.8256
 207.000       1.4250
 208.000       0.9223
 209.000       0.9058
 210.000       1.5129
 211.000       1.0190
 212.000       0.7712
 213.000       1.0573
 214.000       1.0739
 215.000       1.6016
 216.000       0.7755
 217.000       1.1151
 218.000       0.8983
 219.000       0.7669
 220.000       1.0178
 221.000       0.7925
 222.000       0.7435
 223.000       1.0364
 224.000       1.0522
 225.000       1.2637
 226.000       0.8806
 227.000       0.8147
 228.000       1.2731
 229.000       1.0570
 230.000       1.0324
 231.000       1.0366
 232.000       0.9028
 233.000       0.9259
 234.000       1.2046
 235.000       1.1940
 236.000       0.8461
 237.000       1.0928
 238.000       2.0256
 239.000       1.0176
 240.000       0.7853
 241.000       1.1270
 242.000       1.1252
 243.000       1.3114
 244.000       1.6610
 245.000       2.0665
 246.000       2.8055
 247.000       1.6205
 248.000       1.5698
 249.000       1.7499
 250.000       1.7756
 251.000       1.4654
 252.000       1.4100
 253.000       1.1658
 254.000       1.2469
 255.000       1.4114
 256.000       1.0739
 257.000       0.9184
 258.000       1.0629
 259.000       1.1940
 260.000       1.1109
 261.000       1.0452
 262.000       1.1735
 263.000       1.2946
 264.000       1.1703
 265.000       1.1942
 266.000       0.7605
 267.000       1.0022
 268.000       0.6014
 269.000       0.6279
 270.000       0.5077
 271.000       0.5797
 272.000       0.7276
 273.000       0.6154
 274.000       0.5398
 275.000       0.6677
 276.000       0.4745
 277.000       0.5166
 278.000       0.5959
 279.000       0.6031
 280.000       1.3224
 281.000       0.9835
 282.000       0.8513
 283.000       0.6308
 284.000       0.8804
 285.000       0.8557
 286.000       0.8095
 287.000       1.5120
 288.000       0.5816
 289.000       0.6894
 290.000       1.0633
 291.000       0.9066
 292.000       0.6540
 293.000       0.9784
 294.000       0.7622
 295.000       0.9143
 296.000       0.8509
 297.000       0.9398
 298.000       0.9617
 299.000       0.8632
 300.000       0.8689
 301.000       1.0658
 302.000       0.7256
 303.000       0.8656
 304.000       0.7673
 305.000       1.2765
 306.000       0.9219
 307.000       0.7839
 308.000       0.8899
 309.000       0.8500
 310.000       1.0449
 311.000       0.9233
 312.000       0.8138
 313.000       0.9149
 314.000       1.0393
 315.000       0.9862
 316.000       1.6589
 317.000       1.6567
 318.000       1.4345
 319.000       1.3307
 320.000       1.3579
 321.000       1.1572
 322.000       1.3701
 323.000       1.2783
 324.000       1.2971
 325.000       1.3440
 326.000       1.3604
 327.000       1.7589
 328.000       1.9149
 329.000       1.0458
 330.000       0.7935
 331.000       0.6117
 332.000       0.7659
 333.000       0.9757
 334.000       0.6145
 335.000       0.7121
 336.000       0.9498
 337.000       0.9951
 338.000       0.6989
 339.000       1.0887
 340.000       0.7517
 341.000       0.8978
 342.000       0.9391
 343.000       1.2341
 344.000       1.1560
 345.000       1.0800
 346.000       1.1480
 347.000       0.8827
 348.000       0.8905
 349.000       0.7690
 350.000       0.7153
 351.000       0.6431
 352.000       0.7265
 353.000       0.9729
 354.000       0.6235
 355.000       0.6098
 356.000       0.9754
 357.000       0.8824
 358.000       0.7929
 359.000       1.0319
 360.000       0.8687
 361.000       1.1263
 362.000       0.5520
 363.000       0.8588
 364.000       0.4957
 365.000       0.5325
 366.000       0.5680
 367.000       0.8618
 368.000       0.4719
 369.000       0.5179
 370.000       0.7940
 371.000       0.7070
 372.000       0.5810
 373.000       0.6764
 374.000       0.7617
 375.000       0.6111
 376.000       0.6385
 377.000       0.8968
 378.000       0.8617
 379.000       0.6650
 380.000       1.0352
 381.000       1.3079
 382.000       2.0889
 383.000       2.3526
 384.000       1.2737
 385.000       1.5769
 386.000       2.3838
 387.000       1.2909
 388.000       1.0405
 389.000       1.1034
 390.000       1.3023
 391.000       0.8371
 392.000       0.7692
 393.000       1.0460
 394.000       2.0114
 395.000       0.9364
 396.000       0.8499
 397.000       1.2916
 398.000       0.9364
 399.000       1.0387
 400.000       0.8119
 401.000       1.4132
 402.000       1.3889
 403.000       0.7454
 404.000       1.1465
 405.000       1.3873
 406.000       0.8222
 407.000       0.9440
 408.000       0.8300
 409.000       0.9629
 410.000       0.8417
 411.000       0.7498
 412.000       0.8812
 413.000       1.0533
 414.000       0.8956
 415.000       1.0687
 416.000       0.9002
 417.000       1.1943
 418.000       0.9838
 419.000       1.0718
 420.000       1.2315
 421.000       1.0805
 422.000       1.1219
 423.000       1.7519
 424.000       1.1473
 425.000       1.1661
 426.000       1.1976
 427.000       1.3300
 428.000       1.0249
 429.000       1.6923
 430.000       1.1075
 431.000       1.1982
 432.000       0.9325
 433.000       1.4310
 434.000       0.8724
 435.000       0.7778
 436.000       1.1036
 437.000       0.7241
 438.000       0.8170
 439.000       0.8044
 440.000       1.2334
 441.000       1.2218
 442.000       0.9888
 443.000       0.6689
 444.000       0.9628
 445.000       0.6623
 446.000       1.2667
 447.000       0.6173
 448.000       0.6036
 449.000       0.8795
 450.000       0.6434
 451.000       0.7149
 452.000       1.0857
 453.000       1.3240
 454.000       0.9734
 455.000       1.7748
 456.000       1.4965
 457.000       2.1840
 458.000       1.6816
 459.000       0.8273
 460.000       0.8973
 461.000       1.1975
 462.000       1.1769
 463.000       0.8536
 464.000       1.1656
 465.000       1.0468
 466.000       0.8545
 467.000       0.6916
 468.000       0.9799
 469.000       1.1867
 470.000       0.8955
 471.000       0.8924
 472.000       0.8425
 473.000       0.9091
 474.000       1.4257
 475.000       0.8787
 476.000       0.9589
 477.000       1.3354
 478.000       0.8380
 479.000       0.8757
 480.000       0.9500
 481.000       1.0862
 482.000       0.9732
 483.000       1.1761
 484.000       1.2913
 485.000       1.3169
 486.000       1.4997
 487.000       2.7770
 488.000       1.4507
 489.000       1.2867
 490.000       2.2408
 491.000       1.4744
 492.000       1.9322
 493.000       1.9998
 494.000       2.3084
 495.000       2.1311
 496.000       1.4860
 497.000       1.4918
 498.000       1.7938
 499.000       1.6194
 500.000       1.2562
 501.000       1.5376
 502.000       1.2555
 503.000       1.4254
 504.000       1.0110
 505.000       1.5176
 506.000       1.4759
 507.000       1.6178
 508.000       1.0966
 509.000       1.4380
 510.000       1.6634
 511.000       1.5910
 512.000       2.0938
 513.000       1.8150
 514.000       1.6861
 515.000       0.9947
 516.000       1.1854
 517.000       1.5394
 518.000       1.2690
 519.000       1.0373
 520.000       1.2555
 521.000       1.7574
 522.000       1.3929
 523.000       1.7948
 524.000       1.8270
 525.000       1.8568
 526.000       1.8437
 527.000       2.3785
 528.000       2.5217
 529.000       2.6050
 530.000       2.9283
 531.000       3.0683
 532.000       2.5412
 533.000       1.9896
 534.000       2.1980
 535.000       2.0870
 536.000       2.2555
 537.000       1.5429
 538.000       2.1897
 539.000       1.9110
 540.000       2.5692
 541.000       3.9487
 542.000       5.1452
 543.000       6.1174
 544.000       9.0200
 545.000       4.8306
 546.000       7.2593
 547.000       9.2360
 548.000      11.7409
 549.000      13.5791
 550.000      12.8535
 551.000      10.2775
 552.000      12.0359
 553.000      13.0138
 554.000       2.3491
 555.000       3.0369
 556.000       4.1147
 557.000       4.1500
 558.000       6.4873
 559.000       5.4784
 560.000       5.5880
 561.000       7.7369
 562.000       6.6432
 563.000       6.1283
 564.000       8.6309
 565.000      11.2535
 566.000      13.9540
 567.000      16.4348
 568.000      15.2853
 569.000      11.6565
 570.000      11.8703
 571.000      15.2181
 572.000       0.7815
 573.000       0.5303
 574.000      44.5346
 575.000      51.1722
 576.000      50.9297
 577.000      52.0389
 578.000      53.3305
 579.000      50.6510
 580.000      53.2469
 581.000      48.5457
 582.000      53.0083
 583.000      52.1058
 584.000      52.5816
 585.000      50.9080
 586.000      50.5959
 587.000      51.2223
 588.000      51.9076
 589.000      51.8681
 590.000      51.2297
 591.000      52.9037
 592.000      53.0657
 593.000      51.9521
 594.000      50.1737
 595.000      50.9563
 596.000      51.5228
 597.000      51.3746
 598.000      52.9920
 599.000      50.4420
 600.000      52.3513
 601.000      51.4117
 602.000      52.3727
 603.000      49.9736
 604.000      51.4593
 605.000      52.4552
 606.000      51.9159
 607.000      51.7024
 608.000      51.9390
 609.000      52.2582
 610.000      50.9472
 611.000      51.0891
 612.000      52.2360
 613.000      50.6456
 614.000      52.0825
 615.000      50.9648
 616.000      52.4021
 617.000      51.2868
 618.000      51.7738
 619.000      50.8429
 620.000      52.2009
 621.000      50.8168
 622.000      47.8632
 623.000      53.6955
 624.000      53.0317
 625.000      54.1884
 626.000      54.1037
 627.000      53.4187
 628.000      54.3568
 629.000      54.0697
 630.000      53.7595
 631.000      53.9953
 632.000      53.6342
 633.000      54.3424
 634.000      53.8900
 635.000      54.6748
 636.000      54.4702
 637.000      54.0872
 638.000      54.5282
 639.000      53.6459
 640.000      53.5899
 641.000      53.9198
 642.000      54.0973
 643.000      53.4128
 644.000      53.7019
 645.000      53.8176
 646.000      54.1268
 647.000      54.2766
 648.000      53.3294
 649.000      54.3097
 650.000      54.2317
 651.000      53.6591
 652.000      53.6480
 653.000      54.1194
 654.000      53.8975
 655.000      53.4543
 656.000      54.3955
 657.000      54.0514
 658.000      54.3535
 659.000      54.1757
 660.000      54.2977
 661.000      53.9766
 662.000      53.9767
 663.000      54.2911
 664.000      53.7914
 665.000      54.0726
 666.000      53.5174
 667.000      54.4967
