#Res        AtomicFlx
   1.000       5.0410
   2.000       3.4814
   3.000       2.5866
   4.000       2.0496
   5.000       1.5823
   6.000       1.0494
   7.000       1.4741
   8.000       1.6345
   9.000       1.6720
  10.000       1.2053
  11.000       0.9010
  12.000       0.6746
  13.000       0.8812
  14.000       0.7148
  15.000       0.5656
  16.000       0.8728
  17.000       0.6721
  18.000       0.5196
  19.000       0.6329
  20.000       0.5676
  21.000       0.6268
  22.000       0.7710
  23.000       0.9561
  24.000       0.7218
  25.000       1.1586
  26.000       1.1108
  27.000       0.7963
  28.000       0.9321
  29.000       0.5747
  30.000       0.7077
  31.000       1.1382
  32.000       0.8707
  33.000       0.8557
  34.000       1.6084
  35.000       1.4670
  36.000       0.8793
  37.000       0.9629
  38.000       0.8275
  39.000       0.8847
  40.000       1.0131
  41.000       0.8134
  42.000       1.0007
  43.000       1.0245
  44.000       0.8518
  45.000       0.6532
  46.000       1.2151
  47.000       1.0849
  48.000       0.8704
  49.000       0.7769
  50.000       1.0424
  51.000       1.0948
  52.000       0.6694
  53.000       0.5134
  54.000       1.0272
  55.000       0.5700
  56.000       0.6223
  57.000       0.8310
  58.000       0.6140
  59.000       0.8013
  60.000       0.6939
  61.000       0.8233
  62.000       0.7059
  63.000       0.9745
  64.000       0.6516
  65.000       0.9882
  66.000       0.7416
  67.000       0.7627
  68.000       0.7403
  69.000       0.8032
  70.000       0.5297
  71.000       0.6131
  72.000       0.6859
  73.000       0.5901
  74.000       0.7610
  75.000       1.3153
  76.000       2.4791
  77.000       2.1273
  78.000       1.1205
  79.000       1.3016
  80.000       1.2782
  81.000       0.9250
  82.000       1.4787
  83.000       0.5969
  84.000       0.7390
  85.000       0.5259
  86.000       0.9163
  87.000       0.5884
  88.000       0.6167
  89.000       0.6859
  90.000       0.9587
  91.000       0.6833
  92.000       0.5672
  93.000       0.7416
  94.000       0.6294
  95.000       0.6935
  96.000       0.7536
  97.000       1.3285
  98.000       1.1845
  99.000       1.0572
 100.000       0.9865
 101.000       0.9537
 102.000       0.9394
 103.000       0.8106
 104.000       0.6490
 105.000       0.6365
 106.000       0.5993
 107.000       0.9740
 108.000       0.7615
 109.000       0.8319
 110.000       0.6693
 111.000       1.0999
 112.000       0.7022
 113.000       0.6540
 114.000       1.2645
 115.000       1.1319
 116.000       1.4661
 117.000       1.4649
 118.000       0.8784
 119.000       0.7797
 120.000       0.7595
 121.000       1.1611
 122.000       1.5232
 123.000       0.9544
 124.000       1.2847
 125.000       1.0776
 126.000       1.3432
 127.000       0.9704
 128.000       0.9496
 129.000       1.2450
 130.000       1.4202
 131.000       1.5466
 132.000       1.0044
 133.000       1.1870
 134.000       1.8100
 135.000       1.4893
 136.000       2.1019
 137.000       2.3084
 138.000       2.7049
 139.000       3.7477
 140.000       4.5199
 141.000       4.9494
 142.000       4.7270
 143.000       5.1223
 144.000       4.9549
 145.000       4.7916
 146.000       3.8788
 147.000       4.2495
 148.000       4.7399
 149.000       4.9588
 150.000       4.2606
 151.000       3.6792
 152.000       2.0235
 153.000       1.8537
 154.000       1.3953
 155.000       0.8222
 156.000       0.7222
 157.000       0.7404
 158.000       1.1674
 159.000       0.6870
 160.000       0.7077
 161.000       1.1786
 162.000       1.5052
 163.000       0.9308
 164.000       0.8233
 165.000       0.8254
 166.000       1.3542
 167.000       1.3156
 168.000       2.5024
 169.000       2.1231
 170.000       2.2272
 171.000       3.3513
 172.000       2.5915
 173.000       2.9964
 174.000       1.7623
 175.000       1.6211
 176.000       1.0167
 177.000       0.8247
 178.000       1.0336
 179.000       0.8505
 180.000       1.0341
 181.000       2.3768
 182.000       1.6287
 183.000       1.0332
 184.000       0.8059
 185.000       0.8295
 186.000       0.7129
 187.000       0.8686
 188.000       0.9529
 189.000       1.2492
 190.000       1.0866
 191.000       1.2203
 192.000       1.0812
 193.000       1.4928
 194.000       1.3164
 195.000       1.4217
 196.000       1.4817
 197.000       1.2487
 198.000       1.3303
 199.000       1.8646
 200.000       1.6498
 201.000       1.5967
 202.000       1.9455
 203.000       2.7633
 204.000       1.7199
 205.000       1.3914
 206.000       1.3143
 207.000       1.9417
 208.000       1.1350
 209.000       1.1139
 210.000       1.4434
 211.000       1.0712
 212.000       0.8256
 213.000       1.0051
 214.000       0.9437
 215.000       1.5749
 216.000       0.7123
 217.000       0.9896
 218.000       0.8475
 219.000       0.6832
 220.000       0.8993
 221.000       0.7234
 222.000       0.6409
 223.000       0.8202
 224.000       0.9216
 225.000       1.1456
 226.000       0.7376
 227.000       0.6581
 228.000       1.1228
 229.000       0.8691
 230.000       0.8265
 231.000       0.8257
 232.000       0.7043
 233.000       0.7464
 234.000       0.9806
 235.000       0.9932
 236.000       0.6685
 237.000       0.9512
 238.000       1.3922
 239.000       0.8409
 240.000       0.6906
 241.000       0.8971
 242.000       0.9743
 243.000       1.1606
 244.000       1.2991
 245.000       2.0146
 246.000       2.3943
 247.000       1.7380
 248.000       1.4198
 249.000       1.3374
 250.000       1.3789
 251.000       1.0475
 252.000       1.1705
 253.000       0.9759
 254.000       0.9115
 255.000       1.1211
 256.000       0.8051
 257.000       0.6828
 258.000       0.6445
 259.000       0.6331
 260.000       0.6045
 261.000       0.6229
 262.000       0.6563
 263.000       0.5946
 264.000       0.5701
 265.000       0.6454
 266.000       0.4983
 267.000       0.6468
 268.000       0.4823
 269.000       0.5657
 270.000       0.4816
 271.000       0.5868
 272.000       0.5651
 273.000       0.6123
 274.000       0.6155
 275.000       0.7401
 276.000       0.5703
 277.000       0.7537
 278.000       1.3389
 279.000       0.8125
 280.000       1.5221
 281.000       1.1926
 282.000       1.1714
 283.000       1.1152
 284.000       0.9904
 285.000       0.9628
 286.000       0.7976
 287.000       1.6108
 288.000       0.8058
 289.000       0.6258
 290.000       0.8092
 291.000       0.6901
 292.000       0.5550
 293.000       0.6555
 294.000       0.6944
 295.000       0.8280
 296.000       0.6832
 297.000       0.7298
 298.000       0.9153
 299.000       0.6155
 300.000       0.6623
 301.000       1.2575
 302.000       0.6702
 303.000       0.6345
 304.000       0.6439
 305.000       1.3139
 306.000       0.8604
 307.000       0.6877
 308.000       0.9636
 309.000       0.7075
 310.000       0.9603
 311.000       0.8468
 312.000       0.6108
 313.000       0.6754
 314.000       0.8757
 315.000       0.8074
 316.000       1.6021
 317.000       1.3829
 318.000       1.2925
 319.000       1.2468
 320.000       1.2327
 321.000       1.0870
 322.000       1.3029
 323.000       1.0796
 324.000       1.3785
 325.000       1.3236
 326.000       1.1989
 327.000       1.3317
 328.000       1.2387
 329.000       0.9399
 330.000       0.8038
 331.000       0.6554
 332.000       1.0091
 333.000       1.0662
 334.000       0.6257
 335.000       0.6695
 336.000       1.0612
 337.000       1.4567
 338.000       0.7209
 339.000       0.9102
 340.000       0.6485
 341.000       0.8365
 342.000       0.7525
 343.000       0.9174
 344.000       0.8608
 345.000       0.8798
 346.000       0.9851
 347.000       0.6875
 348.000       0.8404
 349.000       0.6855
 350.000       0.6015
 351.000       0.5769
 352.000       0.6455
 353.000       0.7211
 354.000       0.7746
 355.000       0.5638
 356.000       0.8097
 357.000       0.7812
 358.000       0.9807
 359.000       1.0159
 360.000       0.7653
 361.000       0.7569
 362.000       0.5420
 363.000       1.0029
 364.000       0.5326
 365.000       0.6990
 366.000       0.6619
 367.000       1.3489
 368.000       0.6864
 369.000       0.6330
 370.000       1.0397
 371.000       1.2176
 372.000       0.9959
 373.000       0.6999
 374.000       1.0591
 375.000       1.2749
 376.000       0.8088
 377.000       0.8502
 378.000       1.2746
 379.000       1.1485
 380.000       0.9475
 381.000       1.2168
 382.000       1.6933
 383.000       1.4362
 384.000       1.1288
 385.000       1.4983
 386.000       2.4541
 387.000       1.6152
 388.000       2.1237
 389.000       1.7430
 390.000       1.6657
 391.000       1.1047
 392.000       1.0942
 393.000       1.3655
 394.000       1.9180
 395.000       1.0120
 396.000       1.0463
 397.000       1.3771
 398.000       0.9167
 399.000       0.9297
 400.000       1.0978
 401.000       1.3516
 402.000       1.2717
 403.000       0.8275
 404.000       1.1114
 405.000       1.0699
 406.000       0.6752
 407.000       0.8467
 408.000       0.6876
 409.000       0.8377
 410.000       0.6618
 411.000       0.5893
 412.000       0.7426
 413.000       0.9402
 414.000       0.7334
 415.000       0.8827
 416.000       0.7371
 417.000       0.9269
 418.000       0.9049
 419.000       0.8439
 420.000       0.9690
 421.000       0.6913
 422.000       0.6780
 423.000       0.6712
 424.000       0.7133
 425.000       0.9544
 426.000       0.5877
 427.000       0.6900
 428.000       0.7463
 429.000       1.0046
 430.000       0.5326
 431.000       0.6472
 432.000       0.6362
 433.000       1.0189
 434.000       0.7747
 435.000       0.6038
 436.000       0.8076
 437.000       0.5674
 438.000       0.8244
 439.000       0.8317
 440.000       1.0074
 441.000       1.1402
 442.000       1.2554
 443.000       0.7095
 444.000       0.9709
 445.000       0.7200
 446.000       1.2551
 447.000       0.6763
 448.000       0.6808
 449.000       0.9440
 450.000       0.7462
 451.000       0.8337
 452.000       1.2074
 453.000       1.4789
 454.000       1.0005
 455.000       1.2183
 456.000       1.1478
 457.000       1.8225
 458.000       1.9049
 459.000       0.8646
 460.000       0.9972
 461.000       0.9778
 462.000       1.1244
 463.000       0.8422
 464.000       0.7624
 465.000       1.0124
 466.000       0.6504
 467.000       0.6103
 468.000       0.8300
 469.000       1.1544
 470.000       0.7612
 471.000       0.7408
 472.000       0.6403
 473.000       0.9354
 474.000       0.6816
 475.000       0.6987
 476.000       0.9841
 477.000       0.9984
 478.000       0.6906
 479.000       0.7976
 480.000       0.9422
 481.000       1.0514
 482.000       0.9801
 483.000       1.4458
 484.000       1.5772
 485.000       1.5494
 486.000       2.7619
 487.000       2.8649
 488.000       1.7100
 489.000       1.2843
 490.000       1.6447
 491.000       1.3392
 492.000       1.4796
 493.000       1.6623
 494.000       1.3978
 495.000       1.7688
 496.000       1.2864
 497.000       1.0775
 498.000       1.4463
 499.000       1.1926
 500.000       0.8826
 501.000       1.2754
 502.000       0.9586
 503.000       0.9863
 504.000       0.7063
 505.000       1.0617
 506.000       0.8550
 507.000       0.8559
 508.000       0.7620
 509.000       0.7623
 510.000       0.6411
 511.000       0.6999
 512.000       0.8689
 513.000       0.7842
 514.000       0.9581
 515.000       0.7674
 516.000       0.8189
 517.000       1.2378
 518.000       1.5324
 519.000       0.8880
 520.000       1.0637
 521.000       1.5961
 522.000       1.1668
 523.000       1.4459
 524.000       1.4457
 525.000       1.4851
 526.000       1.4486
 527.000       1.8897
 528.000       1.7542
 529.000       1.7625
 530.000       2.5560
 531.000       2.3348
 532.000       1.7721
 533.000       1.4305
 534.000       1.7058
 535.000       1.4682
 536.000       2.0634
 537.000       1.1682
 538.000       1.7024
 539.000       1.3608
 540.000       1.3567
 541.000       1.7104
 542.000       3.5181
 543.000       3.2102
 544.000       4.0897
 545.000       2.2146
 546.000       2.9278
 547.000       4.2752
 548.000       4.2265
 549.000       5.3385
 550.000       5.5849
 551.000       5.4083
 552.000       7.0575
 553.000       6.9222
 554.000       3.1498
 555.000       4.2473
 556.000       6.3235
 557.000       7.0524
 558.000       9.6647
 559.000       9.2179
 560.000       8.2505
 561.000       9.7421
 562.000      10.9497
 563.000       5.8518
 564.000       7.2525
 565.000       9.6562
 566.000      11.2039
 567.000      13.1831
 568.000      11.5858
 569.000      11.6476
 570.000      13.3298
 571.000      14.3447
 572.000       0.9091
 573.000       0.5661
 574.000       0.9878
 575.000      51.0632
 576.000      50.6127
 577.000      51.6600
 578.000      50.3115
 579.000      51.8309
 580.000      50.2332
 581.000      51.9761
 582.000      50.2690
 583.000      50.9063
 584.000      50.6226
 585.000      51.3760
 586.000      50.6849
 587.000      52.6178
 588.000      51.0039
 589.000      51.6206
 590.000      47.2839
 591.000      51.6880
 592.000      51.5969
 593.000      50.2290
 594.000      51.7290
 595.000      50.8523
 596.000      50.3690
 597.000      49.9792
 598.000      51.6272
 599.000      50.4221
 600.000      52.0621
 601.000      51.4037
 602.000      52.1719
 603.000      51.3273
 604.000      51.3673
 605.000      52.3247
 606.000      48.5119
 607.000      50.8063
 608.000      51.0265
 609.000      51.4220
 610.000      52.2091
 611.000      51.8894
 612.000      51.8847
 613.000      52.2650
 614.000      51.0129
 615.000      50.4000
 616.000      52.8351
 617.000      51.5286
 618.000      52.2837
 619.000      51.3214
 620.000      52.7885
 621.000      50.2465
 622.000       0.8568
 623.000      53.6460
 624.000      53.6015
 625.000      54.0436
 626.000      53.6079
 627.000      54.1835
 628.000      53.2201
 629.000      53.6389
 630.000      54.1050
 631.000      53.9385
 632.000      53.0809
 633.000      53.4661
 634.000      53.7788
 635.000      54.1380
 636.000      53.6559
 637.000      53.3317
 638.000      53.9529
 639.000      53.9145
 640.000      54.2923
 641.000      53.8830
 642.000      53.7301
 643.000      53.1387
 644.000      53.4465
 645.000      53.8955
 646.000      53.6332
 647.000      53.2479
 648.000      53.7919
 649.000      54.3526
 650.000      53.6994
 651.000      53.3481
 652.000      54.3868
 653.000      53.8763
 654.000      53.0519
 655.000      53.9248
 656.000      52.8936
 657.000      53.2560
 658.000      53.7857
 659.000      54.0579
 660.000      54.0237
 661.000      53.4628
 662.000      54.1267
 663.000      53.7678
 664.000      54.3042
 665.000      54.6449
 666.000      53.4521
 667.000      53.6090
