#Res        AtomicFlx
   1.000       2.8471
   2.000       2.9649
   3.000       3.5398
   4.000       2.0102
   5.000       1.7099
   6.000       1.2016
   7.000       1.0874
   8.000       1.1697
   9.000       1.0453
  10.000       0.7603
  11.000       0.7964
  12.000       0.8587
  13.000       0.6946
  14.000       0.5602
  15.000       0.6771
  16.000       0.6998
  17.000       0.5518
  18.000       0.5267
  19.000       0.5024
  20.000       0.5651
  21.000       0.6414
  22.000       0.7108
  23.000       0.5852
  24.000       0.6926
  25.000       0.8891
  26.000       0.5771
  27.000       0.5116
  28.000       0.5588
  29.000       0.5995
  30.000       0.5368
  31.000       0.5607
  32.000       0.6352
  33.000       0.6591
  34.000       0.6276
  35.000       0.7492
  36.000       0.6978
  37.000       0.6942
  38.000       0.6778
  39.000       0.6038
  40.000       0.6430
  41.000       0.7218
  42.000       0.6096
  43.000       0.5050
  44.000       0.5815
  45.000       0.6236
  46.000       0.5734
  47.000       0.5737
  48.000       0.7005
  49.000       0.7425
  50.000       0.6572
  51.000       0.5540
  52.000       0.5214
  53.000       0.5628
  54.000       0.5593
  55.000       0.5256
  56.000       0.5625
  57.000       0.6012
  58.000       0.6023
  59.000       0.6394
  60.000       0.6681
  61.000       0.7648
  62.000       0.7777
  63.000       0.8220
  64.000       0.8835
  65.000       1.0307
  66.000       1.0777
  67.000       1.6714
  68.000       1.9895
  69.000       2.1295
  70.000       1.5632
  71.000       1.4957
  72.000       0.8783
  73.000       1.1948
  74.000       1.4147
  75.000       1.4213
  76.000       1.3505
  77.000       1.5443
  78.000       1.2694
  79.000       1.1109
  80.000       0.6438
  81.000       0.6811
  82.000       0.6219
  83.000       0.6251
  84.000       0.6266
  85.000       0.6599
  86.000       0.6299
  87.000       0.6337
  88.000       0.6254
  89.000       0.6217
  90.000       0.5815
  91.000       0.6142
  92.000       0.6231
  93.000       0.6157
  94.000       0.6235
  95.000       0.6001
  96.000       0.6288
  97.000       0.6237
  98.000       0.6390
  99.000       0.7193
 100.000       0.6767
 101.000       0.5712
 102.000       0.5594
 103.000       0.5378
 104.000       0.5107
 105.000       0.5135
 106.000       0.5516
 107.000       0.5194
 108.000       0.5301
 109.000       0.6141
 110.000       0.6670
 111.000       0.6218
 112.000       0.7267
 113.000       0.7771
 114.000       0.8462
 115.000       0.7932
 116.000       0.6669
 117.000       0.7840
 118.000       0.8025
 119.000       0.8206
 120.000       1.0416
 121.000       1.1219
 122.000       1.5794
 123.000       1.8203
 124.000       2.3101
 125.000       2.5350
 126.000       1.9525
 127.000       1.9653
 128.000       2.3348
 129.000       2.1506
 130.000       1.7425
 131.000       2.2450
 132.000       2.4596
 133.000       3.8523
 134.000       5.1483
 135.000       4.3447
 136.000       4.7346
 137.000       5.7457
 138.000       5.7407
 139.000       5.4498
 140.000       5.0012
 141.000       4.7198
 142.000       3.3244
 143.000       2.6127
 144.000       2.2414
 145.000       2.3929
 146.000       2.3103
 147.000       2.3198
 148.000       1.5839
 149.000       1.6645
 150.000       1.8215
 151.000       1.3178
 152.000       1.1265
 153.000       1.7285
 154.000       1.5344
 155.000       2.3345
 156.000       2.0537
 157.000       2.5457
 158.000       2.8300
 159.000       2.7214
 160.000       2.1306
 161.000       1.5934
 162.000       1.1707
 163.000       1.0195
 164.000       0.7547
 165.000       0.7305
 166.000       0.6181
 167.000       0.7113
 168.000       0.8055
 169.000       0.7096
 170.000       0.7381
 171.000       0.9151
 172.000       0.9858
 173.000       0.9821
 174.000       1.0215
 175.000       1.0658
 176.000       1.2458
 177.000       1.5703
 178.000       1.6069
 179.000       1.5902
 180.000       1.2377
 181.000       1.1944
 182.000       1.1722
 183.000       1.1171
 184.000       1.0142
 185.000       1.1996
 186.000       1.0914
 187.000       0.9377
 188.000       1.0014
 189.000       0.8909
 190.000       0.7738
 191.000       0.7070
 192.000       0.7100
 193.000       0.6582
 194.000       0.5706
 195.000       0.6799
 196.000       0.7305
 197.000       0.6936
 198.000       0.7114
 199.000       0.6895
 200.000       0.7373
 201.000       0.7547
 202.000       0.6988
 203.000       0.6765
 204.000       0.7349
 205.000       0.7044
 206.000       0.6901
 207.000       0.8039
 208.000       1.1274
 209.000       1.1964
 210.000       1.5732
 211.000       1.5141
 212.000       0.9507
 213.000       0.8591
 214.000       1.0203
 215.000       0.9358
 216.000       0.8321
 217.000       0.7455
 218.000       0.7645
 219.000       0.7357
 220.000       0.7740
 221.000       0.8155
 222.000       0.7774
 223.000       0.7482
 224.000       0.6520
 225.000       0.6468
 226.000       0.7165
 227.000       0.6723
 228.000       0.6328
 229.000       0.6772
 230.000       0.7347
 231.000       0.6992
 232.000       0.7359
 233.000       0.7539
 234.000       0.7956
 235.000       0.7969
 236.000       0.9175
 237.000       1.1237
 238.000       0.9036
 239.000       1.0010
 240.000       0.9035
 241.000       0.7906
 242.000       0.8129
 243.000       0.7822
 244.000       0.6803
 245.000       0.6527
 246.000       0.7162
 247.000       0.6828
 248.000       0.6018
 249.000       0.6683
 250.000       0.7298
 251.000       0.7749
 252.000       0.8889
 253.000       1.0475
 254.000       1.0498
 255.000       0.7982
 256.000       0.8245
 257.000       1.1510
 258.000       0.8487
 259.000       0.7956
 260.000       0.7164
 261.000       0.5998
 262.000       0.5859
 263.000       0.6026
 264.000       0.5434
 265.000       0.5203
 266.000       0.5354
 267.000       0.5256
 268.000       0.4639
 269.000       0.5195
 270.000       0.5463
 271.000       0.5091
 272.000       0.4448
 273.000       0.4979
 274.000       0.6158
 275.000       0.6186
 276.000       0.8745
 277.000       0.5816
 278.000       0.6845
 279.000       0.6185
 280.000       0.6097
 281.000       0.7319
 282.000       0.8300
 283.000       0.7691
 284.000       0.7981
 285.000       1.0672
 286.000       1.0650
 287.000       0.8395
 288.000       1.0107
 289.000       1.0912
 290.000       1.1211
 291.000       1.4011
 292.000       0.9198
 293.000       0.7787
 294.000       0.6721
 295.000       0.6645
 296.000       0.6253
 297.000       0.5692
 298.000       0.5431
 299.000       0.5663
 300.000       0.5172
 301.000       0.5190
 302.000       0.5540
 303.000       0.5111
 304.000       0.4676
 305.000       0.5226
 306.000       0.5390
 307.000       0.4870
 308.000       0.4632
 309.000       0.5075
 310.000       0.5426
 311.000       0.5456
 312.000       0.5421
 313.000       0.5722
 314.000       0.5653
 315.000       0.5183
 316.000       0.5550
 317.000       0.6085
 318.000       0.6422
 319.000       0.6376
 320.000       0.7163
 321.000       0.7227
 322.000       0.6960
 323.000       0.7549
 324.000       0.8659
 325.000       0.9227
 326.000       0.9265
 327.000       1.0230
 328.000       0.9417
 329.000       0.8958
 330.000       0.7689
 331.000       0.8175
 332.000       0.8544
 333.000       0.7563
 334.000       0.7062
 335.000       0.7642
 336.000       0.8363
 337.000       0.8794
 338.000       0.7783
 339.000       0.6819
 340.000       0.6104
 341.000       0.6448
 342.000       0.6037
 343.000       0.5896
 344.000       0.5981
 345.000       0.5832
 346.000       0.6213
 347.000       0.6189
 348.000       0.6455
 349.000       0.6587
 350.000       0.6829
 351.000       0.7304
 352.000       0.7701
 353.000       0.9191
 354.000       0.7718
 355.000       0.6559
 356.000       0.6199
 357.000       0.6658
 358.000       0.5867
 359.000       0.5412
 360.000       0.5621
 361.000       0.5581
 362.000       0.5054
 363.000       0.4875
 364.000       0.5108
 365.000       0.5185
 366.000       0.5222
 367.000       0.4919
 368.000       0.5041
 369.000       0.5506
 370.000       0.6035
 371.000       0.5635
 372.000       0.6547
 373.000       0.5324
 374.000       0.5255
 375.000       0.5500
 376.000       0.5691
 377.000       0.5563
 378.000       0.5254
 379.000       0.5350
 380.000       0.5883
 381.000       0.6098
 382.000       0.6177
 383.000       0.6924
 384.000       0.7577
 385.000       0.7856
 386.000       0.8598
 387.000       0.9349
 388.000       0.9628
 389.000       1.0636
 390.000       1.2462
 391.000       1.7074
 392.000       1.5385
 393.000       1.3349
 394.000       1.0414
 395.000       1.1255
 396.000       1.1869
 397.000       0.9761
 398.000       0.8192
 399.000       0.8084
 400.000       0.7625
 401.000       0.6636
 402.000       0.6264
 403.000       0.6706
 404.000       0.6852
 405.000       0.6564
 406.000       0.6900
 407.000       0.7208
 408.000       0.7256
 409.000       0.7333
 410.000       0.7182
 411.000       0.7724
 412.000       0.7812
 413.000       0.7617
 414.000       0.7997
 415.000       0.8037
 416.000       0.7436
 417.000       0.8356
 418.000       0.8344
 419.000       0.9716
 420.000       0.9675
 421.000       0.7818
 422.000       0.9750
 423.000       0.9803
 424.000       0.7218
 425.000       0.7335
 426.000       0.9169
 427.000       0.7871
 428.000       0.6928
 429.000       0.8983
 430.000       0.8406
 431.000       0.6960
 432.000       0.8818
 433.000       1.0976
 434.000       0.9236
 435.000       0.9123
 436.000       0.7572
 437.000       0.6335
 438.000       0.6319
 439.000       0.6678
 440.000       0.6116
 441.000       0.6119
 442.000       0.6942
 443.000       0.6985
 444.000       0.6612
 445.000       0.7282
 446.000       0.8557
 447.000       0.8335
 448.000       0.8286
 449.000       0.7954
 450.000       0.8225
 451.000       0.8668
 452.000       0.8475
 453.000       0.8173
 454.000       0.8118
 455.000       0.8786
 456.000       0.9067
 457.000       0.7527
 458.000       0.7651
 459.000       0.8870
 460.000       0.8585
 461.000       0.7759
 462.000       0.8876
 463.000       1.0405
 464.000       0.9660
 465.000       0.8973
 466.000       1.0040
 467.000       0.9861
 468.000       1.0231
 469.000       0.9175
 470.000       0.9459
 471.000       1.0240
 472.000       0.9470
 473.000       0.7788
 474.000       0.8128
 475.000       0.8535
 476.000       0.7372
 477.000       0.6662
 478.000       0.7480
 479.000       0.7488
 480.000       0.6696
 481.000       0.6078
 482.000       0.6730
 483.000       0.6873
 484.000       0.6032
 485.000       0.6063
 486.000       0.6758
 487.000       0.6633
 488.000       0.6088
 489.000       0.6712
 490.000       0.7404
 491.000       0.7121
 492.000       0.7241
 493.000       0.8187
 494.000       0.9306
 495.000       0.9613
 496.000       0.8976
 497.000       1.1560
 498.000       1.0959
 499.000       1.1840
 500.000       1.3723
 501.000       1.4781
 502.000       1.8236
 503.000       2.2781
 504.000       1.6475
 505.000       1.5935
 506.000       1.2895
 507.000       1.3780
 508.000       1.4003
 509.000       1.2768
 510.000       1.0454
 511.000       1.0348
 512.000       1.0445
 513.000       0.9619
 514.000       0.8952
 515.000       0.9072
 516.000       1.0046
 517.000       1.1077
 518.000       1.1322
 519.000       1.1822
 520.000       1.1487
 521.000       1.1222
 522.000       1.0529
 523.000       0.8126
 524.000       0.6794
 525.000       0.7433
 526.000       0.8712
 527.000       0.9241
 528.000       0.8543
 529.000       1.1095
 530.000       1.3850
 531.000       1.4364
 532.000       1.4634
 533.000       1.8530
 534.000       2.1498
 535.000       2.1343
 536.000       2.3002
 537.000       2.9895
 538.000       3.3522
 539.000       3.0357
 540.000       2.9875
 541.000       2.7921
 542.000       3.0053
 543.000       2.6498
 544.000       2.2824
 545.000       2.5631
 546.000       2.6418
 547.000       2.3278
 548.000       2.3070
 549.000       2.4462
 550.000       2.5824
 551.000       3.1607
 553.000      51.1351
