#Res        AtomicFlx
   1.000       9.6789
   2.000       8.4349
   3.000       6.8404
   4.000       5.4295
   5.000       3.9737
   6.000       2.6826
   7.000       2.0211
   8.000       1.8260
   9.000       1.5403
  10.000       1.3602
  11.000       1.1510
  12.000       1.1319
  13.000       0.9457
  14.000       0.7895
  15.000       0.9211
  16.000       0.9584
  17.000       0.9817
  18.000       1.1575
  19.000       1.2223
  20.000       1.5239
  21.000       0.8985
  22.000       1.4860
  23.000       1.9683
  24.000       1.3548
  25.000       0.7434
  26.000       0.7990
  27.000       0.6739
  28.000       0.6302
  29.000       0.6664
  30.000       0.6878
  31.000       0.6454
  32.000       0.6640
  33.000       0.7567
  34.000       0.7570
  35.000       0.8799
  36.000       0.7577
  37.000       0.9668
  38.000       1.0413
  39.000       0.7939
  40.000       0.8498
  41.000       0.9613
  42.000       0.8149
  43.000       0.6461
  44.000       0.7792
  45.000       0.8745
  46.000       0.7543
  47.000       0.6564
  48.000       0.8357
  49.000       1.0228
  50.000       0.9683
  51.000       0.7267
  52.000       0.6391
  53.000       0.6954
  54.000       0.8140
  55.000       0.7359
  56.000       0.6302
  57.000       0.6748
  58.000       0.9268
  59.000       0.9385
  60.000       0.7692
  61.000       0.8053
  62.000       0.9709
  63.000       0.9835
  64.000       1.0713
  65.000       1.2625
  66.000       1.2557
  67.000       1.3319
  68.000       1.3177
  69.000       1.0913
  70.000       0.9992
  71.000       1.0909
  72.000       1.0429
  73.000       1.0047
  74.000       1.8247
  75.000       1.8252
  76.000       1.4752
  77.000       1.4869
  78.000       1.0737
  79.000       0.7994
  80.000       0.7431
  81.000       0.6789
  82.000       0.5876
  83.000       0.6179
  84.000       0.6239
  85.000       0.6067
  86.000       0.6081
  87.000       0.6477
  88.000       0.6232
  89.000       0.7375
  90.000       0.8668
  91.000       0.7567
  92.000       0.7560
  93.000       0.9311
  94.000       0.9165
  95.000       0.7486
  96.000       0.7732
  97.000       0.8189
  98.000       0.7931
  99.000       0.7262
 100.000       0.7106
 101.000       0.6673
 102.000       0.6366
 103.000       0.5756
 104.000       0.5471
 105.000       0.5797
 106.000       0.6041
 107.000       0.5340
 108.000       0.5692
 109.000       0.6630
 110.000       0.6597
 111.000       0.6344
 112.000       0.7550
 113.000       0.8051
 114.000       0.8679
 115.000       0.7497
 116.000       0.6474
 117.000       0.7384
 118.000       0.7747
 119.000       0.8482
 120.000       0.9652
 121.000       1.0057
 122.000       1.3256
 123.000       1.1122
 124.000       1.3145
 125.000       1.3114
 126.000       1.2724
 127.000       1.3881
 128.000       1.8343
 129.000       2.4194
 130.000       2.0331
 131.000       2.0767
 132.000       2.7662
 133.000       2.9017
 134.000       2.3363
 135.000       2.2749
 136.000       3.2311
 137.000       4.9611
 138.000       5.2013
 139.000       4.5744
 140.000       4.4223
 141.000       3.7100
 142.000       3.1696
 143.000       2.3676
 144.000       1.9077
 145.000       2.0698
 146.000       2.1085
 147.000       1.5748
 148.000       1.2938
 149.000       1.4055
 150.000       1.4152
 151.000       1.1205
 152.000       1.1139
 153.000       1.3011
 154.000       1.4133
 155.000       1.4053
 156.000       1.2183
 157.000       1.1988
 158.000       1.4182
 159.000       1.4267
 160.000       1.6092
 161.000       1.4175
 162.000       1.4251
 163.000       1.2935
 164.000       0.7216
 165.000       0.6791
 166.000       0.5587
 167.000       0.6043
 168.000       0.6721
 169.000       0.6209
 170.000       0.5631
 171.000       0.6461
 172.000       0.7143
 173.000       0.7185
 174.000       0.6530
 175.000       0.6649
 176.000       0.7096
 177.000       0.8061
 178.000       0.9918
 179.000       1.3458
 180.000       1.2195
 181.000       1.3411
 182.000       1.3915
 183.000       1.0696
 184.000       0.9380
 185.000       0.8890
 186.000       0.8997
 187.000       0.7954
 188.000       0.7901
 189.000       0.8692
 190.000       0.8724
 191.000       0.7827
 192.000       0.7809
 193.000       0.7951
 194.000       0.7830
 195.000       0.7488
 196.000       0.7934
 197.000       0.8725
 198.000       0.8496
 199.000       0.8032
 200.000       0.8905
 201.000       0.9118
 202.000       0.8168
 203.000       0.8476
 204.000       0.9431
 205.000       0.8718
 206.000       0.9388
 207.000       1.1785
 208.000       1.1839
 209.000       1.1089
 210.000       1.1601
 211.000       1.2073
 212.000       1.0079
 213.000       0.8892
 214.000       1.0506
 215.000       0.9752
 216.000       0.8165
 217.000       0.7720
 218.000       0.7719
 219.000       0.7455
 220.000       0.8970
 221.000       1.0010
 222.000       0.8135
 223.000       0.8225
 224.000       0.7238
 225.000       0.6502
 226.000       0.7260
 227.000       0.6978
 228.000       0.5945
 229.000       0.6521
 230.000       0.7763
 231.000       0.7640
 232.000       0.7630
 233.000       0.9399
 234.000       1.0671
 235.000       1.1029
 236.000       1.2128
 237.000       1.3032
 238.000       1.0907
 239.000       1.0949
 240.000       0.9961
 241.000       0.9146
 242.000       1.0459
 243.000       0.9313
 244.000       0.7682
 245.000       0.7639
 246.000       0.8700
 247.000       0.8650
 248.000       0.7350
 249.000       0.8592
 250.000       0.9444
 251.000       0.9367
 252.000       1.0248
 253.000       1.3867
 254.000       1.2515
 255.000       1.1695
 256.000       1.3028
 257.000       1.4220
 258.000       1.2108
 259.000       1.0804
 260.000       0.9822
 261.000       0.8156
 262.000       0.8019
 263.000       0.8259
 264.000       0.7201
 265.000       0.6574
 266.000       0.6880
 267.000       0.6921
 268.000       0.6413
 269.000       0.6161
 270.000       0.5979
 271.000       0.6550
 272.000       0.6958
 273.000       0.6675
 274.000       0.7877
 275.000       0.6770
 276.000       0.7080
 277.000       0.8327
 278.000       1.5959
 279.000       1.5170
 280.000       1.1025
 281.000       1.1543
 282.000       1.3342
 283.000       1.1759
 284.000       1.0250
 285.000       1.1432
 286.000       1.2656
 287.000       1.2484
 288.000       1.4290
 289.000       1.2924
 290.000       1.4035
 291.000       1.3138
 292.000       1.2314
 293.000       1.2287
 294.000       1.0391
 295.000       0.9215
 296.000       1.0133
 297.000       0.9008
 298.000       0.7657
 299.000       0.7441
 300.000       0.6741
 301.000       0.6486
 302.000       0.6883
 303.000       0.6756
 304.000       0.7104
 305.000       0.8159
 306.000       0.8012
 307.000       0.7296
 308.000       0.6871
 309.000       0.6743
 310.000       0.6035
 311.000       0.5748
 312.000       0.6215
 313.000       0.6312
 314.000       0.5613
 315.000       0.5286
 316.000       0.5996
 317.000       0.6341
 318.000       0.6411
 319.000       0.6432
 320.000       0.6687
 321.000       0.6612
 322.000       0.6574
 323.000       0.6806
 324.000       0.7458
 325.000       0.8729
 326.000       0.9058
 327.000       0.8667
 328.000       0.8713
 329.000       0.8749
 330.000       0.7552
 331.000       0.9105
 332.000       0.9521
 333.000       0.8264
 334.000       0.7797
 335.000       0.8520
 336.000       1.0448
 337.000       0.9491
 338.000       0.7928
 339.000       0.6774
 340.000       0.5781
 341.000       0.5933
 342.000       0.5511
 343.000       0.5433
 344.000       0.5483
 345.000       0.5229
 346.000       0.5600
 347.000       0.5865
 348.000       0.6083
 349.000       0.6472
 350.000       0.6278
 351.000       0.6778
 352.000       0.7507
 353.000       0.8140
 354.000       0.8055
 355.000       0.6282
 356.000       0.6493
 357.000       0.7226
 358.000       0.6343
 359.000       0.5585
 360.000       0.6086
 361.000       0.6310
 362.000       0.5531
 363.000       0.5330
 364.000       0.5744
 365.000       0.6017
 366.000       0.6073
 367.000       0.5571
 368.000       0.6099
 369.000       0.6652
 370.000       0.6870
 371.000       0.7275
 372.000       0.9603
 373.000       1.0303
 374.000       0.8287
 375.000       0.7269
 376.000       0.9912
 377.000       0.9657
 378.000       0.7626
 379.000       0.8953
 380.000       1.0524
 381.000       0.9702
 382.000       0.9384
 383.000       1.1328
 384.000       1.2580
 385.000       1.2185
 386.000       1.2637
 387.000       1.4527
 388.000       1.5078
 389.000       1.5639
 390.000       1.7948
 391.000       2.7752
 392.000       2.0147
 393.000       1.8101
 394.000       1.4175
 395.000       1.4563
 396.000       1.4679
 397.000       1.2861
 398.000       1.1327
 399.000       1.0712
 400.000       1.0717
 401.000       0.9640
 402.000       0.8135
 403.000       0.8374
 404.000       0.8436
 405.000       0.7677
 406.000       0.7438
 407.000       0.7545
 408.000       0.7830
 409.000       0.7759
 410.000       0.7282
 411.000       0.7872
 412.000       0.8283
 413.000       0.7919
 414.000       0.8187
 415.000       0.8098
 416.000       0.6775
 417.000       0.6635
 418.000       0.6831
 419.000       0.6664
 420.000       0.7592
 421.000       0.7047
 422.000       0.8122
 423.000       0.8372
 424.000       0.7291
 425.000       0.7473
 426.000       0.9297
 427.000       0.9271
 428.000       0.8911
 429.000       1.0590
 430.000       1.1504
 431.000       1.1438
 432.000       1.2230
 433.000       1.3687
 434.000       1.3243
 435.000       1.1165
 436.000       0.8720
 437.000       0.8132
 438.000       0.7435
 439.000       0.7088
 440.000       0.6696
 441.000       0.7329
 442.000       0.7739
 443.000       0.7310
 444.000       0.7266
 445.000       0.8199
 446.000       0.8818
 447.000       0.8567
 448.000       0.8572
 449.000       0.8453
 450.000       0.9716
 451.000       1.0776
 452.000       1.1537
 453.000       1.1186
 454.000       1.0309
 455.000       1.1974
 456.000       1.1494
 457.000       0.9345
 458.000       0.9629
 459.000       1.1072
 460.000       1.1114
 461.000       0.9427
 462.000       1.1332
 463.000       1.4065
 464.000       1.3677
 465.000       1.3360
 466.000       1.2682
 467.000       1.2289
 468.000       1.1209
 469.000       1.1342
 470.000       1.1537
 471.000       1.1917
 472.000       1.0212
 473.000       0.8650
 474.000       1.0433
 475.000       1.0894
 476.000       0.8694
 477.000       0.8898
 478.000       1.0330
 479.000       1.0669
 480.000       0.9586
 481.000       1.0493
 482.000       0.9738
 483.000       0.9167
 484.000       0.7709
 485.000       0.7367
 486.000       0.8260
 487.000       0.7774
 488.000       0.7652
 489.000       0.8278
 490.000       0.8769
 491.000       0.8640
 492.000       0.9100
 493.000       1.0536
 494.000       1.1265
 495.000       1.1500
 496.000       1.2412
 497.000       1.5619
 498.000       1.7708
 499.000       1.7798
 500.000       2.3707
 501.000       1.5506
 502.000       1.8606
 503.000       2.2031
 504.000       1.5916
 505.000       1.4794
 506.000       1.2426
 507.000       1.2588
 508.000       1.4636
 509.000       1.3352
 510.000       1.0738
 511.000       1.2045
 512.000       1.2582
 513.000       1.0309
 514.000       0.9709
 515.000       1.0241
 516.000       0.9227
 517.000       0.8429
 518.000       0.8381
 519.000       0.8013
 520.000       0.7218
 521.000       0.6609
 522.000       0.7061
 523.000       0.7516
 524.000       0.7302
 525.000       0.7663
 526.000       0.9255
 527.000       0.9705
 528.000       0.8302
 529.000       1.0312
 530.000       1.2628
 531.000       1.2489
 532.000       1.2567
 533.000       1.5462
 534.000       1.7654
 535.000       1.7790
 536.000       1.8584
 537.000       2.3500
 538.000       2.5926
 539.000       3.2366
 540.000       3.0463
 541.000       2.5601
 542.000       2.7555
 543.000       2.7184
 544.000       2.1321
 545.000       2.2363
 546.000       2.7416
 547.000       2.5418
 548.000       2.3661
 549.000       3.1174
 550.000       3.1102
 551.000       4.9166
 553.000      51.7615
