#Res        AtomicFlx
   1.000       1.9722
   2.000       1.8776
   3.000       1.1551
   4.000       0.9647
   5.000       1.3878
   6.000       1.0694
   7.000       0.9614
   8.000       0.8969
   9.000       0.8483
  10.000       0.6972
  11.000       0.6600
  12.000       0.7371
  13.000       0.6771
  14.000       0.5710
  15.000       0.6006
  16.000       0.6821
  17.000       0.6528
  18.000       0.5853
  19.000       0.5366
  20.000       0.6843
  21.000       0.8686
  22.000       0.7801
  23.000       0.5312
  24.000       0.6372
  25.000       0.6250
  26.000       0.6172
  27.000       0.5338
  28.000       0.6220
  29.000       0.7022
  30.000       0.5540
  31.000       0.6146
  32.000       0.7890
  33.000       0.7627
  34.000       0.6658
  35.000       0.7865
  36.000       0.7331
  37.000       0.7542
  38.000       0.7532
  39.000       0.6610
  40.000       0.6737
  41.000       0.6850
  42.000       0.5779
  43.000       0.5173
  44.000       0.6107
  45.000       0.6131
  46.000       0.5845
  47.000       0.5915
  48.000       0.6423
  49.000       0.6978
  50.000       0.7244
  51.000       0.5798
  52.000       0.5423
  53.000       0.5695
  54.000       0.5733
  55.000       0.5263
  56.000       0.5380
  57.000       0.5890
  58.000       0.5468
  59.000       0.5563
  60.000       0.5914
  61.000       0.5861
  62.000       0.6260
  63.000       0.7313
  64.000       0.8534
  65.000       0.9588
  66.000       0.8915
  67.000       0.8729
  68.000       0.8582
  69.000       0.8507
  70.000       0.7909
  71.000       0.6861
  72.000       0.6025
  73.000       0.6802
  74.000       1.1278
  75.000       1.0605
  76.000       0.9194
  77.000       0.9887
  78.000       0.6835
  79.000       0.6543
  80.000       0.5823
  81.000       0.5490
  82.000       0.5096
  83.000       0.5077
  84.000       0.5077
  85.000       0.4942
  86.000       0.4808
  87.000       0.5357
  88.000       0.5212
  89.000       0.5616
  90.000       0.5520
  91.000       0.5286
  92.000       0.5216
  93.000       0.5216
  94.000       0.5437
  95.000       0.5312
  96.000       0.5092
  97.000       0.5071
  98.000       0.5270
  99.000       0.5425
 100.000       0.5288
 101.000       0.5446
 102.000       0.5158
 103.000       0.5204
 104.000       0.5112
 105.000       0.5178
 106.000       0.5658
 107.000       0.5573
 108.000       0.5536
 109.000       0.6247
 110.000       0.7150
 111.000       0.7231
 112.000       0.7856
 113.000       0.7833
 114.000       0.8591
 115.000       0.8082
 116.000       0.6777
 117.000       0.8157
 118.000       1.1279
 119.000       1.1801
 120.000       1.6162
 121.000       1.6544
 122.000       1.8394
 123.000       1.4210
 124.000       1.5721
 125.000       1.3838
 126.000       1.3410
 127.000       1.7116
 128.000       2.2149
 129.000       2.5607
 130.000       2.5185
 131.000       3.1978
 132.000       3.0536
 133.000       2.7643
 134.000       2.5394
 135.000       2.6165
 136.000       3.4376
 137.000       3.9865
 138.000       3.8270
 139.000       3.3707
 140.000       3.9298
 141.000       3.5427
 142.000       2.8607
 143.000       2.2654
 144.000       1.8204
 145.000       1.5765
 146.000       1.3821
 147.000       1.5007
 148.000       1.6136
 149.000       1.7508
 150.000       1.6435
 151.000       1.5075
 152.000       2.1650
 153.000       2.8063
 154.000       2.9736
 155.000       2.8471
 156.000       4.6255
 157.000       4.0724
 158.000       5.2882
 159.000       5.3094
 160.000       5.2346
 161.000       4.4409
 162.000       2.6990
 163.000       1.6379
 164.000       0.9177
 165.000       0.7713
 166.000       0.6356
 167.000       0.6903
 168.000       0.7684
 169.000       0.7069
 170.000       0.7106
 171.000       0.7970
 172.000       0.8575
 173.000       0.8100
 174.000       0.7842
 175.000       0.7839
 176.000       0.8553
 177.000       0.8613
 178.000       0.8345
 179.000       1.3730
 180.000       1.3876
 181.000       1.4520
 182.000       1.7185
 183.000       1.3022
 184.000       1.2616
 185.000       1.1639
 186.000       1.2343
 187.000       1.1589
 188.000       1.0499
 189.000       0.9581
 190.000       0.8519
 191.000       0.7095
 192.000       0.6801
 193.000       0.6965
 194.000       0.5909
 195.000       0.5761
 196.000       0.6580
 197.000       0.6690
 198.000       0.6524
 199.000       0.6181
 200.000       0.7048
 201.000       0.7143
 202.000       0.6968
 203.000       0.7947
 204.000       0.8842
 205.000       0.8855
 206.000       0.9047
 207.000       1.0238
 208.000       1.0951
 209.000       1.1338
 210.000       1.3199
 211.000       1.2905
 212.000       0.9387
 213.000       0.9262
 214.000       1.0569
 215.000       0.9684
 216.000       0.7802
 217.000       0.7581
 218.000       0.8210
 219.000       0.7848
 220.000       0.6922
 221.000       0.6723
 222.000       0.6905
 223.000       0.7865
 224.000       0.7089
 225.000       0.5982
 226.000       0.6752
 227.000       0.7254
 228.000       0.6652
 229.000       0.6281
 230.000       0.6963
 231.000       0.6927
 232.000       0.7107
 233.000       0.7799
 234.000       0.8299
 235.000       0.7710
 236.000       1.0091
 237.000       1.0321
 238.000       0.7807
 239.000       0.8119
 240.000       0.7735
 241.000       0.6497
 242.000       0.7377
 243.000       0.7605
 244.000       0.6531
 245.000       0.6285
 246.000       0.7408
 247.000       0.7187
 248.000       0.6334
 249.000       0.6988
 250.000       0.7556
 251.000       0.8127
 252.000       0.9356
 253.000       1.1033
 254.000       1.0575
 255.000       0.8142
 256.000       0.8252
 257.000       1.1012
 258.000       0.8403
 259.000       0.8413
 260.000       0.8112
 261.000       0.6545
 262.000       0.6037
 263.000       0.6509
 264.000       0.5941
 265.000       0.5404
 266.000       0.5546
 267.000       0.5748
 268.000       0.5150
 269.000       0.5326
 270.000       0.5247
 271.000       0.5174
 272.000       0.5780
 273.000       0.5595
 274.000       0.6959
 275.000       0.8164
 276.000       0.7696
 277.000       0.6557
 278.000       0.7809
 279.000       0.6831
 280.000       0.5894
 281.000       0.6116
 282.000       0.7448
 283.000       0.5762
 284.000       0.6310
 285.000       0.8038
 286.000       0.8955
 287.000       0.8860
 288.000       1.0164
 289.000       1.0875
 290.000       1.0917
 291.000       0.9961
 292.000       1.0522
 293.000       0.9573
 294.000       0.7891
 295.000       0.6769
 296.000       0.6759
 297.000       0.6555
 298.000       0.6210
 299.000       0.5984
 300.000       0.5362
 301.000       0.5933
 302.000       0.6528
 303.000       0.5774
 304.000       0.5182
 305.000       0.5578
 306.000       0.5794
 307.000       0.5101
 308.000       0.4694
 309.000       0.5164
 310.000       0.5410
 311.000       0.5373
 312.000       0.5431
 313.000       0.5446
 314.000       0.5182
 315.000       0.4835
 316.000       0.5174
 317.000       0.5527
 318.000       0.5455
 319.000       0.5804
 320.000       0.6363
 321.000       0.6174
 322.000       0.6340
 323.000       0.7041
 324.000       0.7611
 325.000       0.8308
 326.000       0.9605
 327.000       0.9719
 328.000       1.0044
 329.000       0.9717
 330.000       0.7904
 331.000       0.8673
 332.000       0.8840
 333.000       0.7739
 334.000       0.7359
 335.000       0.7612
 336.000       0.8189
 337.000       0.8771
 338.000       0.7685
 339.000       0.6403
 340.000       0.6286
 341.000       0.6529
 342.000       0.6145
 343.000       0.5810
 344.000       0.6028
 345.000       0.5784
 346.000       0.6322
 347.000       0.6210
 348.000       0.5804
 349.000       0.6642
 350.000       0.7735
 351.000       0.7375
 352.000       0.7313
 353.000       0.7671
 354.000       0.7554
 355.000       0.8291
 356.000       0.7002
 357.000       0.7700
 358.000       0.6654
 359.000       0.6280
 360.000       0.6203
 361.000       0.6008
 362.000       0.5161
 363.000       0.4983
 364.000       0.5257
 365.000       0.5542
 366.000       0.5469
 367.000       0.5157
 368.000       0.5906
 369.000       0.6790
 370.000       0.7110
 371.000       0.6092
 372.000       0.7718
 373.000       0.6893
 374.000       0.8837
 375.000       0.9227
 376.000       0.7711
 377.000       0.6556
 378.000       0.7574
 379.000       0.8057
 380.000       0.7201
 381.000       0.6729
 382.000       0.7645
 383.000       0.8829
 384.000       0.8643
 385.000       0.8582
 386.000       0.9442
 387.000       1.0686
 388.000       1.0449
 389.000       1.1589
 390.000       1.3134
 391.000       1.4740
 392.000       1.3926
 393.000       1.2464
 394.000       1.0459
 395.000       1.1263
 396.000       1.1754
 397.000       1.0160
 398.000       0.9228
 399.000       1.0274
 400.000       1.0125
 401.000       0.7942
 402.000       0.7748
 403.000       0.9143
 404.000       0.8773
 405.000       0.7406
 406.000       0.7834
 407.000       0.8726
 408.000       0.8109
 409.000       0.7214
 410.000       0.7398
 411.000       0.8325
 412.000       0.7765
 413.000       0.7226
 414.000       0.8104
 415.000       0.8510
 416.000       0.6975
 417.000       0.7289
 418.000       0.7020
 419.000       0.7225
 420.000       0.7734
 421.000       0.7074
 422.000       0.7617
 423.000       0.7119
 424.000       0.6397
 425.000       0.7077
 426.000       0.8507
 427.000       0.7876
 428.000       0.7976
 429.000       0.8828
 430.000       0.8054
 431.000       0.6293
 432.000       0.7156
 433.000       1.0732
 434.000       0.9258
 435.000       1.0244
 436.000       0.7891
 437.000       0.6002
 438.000       0.5716
 439.000       0.6255
 440.000       0.5788
 441.000       0.5993
 442.000       0.6733
 443.000       0.6404
 444.000       0.6264
 445.000       0.6755
 446.000       0.7303
 447.000       0.7144
 448.000       0.6822
 449.000       0.7127
 450.000       0.7967
 451.000       0.8249
 452.000       0.8280
 453.000       0.8375
 454.000       0.8066
 455.000       0.9381
 456.000       0.9585
 457.000       0.8881
 458.000       0.9286
 459.000       1.1494
 460.000       1.3386
 461.000       1.1893
 462.000       1.3987
 463.000       1.7027
 464.000       1.8101
 465.000       1.9236
 466.000       1.7113
 467.000       1.7695
 468.000       1.3883
 469.000       1.3469
 470.000       1.3471
 471.000       1.3009
 472.000       1.1104
 473.000       0.8558
 474.000       0.9622
 475.000       1.0011
 476.000       0.7533
 477.000       0.7822
 478.000       1.0144
 479.000       0.8706
 480.000       0.7774
 481.000       0.9671
 482.000       0.9066
 483.000       0.8194
 484.000       0.7124
 485.000       0.7164
 486.000       0.7852
 487.000       0.7342
 488.000       0.6831
 489.000       0.7752
 490.000       0.8019
 491.000       0.7535
 492.000       0.7797
 493.000       0.9075
 494.000       0.9789
 495.000       0.9570
 496.000       0.8790
 497.000       1.1778
 498.000       1.1181
 499.000       1.0454
 500.000       1.1509
 501.000       1.2312
 502.000       1.7081
 503.000       1.5839
 504.000       1.1768
 505.000       1.1765
 506.000       0.9275
 507.000       1.0094
 508.000       1.0504
 509.000       0.9466
 510.000       0.7923
 511.000       0.8232
 512.000       0.8456
 513.000       0.7380
 514.000       0.6961
 515.000       0.7190
 516.000       0.6943
 517.000       0.6463
 518.000       0.6484
 519.000       0.6403
 520.000       0.5915
 521.000       0.5489
 522.000       0.6012
 523.000       0.6198
 524.000       0.5736
 525.000       0.5984
 526.000       0.6948
 527.000       0.7446
 528.000       0.6676
 529.000       0.7351
 530.000       0.8931
 531.000       0.9808
 532.000       0.9965
 533.000       1.2043
 534.000       1.4295
 535.000       1.6007
 536.000       1.7430
 537.000       2.2424
 538.000       2.4848
 539.000       2.9031
 540.000       2.7352
 541.000       2.2860
 542.000       2.4409
 543.000       2.4397
 544.000       1.9825
 545.000       1.8552
 546.000       2.1648
 547.000       2.0252
 548.000       1.6285
 549.000       1.7750
 550.000       2.1221
 551.000       2.7568
 553.000      39.1190
