#Res        AtomicFlx
   1.000       2.2343
   2.000       1.9450
   3.000       1.2521
   4.000       1.1386
   5.000       1.6221
   6.000       1.4416
   7.000       1.2273
   8.000       1.1045
   9.000       1.0030
  10.000       0.8158
  11.000       0.7819
  12.000       0.8401
  13.000       0.7287
  14.000       0.5871
  15.000       0.6500
  16.000       0.7324
  17.000       0.5967
  18.000       0.5275
  19.000       0.5320
  20.000       0.6459
  21.000       0.6089
  22.000       0.6910
  23.000       0.5608
  24.000       0.6083
  25.000       0.6952
  26.000       0.6289
  27.000       0.5759
  28.000       0.5997
  29.000       0.6424
  30.000       0.6205
  31.000       0.6241
  32.000       0.6686
  33.000       0.7309
  34.000       0.7099
  35.000       0.8218
  36.000       0.8080
  37.000       0.9508
  38.000       0.9398
  39.000       0.7363
  40.000       0.7351
  41.000       0.7128
  42.000       0.6025
  43.000       0.5599
  44.000       0.6221
  45.000       0.6223
  46.000       0.5876
  47.000       0.5899
  48.000       0.6387
  49.000       0.6663
  50.000       0.7092
  51.000       0.6324
  52.000       0.5556
  53.000       0.5837
  54.000       0.6234
  55.000       0.5985
  56.000       0.5857
  57.000       0.6289
  58.000       0.6203
  59.000       0.6106
  60.000       0.7176
  61.000       0.8131
  62.000       0.6999
  63.000       0.8021
  64.000       1.2570
  65.000       1.2123
  66.000       0.8532
  67.000       0.8554
  68.000       0.9357
  69.000       0.7970
  70.000       0.7893
  71.000       0.7922
  72.000       0.6319
  73.000       0.7139
  74.000       1.2713
  75.000       1.3599
  76.000       1.2098
  77.000       1.2414
  78.000       0.7804
  79.000       0.7000
  80.000       0.6512
  81.000       0.5965
  82.000       0.5556
  83.000       0.5709
  84.000       0.5604
  85.000       0.6036
  86.000       0.6896
  87.000       0.7048
  88.000       0.5950
  89.000       0.8266
  90.000       0.9974
  91.000       0.7547
  92.000       0.7829
  93.000       1.0288
  94.000       1.0032
  95.000       0.8586
  96.000       0.8263
  97.000       0.7850
  98.000       0.8248
  99.000       0.7905
 100.000       0.7066
 101.000       0.6904
 102.000       0.7210
 103.000       0.6039
 104.000       0.5537
 105.000       0.6279
 106.000       0.6811
 107.000       0.5993
 108.000       0.6048
 109.000       0.7117
 110.000       0.7876
 111.000       0.7160
 112.000       0.8319
 113.000       0.8723
 114.000       0.9607
 115.000       0.8165
 116.000       0.6464
 117.000       0.7204
 118.000       0.7379
 119.000       0.8447
 120.000       0.9075
 121.000       0.9127
 122.000       1.0113
 123.000       1.0027
 124.000       1.2802
 125.000       1.1756
 126.000       1.0346
 127.000       1.3669
 128.000       1.5157
 129.000       2.0705
 130.000       1.6460
 131.000       2.6905
 132.000       3.7823
 133.000       3.6771
 134.000       3.4743
 135.000       4.4284
 136.000       5.0980
 137.000       6.1057
 138.000       5.4259
 139.000       4.4133
 140.000       5.2725
 141.000       5.2519
 142.000       4.3049
 143.000       3.2201
 144.000       2.4610
 145.000       1.7231
 146.000       1.7236
 147.000       1.5158
 148.000       1.1105
 149.000       1.3397
 150.000       1.5995
 151.000       1.3153
 152.000       1.3401
 153.000       1.8006
 154.000       1.9868
 155.000       1.9771
 156.000       2.3930
 157.000       2.4220
 158.000       2.8437
 159.000       3.2434
 160.000       2.7001
 161.000       2.4680
 162.000       1.8044
 163.000       1.3254
 164.000       0.8782
 165.000       0.7208
 166.000       0.5964
 167.000       0.7037
 168.000       0.7748
 169.000       0.6804
 170.000       0.6673
 171.000       0.8969
 172.000       1.0620
 173.000       1.0015
 174.000       0.8912
 175.000       1.0312
 176.000       1.4030
 177.000       2.3078
 178.000       2.4087
 179.000       1.7861
 180.000       1.5699
 181.000       1.1498
 182.000       1.6917
 183.000       2.0649
 184.000       1.8773
 185.000       2.5547
 186.000       1.1013
 187.000       1.0671
 188.000       1.1374
 189.000       1.3890
 190.000       1.4079
 191.000       0.9328
 192.000       0.9575
 193.000       1.2431
 194.000       0.9862
 195.000       0.6572
 196.000       0.9792
 197.000       1.0474
 198.000       0.7637
 199.000       0.7187
 200.000       0.9261
 201.000       0.8976
 202.000       0.7295
 203.000       0.7488
 204.000       0.8315
 205.000       0.8047
 206.000       0.7082
 207.000       0.9030
 208.000       1.0532
 209.000       0.9906
 210.000       1.2840
 211.000       1.3282
 212.000       0.9066
 213.000       0.7393
 214.000       0.8294
 215.000       0.7740
 216.000       0.7025
 217.000       0.6708
 218.000       0.6529
 219.000       0.6386
 220.000       0.6231
 221.000       0.6567
 222.000       0.6444
 223.000       0.6246
 224.000       0.5661
 225.000       0.5943
 226.000       0.6401
 227.000       0.5919
 228.000       0.5829
 229.000       0.6656
 230.000       0.6957
 231.000       0.6732
 232.000       0.7481
 233.000       0.8296
 234.000       0.8340
 235.000       0.9106
 236.000       1.0750
 237.000       1.4245
 238.000       1.0579
 239.000       1.2373
 240.000       1.2376
 241.000       1.0207
 242.000       1.0622
 243.000       1.1325
 244.000       0.9509
 245.000       0.8356
 246.000       0.9504
 247.000       1.0274
 248.000       0.8385
 249.000       0.8344
 250.000       0.9247
 251.000       0.9142
 252.000       0.9597
 253.000       1.1857
 254.000       1.1964
 255.000       0.8944
 256.000       1.0373
 257.000       1.4413
 258.000       0.9623
 259.000       0.8658
 260.000       0.7365
 261.000       0.6105
 262.000       0.5848
 263.000       0.6090
 264.000       0.5719
 265.000       0.5332
 266.000       0.5277
 267.000       0.5549
 268.000       0.5272
 269.000       0.5467
 270.000       0.5098
 271.000       0.6113
 272.000       0.6393
 273.000       0.5718
 274.000       0.9569
 275.000       0.8141
 276.000       0.6756
 277.000       0.6175
 278.000       0.7187
 279.000       0.6849
 280.000       0.6790
 281.000       0.6508
 282.000       0.6617
 283.000       0.5869
 284.000       0.6418
 285.000       0.6845
 286.000       0.8033
 287.000       0.8684
 288.000       0.9391
 289.000       1.1444
 290.000       1.1874
 291.000       1.1154
 292.000       1.1392
 293.000       0.8687
 294.000       0.8152
 295.000       0.8109
 296.000       0.7583
 297.000       0.6859
 298.000       0.6851
 299.000       0.7017
 300.000       0.5972
 301.000       0.5873
 302.000       0.6900
 303.000       0.6615
 304.000       0.5560
 305.000       0.5798
 306.000       0.6362
 307.000       0.5834
 308.000       0.5312
 309.000       0.5976
 310.000       0.6096
 311.000       0.5906
 312.000       0.6127
 313.000       0.6365
 314.000       0.5894
 315.000       0.5742
 316.000       0.6555
 317.000       0.7039
 318.000       0.6880
 319.000       0.8025
 320.000       0.9317
 321.000       0.8915
 322.000       0.9458
 323.000       1.1542
 324.000       1.2747
 325.000       1.4039
 326.000       1.4776
 327.000       1.3815
 328.000       1.3844
 329.000       1.4060
 330.000       1.3638
 331.000       1.2387
 332.000       1.7933
 333.000       1.5031
 334.000       1.3578
 335.000       1.1696
 336.000       1.2853
 337.000       0.8248
 338.000       0.7342
 339.000       0.6918
 340.000       0.6171
 341.000       0.6316
 342.000       0.5867
 343.000       0.6066
 344.000       0.6403
 345.000       0.5671
 346.000       0.5999
 347.000       0.6832
 348.000       0.6821
 349.000       0.6906
 350.000       0.6790
 351.000       0.7126
 352.000       0.7493
 353.000       0.8225
 354.000       0.8037
 355.000       0.6816
 356.000       0.6216
 357.000       0.6091
 358.000       0.5697
 359.000       0.5608
 360.000       0.5661
 361.000       0.5323
 362.000       0.4773
 363.000       0.4857
 364.000       0.5440
 365.000       0.4884
 366.000       0.4950
 367.000       0.5124
 368.000       0.5012
 369.000       0.5236
 370.000       0.6273
 371.000       0.5949
 372.000       0.6695
 373.000       0.6927
 374.000       0.7333
 375.000       0.7448
 376.000       0.6947
 377.000       0.6347
 378.000       0.5971
 379.000       0.6415
 380.000       0.5601
 381.000       0.5533
 382.000       0.6540
 383.000       0.7363
 384.000       0.7517
 385.000       0.7683
 386.000       0.8336
 387.000       0.9989
 388.000       1.0490
 389.000       1.0700
 390.000       1.1997
 391.000       2.2429
 392.000       1.6018
 393.000       1.3290
 394.000       1.0224
 395.000       1.1097
 396.000       1.1593
 397.000       0.9749
 398.000       0.8147
 399.000       0.8012
 400.000       0.7943
 401.000       0.7242
 402.000       0.6575
 403.000       0.7003
 404.000       0.7172
 405.000       0.6382
 406.000       0.6524
 407.000       0.7028
 408.000       0.6982
 409.000       0.6892
 410.000       0.7399
 411.000       0.7939
 412.000       0.7650
 413.000       0.8493
 414.000       1.0114
 415.000       0.9958
 416.000       0.9109
 417.000       1.0000
 418.000       0.9860
 419.000       1.0758
 420.000       1.0528
 421.000       0.9446
 422.000       1.0187
 423.000       0.9958
 424.000       0.8349
 425.000       0.8441
 426.000       0.9321
 427.000       0.8581
 428.000       0.9183
 429.000       0.9714
 430.000       1.2136
 431.000       1.2993
 432.000       1.3094
 433.000       0.9042
 434.000       0.8010
 435.000       0.8786
 436.000       0.8180
 437.000       0.6734
 438.000       0.6730
 439.000       0.7384
 440.000       0.6660
 441.000       0.5983
 442.000       0.6510
 443.000       0.6188
 444.000       0.6019
 445.000       0.6438
 446.000       0.7100
 447.000       0.6857
 448.000       0.6472
 449.000       0.6753
 450.000       0.7555
 451.000       0.8155
 452.000       0.8267
 453.000       0.8554
 454.000       0.8468
 455.000       0.9468
 456.000       0.9446
 457.000       0.9051
 458.000       0.9269
 459.000       0.9875
 460.000       1.0451
 461.000       0.9836
 462.000       1.1227
 463.000       1.3123
 464.000       1.3149
 465.000       1.5374
 466.000       1.6766
 467.000       1.6934
 468.000       1.3035
 469.000       1.1599
 470.000       0.9749
 471.000       0.8779
 472.000       0.7554
 473.000       0.6658
 474.000       0.7176
 475.000       0.7145
 476.000       0.5669
 477.000       0.6167
 478.000       0.7723
 479.000       0.6581
 480.000       0.6162
 481.000       0.6310
 482.000       0.6769
 483.000       0.6395
 484.000       0.5657
 485.000       0.6138
 486.000       0.6875
 487.000       0.6565
 488.000       0.6377
 489.000       0.7254
 490.000       0.7775
 491.000       0.7568
 492.000       0.8212
 493.000       0.9251
 494.000       1.0025
 495.000       1.0124
 496.000       1.0292
 497.000       1.4259
 498.000       1.6308
 499.000       1.7891
 500.000       1.7420
 501.000       2.0843
 502.000       2.3867
 503.000       2.4003
 504.000       1.9427
 505.000       1.7561
 506.000       1.2639
 507.000       1.3815
 508.000       1.4131
 509.000       1.3124
 510.000       1.0884
 511.000       1.0821
 512.000       1.0988
 513.000       1.0230
 514.000       0.9861
 515.000       0.8987
 516.000       0.9111
 517.000       0.9386
 518.000       0.8993
 519.000       0.8935
 520.000       1.0293
 521.000       1.0491
 522.000       1.0265
 523.000       1.1400
 524.000       0.8891
 525.000       0.7071
 526.000       0.8257
 527.000       0.8213
 528.000       0.8376
 529.000       0.9250
 530.000       1.0554
 531.000       1.1821
 532.000       1.3383
 533.000       1.5128
 534.000       1.6741
 535.000       1.9299
 536.000       2.1137
 537.000       2.7857
 538.000       3.1073
 539.000       3.7390
 540.000       3.5020
 541.000       2.9118
 542.000       3.2548
 543.000       3.1949
 544.000       2.4598
 545.000       2.3403
 546.000       2.7673
 547.000       2.4635
 548.000       1.9503
 549.000       2.2609
 550.000       2.5519
 551.000       3.0751
 553.000      52.7353
