#Res        AtomicFlx
   1.000       4.8234
   2.000       3.0669
   3.000       3.1321
   4.000       3.6753
   5.000       1.9948
   6.000       1.7234
   7.000       1.4931
   8.000       1.3966
   9.000       1.2284
  10.000       0.8018
  11.000       0.8324
  12.000       1.1693
  13.000       0.7633
  14.000       0.5794
  15.000       0.7820
  16.000       0.6850
  17.000       0.6830
  18.000       0.6058
  19.000       0.6586
  20.000       0.5375
  21.000       0.7997
  22.000       0.5676
  23.000       0.5347
  24.000       1.0932
  25.000       1.3113
  26.000       1.5783
  27.000       0.6313
  28.000       0.7870
  29.000       1.6405
  30.000       1.0629
  31.000       1.0401
  32.000       2.2527
  33.000       2.4574
  34.000       0.8144
  35.000       0.9702
  36.000       0.9310
  37.000       1.0628
  38.000       1.1544
  39.000       0.8588
  40.000       1.0011
  41.000       1.1636
  42.000       0.7185
  43.000       0.6500
  44.000       1.8392
  45.000       0.8431
  46.000       0.7005
  47.000       0.7750
  48.000       1.1669
  49.000       1.3932
  50.000       1.1451
  51.000       0.6222
  52.000       0.7384
  53.000       0.7108
  54.000       0.8887
  55.000       0.9138
  56.000       0.9806
  57.000       1.1031
  58.000       0.8406
  59.000       0.9693
  60.000       0.7091
  61.000       0.9615
  62.000       0.7411
  63.000       0.9296
  64.000       1.3593
  65.000       1.3532
  66.000       1.0885
  67.000       1.3331
  68.000       0.8594
  69.000       0.7332
  70.000       0.8407
  71.000       1.1097
  72.000       1.5207
  73.000       1.4890
  74.000       2.3950
  75.000       2.5741
  76.000       1.4094
  77.000       1.2079
  78.000       1.7354
  79.000       1.4600
  80.000       1.1131
  81.000       0.8131
  82.000       1.0365
  83.000       0.7094
  84.000       1.0097
  85.000       0.7175
  86.000       1.0090
  87.000       0.6543
  88.000       0.8002
  89.000       0.9354
  90.000       0.7320
  91.000       0.6741
  92.000       0.9281
  93.000       1.0140
  94.000       0.6195
  95.000       0.8368
  96.000       1.0147
  97.000       1.1030
  98.000       0.7532
  99.000       0.6957
 100.000       0.7028
 101.000       0.7859
 102.000       0.5957
 103.000       0.7705
 104.000       0.5978
 105.000       0.7881
 106.000       0.7852
 107.000       0.8701
 108.000       0.6558
 109.000       0.9793
 110.000       0.6467
 111.000       0.6658
 112.000       0.9236
 113.000       0.9738
 114.000       1.6918
 115.000       1.1908
 116.000       0.8102
 117.000       0.8485
 118.000       0.7398
 119.000       0.8606
 120.000       2.0625
 121.000       1.1443
 122.000       3.0448
 123.000       3.3073
 124.000       2.7939
 125.000       4.7196
 126.000       3.9461
 127.000       3.2421
 128.000       2.9910
 129.000       2.6840
 130.000       1.8456
 131.000       2.6595
 132.000       2.4976
 133.000       3.0194
 134.000       3.3939
 135.000       3.5210
 136.000       4.1552
 137.000       5.1261
 138.000       5.4174
 139.000       5.9672
 140.000       5.3181
 141.000       5.1957
 142.000       3.2795
 143.000       3.7481
 144.000       3.1828
 145.000       3.9769
 146.000       3.5821
 147.000       3.0666
 148.000       3.6476
 149.000       3.7343
 150.000       3.1133
 151.000       2.6946
 152.000       3.9396
 153.000       3.9208
 154.000       3.7013
 155.000       3.8746
 156.000       4.9064
 157.000       2.7791
 158.000       3.3081
 159.000       1.8790
 160.000       3.2126
 161.000       2.4890
 162.000       2.9163
 163.000       0.9131
 164.000       0.6905
 165.000       0.7015
 166.000       0.7401
 167.000       1.0372
 168.000       0.9825
 169.000       0.7295
 170.000       0.8806
 171.000       1.1818
 172.000       0.9782
 173.000       1.4420
 174.000       1.1848
 175.000       0.8741
 176.000       1.2172
 177.000       1.4680
 178.000       1.2134
 179.000       1.5924
 180.000       1.6386
 181.000       1.0014
 182.000       1.1017
 183.000       1.6041
 184.000       1.3938
 185.000       1.0971
 186.000       1.7469
 187.000       1.2925
 188.000       1.4720
 189.000       1.2501
 190.000       0.8983
 191.000       1.0185
 192.000       0.9762
 193.000       0.7044
 194.000       0.6390
 195.000       0.7469
 196.000       0.6852
 197.000       0.8738
 198.000       0.8254
 199.000       0.7159
 200.000       1.0287
 201.000       1.0273
 202.000       1.0601
 203.000       0.8408
 204.000       1.1060
 205.000       1.1070
 206.000       0.9880
 207.000       1.3203
 208.000       1.7391
 209.000       1.0738
 210.000       1.7089
 211.000       2.0946
 212.000       0.9559
 213.000       0.9181
 214.000       0.7901
 215.000       1.3734
 216.000       0.8451
 217.000       0.7652
 218.000       1.3549
 219.000       1.2496
 220.000       0.8849
 221.000       0.8231
 222.000       0.9046
 223.000       1.2848
 224.000       0.6413
 225.000       0.8039
 226.000       0.8064
 227.000       0.7757
 228.000       0.7843
 229.000       0.7054
 230.000       1.1114
 231.000       0.8237
 232.000       1.1031
 233.000       0.9657
 234.000       1.1737
 235.000       0.8860
 236.000       1.2412
 237.000       1.2841
 238.000       0.9893
 239.000       1.3776
 240.000       0.8240
 241.000       0.8572
 242.000       1.9561
 243.000       1.1849
 244.000       0.7400
 245.000       0.9503
 246.000       1.4120
 247.000       2.2793
 248.000       0.8993
 249.000       1.0833
 250.000       1.1057
 251.000       1.0852
 252.000       1.4298
 253.000       2.0106
 254.000       1.5583
 255.000       1.2968
 256.000       1.5072
 257.000       1.6504
 258.000       1.3762
 259.000       0.9383
 260.000       1.5691
 261.000       0.8068
 262.000       0.7760
 263.000       0.6296
 264.000       0.7076
 265.000       0.6435
 266.000       0.6233
 267.000       0.6192
 268.000       0.5703
 269.000       0.8032
 270.000       0.6175
 271.000       0.8870
 272.000       0.5321
 273.000       0.8214
 274.000       0.6048
 275.000       0.6452
 276.000       0.8310
 277.000       1.3185
 278.000       0.7765
 279.000       0.7367
 280.000       1.0714
 281.000       0.7976
 282.000       0.7546
 283.000       1.0827
 284.000       0.7518
 285.000       0.7956
 286.000       1.2550
 287.000       1.0387
 288.000       1.6222
 289.000       1.8593
 290.000       1.7932
 291.000       1.3715
 292.000       1.3982
 293.000       1.1470
 294.000       1.2609
 295.000       2.4672
 296.000       0.9438
 297.000       0.7101
 298.000       0.7794
 299.000       0.9871
 300.000       0.7279
 301.000       0.6153
 302.000       1.1221
 303.000       0.6990
 304.000       0.5581
 305.000       0.7449
 306.000       0.6914
 307.000       0.6032
 308.000       0.5141
 309.000       0.7840
 310.000       0.9174
 311.000       0.6343
 312.000       0.5830
 313.000       1.1029
 314.000       0.7211
 315.000       0.6947
 316.000       0.9727
 317.000       0.6669
 318.000       0.8934
 319.000       0.9958
 320.000       0.6769
 321.000       0.8208
 322.000       1.0499
 323.000       0.8074
 324.000       1.1002
 325.000       1.5426
 326.000       1.3054
 327.000       1.0558
 328.000       1.2815
 329.000       1.3898
 330.000       1.0922
 331.000       1.1114
 332.000       2.1958
 333.000       1.1074
 334.000       0.9180
 335.000       1.0883
 336.000       2.0239
 337.000       0.8597
 338.000       0.9564
 339.000       0.7161
 340.000       0.9091
 341.000       0.7244
 342.000       0.7052
 343.000       0.7604
 344.000       0.7006
 345.000       0.6512
 346.000       0.7065
 347.000       0.9188
 348.000       0.7035
 349.000       0.7746
 350.000       0.9076
 351.000       1.1628
 352.000       1.0961
 353.000       0.9666
 354.000       1.1029
 355.000       0.7424
 356.000       0.7281
 357.000       0.8981
 358.000       0.7346
 359.000       0.7158
 360.000       0.9831
 361.000       0.8305
 362.000       0.6057
 363.000       0.6067
 364.000       1.0461
 365.000       0.7740
 366.000       0.9909
 367.000       0.6625
 368.000       0.8342
 369.000       0.9531
 370.000       0.6561
 371.000       0.8604
 372.000       0.6885
 373.000       0.8905
 374.000       0.7601
 375.000       0.9082
 376.000       0.9809
 377.000       1.0157
 378.000       1.1571
 379.000       0.9675
 380.000       0.6575
 381.000       0.8376
 382.000       0.7608
 383.000       0.8054
 384.000       0.7644
 385.000       0.9010
 386.000       0.9377
 387.000       1.2145
 388.000       1.0329
 389.000       1.1627
 390.000       1.3170
 391.000       3.0843
 392.000       2.3490
 393.000       3.0965
 394.000       1.2720
 395.000       1.9734
 396.000       1.9211
 397.000       1.6053
 398.000       1.4795
 399.000       1.1520
 400.000       1.3615
 401.000       0.8820
 402.000       0.7895
 403.000       0.9184
 404.000       0.7569
 405.000       0.8643
 406.000       0.7720
 407.000       0.9223
 408.000       0.7952
 409.000       0.6803
 410.000       1.0321
 411.000       1.0854
 412.000       0.9454
 413.000       0.6645
 414.000       0.9134
 415.000       0.7589
 416.000       0.9350
 417.000       0.7634
 418.000       0.6758
 419.000       1.1520
 420.000       0.7473
 421.000       0.6147
 422.000       0.8296
 423.000       0.8179
 424.000       0.7783
 425.000       0.8415
 426.000       1.0214
 427.000       0.9240
 428.000       0.9369
 429.000       0.8947
 430.000       1.0192
 431.000       0.7116
 432.000       0.7791
 433.000       0.7766
 434.000       0.8536
 435.000       1.2462
 436.000       0.7518
 437.000       0.8963
 438.000       0.7154
 439.000       0.9194
 440.000       1.0481
 441.000       0.8364
 442.000       0.9004
 443.000       1.0157
 444.000       1.4069
 445.000       1.1832
 446.000       1.1812
 447.000       1.1398
 448.000       1.3211
 449.000       1.3304
 450.000       1.4818
 451.000       1.5859
 452.000       2.0516
 453.000       1.3515
 454.000       1.5699
 455.000       2.0505
 456.000       1.6454
 457.000       1.0389
 458.000       1.6208
 459.000       1.5100
 460.000       1.3379
 461.000       1.2676
 462.000       1.4248
 463.000       1.8773
 464.000       1.6207
 465.000       1.5351
 466.000       1.4533
 467.000       1.6869
 468.000       1.2783
 469.000       1.2062
 470.000       1.1560
 471.000       1.2266
 472.000       1.3533
 473.000       1.3016
 474.000       1.2190
 475.000       1.0355
 476.000       0.8062
 477.000       0.8512
 478.000       1.0324
 479.000       1.2073
 480.000       0.9090
 481.000       0.9944
 482.000       0.8905
 483.000       0.8002
 484.000       0.9789
 485.000       0.8761
 486.000       1.2204
 487.000       0.9832
 488.000       0.6817
 489.000       0.8291
 490.000       0.8328
 491.000       1.0334
 492.000       0.7408
 493.000       0.9463
 494.000       1.1266
 495.000       1.1862
 496.000       1.0524
 497.000       1.7815
 498.000       1.2148
 499.000       1.0567
 500.000       1.1877
 501.000       1.3658
 502.000       1.7638
 503.000       2.0737
 504.000       1.3281
 505.000       1.7759
 506.000       1.0695
 507.000       1.0388
 508.000       1.0547
 509.000       1.0448
 510.000       0.8957
 511.000       1.0264
 512.000       0.9381
 513.000       1.0158
 514.000       0.7338
 515.000       1.8978
 516.000       1.2037
 517.000       1.0988
 518.000       0.8603
 519.000       1.4221
 520.000       0.8579
 521.000       0.9624
 522.000       1.4028
 523.000       1.4944
 524.000       1.0756
 525.000       1.5808
 526.000       1.6870
 527.000       1.7942
 528.000       1.1363
 529.000       1.5828
 530.000       2.4767
 531.000       1.7401
 532.000       1.4282
 533.000       2.1726
 534.000       2.2455
 535.000       2.2804
 536.000       2.1755
 537.000       3.0206
 538.000       2.9894
 539.000       3.6187
 540.000       3.4545
 541.000       3.3010
 542.000       3.6488
 543.000       3.4031
 544.000       2.7168
 545.000       3.1325
 546.000       3.2682
 547.000       2.5178
 548.000       2.2784
 549.000       2.7306
 550.000       3.6713
 551.000       3.9209
 552.000       7.6009
 553.000       8.9908
 554.000       2.9610
 555.000       5.4719
 556.000      50.8710
 557.000       0.4769
 558.000       1.2228
 559.000      51.9402
 560.000      51.9923
 561.000      51.6560
 562.000      50.1269
 563.000      50.8626
 564.000      49.8739
 565.000      51.0262
 566.000      51.9190
 567.000      52.1671
 568.000      52.3701
 569.000      51.3057
 570.000      51.7337
 571.000      51.0345
 572.000      49.4438
 573.000      52.6390
 574.000      51.7014
 575.000      51.1398
 576.000      51.0859
 577.000      52.2116
 578.000      51.7256
 579.000      50.4324
 580.000      52.1516
 581.000      51.2897
 582.000      51.2349
 583.000      50.9079
 584.000      51.4927
 585.000      53.2253
 586.000      52.3132
 587.000      52.3484
 588.000      52.0709
 589.000      51.6294
 590.000      52.1597
 591.000      50.1219
 592.000      52.8363
 593.000      51.7032
 594.000      51.7955
 595.000      50.8600
 596.000      51.4203
 597.000      51.1316
 598.000      51.0351
 599.000      52.0310
 600.000      51.8357
 601.000       0.5827
 602.000      52.3401
 603.000      52.7934
 604.000      52.6811
 605.000      52.8294
 606.000      52.6106
 607.000      52.0173
 608.000      52.0415
 609.000      50.9175
 610.000      52.0117
 611.000      52.0473
 612.000      52.4358
 613.000      52.1526
 614.000      53.1115
 615.000      52.9176
 616.000      52.4157
 617.000      52.3962
 618.000      52.7839
 619.000      46.5867
 620.000      52.3454
 621.000      53.0598
 622.000      52.5603
 623.000      53.0865
 624.000      51.0725
 625.000      52.8772
 626.000      51.3994
 627.000      53.2512
 628.000      52.8340
 629.000      52.8355
 630.000      52.4940
 631.000      45.3534
 632.000      52.2760
 633.000      53.2472
 634.000      52.3831
 635.000      52.9518
 636.000      52.5972
 637.000      53.1033
 638.000      52.4711
 639.000      51.8862
 640.000      53.2212
 641.000      52.7522
 642.000      53.2469
 643.000      52.5357
 644.000      52.8231
 645.000      52.7804
 646.000      53.1391
 647.000      52.4571
