#Res        AtomicFlx
   1.000       3.8075
   2.000       1.6466
   3.000       1.7764
   4.000       1.0763
   5.000       1.6012
   6.000       1.6253
   7.000       1.3024
   8.000       1.4736
   9.000       1.3568
  10.000       1.1100
  11.000       0.9051
  12.000       1.2209
  13.000       0.8032
  14.000       0.6115
  15.000       0.7829
  16.000       0.6807
  17.000       0.6598
  18.000       0.6362
  19.000       0.6799
  20.000       0.5864
  21.000       0.8968
  22.000       0.7139
  23.000       0.6176
  24.000       1.1450
  25.000       1.6298
  26.000       1.5010
  27.000       0.6407
  28.000       0.7239
  29.000       1.2192
  30.000       0.9046
  31.000       0.8850
  32.000       1.7023
  33.000       1.5908
  34.000       0.7646
  35.000       0.8831
  36.000       0.8544
  37.000       0.8729
  38.000       0.9171
  39.000       0.7503
  40.000       1.0424
  41.000       1.3680
  42.000       0.7223
  43.000       0.6148
  44.000       1.6114
  45.000       0.9307
  46.000       0.7301
  47.000       0.8267
  48.000       1.2958
  49.000       1.2814
  50.000       0.8339
  51.000       0.6396
  52.000       0.7739
  53.000       0.7380
  54.000       0.8226
  55.000       0.8457
  56.000       0.7723
  57.000       0.9970
  58.000       0.7936
  59.000       1.1008
  60.000       0.7127
  61.000       0.8966
  62.000       0.7034
  63.000       0.9552
  64.000       1.1085
  65.000       1.0294
  66.000       1.0608
  67.000       1.1090
  68.000       0.7531
  69.000       0.8317
  70.000       0.8197
  71.000       0.7088
  72.000       0.8919
  73.000       0.9770
  74.000       1.9002
  75.000       3.0081
  76.000       1.3058
  77.000       1.4136
  78.000       1.3413
  79.000       1.2203
  80.000       0.9357
  81.000       0.6002
  82.000       0.7745
  83.000       0.6169
  84.000       1.0503
  85.000       0.6685
  86.000       1.0574
  87.000       0.7858
  88.000       0.8848
  89.000       0.9709
  90.000       0.8731
  91.000       0.8013
  92.000       0.9532
  93.000       1.1473
  94.000       0.6977
  95.000       1.1036
  96.000       0.9182
  97.000       1.0694
  98.000       0.9577
  99.000       0.7933
 100.000       0.8081
 101.000       0.7493
 102.000       0.6150
 103.000       0.8116
 104.000       0.5971
 105.000       0.8972
 106.000       0.9459
 107.000       0.8839
 108.000       0.6434
 109.000       0.9922
 110.000       0.7337
 111.000       0.6826
 112.000       0.9506
 113.000       0.9285
 114.000       1.8694
 115.000       1.2059
 116.000       0.8048
 117.000       0.9936
 118.000       0.8731
 119.000       0.9590
 120.000       1.2249
 121.000       1.8021
 122.000       2.6054
 123.000       2.4075
 124.000       3.3109
 125.000       3.3300
 126.000       4.4339
 127.000       3.2770
 128.000       4.4698
 129.000       2.9575
 130.000       2.1364
 131.000       2.3196
 132.000       1.9112
 133.000       2.1183
 134.000       2.3635
 135.000       2.8613
 136.000       3.3294
 137.000       3.6984
 138.000       3.0839
 139.000       3.1617
 140.000       3.9200
 141.000       3.9050
 142.000       2.9177
 143.000       2.8039
 144.000       2.4372
 145.000       2.8675
 146.000       2.6645
 147.000       2.1711
 148.000       2.5149
 149.000       2.5536
 150.000       2.0684
 151.000       1.6023
 152.000       2.3458
 153.000       2.1584
 154.000       1.9142
 155.000       1.5044
 156.000       2.3493
 157.000       1.7706
 158.000       3.0606
 159.000       2.0440
 160.000       2.7695
 161.000       2.6019
 162.000       2.0335
 163.000       2.0602
 164.000       0.9994
 165.000       1.1387
 166.000       0.9635
 167.000       1.1579
 168.000       1.2965
 169.000       0.9148
 170.000       1.1790
 171.000       2.2658
 172.000       2.0129
 173.000       1.6139
 174.000       1.3329
 175.000       2.1554
 176.000       2.8177
 177.000       3.1057
 178.000       2.1033
 179.000       2.6419
 180.000       2.1291
 181.000       1.4934
 182.000       1.7555
 183.000       2.1744
 184.000       1.8626
 185.000       1.1308
 186.000       1.6608
 187.000       1.3969
 188.000       2.2039
 189.000       1.4729
 190.000       1.0311
 191.000       1.1442
 192.000       0.9814
 193.000       0.6782
 194.000       0.6188
 195.000       0.7709
 196.000       0.6459
 197.000       0.8109
 198.000       0.7930
 199.000       0.7388
 200.000       0.8915
 201.000       0.8912
 202.000       0.8232
 203.000       0.8963
 204.000       1.1242
 205.000       1.1450
 206.000       0.9586
 207.000       1.1376
 208.000       1.7318
 209.000       0.8888
 210.000       1.3820
 211.000       1.8344
 212.000       0.8956
 213.000       0.9732
 214.000       0.8161
 215.000       1.4572
 216.000       0.9590
 217.000       1.0649
 218.000       1.4494
 219.000       1.0739
 220.000       0.9648
 221.000       1.0353
 222.000       0.9131
 223.000       1.3028
 224.000       0.6639
 225.000       0.6191
 226.000       0.8215
 227.000       0.7819
 228.000       0.8363
 229.000       0.7243
 230.000       1.0210
 231.000       0.8597
 232.000       1.1645
 233.000       1.0525
 234.000       1.2905
 235.000       0.9474
 236.000       1.4387
 237.000       1.4617
 238.000       1.1462
 239.000       1.5893
 240.000       1.0000
 241.000       0.9620
 242.000       1.9109
 243.000       1.1509
 244.000       0.7456
 245.000       1.0009
 246.000       1.1955
 247.000       1.6754
 248.000       0.7911
 249.000       1.0538
 250.000       0.9562
 251.000       1.0068
 252.000       1.4117
 253.000       1.7513
 254.000       1.5433
 255.000       1.1282
 256.000       1.3022
 257.000       1.6214
 258.000       1.3246
 259.000       0.9226
 260.000       1.5312
 261.000       0.7873
 262.000       0.8363
 263.000       0.6442
 264.000       0.8283
 265.000       0.6537
 266.000       0.6576
 267.000       0.7351
 268.000       0.6116
 269.000       1.0787
 270.000       0.9153
 271.000       1.0349
 272.000       0.6328
 273.000       0.8038
 274.000       0.7029
 275.000       0.8033
 276.000       1.0100
 277.000       0.9555
 278.000       0.9992
 279.000       0.7725
 280.000       1.1411
 281.000       0.7951
 282.000       0.7699
 283.000       1.0280
 284.000       0.7667
 285.000       0.7770
 286.000       1.1999
 287.000       0.9884
 288.000       1.5117
 289.000       1.6261
 290.000       1.6409
 291.000       1.2236
 292.000       1.0773
 293.000       1.2645
 294.000       1.2438
 295.000       2.2120
 296.000       1.0567
 297.000       0.7322
 298.000       0.8294
 299.000       0.9761
 300.000       0.7361
 301.000       0.6270
 302.000       1.0223
 303.000       0.6660
 304.000       0.5814
 305.000       0.6632
 306.000       0.6798
 307.000       0.6063
 308.000       0.5337
 309.000       0.7875
 310.000       0.8999
 311.000       0.6500
 312.000       0.6022
 313.000       1.1741
 314.000       0.7905
 315.000       0.7682
 316.000       1.0075
 317.000       0.8234
 318.000       0.9681
 319.000       1.0649
 320.000       0.7831
 321.000       0.9520
 322.000       0.9935
 323.000       0.9452
 324.000       1.2402
 325.000       1.4244
 326.000       1.3959
 327.000       1.1933
 328.000       1.1893
 329.000       1.2629
 330.000       1.0782
 331.000       1.0242
 332.000       1.6453
 333.000       1.0385
 334.000       0.9010
 335.000       1.0891
 336.000       1.7478
 337.000       1.0898
 338.000       1.0177
 339.000       0.7671
 340.000       1.0566
 341.000       0.8434
 342.000       0.9879
 343.000       0.8572
 344.000       0.7670
 345.000       0.6808
 346.000       0.7394
 347.000       0.9044
 348.000       0.7736
 349.000       0.8219
 350.000       1.0072
 351.000       1.2843
 352.000       1.1175
 353.000       1.0071
 354.000       1.1348
 355.000       0.8439
 356.000       0.7156
 357.000       0.8525
 358.000       0.7276
 359.000       0.7200
 360.000       1.0120
 361.000       0.7766
 362.000       0.5995
 363.000       0.6167
 364.000       0.9895
 365.000       0.6925
 366.000       0.8887
 367.000       0.6652
 368.000       0.7481
 369.000       0.7189
 370.000       0.6076
 371.000       0.8428
 372.000       0.6454
 373.000       0.8583
 374.000       0.6616
 375.000       0.8437
 376.000       0.8494
 377.000       0.9262
 378.000       0.8598
 379.000       1.0261
 380.000       0.7028
 381.000       0.8952
 382.000       0.7760
 383.000       0.7663
 384.000       0.7559
 385.000       0.8838
 386.000       0.9185
 387.000       1.0681
 388.000       1.0645
 389.000       1.1492
 390.000       1.3088
 391.000       2.6190
 392.000       2.0755
 393.000       2.5615
 394.000       1.3203
 395.000       1.4675
 396.000       1.6807
 397.000       1.4627
 398.000       1.3737
 399.000       1.0677
 400.000       1.5606
 401.000       0.8997
 402.000       0.7509
 403.000       0.9439
 404.000       0.7847
 405.000       0.8631
 406.000       0.7541
 407.000       0.8919
 408.000       0.8490
 409.000       0.7355
 410.000       1.0372
 411.000       1.1924
 412.000       1.1547
 413.000       0.8137
 414.000       1.0802
 415.000       1.0069
 416.000       1.1277
 417.000       1.0892
 418.000       1.0191
 419.000       1.4296
 420.000       1.1946
 421.000       1.0434
 422.000       1.5069
 423.000       1.5179
 424.000       1.1655
 425.000       1.2471
 426.000       1.4421
 427.000       1.3461
 428.000       1.2315
 429.000       1.2174
 430.000       1.5024
 431.000       1.3011
 432.000       1.0151
 433.000       1.0897
 434.000       1.3860
 435.000       1.5045
 436.000       1.1714
 437.000       1.2714
 438.000       1.0827
 439.000       1.0129
 440.000       1.0616
 441.000       0.9018
 442.000       0.9642
 443.000       1.0937
 444.000       1.1272
 445.000       1.0927
 446.000       1.3592
 447.000       1.0963
 448.000       1.3356
 449.000       1.2086
 450.000       1.4127
 451.000       1.4556
 452.000       1.8729
 453.000       1.5695
 454.000       1.8926
 455.000       2.3922
 456.000       1.5926
 457.000       1.1951
 458.000       1.9170
 459.000       1.5684
 460.000       1.3679
 461.000       1.3414
 462.000       1.6825
 463.000       2.1548
 464.000       1.5454
 465.000       1.7742
 466.000       1.8314
 467.000       2.1751
 468.000       1.6134
 469.000       1.6075
 470.000       1.4835
 471.000       1.7014
 472.000       2.0080
 473.000       1.4371
 474.000       1.5069
 475.000       1.4187
 476.000       0.9534
 477.000       1.0532
 478.000       1.5614
 479.000       1.1270
 480.000       0.9263
 481.000       0.9162
 482.000       0.8972
 483.000       0.8750
 484.000       0.9217
 485.000       0.9958
 486.000       1.6644
 487.000       1.1243
 488.000       0.9017
 489.000       1.0591
 490.000       1.0215
 491.000       1.2829
 492.000       1.0159
 493.000       1.1697
 494.000       1.3142
 495.000       1.4300
 496.000       1.3993
 497.000       1.9933
 498.000       1.4166
 499.000       1.4405
 500.000       1.5417
 501.000       1.9122
 502.000       2.3039
 503.000       2.7868
 504.000       1.7500
 505.000       2.0968
 506.000       1.4912
 507.000       1.4801
 508.000       1.4725
 509.000       1.5006
 510.000       1.3379
 511.000       1.3982
 512.000       1.3411
 513.000       1.4191
 514.000       1.1669
 515.000       1.7701
 516.000       1.4365
 517.000       1.3525
 518.000       1.2377
 519.000       1.7931
 520.000       1.2152
 521.000       1.2668
 522.000       1.2925
 523.000       1.2119
 524.000       0.8685
 525.000       0.9575
 526.000       0.8931
 527.000       1.3775
 528.000       0.9890
 529.000       1.1133
 530.000       1.7149
 531.000       1.9044
 532.000       1.6183
 533.000       1.9607
 534.000       2.0079
 535.000       2.1786
 536.000       2.3436
 537.000       2.8896
 538.000       3.1452
 539.000       3.8848
 540.000       3.4958
 541.000       2.9090
 542.000       3.3283
 543.000       3.4941
 544.000       2.9240
 545.000       2.5413
 546.000       3.3670
 547.000       2.7491
 548.000       2.0981
 549.000       2.7843
 550.000       3.8802
 551.000       4.5560
 552.000       4.1871
 553.000       6.3073
 554.000       2.0326
 555.000       2.5283
 556.000      50.1727
 557.000       0.5078
 558.000       0.8092
 559.000      49.6463
 560.000      53.0287
 561.000      50.8002
 562.000      53.3546
 563.000      52.2362
 564.000      51.4944
 565.000      52.1236
 566.000      51.0663
 567.000      51.7973
 568.000      49.8915
 569.000      51.1937
 570.000      51.3913
 571.000      50.6906
 572.000      51.5838
 573.000      50.9761
 574.000      51.0665
 575.000      51.1438
 576.000      50.2171
 577.000      51.5286
 578.000      52.0975
 579.000      51.6644
 580.000      50.4929
 581.000      50.3288
 582.000      50.9743
 583.000      50.8291
 584.000      52.2899
 585.000      49.4517
 586.000      49.6333
 587.000      53.2854
 588.000      52.0407
 589.000      51.1975
 590.000      51.4252
 591.000      51.7348
 592.000      50.3981
 593.000      51.7915
 594.000      52.6614
 595.000      52.7748
 596.000      51.8353
 597.000      49.3251
 598.000      48.8274
 599.000      51.5363
 600.000      52.4759
 601.000       0.6210
 602.000      51.5610
 603.000      52.4182
 604.000      52.3109
 605.000      52.3244
 606.000      50.6915
 607.000      52.8965
 608.000      53.0299
 609.000      53.1302
 610.000      52.7774
 611.000      53.0045
 612.000      52.1601
 613.000      52.5820
 614.000      51.9498
 615.000      52.1151
 616.000      52.1748
 617.000      52.4441
 618.000      53.1995
 619.000      52.3341
 620.000      52.1551
 621.000      53.0547
 622.000      52.6948
 623.000      52.4351
 624.000      52.7494
 625.000      52.5910
 626.000      51.9051
 627.000      52.4296
 628.000      52.4233
 629.000      52.7006
 630.000      53.1852
 631.000      52.3618
 632.000      52.4999
 633.000      53.1113
 634.000      52.2944
 635.000      52.6084
 636.000      51.9012
 637.000      52.9222
 638.000      50.9451
 639.000      53.2821
 640.000      52.7777
 641.000      51.8067
 642.000      52.6719
 643.000      53.0378
 644.000      52.1882
 645.000      52.5797
 646.000      52.2892
 647.000      53.1836
