#Res        AtomicFlx
   1.000       3.3587
   2.000       1.9082
   3.000       1.3023
   4.000       0.9873
   5.000       1.3921
   6.000       0.9840
   7.000       0.8757
   8.000       0.8126
   9.000       0.7669
  10.000       0.6348
  11.000       0.5917
  12.000       0.6282
  13.000       0.5669
  14.000       0.4949
  15.000       0.5107
  16.000       0.5597
  17.000       0.4930
  18.000       0.4950
  19.000       0.4692
  20.000       0.5784
  21.000       0.6637
  22.000       0.6408
  23.000       0.5141
  24.000       0.7029
  25.000       1.0053
  26.000       0.6394
  27.000       0.5441
  28.000       0.6206
  29.000       0.6667
  30.000       0.6014
  31.000       0.6235
  32.000       0.7166
  33.000       0.7322
  34.000       0.7003
  35.000       0.8370
  36.000       0.7833
  37.000       0.7938
  38.000       0.8115
  39.000       0.7119
  40.000       0.7469
  41.000       0.7995
  42.000       0.6545
  43.000       0.5761
  44.000       0.6885
  45.000       0.7265
  46.000       0.6692
  47.000       0.6562
  48.000       0.7106
  49.000       0.8211
  50.000       0.8544
  51.000       0.6185
  52.000       0.6099
  53.000       0.6680
  54.000       0.6360
  55.000       0.5694
  56.000       0.6267
  57.000       0.6740
  58.000       0.6281
  59.000       0.6141
  60.000       0.7051
  61.000       0.7478
  62.000       0.7111
  63.000       0.6506
  64.000       0.7819
  65.000       0.9984
  66.000       0.8401
  67.000       0.7382
  68.000       0.8170
  69.000       0.7632
  70.000       0.7009
  71.000       0.7877
  72.000       0.8194
  73.000       1.1996
  74.000       2.1357
  75.000       2.0220
  76.000       1.6371
  77.000       1.7560
  78.000       1.1919
  79.000       0.8622
  80.000       0.7908
  81.000       0.7145
  82.000       0.7374
  83.000       0.7661
  84.000       0.7552
  85.000       0.7925
  86.000       0.8384
  87.000       0.8565
  88.000       0.8268
  89.000       0.8346
  90.000       0.8914
  91.000       0.8892
  92.000       0.8834
  93.000       0.9091
  94.000       0.9260
  95.000       0.8723
  96.000       0.8715
  97.000       0.7792
  98.000       0.8363
  99.000       0.9285
 100.000       0.7258
 101.000       0.5656
 102.000       0.6291
 103.000       0.5818
 104.000       0.5297
 105.000       0.5697
 106.000       0.6171
 107.000       0.5745
 108.000       0.5804
 109.000       0.6796
 110.000       0.7261
 111.000       0.7257
 112.000       0.8623
 113.000       0.9719
 114.000       1.0603
 115.000       0.9924
 116.000       0.8175
 117.000       0.8847
 118.000       0.8571
 119.000       0.9322
 120.000       0.8635
 121.000       1.4969
 122.000       2.2041
 123.000       3.2902
 124.000       4.2343
 125.000       4.5409
 126.000       3.4711
 127.000       3.6120
 128.000       3.3656
 129.000       3.3365
 130.000       2.3909
 131.000       2.6074
 132.000       2.0898
 133.000       1.6027
 134.000       1.5567
 135.000       1.9250
 136.000       2.2195
 137.000       2.6936
 138.000       2.5683
 139.000       2.5096
 140.000       3.1947
 141.000       3.6340
 142.000       3.9440
 143.000       3.0265
 144.000       2.7839
 145.000       2.6540
 146.000       2.2845
 147.000       2.1860
 148.000       1.8800
 149.000       1.9593
 150.000       2.1114
 151.000       1.9379
 152.000       1.8763
 153.000       2.4992
 154.000       2.6212
 155.000       2.5834
 156.000       2.8423
 157.000       2.8015
 158.000       3.1023
 159.000       3.6750
 160.000       4.1087
 161.000       2.8065
 162.000       1.8852
 163.000       1.3790
 164.000       0.9413
 165.000       0.7673
 166.000       0.7446
 167.000       0.7287
 168.000       0.7616
 169.000       0.7311
 170.000       0.7375
 171.000       0.8420
 172.000       0.9220
 173.000       1.0160
 174.000       1.1991
 175.000       1.4265
 176.000       1.8759
 177.000       1.8335
 178.000       1.9126
 179.000       1.2618
 180.000       1.4884
 181.000       1.5586
 182.000       1.4919
 183.000       1.5940
 184.000       1.3941
 185.000       1.7295
 186.000       1.6127
 187.000       1.2422
 188.000       1.0354
 189.000       0.9272
 190.000       0.8596
 191.000       0.7472
 192.000       0.7581
 193.000       0.7382
 194.000       0.6433
 195.000       0.6635
 196.000       0.7209
 197.000       0.6640
 198.000       0.6375
 199.000       0.6438
 200.000       0.7003
 201.000       0.6875
 202.000       0.6274
 203.000       0.6771
 204.000       0.7702
 205.000       0.7055
 206.000       0.6619
 207.000       0.8212
 208.000       0.9301
 209.000       0.8941
 210.000       0.9464
 211.000       0.9822
 212.000       0.8224
 213.000       0.7434
 214.000       0.8377
 215.000       0.8243
 216.000       0.6458
 217.000       0.6490
 218.000       0.6816
 219.000       0.6186
 220.000       0.5449
 221.000       0.6073
 222.000       0.6483
 223.000       0.7296
 224.000       0.6729
 225.000       0.5909
 226.000       0.6616
 227.000       0.7145
 228.000       0.6815
 229.000       0.6465
 230.000       0.6909
 231.000       0.7020
 232.000       0.7116
 233.000       0.7855
 234.000       0.8126
 235.000       0.7906
 236.000       0.8786
 237.000       0.9962
 238.000       0.8826
 239.000       0.9424
 240.000       0.9083
 241.000       0.8082
 242.000       0.8706
 243.000       0.8708
 244.000       0.7829
 245.000       0.7780
 246.000       0.8373
 247.000       0.7836
 248.000       0.6978
 249.000       0.7899
 250.000       0.8323
 251.000       0.8672
 252.000       0.9944
 253.000       1.2088
 254.000       1.0803
 255.000       0.8504
 256.000       0.9595
 257.000       1.2586
 258.000       0.9379
 259.000       0.8945
 260.000       0.7805
 261.000       0.6668
 262.000       0.6640
 263.000       0.6564
 264.000       0.5844
 265.000       0.5699
 266.000       0.5810
 267.000       0.5441
 268.000       0.4666
 269.000       0.5228
 270.000       0.5487
 271.000       0.5214
 272.000       0.4796
 273.000       0.5057
 274.000       0.6566
 275.000       0.7033
 276.000       1.0851
 277.000       0.9083
 278.000       1.0943
 279.000       1.1703
 280.000       0.7340
 281.000       0.6598
 282.000       0.6346
 283.000       0.7126
 284.000       0.6050
 285.000       0.6770
 286.000       0.6894
 287.000       0.6770
 288.000       0.7655
 289.000       0.8182
 290.000       0.9234
 291.000       0.8215
 292.000       0.8112
 293.000       0.7469
 294.000       0.7441
 295.000       0.7185
 296.000       0.6738
 297.000       0.5978
 298.000       0.6049
 299.000       0.6009
 300.000       0.4922
 301.000       0.5040
 302.000       0.5651
 303.000       0.5144
 304.000       0.4529
 305.000       0.5079
 306.000       0.5528
 307.000       0.4918
 308.000       0.4723
 309.000       0.5386
 310.000       0.5713
 311.000       0.5723
 312.000       0.6028
 313.000       0.6728
 314.000       0.6738
 315.000       0.5965
 316.000       0.6495
 317.000       0.6611
 318.000       0.7425
 319.000       0.8018
 320.000       0.7950
 321.000       0.8271
 322.000       0.8635
 323.000       0.8520
 324.000       0.9340
 325.000       1.0652
 326.000       1.0325
 327.000       1.0374
 328.000       0.9464
 329.000       0.9113
 330.000       0.8293
 331.000       0.8604
 332.000       0.8646
 333.000       0.8129
 334.000       0.8660
 335.000       0.9549
 336.000       1.1044
 337.000       1.2729
 338.000       0.9065
 339.000       0.7752
 340.000       0.7378
 341.000       0.7949
 342.000       0.7170
 343.000       0.7236
 344.000       0.7257
 345.000       0.7103
 346.000       0.7950
 347.000       0.7630
 348.000       0.7237
 349.000       0.8420
 350.000       1.0151
 351.000       1.0505
 352.000       0.9313
 353.000       0.9326
 354.000       0.8326
 355.000       0.7444
 356.000       0.6970
 357.000       0.7187
 358.000       0.6818
 359.000       0.6261
 360.000       0.6013
 361.000       0.6122
 362.000       0.5613
 363.000       0.5331
 364.000       0.5570
 365.000       0.5679
 366.000       0.5409
 367.000       0.5250
 368.000       0.5301
 369.000       0.5571
 370.000       0.6332
 371.000       0.6064
 372.000       0.6653
 373.000       0.5667
 374.000       0.5070
 375.000       0.6653
 376.000       0.6110
 377.000       0.5566
 378.000       0.5835
 379.000       0.5851
 380.000       0.5958
 381.000       0.6580
 382.000       0.6935
 383.000       0.6999
 384.000       0.7396
 385.000       0.7932
 386.000       0.8669
 387.000       0.8798
 388.000       0.9692
 389.000       1.0505
 390.000       1.1350
 391.000       1.5704
 392.000       2.0330
 393.000       1.3299
 394.000       1.1172
 395.000       1.1923
 396.000       1.2269
 397.000       1.0263
 398.000       0.8783
 399.000       0.8650
 400.000       0.8855
 401.000       0.8092
 402.000       0.7127
 403.000       0.7750
 404.000       0.8386
 405.000       0.7470
 406.000       0.7116
 407.000       0.8249
 408.000       0.8697
 409.000       0.7693
 410.000       0.7662
 411.000       0.9500
 412.000       0.9445
 413.000       0.8385
 414.000       0.9551
 415.000       0.9933
 416.000       0.9268
 417.000       1.0646
 418.000       1.1073
 419.000       1.3762
 420.000       0.9558
 421.000       0.9122
 422.000       0.9629
 423.000       0.8993
 424.000       0.8652
 425.000       0.9198
 426.000       1.0072
 427.000       0.9604
 428.000       0.8500
 429.000       0.9008
 430.000       0.9822
 431.000       0.8961
 432.000       0.8028
 433.000       0.9041
 434.000       0.9466
 435.000       0.8788
 436.000       0.7808
 437.000       0.7432
 438.000       0.7016
 439.000       0.7281
 440.000       0.7279
 441.000       0.7385
 442.000       0.7980
 443.000       0.7851
 444.000       0.7891
 445.000       0.8754
 446.000       0.9454
 447.000       0.9103
 448.000       0.8836
 449.000       0.9637
 450.000       1.1420
 451.000       1.1731
 452.000       1.1321
 453.000       1.1858
 454.000       1.1602
 455.000       1.2219
 456.000       1.1524
 457.000       1.0641
 458.000       1.0668
 459.000       1.0368
 460.000       1.0068
 461.000       0.9956
 462.000       1.1885
 463.000       1.2833
 464.000       1.1142
 465.000       1.3335
 466.000       1.2210
 467.000       1.4250
 468.000       1.1610
 469.000       1.2453
 470.000       1.3812
 471.000       1.4199
 472.000       1.2780
 473.000       1.0299
 474.000       1.1576
 475.000       1.2246
 476.000       0.9544
 477.000       0.9273
 478.000       1.1416
 479.000       1.0960
 480.000       1.0106
 481.000       1.2103
 482.000       1.1051
 483.000       1.0007
 484.000       0.8562
 485.000       0.7627
 486.000       0.8381
 487.000       0.7769
 488.000       0.7022
 489.000       0.7798
 490.000       0.8779
 491.000       0.8034
 492.000       0.8196
 493.000       0.9512
 494.000       1.0335
 495.000       1.0621
 496.000       1.0949
 497.000       1.3934
 498.000       1.4135
 499.000       1.5200
 500.000       1.6019
 501.000       1.7351
 502.000       2.1701
 503.000       2.0358
 504.000       2.0416
 505.000       1.9900
 506.000       1.6374
 507.000       1.7260
 508.000       1.7557
 509.000       1.5808
 510.000       1.3696
 511.000       1.3905
 512.000       1.3467
 513.000       1.1351
 514.000       1.0748
 515.000       1.1286
 516.000       1.0322
 517.000       1.0096
 518.000       1.0811
 519.000       1.0510
 520.000       0.8843
 521.000       0.9157
 522.000       0.9391
 523.000       0.8017
 524.000       0.8161
 525.000       0.8037
 526.000       1.0829
 527.000       1.1728
 528.000       1.1401
 529.000       1.4575
 530.000       1.8499
 531.000       1.9872
 532.000       1.9166
 533.000       2.4893
 534.000       2.9384
 535.000       2.9355
 536.000       3.0264
 537.000       3.8381
 538.000       4.4108
 539.000       4.8436
 540.000       4.8162
 541.000       4.3006
 542.000       4.3714
 543.000       4.1412
 544.000       3.5579
 545.000       3.4301
 546.000       3.5773
 547.000       3.1928
 548.000       2.8096
 549.000       3.0021
 550.000       3.2642
 551.000       3.7276
 555.000      51.1255
