#Res        AtomicFlx
   1.000       2.4600
   2.000       2.1901
   3.000       1.5692
   4.000       1.3457
   5.000       1.8463
   6.000       1.5076
   7.000       1.4099
   8.000       1.2138
   9.000       1.1193
  10.000       0.9663
  11.000       0.8627
  12.000       0.8979
  13.000       0.8636
  14.000       0.6823
  15.000       0.6853
  16.000       0.8402
  17.000       0.7280
  18.000       0.6390
  19.000       0.5885
  20.000       0.7088
  21.000       0.7848
  22.000       0.8400
  23.000       0.6464
  24.000       0.7078
  25.000       0.8525
  26.000       0.8038
  27.000       0.7116
  28.000       0.7114
  29.000       0.8326
  30.000       0.7351
  31.000       0.8660
  32.000       1.0044
  33.000       0.8818
  34.000       0.8087
  35.000       0.9569
  36.000       0.9018
  37.000       0.9171
  38.000       0.9166
  39.000       0.8140
  40.000       0.7984
  41.000       0.7985
  42.000       0.7073
  43.000       0.6334
  44.000       0.6724
  45.000       0.6627
  46.000       0.6296
  47.000       0.6162
  48.000       0.6403
  49.000       0.7088
  50.000       0.7256
  51.000       0.6206
  52.000       0.5581
  53.000       0.5894
  54.000       0.5730
  55.000       0.5520
  56.000       0.5981
  57.000       0.6281
  58.000       0.6532
  59.000       0.6313
  60.000       0.6403
  61.000       0.7045
  62.000       0.6705
  63.000       0.6646
  64.000       0.7856
  65.000       0.8981
  66.000       0.7775
  67.000       0.8115
  68.000       0.8788
  69.000       0.8776
  70.000       0.8467
  71.000       0.7955
  72.000       0.6562
  73.000       0.7328
  74.000       1.1063
  75.000       1.1197
  76.000       0.9564
  77.000       1.0861
  78.000       0.8041
  79.000       0.7395
  80.000       0.7284
  81.000       0.6365
  82.000       0.5910
  83.000       0.6346
  84.000       0.6275
  85.000       0.6117
  86.000       0.6974
  87.000       0.7358
  88.000       0.6303
  89.000       0.6982
  90.000       0.8212
  91.000       0.7359
  92.000       0.6973
  93.000       0.7925
  94.000       0.7478
  95.000       0.6419
  96.000       0.6764
  97.000       0.6591
  98.000       0.6351
  99.000       0.6225
 100.000       0.6259
 101.000       0.5747
 102.000       0.5717
 103.000       0.5636
 104.000       0.5251
 105.000       0.5590
 106.000       0.6054
 107.000       0.5535
 108.000       0.5681
 109.000       0.6941
 110.000       0.7301
 111.000       0.7176
 112.000       0.8856
 113.000       1.2149
 114.000       1.4582
 115.000       1.5199
 116.000       0.9112
 117.000       0.9565
 118.000       0.8746
 119.000       1.1604
 120.000       0.9284
 121.000       1.1637
 122.000       1.8137
 123.000       2.8185
 124.000       5.0957
 125.000       5.8587
 126.000       5.3428
 127.000       5.8359
 128.000       4.3809
 129.000       3.2376
 130.000       2.2325
 131.000       2.6025
 132.000       2.7075
 133.000       1.9790
 134.000       1.6209
 135.000       2.3203
 136.000       2.9769
 137.000       3.2264
 138.000       2.7297
 139.000       2.8437
 140.000       3.8046
 141.000       3.6412
 142.000       3.2663
 143.000       3.3195
 144.000       2.9604
 145.000       2.9911
 146.000       2.5759
 147.000       2.0692
 148.000       2.1988
 149.000       2.5966
 150.000       2.1636
 151.000       1.6604
 152.000       3.0318
 153.000       3.7279
 154.000       4.1227
 155.000       3.8217
 156.000       4.4338
 157.000       4.9937
 158.000       4.6204
 159.000       4.0673
 160.000       3.3248
 161.000       2.5557
 162.000       1.7953
 163.000       1.6965
 164.000       1.0175
 165.000       1.0620
 166.000       0.7917
 167.000       0.9666
 168.000       1.2008
 169.000       1.0594
 170.000       1.0189
 171.000       1.5105
 172.000       1.7021
 173.000       1.4153
 174.000       0.8160
 175.000       0.9000
 176.000       1.3378
 177.000       1.6235
 178.000       1.4885
 179.000       1.5573
 180.000       1.4084
 181.000       1.2157
 182.000       1.3581
 183.000       1.4021
 184.000       1.4102
 185.000       1.7432
 186.000       1.8185
 187.000       1.4846
 188.000       1.3145
 189.000       0.9619
 190.000       0.8058
 191.000       0.8111
 192.000       0.7466
 193.000       0.6564
 194.000       0.6002
 195.000       0.5819
 196.000       0.6497
 197.000       0.6554
 198.000       0.6419
 199.000       0.6439
 200.000       0.7154
 201.000       0.7756
 202.000       0.8240
 203.000       0.9287
 204.000       1.0727
 205.000       1.1247
 206.000       1.0904
 207.000       1.3748
 208.000       1.4796
 209.000       1.2771
 210.000       1.3657
 211.000       1.5692
 212.000       1.3128
 213.000       1.0843
 214.000       1.0996
 215.000       1.0197
 216.000       0.9941
 217.000       1.0639
 218.000       0.9360
 219.000       0.7195
 220.000       1.0907
 221.000       1.4221
 222.000       1.1658
 223.000       0.8952
 224.000       0.7452
 225.000       0.6989
 226.000       0.7599
 227.000       0.6995
 228.000       0.6584
 229.000       0.7138
 230.000       0.7642
 231.000       0.7237
 232.000       0.7869
 233.000       0.8432
 234.000       0.8154
 235.000       0.8748
 236.000       1.0443
 237.000       1.3381
 238.000       1.0600
 239.000       1.1601
 240.000       1.1362
 241.000       0.9619
 242.000       0.9987
 243.000       0.9760
 244.000       0.8975
 245.000       0.8806
 246.000       0.9305
 247.000       0.9256
 248.000       0.8901
 249.000       0.8927
 250.000       0.9057
 251.000       0.9146
 252.000       0.9871
 253.000       1.1181
 254.000       1.1148
 255.000       0.9247
 256.000       0.9334
 257.000       1.2566
 258.000       0.9483
 259.000       0.8617
 260.000       0.8062
 261.000       0.7040
 262.000       0.6405
 263.000       0.6743
 264.000       0.6809
 265.000       0.6098
 266.000       0.5678
 267.000       0.5966
 268.000       0.6035
 269.000       0.6322
 270.000       0.6150
 271.000       0.6354
 272.000       0.6383
 273.000       0.6439
 274.000       0.7851
 275.000       0.7648
 276.000       1.5140
 277.000       0.9745
 278.000       1.3307
 279.000       1.1291
 280.000       0.7441
 281.000       0.6838
 282.000       0.7647
 283.000       0.7894
 284.000       0.7096
 285.000       0.7301
 286.000       0.9531
 287.000       0.9610
 288.000       1.0921
 289.000       0.9693
 290.000       1.1352
 291.000       1.2528
 292.000       1.3923
 293.000       0.9545
 294.000       0.9231
 295.000       0.8211
 296.000       0.7641
 297.000       0.6579
 298.000       0.6259
 299.000       0.6480
 300.000       0.5924
 301.000       0.5796
 302.000       0.6353
 303.000       0.6428
 304.000       0.6221
 305.000       0.6649
 306.000       0.6763
 307.000       0.6522
 308.000       0.6509
 309.000       0.7036
 310.000       0.6945
 311.000       0.6836
 312.000       0.7262
 313.000       0.7271
 314.000       0.6892
 315.000       0.6928
 316.000       0.7391
 317.000       0.7427
 318.000       0.7640
 319.000       0.8571
 320.000       0.9351
 321.000       0.8634
 322.000       0.8787
 323.000       1.0073
 324.000       1.0654
 325.000       1.0807
 326.000       1.1270
 327.000       1.2434
 328.000       1.2497
 329.000       1.2028
 330.000       1.0572
 331.000       1.0994
 332.000       1.1374
 333.000       0.9664
 334.000       1.1886
 335.000       1.0897
 336.000       1.0514
 337.000       1.3105
 338.000       1.0437
 339.000       0.8746
 340.000       0.8448
 341.000       0.7844
 342.000       0.6916
 343.000       0.7068
 344.000       0.7835
 345.000       0.7141
 346.000       0.6708
 347.000       0.7228
 348.000       0.7464
 349.000       0.7027
 350.000       0.7164
 351.000       0.8523
 352.000       0.8639
 353.000       0.9299
 354.000       0.7973
 355.000       0.7532
 356.000       0.6024
 357.000       0.6379
 358.000       0.5891
 359.000       0.5251
 360.000       0.5459
 361.000       0.5859
 362.000       0.5130
 363.000       0.4812
 364.000       0.5402
 365.000       0.5622
 366.000       0.5568
 367.000       0.5174
 368.000       0.5496
 369.000       0.6482
 370.000       0.7138
 371.000       0.6355
 372.000       0.7971
 373.000       0.7142
 374.000       0.6407
 375.000       0.7646
 376.000       0.6727
 377.000       0.7217
 378.000       0.7876
 379.000       0.8097
 380.000       0.7197
 381.000       0.7363
 382.000       1.0570
 383.000       1.1588
 384.000       1.1982
 385.000       1.5800
 386.000       1.6409
 387.000       1.8850
 388.000       1.5308
 389.000       1.2186
 390.000       1.3747
 391.000       1.9750
 392.000       1.7542
 393.000       1.8228
 394.000       1.5973
 395.000       1.4297
 396.000       1.5744
 397.000       1.4373
 398.000       1.1799
 399.000       1.1962
 400.000       1.2043
 401.000       1.0810
 402.000       1.0290
 403.000       0.9581
 404.000       0.9928
 405.000       0.9394
 406.000       0.9014
 407.000       0.9199
 408.000       0.9679
 409.000       0.8607
 410.000       0.8267
 411.000       0.9592
 412.000       0.9220
 413.000       0.7947
 414.000       0.9383
 415.000       1.0145
 416.000       0.8809
 417.000       0.9446
 418.000       1.1194
 419.000       1.3338
 420.000       1.2213
 421.000       1.0657
 422.000       1.0884
 423.000       1.0348
 424.000       0.8810
 425.000       0.8316
 426.000       0.9958
 427.000       0.9199
 428.000       0.8144
 429.000       0.8938
 430.000       0.9245
 431.000       0.8965
 432.000       1.1363
 433.000       1.6662
 434.000       1.5688
 435.000       0.8475
 436.000       0.8548
 437.000       0.7511
 438.000       0.6319
 439.000       0.6911
 440.000       0.6712
 441.000       0.6539
 442.000       0.6905
 443.000       0.6747
 444.000       0.6362
 445.000       0.6919
 446.000       0.8227
 447.000       0.7998
 448.000       0.7188
 449.000       0.7733
 450.000       0.8688
 451.000       0.9413
 452.000       0.9048
 453.000       0.9212
 454.000       0.9001
 455.000       1.0061
 456.000       0.9761
 457.000       0.8156
 458.000       0.8176
 459.000       1.0396
 460.000       1.0550
 461.000       0.9153
 462.000       1.1317
 463.000       1.4630
 464.000       1.4119
 465.000       1.4482
 466.000       1.6314
 467.000       1.4328
 468.000       1.2367
 469.000       1.0836
 470.000       1.0253
 471.000       0.9725
 472.000       0.9452
 473.000       0.7468
 474.000       0.7434
 475.000       0.8695
 476.000       0.7167
 477.000       0.7821
 478.000       1.0259
 479.000       1.0354
 480.000       0.7784
 481.000       0.7180
 482.000       0.8515
 483.000       0.8131
 484.000       0.6320
 485.000       0.6871
 486.000       0.7862
 487.000       0.7136
 488.000       0.6575
 489.000       0.7651
 490.000       0.8588
 491.000       0.8027
 492.000       0.8301
 493.000       0.9573
 494.000       1.0812
 495.000       1.1330
 496.000       1.1626
 497.000       1.5396
 498.000       1.4424
 499.000       1.4338
 500.000       1.5116
 501.000       1.6112
 502.000       1.8748
 503.000       2.2038
 504.000       1.6730
 505.000       1.6241
 506.000       1.3011
 507.000       1.3376
 508.000       1.4006
 509.000       1.2519
 510.000       1.0768
 511.000       1.1554
 512.000       1.1366
 513.000       0.9310
 514.000       0.9297
 515.000       1.0757
 516.000       0.8806
 517.000       0.7406
 518.000       0.8715
 519.000       0.7700
 520.000       0.6661
 521.000       0.7090
 522.000       0.7191
 523.000       0.8079
 524.000       0.8422
 525.000       0.6876
 526.000       0.8593
 527.000       1.0978
 528.000       0.9259
 529.000       0.8844
 530.000       1.2253
 531.000       1.2694
 532.000       1.0622
 533.000       1.3275
 534.000       1.6110
 535.000       1.4876
 536.000       1.4837
 537.000       1.8372
 538.000       2.2667
 539.000       2.9217
 540.000       2.9387
 541.000       2.5854
 542.000       2.7639
 543.000       2.5418
 544.000       1.9897
 545.000       2.0189
 546.000       2.3411
 547.000       1.9790
 548.000       1.6997
 549.000       2.0450
 550.000       2.2686
 551.000       2.6443
 555.000      51.6091
