#Res        AtomicFlx
   1.000       6.1202
   2.000       4.2240
   3.000       3.0754
   4.000       2.0694
   5.000       1.4779
   6.000       1.3848
   7.000       1.4866
   8.000       1.6613
   9.000       1.6507
  10.000       1.3578
  11.000       1.0793
  12.000       0.8401
  13.000       1.1591
  14.000       1.0499
  15.000       0.7582
  16.000       0.7067
  17.000       1.0565
  18.000       0.5650
  19.000       0.6919
  20.000       0.6901
  21.000       0.9710
  22.000       1.0048
  23.000       1.3112
  24.000       1.1699
  25.000       1.4345
  26.000       1.4128
  27.000       1.1968
  28.000       1.3889
  29.000       1.0765
  30.000       1.0005
  31.000       1.4459
  32.000       1.1997
  33.000       1.0181
  34.000       1.5404
  35.000       1.7240
  36.000       0.8639
  37.000       0.8963
  38.000       0.8424
  39.000       0.8722
  40.000       0.9245
  41.000       0.7834
  42.000       1.0733
  43.000       0.9848
  44.000       0.8044
  45.000       1.1061
  46.000       1.3358
  47.000       1.2059
  48.000       1.0174
  49.000       0.9189
  50.000       1.0627
  51.000       1.2386
  52.000       0.8308
  53.000       0.6222
  54.000       0.7125
  55.000       0.6646
  56.000       0.9693
  57.000       0.6908
  58.000       0.8438
  59.000       0.8609
  60.000       0.7643
  61.000       0.7523
  62.000       0.7515
  63.000       1.0577
  64.000       0.7514
  65.000       1.0477
  66.000       1.3548
  67.000       0.7605
  68.000       1.6146
  69.000       0.9117
  70.000       0.6261
  71.000       0.7079
  72.000       0.8174
  73.000       0.6617
  74.000       0.7956
  75.000       0.9225
  76.000       1.6756
  77.000       1.8497
  78.000       1.1442
  79.000       0.9717
  80.000       1.2412
  81.000       0.9784
  82.000       1.0720
  83.000       0.5672
  84.000       0.7126
  85.000       0.5334
  86.000       0.6682
  87.000       0.6227
  88.000       0.6721
  89.000       0.8667
  90.000       0.9086
  91.000       0.7238
  92.000       0.6104
  93.000       0.9445
  94.000       1.0040
  95.000       0.7141
  96.000       0.6630
  97.000       1.2342
  98.000       0.7942
  99.000       0.8174
 100.000       0.8096
 101.000       0.8193
 102.000       0.6999
 103.000       0.8338
 104.000       0.6133
 105.000       0.6592
 106.000       0.6379
 107.000       0.9793
 108.000       0.8249
 109.000       0.5786
 110.000       0.7502
 111.000       1.3147
 112.000       0.7641
 113.000       0.8235
 114.000       1.3366
 115.000       1.2479
 116.000       1.8008
 117.000       1.8143
 118.000       0.9910
 119.000       0.9086
 120.000       0.9007
 121.000       1.4422
 122.000       1.4837
 123.000       1.4601
 124.000       2.1954
 125.000       1.5164
 126.000       1.6474
 127.000       1.5912
 128.000       1.3089
 129.000       2.1360
 130.000       2.6134
 131.000       3.3477
 132.000       2.4502
 133.000       3.3562
 134.000       4.1193
 135.000       4.2287
 136.000       5.5742
 137.000       5.8430
 138.000       6.1660
 139.000       7.4977
 140.000       7.7541
 141.000       7.5429
 142.000       6.7759
 143.000       7.2094
 144.000       5.7379
 145.000       4.9839
 146.000       4.4804
 147.000       4.6205
 148.000       4.2829
 149.000       4.7056
 150.000       4.1774
 151.000       4.2820
 152.000       2.1548
 153.000       1.9524
 154.000       1.3247
 155.000       0.9599
 156.000       0.7876
 157.000       0.7938
 158.000       1.0854
 159.000       0.7694
 160.000       0.7045
 161.000       1.1412
 162.000       1.6045
 163.000       0.9626
 164.000       0.8429
 165.000       0.8969
 166.000       1.5331
 167.000       1.2012
 168.000       2.5342
 169.000       3.3193
 170.000       2.3568
 171.000       2.9986
 172.000       1.1472
 173.000       1.2516
 174.000       1.6165
 175.000       1.4207
 176.000       1.0222
 177.000       0.8804
 178.000       1.0367
 179.000       0.8424
 180.000       1.3703
 181.000       1.3340
 182.000       1.3848
 183.000       0.9837
 184.000       0.7110
 185.000       0.7053
 186.000       0.6397
 187.000       0.9399
 188.000       0.8275
 189.000       1.1634
 190.000       0.8593
 191.000       1.2116
 192.000       0.9389
 193.000       1.2974
 194.000       1.1676
 195.000       1.0122
 196.000       1.5955
 197.000       1.0089
 198.000       1.2953
 199.000       1.8466
 200.000       1.8577
 201.000       1.3338
 202.000       1.7740
 203.000       1.9474
 204.000       1.2976
 205.000       1.3558
 206.000       1.4184
 207.000       1.9258
 208.000       1.2304
 209.000       1.2632
 210.000       1.8207
 211.000       1.5873
 212.000       0.9585
 213.000       1.5002
 214.000       1.5459
 215.000       1.6626
 216.000       0.8409
 217.000       1.0664
 218.000       1.0255
 219.000       0.8019
 220.000       0.9737
 221.000       0.8392
 222.000       0.7396
 223.000       0.9385
 224.000       1.0437
 225.000       1.2412
 226.000       0.7999
 227.000       0.7662
 228.000       1.2100
 229.000       0.9694
 230.000       0.9787
 231.000       1.0351
 232.000       0.8721
 233.000       0.8696
 234.000       1.1969
 235.000       1.1215
 236.000       0.7893
 237.000       1.0940
 238.000       1.6466
 239.000       0.9379
 240.000       0.7920
 241.000       1.0302
 242.000       1.1418
 243.000       1.2965
 244.000       1.7250
 245.000       2.5984
 246.000       3.0515
 247.000       1.7311
 248.000       1.5988
 249.000       1.6226
 250.000       1.6315
 251.000       1.1597
 252.000       1.1922
 253.000       0.9653
 254.000       0.9685
 255.000       1.3706
 256.000       0.9402
 257.000       0.7421
 258.000       0.7805
 259.000       0.8867
 260.000       1.0618
 261.000       0.7914
 262.000       0.8723
 263.000       1.0762
 264.000       0.8691
 265.000       0.9478
 266.000       0.6487
 267.000       0.7715
 268.000       0.5539
 269.000       0.6250
 270.000       0.5135
 271.000       0.6201
 272.000       0.6704
 273.000       0.6405
 274.000       0.6390
 275.000       0.9690
 276.000       0.7493
 277.000       0.9081
 278.000       1.1022
 279.000       1.1379
 280.000       1.6332
 281.000       1.4501
 282.000       1.1805
 283.000       1.4733
 284.000       1.3669
 285.000       1.2861
 286.000       1.0204
 287.000       1.4103
 288.000       1.0353
 289.000       0.7062
 290.000       0.7760
 291.000       0.8867
 292.000       0.7916
 293.000       0.6939
 294.000       0.6517
 295.000       0.8617
 296.000       0.6856
 297.000       0.8348
 298.000       0.9209
 299.000       0.6958
 300.000       0.7327
 301.000       0.9670
 302.000       0.7188
 303.000       0.8051
 304.000       0.6825
 305.000       1.1518
 306.000       0.8056
 307.000       0.8072
 308.000       0.8911
 309.000       0.8001
 310.000       1.0822
 311.000       1.0234
 312.000       0.8071
 313.000       0.9589
 314.000       1.1946
 315.000       0.9840
 316.000       1.7264
 317.000       1.6461
 318.000       1.4083
 319.000       1.2963
 320.000       1.2721
 321.000       1.1259
 322.000       1.3252
 323.000       1.0727
 324.000       1.2371
 325.000       1.2208
 326.000       1.0630
 327.000       1.3869
 328.000       1.1318
 329.000       0.8068
 330.000       0.9102
 331.000       0.8208
 332.000       0.9458
 333.000       0.9168
 334.000       0.6842
 335.000       0.8101
 336.000       1.1135
 337.000       1.2526
 338.000       0.8598
 339.000       1.1410
 340.000       0.8314
 341.000       1.0635
 342.000       1.0657
 343.000       1.1661
 344.000       1.0109
 345.000       0.9676
 346.000       1.1097
 347.000       0.7469
 348.000       0.9091
 349.000       0.7794
 350.000       0.7017
 351.000       0.6585
 352.000       0.7152
 353.000       1.0185
 354.000       0.6732
 355.000       0.7220
 356.000       0.9513
 357.000       0.9032
 358.000       0.9872
 359.000       1.1287
 360.000       0.8552
 361.000       1.1383
 362.000       0.7346
 363.000       0.9159
 364.000       0.6598
 365.000       0.7694
 366.000       0.7582
 367.000       1.2622
 368.000       0.6473
 369.000       0.6592
 370.000       1.1948
 371.000       0.9867
 372.000       0.6726
 373.000       0.7995
 374.000       0.8962
 375.000       1.0178
 376.000       0.9096
 377.000       1.1354
 378.000       1.1979
 379.000       1.6789
 380.000       1.2878
 381.000       1.4601
 382.000       1.7852
 383.000       1.4410
 384.000       1.1446
 385.000       1.5079
 386.000       2.4376
 387.000       1.5157
 388.000       1.5937
 389.000       1.5492
 390.000       1.5264
 391.000       1.1294
 392.000       1.0447
 393.000       1.1643
 394.000       1.7203
 395.000       1.0893
 396.000       1.1422
 397.000       1.3229
 398.000       0.8830
 399.000       1.0415
 400.000       0.7970
 401.000       1.0979
 402.000       1.0394
 403.000       0.8091
 404.000       1.1209
 405.000       1.4774
 406.000       0.8745
 407.000       0.8460
 408.000       0.7284
 409.000       0.9572
 410.000       0.7264
 411.000       0.6674
 412.000       0.7978
 413.000       0.8375
 414.000       0.8360
 415.000       0.9556
 416.000       0.7748
 417.000       1.0905
 418.000       0.7585
 419.000       0.8741
 420.000       1.2558
 421.000       0.7215
 422.000       0.7246
 423.000       0.7845
 424.000       0.6976
 425.000       0.9541
 426.000       0.7037
 427.000       1.1673
 428.000       0.8264
 429.000       1.0791
 430.000       0.6516
 431.000       0.9170
 432.000       0.7081
 433.000       1.0703
 434.000       0.7834
 435.000       0.6787
 436.000       0.9112
 437.000       0.6883
 438.000       0.8512
 439.000       0.8663
 440.000       1.1206
 441.000       1.2942
 442.000       1.3837
 443.000       0.8115
 444.000       1.0941
 445.000       0.9313
 446.000       1.4697
 447.000       1.0721
 448.000       0.9376
 449.000       1.2036
 450.000       1.1840
 451.000       1.1775
 452.000       1.4572
 453.000       1.7933
 454.000       1.5888
 455.000       2.1283
 456.000       1.9362
 457.000       2.3411
 458.000       1.8489
 459.000       1.1181
 460.000       1.0859
 461.000       1.2999
 462.000       1.3022
 463.000       0.8961
 464.000       1.0753
 465.000       1.4477
 466.000       0.9462
 467.000       0.8518
 468.000       1.1996
 469.000       1.4471
 470.000       1.0028
 471.000       0.9335
 472.000       0.8378
 473.000       1.0761
 474.000       0.8429
 475.000       0.7992
 476.000       0.9537
 477.000       1.6223
 478.000       0.9032
 479.000       0.8686
 480.000       0.9561
 481.000       1.0333
 482.000       1.0447
 483.000       1.2660
 484.000       1.2692
 485.000       1.1942
 486.000       1.5366
 487.000       2.6650
 488.000       1.3887
 489.000       1.3011
 490.000       1.7348
 491.000       1.4115
 492.000       1.5733
 493.000       1.7393
 494.000       1.2536
 495.000       1.5737
 496.000       1.2949
 497.000       1.1706
 498.000       1.4544
 499.000       1.2789
 500.000       0.9771
 501.000       1.3640
 502.000       1.0360
 503.000       1.3270
 504.000       0.7827
 505.000       1.0148
 506.000       0.9674
 507.000       0.9712
 508.000       0.8159
 509.000       1.0156
 510.000       0.7917
 511.000       0.7982
 512.000       0.7779
 513.000       0.8001
 514.000       1.0608
 515.000       0.8678
 516.000       0.8912
 517.000       1.2079
 518.000       0.7843
 519.000       0.9517
 520.000       1.1636
 521.000       1.3250
 522.000       1.0965
 523.000       1.7268
 524.000       1.6410
 525.000       1.4867
 526.000       1.5417
 527.000       2.0213
 528.000       2.0359
 529.000       2.0156
 530.000       2.6267
 531.000       2.9878
 532.000       2.0627
 533.000       1.7381
 534.000       2.1255
 535.000       1.9195
 536.000       1.9068
 537.000       1.4944
 538.000       2.1844
 539.000       2.1280
 540.000       2.6588
 541.000       4.8223
 542.000       4.6854
 543.000       6.5376
 544.000       8.4709
 545.000       5.8069
 546.000       7.5009
 547.000       0.9378
 548.000       0.7322
 549.000      38.8445
 550.000      51.8655
 551.000      50.9985
 552.000      51.1398
 553.000      51.8270
 554.000      52.3836
 555.000      50.1341
 556.000      51.0144
 557.000      51.5448
 558.000      51.1072
 559.000      49.9395
 560.000      50.9963
 561.000      51.2656
 562.000      51.0046
 563.000      50.5335
 564.000      52.2835
 565.000      50.1637
 566.000      53.3056
 567.000      52.8914
 568.000      51.4319
 569.000      52.2317
 570.000      50.9174
 571.000      52.3425
 572.000      49.9184
 573.000      52.8440
 574.000      52.0924
 575.000      52.8093
 576.000      52.7546
 577.000      51.2887
 578.000      50.4989
 579.000      51.6946
 580.000      52.1776
 581.000      50.9198
 582.000      51.2165
 583.000      52.3849
 584.000      52.0147
 585.000      51.7683
 586.000      51.2135
 587.000      50.4188
 588.000      53.1990
 589.000      53.0262
 590.000      50.9729
 591.000      52.3969
 592.000      52.8036
 593.000      52.0549
 594.000      52.4218
 595.000      50.9047
 596.000      52.0960
 597.000      50.8444
 598.000      53.3235
 599.000      53.3883
 600.000      53.0856
 601.000      53.2392
 602.000      52.9970
 603.000      53.9526
 604.000      53.9647
 605.000      52.9125
 606.000      52.8723
 607.000      53.1336
 608.000      52.7311
 609.000      53.7128
 610.000      51.8708
 611.000      53.1082
 612.000      53.7647
 613.000      53.7711
 614.000      52.9355
 615.000      52.6105
 616.000      53.5008
 617.000      53.9696
 618.000      52.6147
 619.000      52.4955
 620.000      53.4333
 621.000      53.2843
 622.000      52.8109
 623.000      53.8355
 624.000      53.3700
 625.000      52.4091
 626.000      53.0098
 627.000      54.0243
 628.000      52.1219
 629.000      53.3665
 630.000      53.6041
 631.000      52.7456
 632.000      53.1122
 633.000      53.7698
 634.000      54.0289
 635.000      53.4811
 636.000      54.0730
 637.000      53.7291
 638.000      53.0130
 639.000      53.1149
 640.000      53.6068
 641.000      53.5431
 642.000      53.0282
