#Res        AtomicFlx
   1.000       5.5022
   2.000       3.9398
   3.000       1.9977
   4.000       1.6589
   5.000       1.4018
   6.000       1.4067
   7.000       2.8106
   8.000       1.4728
   9.000       1.3905
  10.000       1.2930
  11.000       1.2617
  12.000       1.0262
  13.000       0.9064
  14.000       0.9023
  15.000       0.8921
  16.000       0.6525
  17.000       0.6479
  18.000       0.7394
  19.000       0.7368
  20.000       0.7260
  21.000       0.6047
  22.000       0.7575
  23.000       0.7835
  24.000       0.7790
  25.000       0.6642
  26.000       0.8656
  27.000       0.8033
  28.000       0.7341
  29.000       0.6244
  30.000       0.7666
  31.000       0.9296
  32.000       0.8572
  33.000       0.8805
  34.000       1.1873
  35.000       1.1997
  36.000       1.1350
  37.000       1.4132
  38.000       1.2594
  39.000       1.0291
  40.000       1.1238
  41.000       0.9032
  42.000       0.7732
  43.000       0.9300
  44.000       0.8451
  45.000       0.6328
  46.000       0.7412
  47.000       0.8228
  48.000       0.6792
  49.000       0.6364
  50.000       0.9113
  51.000       0.9645
  52.000       0.7839
  53.000       0.6784
  54.000       0.6844
  55.000       0.6959
  56.000       0.5701
  57.000       0.4888
  58.000       0.7300
  59.000       0.8556
  60.000       0.7980
  61.000       0.7262
  62.000       0.7741
  63.000       0.8203
  64.000       0.8351
  65.000       0.7961
  66.000       0.9511
  67.000       1.0433
  68.000       0.9009
  69.000       0.9620
  70.000       0.9078
  71.000       0.7295
  72.000       0.7283
  73.000       0.6726
  74.000       0.6748
  75.000       0.6050
  76.000       0.7732
  77.000       0.9433
  78.000       0.8886
  79.000       0.8902
  80.000       0.8065
  81.000       0.6643
  82.000       0.6281
  83.000       0.8259
  84.000       0.8444
  85.000       0.7812
  86.000       0.7990
  87.000       0.7313
  88.000       0.6339
  89.000       0.5894
  90.000       0.5764
  91.000       0.5501
  92.000       0.5349
  93.000       0.5747
  94.000       0.6044
  95.000       0.6144
  96.000       0.6943
  97.000       0.7605
  98.000       0.6547
  99.000       0.5749
 100.000       0.5637
 101.000       0.6090
 102.000       0.6082
 103.000       0.6108
 104.000       0.5679
 105.000       0.5788
 106.000       0.5983
 107.000       0.5791
 108.000       0.5853
 109.000       0.5985
 110.000       0.6105
 111.000       0.6572
 112.000       0.7328
 113.000       0.7524
 114.000       0.9834
 115.000       1.2482
 116.000       1.6270
 117.000       1.1056
 118.000       0.7748
 119.000       0.7841
 120.000       0.8000
 121.000       0.8805
 122.000       1.0340
 123.000       1.2138
 124.000       1.4989
 125.000       1.2495
 126.000       1.4335
 127.000       1.2807
 128.000       1.2014
 129.000       1.5855
 130.000       2.1873
 131.000       2.7618
 132.000       2.2385
 133.000       2.6987
 134.000       3.6804
 135.000       4.0251
 136.000       5.5941
 137.000       7.0280
 138.000       7.6472
 139.000       8.2123
 140.000       8.6871
 141.000       9.8505
 142.000      10.2681
 143.000       9.8631
 144.000       8.6684
 145.000       8.0339
 146.000       7.1762
 147.000       6.2174
 148.000       5.6050
 149.000       6.7320
 150.000       6.1946
 151.000       4.7413
 152.000       3.1868
 153.000       1.6257
 154.000       1.0092
 155.000       0.7688
 156.000       0.6583
 157.000       0.6811
 158.000       0.7144
 159.000       0.6574
 160.000       0.5963
 161.000       0.6859
 162.000       0.7752
 163.000       0.7585
 164.000       0.6312
 165.000       0.6500
 166.000       0.7307
 167.000       0.8279
 168.000       1.3456
 169.000       1.9179
 170.000       2.1704
 171.000       1.6855
 172.000       1.2779
 173.000       1.0410
 174.000       1.2255
 175.000       1.0950
 176.000       0.9114
 177.000       0.9400
 178.000       1.0265
 179.000       0.8017
 180.000       0.8227
 181.000       0.8193
 182.000       0.7665
 183.000       0.6922
 184.000       0.6724
 185.000       0.6922
 186.000       0.6605
 187.000       0.6668
 188.000       0.7177
 189.000       0.7380
 190.000       0.8056
 191.000       0.8356
 192.000       0.9193
 193.000       1.0470
 194.000       1.0720
 195.000       1.0783
 196.000       1.2192
 197.000       1.2864
 198.000       1.2359
 199.000       1.3913
 200.000       1.6451
 201.000       1.5053
 202.000       2.3692
 203.000       3.0389
 204.000       3.0281
 205.000       2.3541
 206.000       2.0806
 207.000       1.6454
 208.000       1.5314
 209.000       1.5828
 210.000       1.4163
 211.000       1.2267
 212.000       1.1254
 213.000       1.1763
 214.000       1.0864
 215.000       1.0574
 216.000       0.8575
 217.000       0.6700
 218.000       0.7246
 219.000       0.6826
 220.000       0.6520
 221.000       0.6743
 222.000       0.6724
 223.000       0.6797
 224.000       0.7266
 225.000       0.7426
 226.000       0.7112
 227.000       0.7610
 228.000       0.8204
 229.000       0.8289
 230.000       0.8287
 231.000       0.9430
 232.000       0.8706
 233.000       0.7549
 234.000       0.8606
 235.000       0.9012
 236.000       0.7719
 237.000       0.7438
 238.000       0.9064
 239.000       0.9076
 240.000       0.7487
 241.000       0.8896
 242.000       1.0498
 243.000       1.1699
 244.000       1.4477
 245.000       1.5747
 246.000       1.6822
 247.000       1.5112
 248.000       1.6113
 249.000       1.7909
 250.000       1.7071
 251.000       1.3904
 252.000       1.3238
 253.000       1.1486
 254.000       1.0097
 255.000       1.0363
 256.000       0.9667
 257.000       0.8035
 258.000       0.8202
 259.000       0.8554
 260.000       0.7405
 261.000       0.7014
 262.000       0.7298
 263.000       0.7484
 264.000       0.8465
 265.000       0.8551
 266.000       0.6687
 267.000       0.6049
 268.000       0.6495
 269.000       0.5952
 270.000       0.6535
 271.000       0.6210
 272.000       0.6214
 273.000       0.6035
 274.000       0.6974
 275.000       0.8121
 276.000       0.8037
 277.000       0.7709
 278.000       0.8221
 279.000       0.7735
 280.000       0.7919
 281.000       0.8413
 282.000       0.9692
 283.000       0.9445
 284.000       0.8251
 285.000       0.6757
 286.000       0.7478
 287.000       0.8120
 288.000       0.7231
 289.000       0.6181
 290.000       0.6405
 291.000       0.6501
 292.000       0.5367
 293.000       0.5162
 294.000       0.5733
 295.000       0.5505
 296.000       0.4994
 297.000       0.5314
 298.000       0.5627
 299.000       0.5281
 300.000       0.4983
 301.000       0.5480
 302.000       0.6039
 303.000       0.6174
 304.000       0.6723
 305.000       0.6956
 306.000       0.6428
 307.000       0.5973
 308.000       0.6338
 309.000       0.6655
 310.000       0.6801
 311.000       0.6967
 312.000       0.7974
 313.000       0.8994
 314.000       0.9411
 315.000       1.0231
 316.000       1.4841
 317.000       1.6719
 318.000       1.5498
 319.000       1.8267
 320.000       1.7331
 321.000       1.7584
 322.000       1.9107
 323.000       2.3905
 324.000       2.8208
 325.000       3.8829
 326.000       2.7821
 327.000       1.7167
 328.000       1.2647
 329.000       1.0660
 330.000       0.7359
 331.000       0.7076
 332.000       0.6543
 333.000       0.6039
 334.000       0.5658
 335.000       0.5957
 336.000       0.6382
 337.000       0.6147
 338.000       0.6428
 339.000       0.6924
 340.000       0.6853
 341.000       0.6816
 342.000       0.7616
 343.000       0.8451
 344.000       0.7822
 345.000       0.8436
 346.000       0.8459
 347.000       0.7118
 348.000       0.7184
 349.000       0.7147
 350.000       0.6498
 351.000       0.6346
 352.000       0.6201
 353.000       0.6165
 354.000       0.5854
 355.000       0.5798
 356.000       0.5998
 357.000       0.6221
 358.000       0.6743
 359.000       0.6587
 360.000       0.6000
 361.000       0.7346
 362.000       0.7044
 363.000       0.6617
 364.000       0.5782
 365.000       0.6251
 366.000       0.6550
 367.000       0.6232
 368.000       0.7321
 369.000       0.7410
 370.000       0.5638
 371.000       0.7717
 372.000       0.7708
 373.000       0.6364
 374.000       0.7588
 375.000       0.9005
 376.000       0.7682
 377.000       0.9541
 378.000       1.0407
 379.000       1.3833
 380.000       1.2589
 381.000       1.5268
 382.000       1.8566
 383.000       1.8410
 384.000       1.4115
 385.000       1.5565
 386.000       1.8896
 387.000       1.6702
 388.000       1.4242
 389.000       1.5248
 390.000       1.5037
 391.000       1.2160
 392.000       1.0871
 393.000       1.1846
 394.000       1.1472
 395.000       0.9381
 396.000       0.8746
 397.000       0.9527
 398.000       0.9555
 399.000       0.7909
 400.000       0.7325
 401.000       0.8189
 402.000       0.9147
 403.000       0.8263
 404.000       0.8381
 405.000       0.7913
 406.000       0.6704
 407.000       0.6580
 408.000       0.6998
 409.000       0.7411
 410.000       0.7677
 411.000       0.6477
 412.000       0.6366
 413.000       0.6987
 414.000       0.6433
 415.000       0.6127
 416.000       0.6838
 417.000       0.7369
 418.000       0.6811
 419.000       0.7055
 420.000       0.8174
 421.000       0.6678
 422.000       0.7879
 423.000       0.8756
 424.000       0.9100
 425.000       0.6693
 426.000       0.6347
 427.000       0.6406
 428.000       0.5989
 429.000       0.6156
 430.000       0.6481
 431.000       0.5831
 432.000       0.5598
 433.000       0.6171
 434.000       0.6258
 435.000       0.6246
 436.000       0.6770
 437.000       0.6897
 438.000       0.7114
 439.000       0.7941
 440.000       0.8078
 441.000       0.8273
 442.000       0.8475
 443.000       0.8812
 444.000       0.8110
 445.000       0.9611
 446.000       0.9347
 447.000       0.7928
 448.000       0.8379
 449.000       0.9366
 450.000       0.8877
 451.000       0.8283
 452.000       0.9322
 453.000       1.0350
 454.000       1.0469
 455.000       1.0647
 456.000       1.4654
 457.000       1.3697
 458.000       1.1252
 459.000       0.9863
 460.000       1.0663
 461.000       1.0028
 462.000       1.0290
 463.000       0.8427
 464.000       0.8434
 465.000       0.9539
 466.000       0.7856
 467.000       0.7527
 468.000       0.8809
 469.000       0.8854
 470.000       0.8109
 471.000       0.7640
 472.000       0.7583
 473.000       0.8158
 474.000       0.8131
 475.000       0.6799
 476.000       0.6913
 477.000       0.8027
 478.000       0.7822
 479.000       0.7128
 480.000       0.7491
 481.000       0.7792
 482.000       0.8271
 483.000       0.8584
 484.000       0.9851
 485.000       1.0303
 486.000       0.9716
 487.000       1.4035
 488.000       1.3587
 489.000       1.4381
 490.000       1.4472
 491.000       1.2870
 492.000       1.5017
 493.000       1.6198
 494.000       1.2816
 495.000       1.4618
 496.000       1.3945
 497.000       1.6862
 498.000       1.7024
 499.000       1.5784
 500.000       1.2199
 501.000       1.1811
 502.000       1.2344
 503.000       1.0808
 504.000       0.8734
 505.000       0.9218
 506.000       0.9206
 507.000       0.8153
 508.000       0.8349
 509.000       0.9440
 510.000       0.9550
 511.000       1.2795
 512.000       1.2408
 513.000       1.2173
 514.000       1.4341
 515.000       1.3203
 516.000       1.4318
 517.000       1.5092
 518.000       1.2591
 519.000       1.2604
 520.000       1.5751
 521.000       1.5791
 522.000       1.3611
 523.000       1.5823
 524.000       1.9390
 525.000       1.8733
 526.000       1.7581
 527.000       2.2297
 528.000       2.5027
 529.000       2.7399
 530.000       2.6242
 531.000       2.5898
 532.000       2.1819
 533.000       1.8859
 534.000       1.9693
 535.000       1.8800
 536.000       1.4786
 537.000       1.3860
 538.000       1.5065
 539.000       1.3936
 540.000       1.2560
 541.000       1.6041
 542.000       2.2377
 543.000       3.5398
 544.000       4.9207
