#Res        AtomicFlx
   1.000       7.1624
   2.000       5.1323
   3.000       3.3742
   4.000       1.1968
   5.000       0.8359
   6.000       0.8201
   7.000       1.1895
   8.000       1.0467
   9.000       0.9803
  10.000       0.8304
  11.000       0.7254
  12.000       0.6143
  13.000       0.6247
  14.000       0.6483
  15.000       0.5983
  16.000       0.5324
  17.000       0.6380
  18.000       0.6811
  19.000       0.6143
  20.000       0.7537
  21.000       0.8083
  22.000       1.0240
  23.000       0.8072
  24.000       1.2186
  25.000       1.4544
  26.000       1.0896
  27.000       0.8185
  28.000       0.8062
  29.000       0.6766
  30.000       0.8371
  31.000       1.1063
  32.000       0.8313
  33.000       1.0515
  34.000       1.3876
  35.000       1.2466
  36.000       1.1470
  37.000       1.3645
  38.000       1.1790
  39.000       1.0725
  40.000       1.1771
  41.000       1.0051
  42.000       0.9681
  43.000       1.0602
  44.000       0.9365
  45.000       0.8013
  46.000       0.8507
  47.000       0.8728
  48.000       0.7687
  49.000       0.7241
  50.000       0.7684
  51.000       0.7545
  52.000       0.6753
  53.000       0.6307
  54.000       0.5653
  55.000       0.5598
  56.000       0.5320
  57.000       0.4686
  58.000       0.4830
  59.000       0.4846
  60.000       0.4798
  61.000       0.4885
  62.000       0.5416
  63.000       0.5782
  64.000       0.5342
  65.000       0.5307
  66.000       0.5862
  67.000       0.5708
  68.000       0.5825
  69.000       0.5509
  70.000       0.5447
  71.000       0.5341
  72.000       0.5928
  73.000       0.5254
  74.000       0.5069
  75.000       0.7675
  76.000       1.2426
  77.000       1.0774
  78.000       0.8085
  79.000       1.0576
  80.000       0.9879
  81.000       0.6249
  82.000       0.6930
  83.000       0.5387
  84.000       0.5111
  85.000       0.5107
  86.000       0.5128
  87.000       0.5063
  88.000       0.4623
  89.000       0.4800
  90.000       0.5372
  91.000       0.5275
  92.000       0.5169
  93.000       0.6000
  94.000       0.6634
  95.000       0.6481
  96.000       0.8164
  97.000       0.9472
  98.000       0.7688
  99.000       0.6201
 100.000       0.5630
 101.000       0.5724
 102.000       0.5640
 103.000       0.5551
 104.000       0.5599
 105.000       0.5587
 106.000       0.5812
 107.000       0.6122
 108.000       0.6322
 109.000       0.6169
 110.000       0.6429
 111.000       0.6860
 112.000       0.7035
 113.000       0.7145
 114.000       0.9060
 115.000       1.0830
 116.000       1.4150
 117.000       1.5723
 118.000       0.9906
 119.000       0.9039
 120.000       0.8162
 121.000       1.0368
 122.000       1.0907
 123.000       1.1375
 124.000       1.9528
 125.000       1.4647
 126.000       1.8369
 127.000       2.0159
 128.000       1.5089
 129.000       2.2802
 130.000       2.9173
 131.000       3.1379
 132.000       2.1728
 133.000       2.8425
 134.000       3.8700
 135.000       5.5473
 136.000       7.4451
 137.000       9.1608
 138.000      11.0339
 139.000      11.3647
 140.000      10.6070
 141.000      10.4735
 142.000      10.1731
 143.000       9.5270
 144.000       8.3668
 145.000       7.8911
 146.000       7.7025
 147.000       7.3306
 148.000       7.6932
 149.000       7.5189
 150.000       6.0997
 151.000       5.2254
 152.000       3.2653
 153.000       1.6089
 154.000       0.9584
 155.000       0.8730
 156.000       0.7218
 157.000       0.7003
 158.000       0.7488
 159.000       0.7137
 160.000       0.6479
 161.000       0.7478
 162.000       0.8382
 163.000       0.8492
 164.000       0.7823
 165.000       0.8145
 166.000       0.8631
 167.000       0.9349
 168.000       1.5152
 169.000       2.5701
 170.000       2.7189
 171.000       2.4333
 172.000       1.8751
 173.000       1.7673
 174.000       1.6257
 175.000       1.1267
 176.000       0.7943
 177.000       0.9579
 178.000       0.9669
 179.000       0.7496
 180.000       0.7871
 181.000       0.7778
 182.000       0.7269
 183.000       0.6680
 184.000       0.6659
 185.000       0.6824
 186.000       0.6470
 187.000       0.6466
 188.000       0.6586
 189.000       0.6849
 190.000       0.7257
 191.000       0.7651
 192.000       0.8051
 193.000       0.8374
 194.000       0.8404
 195.000       0.8265
 196.000       0.8713
 197.000       0.8979
 198.000       0.9152
 199.000       1.0068
 200.000       1.1989
 201.000       1.0905
 202.000       1.2646
 203.000       1.1696
 204.000       1.2615
 205.000       1.8736
 206.000       2.3261
 207.000       1.1002
 208.000       1.1348
 209.000       1.3738
 210.000       1.2582
 211.000       1.0224
 212.000       1.0522
 213.000       1.0758
 214.000       0.9200
 215.000       0.8215
 216.000       0.6978
 217.000       0.7202
 218.000       0.7809
 219.000       0.6984
 220.000       0.7102
 221.000       0.8217
 222.000       0.7824
 223.000       0.7348
 224.000       0.8323
 225.000       0.8974
 226.000       0.8377
 227.000       0.8521
 228.000       0.9446
 229.000       0.9899
 230.000       0.9527
 231.000       1.0141
 232.000       0.9691
 233.000       0.8887
 234.000       0.9412
 235.000       0.9328
 236.000       0.8961
 237.000       0.8970
 238.000       0.9906
 239.000       1.0028
 240.000       0.8926
 241.000       0.9635
 242.000       1.1038
 243.000       1.2270
 244.000       1.5121
 245.000       1.5193
 246.000       1.5669
 247.000       1.4482
 248.000       1.4555
 249.000       1.5840
 250.000       1.4935
 251.000       1.4061
 252.000       1.3691
 253.000       1.1553
 254.000       1.0517
 255.000       1.0847
 256.000       0.9915
 257.000       0.8737
 258.000       0.8588
 259.000       0.9214
 260.000       0.8451
 261.000       0.7465
 262.000       0.8130
 263.000       0.7867
 264.000       0.7728
 265.000       0.5919
 266.000       0.6412
 267.000       0.5200
 268.000       0.5317
 269.000       0.4755
 270.000       0.4719
 271.000       0.4380
 272.000       0.4331
 273.000       0.4314
 274.000       0.4873
 275.000       0.5011
 276.000       0.4910
 277.000       0.5640
 278.000       0.6280
 279.000       0.6242
 280.000       0.7396
 281.000       0.7174
 282.000       0.8779
 283.000       0.9106
 284.000       0.7837
 285.000       0.6757
 286.000       0.6812
 287.000       0.7995
 288.000       0.7407
 289.000       0.5832
 290.000       0.7211
 291.000       0.7604
 292.000       0.6072
 293.000       0.6415
 294.000       0.7684
 295.000       0.6815
 296.000       0.6352
 297.000       0.7615
 298.000       0.7494
 299.000       0.6464
 300.000       0.6642
 301.000       0.6772
 302.000       0.6608
 303.000       0.6573
 304.000       0.7429
 305.000       0.7562
 306.000       0.6682
 307.000       0.6378
 308.000       0.6909
 309.000       0.7287
 310.000       0.7124
 311.000       0.7543
 312.000       0.8198
 313.000       0.8476
 314.000       0.8721
 315.000       0.9437
 316.000       1.0835
 317.000       1.1424
 318.000       1.2048
 319.000       1.2887
 320.000       1.2503
 321.000       1.2215
 322.000       1.1231
 323.000       1.3112
 324.000       1.2667
 325.000       1.1112
 326.000       1.1654
 327.000       1.2539
 328.000       1.3868
 329.000       1.1431
 330.000       0.7905
 331.000       0.7481
 332.000       0.7139
 333.000       0.6612
 334.000       0.6056
 335.000       0.6153
 336.000       0.6778
 337.000       0.7853
 338.000       0.8432
 339.000       0.7811
 340.000       0.7401
 341.000       0.8464
 342.000       1.0079
 343.000       1.0170
 344.000       0.9198
 345.000       0.9423
 346.000       0.8374
 347.000       0.7658
 348.000       0.7099
 349.000       0.7066
 350.000       0.6749
 351.000       0.6270
 352.000       0.6328
 353.000       0.7304
 354.000       0.6439
 355.000       0.5803
 356.000       0.6572
 357.000       0.6792
 358.000       0.6620
 359.000       0.6457
 360.000       0.6519
 361.000       0.6618
 362.000       0.6658
 363.000       0.6233
 364.000       0.6447
 365.000       0.6587
 366.000       0.6455
 367.000       0.7159
 368.000       0.8342
 369.000       0.6966
 370.000       0.5818
 371.000       0.7424
 372.000       0.7571
 373.000       0.6207
 374.000       0.6664
 375.000       0.8244
 376.000       0.7641
 377.000       0.6166
 378.000       0.7219
 379.000       0.8625
 380.000       0.7080
 381.000       0.8408
 382.000       1.1194
 383.000       1.1276
 384.000       0.9101
 385.000       1.0497
 386.000       1.2348
 387.000       1.1404
 388.000       1.0118
 389.000       1.0905
 390.000       1.0233
 391.000       0.8442
 392.000       0.8396
 393.000       0.8781
 394.000       0.8390
 395.000       0.7274
 396.000       0.7076
 397.000       0.7258
 398.000       0.7580
 399.000       0.7453
 400.000       0.6443
 401.000       0.6763
 402.000       0.7393
 403.000       0.7209
 404.000       0.8746
 405.000       0.9601
 406.000       0.7503
 407.000       0.6485
 408.000       0.6830
 409.000       0.7558
 410.000       0.7645
 411.000       0.6976
 412.000       0.6890
 413.000       0.7161
 414.000       0.6910
 415.000       0.6512
 416.000       0.6956
 417.000       0.7169
 418.000       0.6856
 419.000       0.6761
 420.000       0.6990
 421.000       0.6593
 422.000       0.7887
 423.000       0.8357
 424.000       0.7501
 425.000       0.6836
 426.000       0.6168
 427.000       0.6111
 428.000       0.6205
 429.000       0.5970
 430.000       0.5842
 431.000       0.5590
 432.000       0.5628
 433.000       0.5780
 434.000       0.5376
 435.000       0.5638
 436.000       0.6229
 437.000       0.6032
 438.000       0.6316
 439.000       0.7545
 440.000       0.7495
 441.000       0.6919
 442.000       0.7163
 443.000       0.6960
 444.000       0.6447
 445.000       0.7648
 446.000       0.7318
 447.000       0.6074
 448.000       0.6666
 449.000       0.7554
 450.000       0.7133
 451.000       0.6689
 452.000       0.7428
 453.000       0.8054
 454.000       0.8209
 455.000       0.8526
 456.000       0.9686
 457.000       1.1275
 458.000       1.0148
 459.000       0.8379
 460.000       0.8436
 461.000       0.9129
 462.000       1.0194
 463.000       0.8344
 464.000       0.6674
 465.000       0.7307
 466.000       0.6585
 467.000       0.6159
 468.000       0.6818
 469.000       0.7562
 470.000       0.7249
 471.000       0.7152
 472.000       0.7263
 473.000       0.7745
 474.000       0.7334
 475.000       0.6822
 476.000       0.7473
 477.000       0.8490
 478.000       0.8207
 479.000       0.7488
 480.000       0.8431
 481.000       0.9608
 482.000       1.0447
 483.000       1.0967
 484.000       1.2560
 485.000       1.3566
 486.000       1.1168
 487.000       1.3916
 488.000       1.2927
 489.000       1.2712
 490.000       1.4818
 491.000       1.2159
 492.000       1.6502
 493.000       1.7423
 494.000       1.2384
 495.000       1.2758
 496.000       1.1759
 497.000       1.5304
 498.000       1.6559
 499.000       1.6307
 500.000       1.2248
 501.000       1.1406
 502.000       1.3351
 503.000       1.1913
 504.000       0.8668
 505.000       0.9976
 506.000       1.1101
 507.000       0.8653
 508.000       0.8219
 509.000       1.0557
 510.000       0.9388
 511.000       0.8977
 512.000       0.7439
 513.000       0.9200
 514.000       0.7375
 515.000       0.6467
 516.000       0.8417
 517.000       0.9446
 518.000       0.8001
 519.000       0.8714
 520.000       1.1216
 521.000       1.1241
 522.000       1.1027
 523.000       1.3494
 524.000       1.5589
 525.000       1.5625
 526.000       1.6772
 527.000       2.1861
 528.000       2.3052
 529.000       2.3038
 530.000       2.1230
 531.000       2.2319
 532.000       2.0446
 533.000       1.7481
 534.000       1.8522
 535.000       1.9305
 536.000       1.6567
 537.000       1.5242
 538.000       1.4501
 539.000       1.4918
 540.000       1.5164
 541.000       1.8064
 542.000       2.7038
 543.000       4.6307
 544.000       7.2616
