#Res        AtomicFlx
   1.000       5.5046
   2.000       3.7312
   3.000       2.0500
   4.000       1.4978
   5.000       1.1237
   6.000       0.9796
   7.000       1.2751
   8.000       1.0953
   9.000       1.0575
  10.000       0.9689
  11.000       0.8457
  12.000       0.7204
  13.000       0.7442
  14.000       0.8013
  15.000       0.6999
  16.000       0.5945
  17.000       0.6802
  18.000       0.7996
  19.000       0.7432
  20.000       0.7350
  21.000       0.8192
  22.000       1.1309
  23.000       1.0065
  24.000       1.7528
  25.000       2.1215
  26.000       1.4765
  27.000       1.0511
  28.000       0.9507
  29.000       0.8289
  30.000       0.8806
  31.000       1.0260
  32.000       0.8823
  33.000       0.9019
  34.000       1.0777
  35.000       1.1126
  36.000       1.0337
  37.000       1.2628
  38.000       1.0321
  39.000       0.9738
  40.000       0.9807
  41.000       0.8602
  42.000       0.7944
  43.000       0.8015
  44.000       0.7428
  45.000       0.6756
  46.000       0.7253
  47.000       0.7070
  48.000       0.6172
  49.000       0.6301
  50.000       0.6915
  51.000       0.6504
  52.000       0.5844
  53.000       0.6184
  54.000       0.5568
  55.000       0.5240
  56.000       0.4976
  57.000       0.4980
  58.000       0.4867
  59.000       0.4989
  60.000       0.5102
  61.000       0.5399
  62.000       0.5478
  63.000       0.5633
  64.000       0.6465
  65.000       0.6689
  66.000       0.6631
  67.000       0.6978
  68.000       0.7376
  69.000       0.7243
  70.000       0.7320
  71.000       0.6768
  72.000       0.7115
  73.000       0.6503
  74.000       0.5478
  75.000       0.6691
  76.000       0.8853
  77.000       0.9767
  78.000       0.9749
  79.000       1.1988
  80.000       1.2582
  81.000       0.7919
  82.000       0.8953
  83.000       0.6641
  84.000       0.5949
  85.000       0.6879
  86.000       0.6913
  87.000       0.6385
  88.000       0.6241
  89.000       0.6444
  90.000       0.7128
  91.000       0.7431
  92.000       0.6776
  93.000       0.7388
  94.000       0.8598
  95.000       0.7855
  96.000       0.8037
  97.000       0.9876
  98.000       0.7968
  99.000       0.6811
 100.000       0.5963
 101.000       0.6246
 102.000       0.5659
 103.000       0.5388
 104.000       0.5649
 105.000       0.5901
 106.000       0.5881
 107.000       0.5865
 108.000       0.6327
 109.000       0.6454
 110.000       0.6230
 111.000       0.6756
 112.000       0.7592
 113.000       0.7696
 114.000       0.9699
 115.000       1.3248
 116.000       1.7635
 117.000       1.5203
 118.000       1.0261
 119.000       1.0185
 120.000       0.8981
 121.000       1.0775
 122.000       1.1897
 123.000       1.2509
 124.000       1.6738
 125.000       1.4085
 126.000       1.5192
 127.000       1.4018
 128.000       1.2512
 129.000       1.4311
 130.000       1.6852
 131.000       1.9514
 132.000       1.3313
 133.000       1.3747
 134.000       1.9649
 135.000       2.1796
 136.000       3.4203
 137.000       4.3293
 138.000       6.6364
 139.000       8.8973
 140.000      10.2032
 141.000      11.6012
 142.000      13.1154
 143.000      14.0399
 144.000      13.1458
 145.000      12.9160
 146.000      12.3869
 147.000      10.9722
 148.000       9.3267
 149.000       7.4317
 150.000       5.2545
 151.000       3.2938
 152.000       1.6205
 153.000       1.2369
 154.000       1.0321
 155.000       1.0053
 156.000       0.8263
 157.000       0.8450
 158.000       0.9344
 159.000       0.8562
 160.000       0.7547
 161.000       0.8623
 162.000       1.0297
 163.000       0.9468
 164.000       0.8127
 165.000       0.8398
 166.000       0.9527
 167.000       1.0506
 168.000       1.3130
 169.000       1.2941
 170.000       1.3396
 171.000       1.4561
 172.000       1.1691
 173.000       1.0445
 174.000       1.2659
 175.000       1.0329
 176.000       0.8739
 177.000       0.9775
 178.000       0.9721
 179.000       0.8131
 180.000       0.8342
 181.000       0.8347
 182.000       0.8087
 183.000       0.7269
 184.000       0.7181
 185.000       0.7141
 186.000       0.6369
 187.000       0.6367
 188.000       0.6912
 189.000       0.6546
 190.000       0.6443
 191.000       0.6939
 192.000       0.7598
 193.000       0.7634
 194.000       0.7834
 195.000       0.8331
 196.000       0.9651
 197.000       0.9679
 198.000       0.9988
 199.000       1.1350
 200.000       1.5432
 201.000       1.5534
 202.000       1.7801
 203.000       1.8080
 204.000       1.3804
 205.000       1.2762
 206.000       1.5125
 207.000       1.4711
 208.000       1.2011
 209.000       1.1372
 210.000       1.2772
 211.000       1.2991
 212.000       1.3019
 213.000       1.3305
 214.000       1.1409
 215.000       0.9838
 216.000       0.8557
 217.000       0.7858
 218.000       0.8360
 219.000       0.8108
 220.000       0.7821
 221.000       0.8321
 222.000       0.8352
 223.000       0.8188
 224.000       0.8575
 225.000       0.9006
 226.000       0.8666
 227.000       0.8922
 228.000       0.9456
 229.000       0.9538
 230.000       0.9311
 231.000       0.9989
 232.000       0.9759
 233.000       0.9014
 234.000       0.9838
 235.000       0.9685
 236.000       0.8943
 237.000       0.8886
 238.000       0.9922
 239.000       0.9866
 240.000       0.8991
 241.000       0.9656
 242.000       1.0152
 243.000       1.1242
 244.000       1.4086
 245.000       1.4244
 246.000       1.4778
 247.000       1.3454
 248.000       1.2311
 249.000       1.4465
 250.000       1.3430
 251.000       1.2372
 252.000       1.2010
 253.000       0.9861
 254.000       0.8691
 255.000       0.8963
 256.000       0.8282
 257.000       0.7279
 258.000       0.7014
 259.000       0.7414
 260.000       0.6852
 261.000       0.6049
 262.000       0.6270
 263.000       0.6529
 264.000       0.6390
 265.000       0.6316
 266.000       0.6421
 267.000       0.5341
 268.000       0.6562
 269.000       0.6008
 270.000       0.6725
 271.000       0.5711
 272.000       0.4985
 273.000       0.5070
 274.000       0.6364
 275.000       0.6463
 276.000       0.6491
 277.000       0.7282
 278.000       1.0208
 279.000       0.8060
 280.000       0.8619
 281.000       0.8277
 282.000       0.9698
 283.000       0.9940
 284.000       0.8564
 285.000       0.7532
 286.000       0.7113
 287.000       0.8233
 288.000       0.8285
 289.000       0.6488
 290.000       0.6841
 291.000       0.7775
 292.000       0.7106
 293.000       0.6699
 294.000       0.7176
 295.000       0.7364
 296.000       0.7181
 297.000       0.7028
 298.000       0.7010
 299.000       0.6864
 300.000       0.7004
 301.000       0.7344
 302.000       0.7637
 303.000       0.7769
 304.000       0.8451
 305.000       0.8919
 306.000       0.8522
 307.000       0.8027
 308.000       0.8224
 309.000       0.8250
 310.000       0.8162
 311.000       0.8468
 312.000       0.8590
 313.000       0.8743
 314.000       0.9286
 315.000       0.9807
 316.000       1.1005
 317.000       1.2468
 318.000       1.3449
 319.000       1.3416
 320.000       1.3366
 321.000       1.2881
 322.000       1.1608
 323.000       1.3220
 324.000       1.2815
 325.000       1.1071
 326.000       1.1419
 327.000       1.0735
 328.000       1.0230
 329.000       1.0236
 330.000       0.8064
 331.000       0.8792
 332.000       0.8506
 333.000       0.7645
 334.000       0.6357
 335.000       0.6609
 336.000       0.6950
 337.000       0.7600
 338.000       0.8880
 339.000       0.9266
 340.000       0.8350
 341.000       1.1326
 342.000       1.3390
 343.000       1.2858
 344.000       1.0870
 345.000       0.9851
 346.000       0.9376
 347.000       0.8444
 348.000       0.8414
 349.000       0.8592
 350.000       0.8221
 351.000       0.7695
 352.000       0.7237
 353.000       0.7729
 354.000       0.7603
 355.000       0.6667
 356.000       0.6633
 357.000       0.7489
 358.000       0.7861
 359.000       0.7075
 360.000       0.7574
 361.000       0.8516
 362.000       0.8451
 363.000       0.7373
 364.000       0.7078
 365.000       0.7271
 366.000       0.6818
 367.000       0.7042
 368.000       0.7210
 369.000       0.6626
 370.000       0.7440
 371.000       0.9414
 372.000       0.8646
 373.000       0.7257
 374.000       0.8554
 375.000       0.9014
 376.000       0.8879
 377.000       0.9207
 378.000       0.9799
 379.000       1.0467
 380.000       1.0595
 381.000       1.1316
 382.000       1.3915
 383.000       1.3756
 384.000       1.0984
 385.000       1.2204
 386.000       1.3796
 387.000       1.2279
 388.000       1.0780
 389.000       1.0947
 390.000       1.0619
 391.000       0.9577
 392.000       0.8964
 393.000       0.9047
 394.000       0.9362
 395.000       0.8525
 396.000       0.7880
 397.000       0.8443
 398.000       0.8603
 399.000       0.7671
 400.000       0.7162
 401.000       0.8334
 402.000       0.8569
 403.000       0.7474
 404.000       0.7456
 405.000       0.7378
 406.000       0.7017
 407.000       0.6759
 408.000       0.7255
 409.000       0.8041
 410.000       0.8092
 411.000       0.7417
 412.000       0.7538
 413.000       0.7864
 414.000       0.7397
 415.000       0.7158
 416.000       0.7913
 417.000       0.8131
 418.000       0.7486
 419.000       0.7717
 420.000       0.8875
 421.000       0.8064
 422.000       0.8015
 423.000       0.7930
 424.000       0.8232
 425.000       0.8029
 426.000       0.7592
 427.000       0.7594
 428.000       0.7121
 429.000       0.7113
 430.000       0.8610
 431.000       0.7531
 432.000       0.6162
 433.000       0.6917
 434.000       0.5847
 435.000       0.5233
 436.000       0.6004
 437.000       0.6692
 438.000       0.5913
 439.000       0.6432
 440.000       0.8305
 441.000       0.8773
 442.000       0.8567
 443.000       0.7789
 444.000       0.6469
 445.000       0.7780
 446.000       0.7744
 447.000       0.6304
 448.000       0.6492
 449.000       0.7888
 450.000       0.7663
 451.000       0.6879
 452.000       0.7600
 453.000       0.8522
 454.000       0.9061
 455.000       0.9432
 456.000       1.2137
 457.000       1.1020
 458.000       0.8969
 459.000       0.7897
 460.000       0.8253
 461.000       0.8021
 462.000       0.7712
 463.000       0.6771
 464.000       0.6376
 465.000       0.6499
 466.000       0.5641
 467.000       0.5426
 468.000       0.6123
 469.000       0.6489
 470.000       0.6489
 471.000       0.7046
 472.000       0.6461
 473.000       0.6720
 474.000       0.7054
 475.000       0.6479
 476.000       0.6457
 477.000       0.7602
 478.000       0.7954
 479.000       0.7271
 480.000       0.7561
 481.000       0.8442
 482.000       0.9580
 483.000       0.9913
 484.000       1.0645
 485.000       1.1616
 486.000       1.2035
 487.000       1.5221
 488.000       1.6089
 489.000       1.6550
 490.000       1.6000
 491.000       1.3947
 492.000       1.9585
 493.000       1.9946
 494.000       1.3511
 495.000       1.4045
 496.000       1.2764
 497.000       1.4668
 498.000       1.6241
 499.000       1.5447
 500.000       1.1790
 501.000       1.2590
 502.000       1.4381
 503.000       1.1974
 504.000       0.9866
 505.000       1.2568
 506.000       1.2911
 507.000       0.9394
 508.000       1.0980
 509.000       1.4144
 510.000       1.2005
 511.000       1.1401
 512.000       1.0154
 513.000       1.2817
 514.000       1.1144
 515.000       0.7586
 516.000       0.8732
 517.000       1.0219
 518.000       0.9184
 519.000       0.9779
 520.000       1.1594
 521.000       1.2023
 522.000       1.1760
 523.000       1.3116
 524.000       1.6523
 525.000       1.8617
 526.000       1.7701
 527.000       2.3905
 528.000       2.1995
 529.000       1.9512
 530.000       1.6906
 531.000       1.7513
 532.000       1.7621
 533.000       1.4754
 534.000       1.4563
 535.000       1.6117
 536.000       1.5119
 537.000       1.3253
 538.000       1.4351
 539.000       1.5695
 540.000       1.3325
 541.000       1.4734
 542.000       2.1286
 543.000       2.7876
 544.000       3.4219
