#Res        AtomicFlx
   1.000       6.3756
   2.000       4.2435
   3.000       2.6490
   4.000       1.4969
   5.000       0.9657
   6.000       1.0619
   7.000       1.8722
   8.000       1.3879
   9.000       1.2262
  10.000       0.8629
  11.000       0.7879
  12.000       0.6788
  13.000       0.6357
  14.000       0.5793
  15.000       0.5546
  16.000       0.5310
  17.000       0.5944
  18.000       0.6133
  19.000       0.5866
  20.000       0.6354
  21.000       0.5911
  22.000       0.5965
  23.000       0.7392
  24.000       0.9605
  25.000       0.9180
  26.000       0.9326
  27.000       1.0150
  28.000       0.8799
  29.000       0.8238
  30.000       0.8364
  31.000       0.9042
  32.000       0.8197
  33.000       0.8368
  34.000       0.9457
  35.000       0.9607
  36.000       0.8988
  37.000       0.9965
  38.000       0.9709
  39.000       1.0664
  40.000       1.0317
  41.000       0.8513
  42.000       0.8691
  43.000       0.8806
  44.000       0.7710
  45.000       0.7009
  46.000       0.7539
  47.000       0.7570
  48.000       0.6862
  49.000       0.6890
  50.000       0.7620
  51.000       0.7725
  52.000       0.6891
  53.000       0.6365
  54.000       0.5474
  55.000       0.5392
  56.000       0.5422
  57.000       0.5015
  58.000       0.4750
  59.000       0.4624
  60.000       0.4401
  61.000       0.4594
  62.000       0.4906
  63.000       0.5197
  64.000       0.5716
  65.000       0.6104
  66.000       0.5681
  67.000       0.5863
  68.000       0.6016
  69.000       0.5781
  70.000       0.5887
  71.000       0.5380
  72.000       0.6251
  73.000       0.6477
  74.000       0.6029
  75.000       0.6495
  76.000       0.9373
  77.000       1.0360
  78.000       0.9007
  79.000       0.8893
  80.000       0.7732
  81.000       0.6867
  82.000       0.5707
  83.000       0.5761
  84.000       0.5434
  85.000       0.5365
  86.000       0.5885
  87.000       0.5951
  88.000       0.5320
  89.000       0.5489
  90.000       0.5756
  91.000       0.5680
  92.000       0.5238
  93.000       0.5626
  94.000       0.5973
  95.000       0.5523
  96.000       0.6029
  97.000       0.7144
  98.000       0.6184
  99.000       0.5138
 100.000       0.5887
 101.000       0.6188
 102.000       0.5589
 103.000       0.5615
 104.000       0.6042
 105.000       0.6054
 106.000       0.5724
 107.000       0.5653
 108.000       0.6294
 109.000       0.6020
 110.000       0.5947
 111.000       0.6280
 112.000       0.6575
 113.000       0.6593
 114.000       0.8405
 115.000       0.8549
 116.000       1.0933
 117.000       1.0630
 118.000       0.7483
 119.000       0.9018
 120.000       0.9594
 121.000       0.8986
 122.000       1.0205
 123.000       1.2582
 124.000       1.5926
 125.000       1.5543
 126.000       1.7155
 127.000       1.5221
 128.000       1.3370
 129.000       1.5488
 130.000       1.9471
 131.000       1.8322
 132.000       1.4096
 133.000       1.6347
 134.000       2.4285
 135.000       3.0449
 136.000       3.6909
 137.000       5.3186
 138.000       5.4163
 139.000       6.5277
 140.000       7.9413
 141.000       9.3638
 142.000      10.4825
 143.000      10.6051
 144.000       9.4117
 145.000       9.7107
 146.000       8.9026
 147.000       7.4976
 148.000       6.2591
 149.000       5.8482
 150.000       4.7929
 151.000       4.1180
 152.000       2.7935
 153.000       1.4855
 154.000       0.9775
 155.000       0.7808
 156.000       0.6470
 157.000       0.6685
 158.000       0.7441
 159.000       0.7186
 160.000       0.6137
 161.000       0.6767
 162.000       0.9573
 163.000       0.9898
 164.000       0.7892
 165.000       0.7126
 166.000       0.7934
 167.000       0.8509
 168.000       1.5819
 169.000       3.2545
 170.000       3.6551
 171.000       2.5008
 172.000       1.8636
 173.000       2.7323
 174.000       2.5715
 175.000       1.6356
 176.000       1.0224
 177.000       0.9193
 178.000       0.9172
 179.000       0.7645
 180.000       0.7812
 181.000       0.7744
 182.000       0.7170
 183.000       0.6320
 184.000       0.6255
 185.000       0.6614
 186.000       0.6350
 187.000       0.6351
 188.000       0.6641
 189.000       0.6611
 190.000       0.6929
 191.000       0.7101
 192.000       0.7178
 193.000       0.7470
 194.000       0.7660
 195.000       0.7296
 196.000       0.7565
 197.000       0.7961
 198.000       0.8341
 199.000       0.9692
 200.000       1.5740
 201.000       1.2498
 202.000       1.1058
 203.000       1.3206
 204.000       1.2886
 205.000       1.0094
 206.000       0.9685
 207.000       1.1390
 208.000       0.9747
 209.000       0.7472
 210.000       0.7847
 211.000       0.7932
 212.000       0.9365
 213.000       1.1252
 214.000       1.0807
 215.000       0.9996
 216.000       0.9122
 217.000       0.8263
 218.000       0.7896
 219.000       0.7602
 220.000       0.7773
 221.000       0.7735
 222.000       0.7316
 223.000       0.7519
 224.000       0.8353
 225.000       0.8705
 226.000       0.8561
 227.000       0.9127
 228.000       1.0077
 229.000       1.0652
 230.000       1.0718
 231.000       1.2552
 232.000       1.1535
 233.000       0.9824
 234.000       1.0918
 235.000       1.1412
 236.000       0.9924
 237.000       0.9350
 238.000       1.0268
 239.000       1.0299
 240.000       0.9214
 241.000       0.9870
 242.000       1.0551
 243.000       1.0763
 244.000       1.1990
 245.000       1.3228
 246.000       1.3646
 247.000       1.2870
 248.000       1.3989
 249.000       1.4476
 250.000       1.3061
 251.000       1.2273
 252.000       1.1594
 253.000       0.9508
 254.000       0.8919
 255.000       0.9476
 256.000       0.8407
 257.000       0.7191
 258.000       0.7287
 259.000       0.8081
 260.000       0.7201
 261.000       0.6424
 262.000       0.7113
 263.000       0.6379
 264.000       0.6484
 265.000       0.6043
 266.000       0.6107
 267.000       0.4898
 268.000       0.5343
 269.000       0.4895
 270.000       0.4879
 271.000       0.4537
 272.000       0.4378
 273.000       0.4809
 274.000       0.5574
 275.000       0.5353
 276.000       0.5452
 277.000       0.6214
 278.000       0.6749
 279.000       0.7359
 280.000       0.8545
 281.000       0.8807
 282.000       0.9428
 283.000       0.9541
 284.000       0.9029
 285.000       0.8306
 286.000       0.7814
 287.000       0.8223
 288.000       0.7848
 289.000       0.6062
 290.000       0.6827
 291.000       0.7154
 292.000       0.5733
 293.000       0.5522
 294.000       0.6377
 295.000       0.6082
 296.000       0.5579
 297.000       0.6508
 298.000       0.6801
 299.000       0.6234
 300.000       0.6936
 301.000       0.7614
 302.000       0.7262
 303.000       0.7003
 304.000       0.7987
 305.000       0.8240
 306.000       0.7810
 307.000       0.7494
 308.000       0.7971
 309.000       0.8415
 310.000       0.8570
 311.000       0.8676
 312.000       0.9523
 313.000       1.1174
 314.000       1.1757
 315.000       1.1069
 316.000       1.4452
 317.000       1.7098
 318.000       1.7463
 319.000       1.6218
 320.000       1.3956
 321.000       1.2754
 322.000       1.0998
 323.000       1.1744
 324.000       1.1978
 325.000       1.0841
 326.000       0.9808
 327.000       0.9585
 328.000       0.9753
 329.000       0.9112
 330.000       0.7574
 331.000       0.7771
 332.000       0.6889
 333.000       0.6437
 334.000       0.6074
 335.000       0.6234
 336.000       0.6835
 337.000       0.7701
 338.000       0.8006
 339.000       0.7719
 340.000       0.7600
 341.000       0.7724
 342.000       0.8435
 343.000       0.9232
 344.000       0.8789
 345.000       0.9036
 346.000       0.8136
 347.000       0.7258
 348.000       0.7391
 349.000       0.7414
 350.000       0.6933
 351.000       0.6892
 352.000       0.6645
 353.000       0.6820
 354.000       0.6339
 355.000       0.5874
 356.000       0.6235
 357.000       0.6470
 358.000       0.6342
 359.000       0.6263
 360.000       0.6429
 361.000       0.6668
 362.000       0.6318
 363.000       0.5925
 364.000       0.5543
 365.000       0.5280
 366.000       0.5509
 367.000       0.5684
 368.000       0.5713
 369.000       0.5967
 370.000       0.6185
 371.000       0.6116
 372.000       0.5956
 373.000       0.5792
 374.000       0.5934
 375.000       0.6705
 376.000       0.7505
 377.000       0.7345
 378.000       0.9427
 379.000       1.4076
 380.000       0.9543
 381.000       1.3404
 382.000       1.8987
 383.000       2.0448
 384.000       1.3629
 385.000       1.6856
 386.000       2.0031
 387.000       1.5715
 388.000       1.2934
 389.000       1.2989
 390.000       1.2043
 391.000       0.9151
 392.000       0.8164
 393.000       0.8263
 394.000       0.8180
 395.000       0.6862
 396.000       0.6762
 397.000       0.7096
 398.000       0.7310
 399.000       0.6495
 400.000       0.6331
 401.000       0.6756
 402.000       0.6795
 403.000       0.6543
 404.000       0.7448
 405.000       0.8491
 406.000       0.7439
 407.000       0.6499
 408.000       0.6892
 409.000       0.7522
 410.000       0.7829
 411.000       0.6848
 412.000       0.6593
 413.000       0.6828
 414.000       0.6544
 415.000       0.6360
 416.000       0.6930
 417.000       0.6648
 418.000       0.6087
 419.000       0.6417
 420.000       0.7101
 421.000       0.6411
 422.000       0.6627
 423.000       0.6981
 424.000       0.7177
 425.000       0.6873
 426.000       0.6220
 427.000       0.6111
 428.000       0.5709
 429.000       0.5453
 430.000       0.5727
 431.000       0.5183
 432.000       0.4912
 433.000       0.5308
 434.000       0.5106
 435.000       0.5046
 436.000       0.5544
 437.000       0.5674
 438.000       0.5704
 439.000       0.7441
 440.000       1.0569
 441.000       1.0637
 442.000       0.9503
 443.000       0.8179
 444.000       0.6619
 445.000       0.7495
 446.000       0.7233
 447.000       0.6048
 448.000       0.6275
 449.000       0.7019
 450.000       0.6859
 451.000       0.6741
 452.000       0.7483
 453.000       0.9401
 454.000       1.0531
 455.000       1.0324
 456.000       0.9948
 457.000       1.0537
 458.000       0.9817
 459.000       0.8085
 460.000       0.9209
 461.000       0.8788
 462.000       0.9093
 463.000       0.7513
 464.000       0.6821
 465.000       0.7411
 466.000       0.7125
 467.000       0.6573
 468.000       0.7516
 469.000       0.8001
 470.000       0.7071
 471.000       0.6775
 472.000       0.6881
 473.000       0.7264
 474.000       0.6928
 475.000       0.6324
 476.000       0.6902
 477.000       0.7797
 478.000       0.7479
 479.000       0.6895
 480.000       0.7998
 481.000       0.8489
 482.000       0.8407
 483.000       0.8748
 484.000       1.0144
 485.000       1.0397
 486.000       0.9825
 487.000       1.2688
 488.000       1.2110
 489.000       1.2467
 490.000       1.4199
 491.000       1.2649
 492.000       1.6600
 493.000       1.8069
 494.000       1.3578
 495.000       1.2950
 496.000       1.2410
 497.000       1.4441
 498.000       1.3556
 499.000       1.3181
 500.000       1.0875
 501.000       0.9834
 502.000       1.0392
 503.000       0.9760
 504.000       0.8015
 505.000       0.8441
 506.000       0.9131
 507.000       0.7597
 508.000       0.8123
 509.000       1.0406
 510.000       0.8976
 511.000       1.0574
 512.000       0.9393
 513.000       0.9698
 514.000       0.7581
 515.000       0.6619
 516.000       0.8684
 517.000       0.9308
 518.000       0.8099
 519.000       0.9066
 520.000       1.2033
 521.000       1.2254
 522.000       1.1386
 523.000       1.4344
 524.000       1.7369
 525.000       1.7404
 526.000       1.8483
 527.000       2.3553
 528.000       2.6387
 529.000       2.7446
 530.000       2.5420
 531.000       2.6213
 532.000       2.4044
 533.000       2.0460
 534.000       2.0636
 535.000       2.0860
 536.000       1.7533
 537.000       1.5160
 538.000       1.5518
 539.000       1.4913
 540.000       1.5120
 541.000       2.1240
 542.000       3.1069
 543.000       5.5163
 544.000       7.7505
