#Res        AtomicFlx
   1.000       9.8932
   2.000       8.1084
   3.000       6.2503
   4.000       4.5510
   5.000       3.8173
   6.000       2.4212
   7.000       2.1094
   8.000       1.4981
   9.000       1.1051
  10.000       1.1023
  11.000       1.0560
  12.000       0.7759
  13.000       0.6816
  14.000       0.7311
  15.000       0.6394
  16.000       0.4836
  17.000       0.5116
  18.000       0.5552
  19.000       0.4827
  20.000       0.4698
  21.000       0.4315
  22.000       0.4364
  23.000       0.5023
  24.000       0.5329
  25.000       0.4523
  26.000       0.6101
  27.000       0.6776
  28.000       0.6280
  29.000       0.5589
  30.000       0.6005
  31.000       0.6662
  32.000       0.6616
  33.000       0.6579
  34.000       0.6731
  35.000       0.7731
  36.000       0.7606
  37.000       0.9332
  38.000       0.8142
  39.000       0.8192
  40.000       0.8521
  41.000       0.7015
  42.000       0.6436
  43.000       0.7505
  44.000       0.7103
  45.000       0.5938
  46.000       0.6501
  47.000       0.7013
  48.000       0.6256
  49.000       0.5938
  50.000       0.7887
  51.000       0.8521
  52.000       0.7306
  53.000       0.6027
  54.000       0.5256
  55.000       0.4897
  56.000       0.5141
  57.000       0.4738
  58.000       0.5015
  59.000       0.5076
  60.000       0.4844
  61.000       0.4995
  62.000       0.5442
  63.000       0.5515
  64.000       0.5402
  65.000       0.5547
  66.000       0.6029
  67.000       0.6259
  68.000       0.6101
  69.000       0.6434
  70.000       0.7192
  71.000       0.7649
  72.000       0.6527
  73.000       0.6426
  74.000       0.5940
  75.000       0.5817
  76.000       0.7391
  77.000       0.9861
  78.000       0.8410
  79.000       0.7807
  80.000       0.7031
  81.000       0.6043
  82.000       0.5452
  83.000       0.5993
  84.000       0.5794
  85.000       0.5646
  86.000       0.5439
  87.000       0.5431
  88.000       0.5350
  89.000       0.5329
  90.000       0.5330
  91.000       0.5094
  92.000       0.5085
  93.000       0.5559
  94.000       0.5884
  95.000       0.5880
  96.000       0.6638
  97.000       0.7347
  98.000       0.6963
  99.000       0.5568
 100.000       0.5170
 101.000       0.5237
 102.000       0.5574
 103.000       0.5501
 104.000       0.5421
 105.000       0.5627
 106.000       0.5821
 107.000       0.5540
 108.000       0.5663
 109.000       0.5623
 110.000       0.5640
 111.000       0.6270
 112.000       0.7160
 113.000       0.6571
 114.000       0.8934
 115.000       1.4210
 116.000       2.0738
 117.000       1.4707
 118.000       0.8395
 119.000       0.7797
 120.000       0.8232
 121.000       0.9339
 122.000       1.0353
 123.000       1.1716
 124.000       1.8673
 125.000       1.3882
 126.000       1.5257
 127.000       1.6657
 128.000       1.3440
 129.000       1.7789
 130.000       2.1360
 131.000       2.1036
 132.000       1.4635
 133.000       2.0816
 134.000       3.4171
 135.000       3.9497
 136.000       3.9515
 137.000       4.6048
 138.000       3.1505
 139.000       1.1480
 140.000       1.0338
 141.000       1.0077
 142.000       1.0632
 143.000       2.0362
 144.000       2.3936
 145.000       4.1115
 146.000       5.4744
 147.000       6.1262
 148.000       5.6130
 149.000       4.2673
 150.000       4.1950
 151.000       3.3119
 152.000       2.3905
 153.000       1.5435
 154.000       1.2155
 155.000       1.0065
 156.000       0.8622
 157.000       0.8327
 158.000       0.8405
 159.000       0.6919
 160.000       0.6897
 161.000       0.8348
 162.000       0.8847
 163.000       0.9254
 164.000       0.9466
 165.000       1.0495
 166.000       0.9970
 167.000       0.9834
 168.000       1.1842
 169.000       1.4715
 170.000       1.6438
 171.000       1.1510
 172.000       1.1606
 173.000       1.0550
 174.000       1.1891
 175.000       1.0546
 176.000       0.9239
 177.000       0.9622
 178.000       0.9909
 179.000       0.7295
 180.000       0.7475
 181.000       0.7849
 182.000       0.7841
 183.000       0.6973
 184.000       0.6752
 185.000       0.6838
 186.000       0.6271
 187.000       0.6288
 188.000       0.6825
 189.000       0.6477
 190.000       0.6458
 191.000       0.6823
 192.000       0.7363
 193.000       0.7755
 194.000       0.7612
 195.000       0.8031
 196.000       0.8703
 197.000       0.8955
 198.000       0.9437
 199.000       1.1012
 200.000       1.2147
 201.000       1.6699
 202.000       1.4420
 203.000       1.6266
 204.000       1.5988
 205.000       1.5227
 206.000       1.4579
 207.000       1.6005
 208.000       1.8342
 209.000       1.8674
 210.000       1.6819
 211.000       1.1327
 212.000       0.8511
 213.000       1.2440
 214.000       1.1473
 215.000       1.0613
 216.000       0.7536
 217.000       0.6895
 218.000       0.7640
 219.000       0.6806
 220.000       0.6189
 221.000       0.6735
 222.000       0.6448
 223.000       0.6314
 224.000       0.6737
 225.000       0.6941
 226.000       0.6509
 227.000       0.6924
 228.000       0.8115
 229.000       0.8143
 230.000       0.7347
 231.000       0.7921
 232.000       0.7709
 233.000       0.7284
 234.000       0.7931
 235.000       0.7614
 236.000       0.6815
 237.000       0.6980
 238.000       0.7763
 239.000       0.7519
 240.000       0.6583
 241.000       0.7896
 242.000       0.8715
 243.000       0.9616
 244.000       1.1973
 245.000       1.2940
 246.000       1.3512
 247.000       1.1787
 248.000       1.2828
 249.000       1.4147
 250.000       1.3544
 251.000       1.0962
 252.000       1.0303
 253.000       0.8666
 254.000       0.8110
 255.000       0.8006
 256.000       0.7375
 257.000       0.6941
 258.000       0.7201
 259.000       0.7016
 260.000       0.6427
 261.000       0.6491
 262.000       0.6822
 263.000       0.5977
 264.000       0.5853
 265.000       0.5628
 266.000       0.6812
 267.000       0.5283
 268.000       0.4958
 269.000       0.5109
 270.000       0.5502
 271.000       0.5153
 272.000       0.4733
 273.000       0.4686
 274.000       0.5310
 275.000       0.5241
 276.000       0.5123
 277.000       0.5770
 278.000       0.8893
 279.000       0.9138
 280.000       1.1363
 281.000       1.0757
 282.000       1.2627
 283.000       1.1508
 284.000       1.1870
 285.000       0.8990
 286.000       0.7175
 287.000       0.6682
 288.000       0.7852
 289.000       0.6404
 290.000       0.5534
 291.000       0.5909
 292.000       0.5279
 293.000       0.4982
 294.000       0.5216
 295.000       0.5047
 296.000       0.4751
 297.000       0.5161
 298.000       0.5061
 299.000       0.4708
 300.000       0.4649
 301.000       0.5097
 302.000       0.5272
 303.000       0.5444
 304.000       0.5654
 305.000       0.5702
 306.000       0.5934
 307.000       0.5753
 308.000       0.5695
 309.000       0.5724
 310.000       0.6345
 311.000       0.6606
 312.000       0.6894
 313.000       0.6939
 314.000       0.7519
 315.000       0.8037
 316.000       0.9235
 317.000       0.9931
 318.000       1.0006
 319.000       1.0761
 320.000       1.0564
 321.000       1.0270
 322.000       0.8352
 323.000       0.9314
 324.000       0.9454
 325.000       0.8060
 326.000       0.8205
 327.000       1.3132
 328.000       2.0874
 329.000       1.5355
 330.000       1.5838
 331.000       1.3976
 332.000       0.9332
 333.000       0.8231
 334.000       0.7116
 335.000       0.8454
 336.000       0.9763
 337.000       0.8589
 338.000       0.7265
 339.000       0.7308
 340.000       0.7619
 341.000       0.9517
 342.000       0.8469
 343.000       1.2471
 344.000       1.0538
 345.000       0.9779
 346.000       0.8680
 347.000       0.7055
 348.000       0.7171
 349.000       0.6901
 350.000       0.6210
 351.000       0.6164
 352.000       0.6156
 353.000       0.6714
 354.000       0.5935
 355.000       0.5466
 356.000       0.5302
 357.000       0.4965
 358.000       0.5450
 359.000       0.5450
 360.000       0.5387
 361.000       0.5444
 362.000       0.5511
 363.000       0.5525
 364.000       0.5264
 365.000       0.5033
 366.000       0.5410
 367.000       0.6067
 368.000       0.6711
 369.000       0.5962
 370.000       0.5648
 371.000       0.6945
 372.000       0.6941
 373.000       0.6153
 374.000       0.6771
 375.000       0.7687
 376.000       0.7602
 377.000       0.7133
 378.000       0.7642
 379.000       0.9056
 380.000       0.7983
 381.000       0.8827
 382.000       1.3320
 383.000       2.1641
 384.000       1.4881
 385.000       1.4539
 386.000       1.7752
 387.000       1.3628
 388.000       1.1449
 389.000       1.2337
 390.000       1.2294
 391.000       0.9969
 392.000       0.8785
 393.000       0.9620
 394.000       0.9831
 395.000       0.8099
 396.000       0.7336
 397.000       0.8337
 398.000       0.8796
 399.000       0.7477
 400.000       0.6622
 401.000       0.7677
 402.000       0.8596
 403.000       0.7774
 404.000       0.7289
 405.000       0.7644
 406.000       0.6612
 407.000       0.6213
 408.000       0.6851
 409.000       0.7621
 410.000       0.7539
 411.000       0.7412
 412.000       0.6726
 413.000       0.6516
 414.000       0.6773
 415.000       0.6013
 416.000       0.6253
 417.000       0.7402
 418.000       0.7345
 419.000       0.6811
 420.000       0.7216
 421.000       0.6796
 422.000       0.9232
 423.000       1.0847
 424.000       0.9495
 425.000       0.8525
 426.000       0.7060
 427.000       0.6525
 428.000       0.6395
 429.000       0.5625
 430.000       0.5363
 431.000       0.4990
 432.000       0.4885
 433.000       0.4839
 434.000       0.4558
 435.000       0.4731
 436.000       0.5052
 437.000       0.5340
 438.000       0.5425
 439.000       0.5873
 440.000       0.7114
 441.000       0.7112
 442.000       0.6830
 443.000       0.6483
 444.000       0.5484
 445.000       0.7042
 446.000       0.6651
 447.000       0.5560
 448.000       0.5964
 449.000       0.6799
 450.000       0.6428
 451.000       0.6229
 452.000       0.7443
 453.000       0.8954
 454.000       0.9881
 455.000       0.9728
 456.000       1.4007
 457.000       1.2318
 458.000       0.9164
 459.000       0.7444
 460.000       0.8274
 461.000       0.7963
 462.000       0.7870
 463.000       0.6887
 464.000       0.5521
 465.000       0.5976
 466.000       0.5477
 467.000       0.5140
 468.000       0.5808
 469.000       0.6264
 470.000       0.6194
 471.000       0.6331
 472.000       0.6543
 473.000       0.7407
 474.000       0.7482
 475.000       0.6398
 476.000       0.7073
 477.000       0.8440
 478.000       0.7702
 479.000       0.7275
 480.000       0.9947
 481.000       1.0642
 482.000       0.9594
 483.000       1.1495
 484.000       1.4515
 485.000       1.4406
 486.000       1.2560
 487.000       1.4205
 488.000       1.3276
 489.000       1.2204
 490.000       1.1779
 491.000       1.1013
 492.000       1.6415
 493.000       1.7464
 494.000       1.2820
 495.000       1.2527
 496.000       1.1250
 497.000       1.3117
 498.000       1.4759
 499.000       1.4307
 500.000       1.1185
 501.000       1.1406
 502.000       1.2842
 503.000       1.2699
 504.000       1.1589
 505.000       1.0877
 506.000       1.3194
 507.000       1.4628
 508.000       1.1329
 509.000       1.1898
 510.000       1.6672
 511.000       1.5545
 512.000       1.2178
 513.000       1.5948
 514.000       1.6184
 515.000       1.0290
 516.000       1.1115
 517.000       1.2841
 518.000       1.0528
 519.000       0.8705
 520.000       1.0923
 521.000       1.1680
 522.000       1.0850
 523.000       1.1145
 524.000       1.5534
 525.000       1.5497
 526.000       1.3222
 527.000       1.8817
 528.000       1.8386
 529.000       1.8215
 530.000       1.6664
 531.000       1.6387
 532.000       1.4321
 533.000       1.1446
 534.000       1.1720
 535.000       1.2000
 536.000       0.9918
 537.000       0.8087
 538.000       0.9391
 539.000       1.0663
 540.000       1.7790
 541.000       2.8136
 542.000       2.9946
 543.000       3.6465
 544.000       3.8167
