#Res        AtomicFlx
   1.000       7.0686
   2.000       5.2240
   3.000       3.4948
   4.000       2.3407
   5.000       1.5762
   6.000       1.2136
   7.000       1.5803
   8.000       1.1855
   9.000       1.1189
  10.000       0.9883
  11.000       0.9326
  12.000       0.8143
  13.000       0.7395
  14.000       0.7387
  15.000       0.6913
  16.000       0.5469
  17.000       0.5466
  18.000       0.6152
  19.000       0.5229
  20.000       0.5341
  21.000       0.5632
  22.000       0.6040
  23.000       0.6497
  24.000       0.6178
  25.000       0.5775
  26.000       0.7220
  27.000       0.9453
  28.000       0.7573
  29.000       0.6618
  30.000       0.6927
  31.000       0.7242
  32.000       0.7398
  33.000       0.7945
  34.000       0.8184
  35.000       0.8928
  36.000       1.0112
  37.000       1.3058
  38.000       1.1691
  39.000       1.1390
  40.000       1.1090
  41.000       0.9228
  42.000       0.8457
  43.000       0.9117
  44.000       0.8493
  45.000       0.7239
  46.000       0.8183
  47.000       0.8534
  48.000       0.7003
  49.000       0.6511
  50.000       0.7266
  51.000       0.7249
  52.000       0.6929
  53.000       0.6159
  54.000       0.5540
  55.000       0.5764
  56.000       0.5395
  57.000       0.5415
  58.000       0.5861
  59.000       0.6053
  60.000       0.5602
  61.000       0.5968
  62.000       0.6556
  63.000       0.6492
  64.000       0.5831
  65.000       0.5951
  66.000       0.6200
  67.000       0.6790
  68.000       0.7331
  69.000       0.7006
  70.000       0.8534
  71.000       0.8600
  72.000       0.8919
  73.000       0.8316
  74.000       0.7447
  75.000       0.7715
  76.000       0.8752
  77.000       0.8893
  78.000       0.8837
  79.000       0.9194
  80.000       0.8706
  81.000       0.7489
  82.000       0.6222
  83.000       0.6731
  84.000       0.6576
  85.000       0.6555
  86.000       0.6316
  87.000       0.5903
  88.000       0.5627
  89.000       0.5615
  90.000       0.5881
  91.000       0.5716
  92.000       0.4980
  93.000       0.5137
  94.000       0.5568
  95.000       0.5506
  96.000       0.5480
  97.000       0.5673
  98.000       0.6022
  99.000       0.5790
 100.000       0.5765
 101.000       0.6392
 102.000       0.6636
 103.000       0.6730
 104.000       0.6998
 105.000       0.7645
 106.000       0.7947
 107.000       0.7410
 108.000       0.7320
 109.000       0.7610
 110.000       0.7576
 111.000       0.7751
 112.000       0.8114
 113.000       0.8777
 114.000       1.0216
 115.000       1.0767
 116.000       1.3334
 117.000       1.1209
 118.000       0.9301
 119.000       0.9262
 120.000       0.9392
 121.000       1.1286
 122.000       1.1334
 123.000       1.2764
 124.000       2.0474
 125.000       1.6644
 126.000       1.6244
 127.000       1.4593
 128.000       1.2729
 129.000       1.5367
 130.000       2.0263
 131.000       2.0914
 132.000       1.6089
 133.000       1.8456
 134.000       1.8265
 135.000       2.5601
 136.000       3.7208
 137.000       6.1532
 138.000       8.4941
 139.000      10.5647
 140.000      11.1575
 141.000      12.4017
 142.000      13.1462
 143.000      13.0922
 144.000      11.9346
 145.000      11.6941
 146.000      10.9283
 147.000       9.9671
 148.000       8.0642
 149.000       6.3556
 150.000       5.0171
 151.000       3.8277
 152.000       2.5807
 153.000       1.9476
 154.000       1.4081
 155.000       1.0093
 156.000       0.9872
 157.000       0.9244
 158.000       1.0058
 159.000       0.9508
 160.000       0.8779
 161.000       0.8986
 162.000       1.0065
 163.000       1.1602
 164.000       1.1375
 165.000       1.0600
 166.000       1.0650
 167.000       1.0761
 168.000       1.2819
 169.000       1.2121
 170.000       1.2653
 171.000       1.6203
 172.000       1.8429
 173.000       1.7701
 174.000       1.5971
 175.000       1.0342
 176.000       0.8799
 177.000       0.9288
 178.000       0.9300
 179.000       0.7866
 180.000       0.7626
 181.000       0.8128
 182.000       0.8157
 183.000       0.7269
 184.000       0.7089
 185.000       0.7514
 186.000       0.7504
 187.000       0.7058
 188.000       0.7472
 189.000       0.8199
 190.000       0.7912
 191.000       0.7704
 192.000       0.8644
 193.000       0.9784
 194.000       0.9850
 195.000       0.9608
 196.000       1.1134
 197.000       1.2200
 198.000       1.2434
 199.000       1.3904
 200.000       1.6669
 201.000       1.8487
 202.000       3.1414
 203.000       3.0727
 204.000       2.7078
 205.000       2.4010
 206.000       1.7302
 207.000       1.6796
 208.000       1.3538
 209.000       1.6492
 210.000       1.6659
 211.000       1.3365
 212.000       1.1247
 213.000       1.2706
 214.000       1.2125
 215.000       1.0262
 216.000       0.8011
 217.000       0.7733
 218.000       0.8598
 219.000       0.7806
 220.000       0.7765
 221.000       0.8950
 222.000       0.9005
 223.000       0.8582
 224.000       0.9483
 225.000       1.0552
 226.000       1.0336
 227.000       1.0271
 228.000       1.0799
 229.000       1.1448
 230.000       1.1672
 231.000       1.2763
 232.000       1.2327
 233.000       1.0943
 234.000       1.1702
 235.000       1.1762
 236.000       1.0688
 237.000       1.0767
 238.000       1.1947
 239.000       1.1390
 240.000       0.9945
 241.000       1.1457
 242.000       1.2545
 243.000       1.2568
 244.000       1.5025
 245.000       1.5155
 246.000       1.5823
 247.000       1.3305
 248.000       1.2396
 249.000       1.5371
 250.000       1.4302
 251.000       1.3271
 252.000       1.3587
 253.000       1.0971
 254.000       0.9401
 255.000       1.0023
 256.000       0.9009
 257.000       0.7390
 258.000       0.7695
 259.000       0.7899
 260.000       0.5980
 261.000       0.6372
 262.000       0.8765
 263.000       0.6474
 264.000       0.5703
 265.000       0.5948
 266.000       0.7174
 267.000       0.5513
 268.000       0.5835
 269.000       0.5251
 270.000       0.5269
 271.000       0.4641
 272.000       0.4778
 273.000       0.5449
 274.000       0.5501
 275.000       0.5891
 276.000       0.6000
 277.000       0.6301
 278.000       0.8875
 279.000       0.8147
 280.000       0.9098
 281.000       0.9659
 282.000       1.0148
 283.000       0.8764
 284.000       0.8062
 285.000       0.7463
 286.000       0.6484
 287.000       0.6778
 288.000       0.6213
 289.000       0.5545
 290.000       0.5660
 291.000       0.5733
 292.000       0.5191
 293.000       0.5291
 294.000       0.5806
 295.000       0.5745
 296.000       0.5246
 297.000       0.5729
 298.000       0.6196
 299.000       0.5930
 300.000       0.5716
 301.000       0.6489
 302.000       0.7027
 303.000       0.7009
 304.000       0.7398
 305.000       0.7879
 306.000       0.8191
 307.000       0.8033
 308.000       0.8647
 309.000       0.9252
 310.000       0.9988
 311.000       1.0492
 312.000       1.0878
 313.000       1.1237
 314.000       1.1534
 315.000       1.2127
 316.000       1.3447
 317.000       1.4050
 318.000       1.4474
 319.000       1.5260
 320.000       1.5132
 321.000       1.4957
 322.000       1.2191
 323.000       1.2607
 324.000       1.3476
 325.000       1.1762
 326.000       1.2436
 327.000       1.7410
 328.000       2.2010
 329.000       2.0365
 330.000       1.8001
 331.000       1.0170
 332.000       0.8730
 333.000       0.8643
 334.000       1.0456
 335.000       0.7867
 336.000       0.7259
 337.000       0.7508
 338.000       1.0846
 339.000       1.1143
 340.000       0.9499
 341.000       1.2933
 342.000       1.6351
 343.000       1.4635
 344.000       1.0881
 345.000       1.0219
 346.000       1.0323
 347.000       0.9614
 348.000       0.9467
 349.000       0.9410
 350.000       0.9420
 351.000       0.8819
 352.000       0.8406
 353.000       0.8153
 354.000       0.7670
 355.000       0.7440
 356.000       0.7215
 357.000       0.7090
 358.000       0.7546
 359.000       0.7509
 360.000       0.7256
 361.000       0.8242
 362.000       0.8869
 363.000       0.7206
 364.000       0.6025
 365.000       0.5328
 366.000       0.6404
 367.000       0.7448
 368.000       0.6695
 369.000       0.5770
 370.000       0.5860
 371.000       0.5783
 372.000       0.5976
 373.000       0.6817
 374.000       0.6172
 375.000       0.7004
 376.000       0.8060
 377.000       0.7310
 378.000       0.7658
 379.000       0.9868
 380.000       0.9748
 381.000       0.9565
 382.000       1.1155
 383.000       1.0806
 384.000       0.8542
 385.000       0.9482
 386.000       1.0954
 387.000       1.0582
 388.000       0.9681
 389.000       1.1387
 390.000       1.0822
 391.000       0.8412
 392.000       0.8944
 393.000       1.0308
 394.000       0.9175
 395.000       0.7211
 396.000       0.7633
 397.000       0.8625
 398.000       0.7831
 399.000       0.6346
 400.000       0.6901
 401.000       0.7669
 402.000       0.7160
 403.000       0.6810
 404.000       0.7334
 405.000       0.7958
 406.000       0.7236
 407.000       0.6791
 408.000       0.7340
 409.000       0.7986
 410.000       0.8391
 411.000       0.7984
 412.000       0.7973
 413.000       0.8682
 414.000       0.8119
 415.000       0.7214
 416.000       0.8804
 417.000       0.9702
 418.000       0.8240
 419.000       0.8497
 420.000       1.0161
 421.000       1.0502
 422.000       1.7244
 423.000       1.9317
 424.000       1.8630
 425.000       1.2058
 426.000       0.9099
 427.000       0.9267
 428.000       0.8257
 429.000       0.7697
 430.000       0.7970
 431.000       0.6942
 432.000       0.6394
 433.000       0.7064
 434.000       0.7143
 435.000       0.6620
 436.000       0.6788
 437.000       0.7659
 438.000       0.8290
 439.000       0.8423
 440.000       0.9532
 441.000       1.0320
 442.000       1.0401
 443.000       0.9360
 444.000       0.8095
 445.000       0.9170
 446.000       0.8932
 447.000       0.7756
 448.000       0.7931
 449.000       0.8883
 450.000       0.8610
 451.000       0.8118
 452.000       0.9533
 453.000       1.0969
 454.000       1.1057
 455.000       1.1539
 456.000       1.3062
 457.000       1.3327
 458.000       1.1108
 459.000       0.9120
 460.000       0.8886
 461.000       0.8594
 462.000       0.7379
 463.000       0.6859
 464.000       0.7480
 465.000       0.7903
 466.000       0.6955
 467.000       0.7063
 468.000       0.8481
 469.000       0.8851
 470.000       0.8309
 471.000       0.7439
 472.000       0.8127
 473.000       0.9081
 474.000       0.9542
 475.000       0.8961
 476.000       0.8914
 477.000       0.9313
 478.000       0.9388
 479.000       0.9564
 480.000       0.9952
 481.000       1.0313
 482.000       1.1003
 483.000       1.2235
 484.000       1.3840
 485.000       1.4224
 486.000       1.5145
 487.000       1.6620
 488.000       1.7838
 489.000       1.4408
 490.000       1.4359
 491.000       1.3642
 492.000       2.2632
 493.000       2.2635
 494.000       1.7729
 495.000       1.7709
 496.000       1.4315
 497.000       1.5885
 498.000       1.7889
 499.000       1.6978
 500.000       1.1739
 501.000       1.1862
 502.000       1.4802
 503.000       1.3666
 504.000       0.9779
 505.000       1.1114
 506.000       1.5367
 507.000       1.4097
 508.000       0.9168
 509.000       1.3007
 510.000       1.6421
 511.000       1.2599
 512.000       1.0987
 513.000       1.4515
 514.000       1.1769
 515.000       0.8280
 516.000       1.0909
 517.000       1.2112
 518.000       0.9434
 519.000       0.9178
 520.000       1.2206
 521.000       1.1843
 522.000       1.0392
 523.000       1.3171
 524.000       1.5214
 525.000       1.4449
 526.000       1.4277
 527.000       1.8193
 528.000       2.0089
 529.000       2.0866
 530.000       2.0077
 531.000       2.0688
 532.000       1.8133
 533.000       1.5305
 534.000       1.6676
 535.000       1.6652
 536.000       1.3151
 537.000       1.1855
 538.000       1.2123
 539.000       1.2069
 540.000       1.2707
 541.000       1.7124
 542.000       2.9971
 543.000       5.0946
 544.000       6.4944
