#Res        AtomicFlx
   1.000       5.3082
   2.000       5.0603
   3.000       2.8086
   4.000       1.1890
   5.000       0.7246
   6.000       0.6836
   7.000       1.0507
   8.000       0.9291
   9.000       0.8771
  10.000       0.8778
  11.000       0.7666
  12.000       0.5931
  13.000       0.6696
  14.000       0.7022
  15.000       0.5908
  16.000       0.5298
  17.000       0.5601
  18.000       0.6299
  19.000       0.6027
  20.000       0.5858
  21.000       0.5866
  22.000       0.7231
  23.000       1.0873
  24.000       2.0226
  25.000       1.9870
  26.000       1.2618
  27.000       1.0510
  28.000       0.8224
  29.000       0.7437
  30.000       0.7838
  31.000       0.7703
  32.000       0.7602
  33.000       0.7846
  34.000       0.7962
  35.000       0.8225
  36.000       0.7815
  37.000       0.9398
  38.000       0.9734
  39.000       1.0939
  40.000       0.9744
  41.000       0.7615
  42.000       0.7799
  43.000       0.8176
  44.000       0.6965
  45.000       0.6142
  46.000       0.6912
  47.000       0.7297
  48.000       0.7078
  49.000       0.6743
  50.000       0.7166
  51.000       0.7345
  52.000       0.6806
  53.000       0.6405
  54.000       0.5657
  55.000       0.5286
  56.000       0.5357
  57.000       0.5274
  58.000       0.5085
  59.000       0.5228
  60.000       0.5340
  61.000       0.5558
  62.000       0.5470
  63.000       0.5878
  64.000       0.5849
  65.000       0.5640
  66.000       0.5918
  67.000       0.6041
  68.000       0.5928
  69.000       0.6000
  70.000       0.7813
  71.000       0.8994
  72.000       0.8602
  73.000       0.6942
  74.000       0.5578
  75.000       0.8059
  76.000       1.0702
  77.000       0.9721
  78.000       0.7532
  79.000       0.8369
  80.000       0.7406
  81.000       0.6417
  82.000       0.6190
  83.000       0.7239
  84.000       0.7282
  85.000       0.6093
  86.000       0.5803
  87.000       0.6612
  88.000       0.6559
  89.000       0.6859
  90.000       0.6094
  91.000       0.6160
  92.000       0.5810
  93.000       0.5768
  94.000       0.6362
  95.000       0.6315
  96.000       0.6403
  97.000       0.7623
  98.000       0.7750
  99.000       0.6718
 100.000       0.5867
 101.000       0.5826
 102.000       0.5885
 103.000       0.5909
 104.000       0.5931
 105.000       0.6108
 106.000       0.6144
 107.000       0.6435
 108.000       0.7091
 109.000       0.6644
 110.000       0.6625
 111.000       0.6960
 112.000       0.7175
 113.000       0.7138
 114.000       0.9191
 115.000       1.2607
 116.000       1.7233
 117.000       1.4936
 118.000       0.9627
 119.000       1.0137
 120.000       0.9150
 121.000       0.9489
 122.000       1.0766
 123.000       1.4248
 124.000       2.1320
 125.000       1.4584
 126.000       1.4836
 127.000       1.5413
 128.000       1.3840
 129.000       2.0057
 130.000       2.4918
 131.000       3.0058
 132.000       2.1914
 133.000       2.8546
 134.000       3.7827
 135.000       4.6938
 136.000       5.5551
 137.000       7.3554
 138.000       8.4755
 139.000       9.2449
 140.000       9.2771
 141.000       9.6862
 142.000       9.6877
 143.000       8.9657
 144.000       7.7959
 145.000       7.0770
 146.000       6.5865
 147.000       5.6273
 148.000       4.7280
 149.000       5.2340
 150.000       4.1684
 151.000       2.7327
 152.000       2.2075
 153.000       1.4825
 154.000       1.0163
 155.000       0.9024
 156.000       0.7584
 157.000       0.7676
 158.000       0.8230
 159.000       0.7845
 160.000       0.7478
 161.000       0.8674
 162.000       0.9554
 163.000       0.9705
 164.000       0.9388
 165.000       0.9993
 166.000       1.0923
 167.000       1.1440
 168.000       1.4952
 169.000       1.6590
 170.000       2.5398
 171.000       2.8601
 172.000       2.4883
 173.000       2.7919
 174.000       2.6691
 175.000       1.6111
 176.000       1.0854
 177.000       1.0907
 178.000       1.0589
 179.000       0.8442
 180.000       0.8189
 181.000       0.7924
 182.000       0.7385
 183.000       0.6685
 184.000       0.6747
 185.000       0.6629
 186.000       0.6535
 187.000       0.6541
 188.000       0.6981
 189.000       0.6987
 190.000       0.6689
 191.000       0.6444
 192.000       0.7197
 193.000       0.6885
 194.000       0.6628
 195.000       0.7247
 196.000       0.7521
 197.000       0.7476
 198.000       0.8391
 199.000       0.9633
 200.000       1.0647
 201.000       0.9249
 202.000       0.9100
 203.000       1.0407
 204.000       0.8932
 205.000       0.7852
 206.000       0.9256
 207.000       1.0032
 208.000       0.7728
 209.000       0.7676
 210.000       0.8663
 211.000       0.7113
 212.000       0.8048
 213.000       1.2361
 214.000       1.1361
 215.000       0.9563
 216.000       0.8973
 217.000       0.8229
 218.000       0.8010
 219.000       0.7230
 220.000       0.7308
 221.000       0.7462
 222.000       0.7280
 223.000       0.6989
 224.000       0.7454
 225.000       0.7865
 226.000       0.7433
 227.000       0.7755
 228.000       0.8598
 229.000       0.9208
 230.000       0.8721
 231.000       0.9507
 232.000       0.8909
 233.000       0.7876
 234.000       0.8537
 235.000       0.8688
 236.000       0.7821
 237.000       0.7797
 238.000       0.8950
 239.000       0.8648
 240.000       0.7764
 241.000       0.9273
 242.000       0.9658
 243.000       0.9369
 244.000       0.9945
 245.000       1.3518
 246.000       1.4316
 247.000       1.2736
 248.000       1.6283
 249.000       2.0166
 250.000       1.6223
 251.000       1.4103
 252.000       1.2343
 253.000       0.8518
 254.000       0.8732
 255.000       1.0243
 256.000       0.8704
 257.000       0.7014
 258.000       0.7956
 259.000       0.8755
 260.000       0.7805
 261.000       0.7552
 262.000       0.7704
 263.000       0.7752
 264.000       0.9734
 265.000       0.8048
 266.000       0.6960
 267.000       0.5627
 268.000       0.5204
 269.000       0.5422
 270.000       0.5707
 271.000       0.5410
 272.000       0.4687
 273.000       0.4775
 274.000       0.5249
 275.000       0.5215
 276.000       0.5502
 277.000       0.5964
 278.000       0.6221
 279.000       0.5957
 280.000       0.7404
 281.000       0.7819
 282.000       1.0763
 283.000       0.8892
 284.000       1.0319
 285.000       0.7921
 286.000       0.9951
 287.000       0.7087
 288.000       0.7295
 289.000       0.6767
 290.000       0.5832
 291.000       0.5814
 292.000       0.5607
 293.000       0.5985
 294.000       0.6130
 295.000       0.5949
 296.000       0.6771
 297.000       0.7339
 298.000       0.7105
 299.000       0.7379
 300.000       0.8060
 301.000       0.7797
 302.000       0.7368
 303.000       0.7785
 304.000       0.8274
 305.000       0.7737
 306.000       0.6819
 307.000       0.6205
 308.000       0.6260
 309.000       0.6745
 310.000       0.6843
 311.000       0.6972
 312.000       0.7608
 313.000       0.8035
 314.000       0.8577
 315.000       0.9006
 316.000       1.0432
 317.000       1.1687
 318.000       1.2446
 319.000       1.2974
 320.000       1.2333
 321.000       1.1780
 322.000       1.0790
 323.000       1.2545
 324.000       1.1693
 325.000       1.0394
 326.000       1.2966
 327.000       1.6173
 328.000       2.0631
 329.000       1.4103
 330.000       0.7145
 331.000       0.8376
 332.000       0.6761
 333.000       0.6213
 334.000       0.6170
 335.000       0.6635
 336.000       0.6699
 337.000       0.6702
 338.000       0.7007
 339.000       0.7363
 340.000       0.7334
 341.000       0.7383
 342.000       0.8354
 343.000       0.8824
 344.000       0.8277
 345.000       0.8842
 346.000       0.8527
 347.000       0.7458
 348.000       0.7704
 349.000       0.7473
 350.000       0.6655
 351.000       0.6646
 352.000       0.6450
 353.000       0.6400
 354.000       0.5961
 355.000       0.5662
 356.000       0.5810
 357.000       0.5848
 358.000       0.5877
 359.000       0.5708
 360.000       0.5743
 361.000       0.6023
 362.000       0.6607
 363.000       0.6421
 364.000       0.6128
 365.000       0.6182
 366.000       0.6022
 367.000       0.6056
 368.000       0.6360
 369.000       0.6804
 370.000       0.5934
 371.000       0.5837
 372.000       0.6243
 373.000       0.6658
 374.000       0.6816
 375.000       0.8867
 376.000       1.0781
 377.000       1.3373
 378.000       1.3711
 379.000       1.4172
 380.000       1.3096
 381.000       1.5150
 382.000       1.7480
 383.000       1.7177
 384.000       1.2959
 385.000       1.2914
 386.000       1.6125
 387.000       1.3368
 388.000       1.2447
 389.000       1.2884
 390.000       1.1281
 391.000       0.9832
 392.000       0.9648
 393.000       0.8878
 394.000       0.8498
 395.000       0.8444
 396.000       0.8360
 397.000       0.7951
 398.000       0.8053
 399.000       0.7617
 400.000       0.7170
 401.000       0.7422
 402.000       0.7649
 403.000       0.7564
 404.000       0.7762
 405.000       0.9692
 406.000       0.9309
 407.000       0.7430
 408.000       0.8323
 409.000       0.9758
 410.000       1.0377
 411.000       0.8952
 412.000       0.8599
 413.000       0.9395
 414.000       0.8465
 415.000       0.7774
 416.000       0.7941
 417.000       0.8004
 418.000       0.7741
 419.000       0.8377
 420.000       0.9248
 421.000       0.9400
 422.000       0.8129
 423.000       0.9117
 424.000       0.8025
 425.000       0.6702
 426.000       0.6362
 427.000       0.6669
 428.000       0.6171
 429.000       0.6044
 430.000       0.5878
 431.000       0.5315
 432.000       0.5325
 433.000       0.5404
 434.000       0.5091
 435.000       0.5389
 436.000       0.5800
 437.000       0.5834
 438.000       0.6421
 439.000       0.7161
 440.000       0.7250
 441.000       0.6602
 442.000       0.6756
 443.000       0.6589
 444.000       0.6001
 445.000       0.6881
 446.000       0.6732
 447.000       0.6080
 448.000       0.6658
 449.000       0.7337
 450.000       0.7408
 451.000       0.7714
 452.000       0.9107
 453.000       1.0378
 454.000       1.1602
 455.000       1.1624
 456.000       1.2163
 457.000       1.1307
 458.000       1.0865
 459.000       0.8226
 460.000       0.8356
 461.000       0.7906
 462.000       0.7900
 463.000       0.6806
 464.000       0.6165
 465.000       0.6485
 466.000       0.5821
 467.000       0.5586
 468.000       0.6132
 469.000       0.7022
 470.000       0.6778
 471.000       0.7026
 472.000       0.7263
 473.000       0.7612
 474.000       0.7079
 475.000       0.6417
 476.000       0.6950
 477.000       0.7704
 478.000       0.7423
 479.000       0.6645
 480.000       0.7238
 481.000       0.7913
 482.000       0.8022
 483.000       0.8173
 484.000       0.9954
 485.000       1.0574
 486.000       1.0698
 487.000       1.4219
 488.000       1.3466
 489.000       1.1691
 490.000       1.2714
 491.000       1.3098
 492.000       1.7714
 493.000       1.9892
 494.000       1.6267
 495.000       1.4643
 496.000       1.3231
 497.000       1.4849
 498.000       1.5265
 499.000       1.4886
 500.000       1.3936
 501.000       1.3148
 502.000       1.3286
 503.000       1.2787
 504.000       1.1184
 505.000       1.2802
 506.000       1.2802
 507.000       1.0334
 508.000       1.1240
 509.000       1.4669
 510.000       1.3652
 511.000       1.0786
 512.000       1.4199
 513.000       1.6912
 514.000       1.4384
 515.000       1.1110
 516.000       1.2349
 517.000       1.3316
 518.000       1.0721
 519.000       0.9723
 520.000       1.2134
 521.000       1.2570
 522.000       1.0944
 523.000       1.2713
 524.000       1.5357
 525.000       1.5277
 526.000       1.5218
 527.000       2.0020
 528.000       2.1375
 529.000       2.2005
 530.000       1.9798
 531.000       2.0815
 532.000       1.8776
 533.000       1.5049
 534.000       1.5171
 535.000       1.6018
 536.000       1.3387
 537.000       1.1585
 538.000       1.3596
 539.000       1.4014
 540.000       1.5079
 541.000       1.6544
 542.000       2.6731
 543.000       3.6179
 544.000       4.9289
