#Res        AtomicFlx
   1.000       3.0938
   2.000       1.9629
   3.000       2.0544
   4.000       1.1098
   5.000       1.6193
   6.000       1.8222
   7.000       1.4706
   8.000       1.7400
   9.000       1.5525
  10.000       1.1972
  11.000       1.0342
  12.000       1.3958
  13.000       0.9732
  14.000       0.6727
  15.000       0.8389
  16.000       0.7056
  17.000       0.7507
  18.000       0.6624
  19.000       0.7544
  20.000       0.6801
  21.000       1.0110
  22.000       0.7474
  23.000       0.6513
  24.000       1.0944
  25.000       0.8367
  26.000       1.2993
  27.000       0.7194
  28.000       0.8250
  29.000       1.9866
  30.000       1.1000
  31.000       1.1020
  32.000       2.4634
  33.000       2.0348
  34.000       0.8855
  35.000       1.1404
  36.000       1.0071
  37.000       1.0895
  38.000       1.2337
  39.000       0.9282
  40.000       1.1281
  41.000       1.9254
  42.000       0.8109
  43.000       0.6945
  44.000       1.8834
  45.000       1.0254
  46.000       0.8067
  47.000       0.8355
  48.000       1.2025
  49.000       1.1450
  50.000       0.7669
  51.000       0.6304
  52.000       0.7996
  53.000       0.7003
  54.000       1.0785
  55.000       0.8636
  56.000       0.9464
  57.000       1.0547
  58.000       0.8508
  59.000       1.0632
  60.000       0.7995
  61.000       0.7511
  62.000       0.6795
  63.000       0.8713
  64.000       1.5247
  65.000       1.1315
  66.000       1.0573
  67.000       1.1491
  68.000       0.7907
  69.000       0.8788
  70.000       1.1181
  71.000       0.7595
  72.000       0.7987
  73.000       0.8807
  74.000       2.4252
  75.000       1.4031
  76.000       1.1245
  77.000       1.2662
  78.000       1.4375
  79.000       1.2809
  80.000       0.9657
  81.000       0.6404
  82.000       0.7281
  83.000       0.6027
  84.000       1.0088
  85.000       0.6209
  86.000       0.8418
  87.000       1.0489
  88.000       0.8233
  89.000       1.1708
  90.000       1.2129
  91.000       1.0455
  92.000       1.1591
  93.000       1.3599
  94.000       0.9454
  95.000       1.1748
  96.000       1.2581
  97.000       1.2819
  98.000       1.2195
  99.000       0.9002
 100.000       0.7610
 101.000       0.7394
 102.000       0.6689
 103.000       0.8547
 104.000       0.6675
 105.000       0.9085
 106.000       1.0797
 107.000       0.7712
 108.000       0.7841
 109.000       1.0628
 110.000       0.8904
 111.000       0.8895
 112.000       1.0484
 113.000       1.0325
 114.000       1.6448
 115.000       1.2342
 116.000       0.9466
 117.000       0.9594
 118.000       0.9010
 119.000       1.0002
 120.000       1.7199
 121.000       1.2775
 122.000       2.0556
 123.000       2.5235
 124.000       2.5989
 125.000       3.3923
 126.000       3.6918
 127.000       2.2313
 128.000       3.0047
 129.000       2.1355
 130.000       1.6535
 131.000       2.1766
 132.000       2.2539
 133.000       3.0660
 134.000       4.1891
 135.000       3.7168
 136.000       3.4867
 137.000       4.4983
 138.000       4.6051
 139.000       3.3512
 140.000       3.8543
 141.000       4.6642
 142.000       4.3223
 143.000       4.1699
 144.000       3.9654
 145.000       3.2842
 146.000       2.3468
 147.000       2.7377
 148.000       3.3044
 149.000       3.3718
 150.000       3.0844
 151.000       2.8928
 152.000       3.6519
 153.000       3.8858
 154.000       3.9419
 155.000       3.4845
 156.000       3.7836
 157.000       3.4281
 158.000       5.8646
 159.000       4.3678
 160.000       4.6541
 161.000       3.9871
 162.000       4.2876
 163.000       2.0659
 164.000       1.1064
 165.000       0.9136
 166.000       0.8708
 167.000       1.2212
 168.000       1.4267
 169.000       0.9663
 170.000       1.0324
 171.000       1.7886
 172.000       1.6269
 173.000       1.8820
 174.000       1.0769
 175.000       2.0658
 176.000       2.0267
 177.000       2.6029
 178.000       1.6888
 179.000       1.9182
 180.000       1.8554
 181.000       1.6374
 182.000       1.4276
 183.000       2.0810
 184.000       1.9896
 185.000       1.5795
 186.000       1.7480
 187.000       1.1748
 188.000       1.9530
 189.000       1.4659
 190.000       1.0229
 191.000       1.0838
 192.000       1.0504
 193.000       0.7407
 194.000       0.6849
 195.000       0.7837
 196.000       0.6833
 197.000       0.9477
 198.000       0.8028
 199.000       0.7584
 200.000       1.0202
 201.000       1.0970
 202.000       1.0268
 203.000       1.0239
 204.000       1.1238
 205.000       1.1627
 206.000       1.0363
 207.000       1.2643
 208.000       1.9236
 209.000       0.9689
 210.000       1.5143
 211.000       2.0079
 212.000       1.0042
 213.000       1.0455
 214.000       1.3275
 215.000       1.8517
 216.000       0.9316
 217.000       0.9397
 218.000       1.3518
 219.000       1.0514
 220.000       0.8302
 221.000       0.8453
 222.000       0.8851
 223.000       1.1364
 224.000       0.7282
 225.000       0.6943
 226.000       0.8705
 227.000       0.8550
 228.000       0.8701
 229.000       0.8188
 230.000       1.2081
 231.000       1.0260
 232.000       1.2073
 233.000       1.2688
 234.000       1.6186
 235.000       0.9447
 236.000       1.3650
 237.000       1.5265
 238.000       1.1741
 239.000       1.5066
 240.000       1.0609
 241.000       1.0212
 242.000       1.7342
 243.000       1.2851
 244.000       0.9283
 245.000       1.1685
 246.000       1.3397
 247.000       2.3446
 248.000       0.9443
 249.000       1.2210
 250.000       1.1254
 251.000       1.1408
 252.000       1.5197
 253.000       2.2779
 254.000       1.6796
 255.000       1.3611
 256.000       1.5106
 257.000       1.6973
 258.000       1.4964
 259.000       0.9859
 260.000       1.6820
 261.000       0.8628
 262.000       0.8973
 263.000       0.6919
 264.000       0.7471
 265.000       0.7201
 266.000       0.7102
 267.000       0.8230
 268.000       0.6708
 269.000       1.1467
 270.000       0.6860
 271.000       1.8192
 272.000       0.6378
 273.000       0.8290
 274.000       0.7695
 275.000       0.9814
 276.000       0.8482
 277.000       1.4671
 278.000       0.9378
 279.000       0.6657
 280.000       1.1263
 281.000       0.8047
 282.000       0.7294
 283.000       0.9903
 284.000       0.8029
 285.000       0.8278
 286.000       1.1743
 287.000       1.0523
 288.000       1.6258
 289.000       1.6492
 290.000       2.0489
 291.000       1.4660
 292.000       1.6886
 293.000       1.2363
 294.000       1.3883
 295.000       2.1220
 296.000       0.9675
 297.000       0.8386
 298.000       0.8289
 299.000       0.9515
 300.000       0.7358
 301.000       0.6884
 302.000       1.1585
 303.000       0.7280
 304.000       0.6431
 305.000       0.7736
 306.000       0.7916
 307.000       0.6708
 308.000       0.6208
 309.000       0.8482
 310.000       0.9939
 311.000       0.7350
 312.000       0.7009
 313.000       1.1228
 314.000       0.8392
 315.000       0.8210
 316.000       1.0599
 317.000       0.7824
 318.000       0.9824
 319.000       1.0420
 320.000       0.8540
 321.000       0.9736
 322.000       1.0441
 323.000       0.9836
 324.000       1.2316
 325.000       1.3473
 326.000       1.4755
 327.000       1.2115
 328.000       1.3811
 329.000       1.4249
 330.000       1.2459
 331.000       1.1910
 332.000       1.8967
 333.000       1.2233
 334.000       1.0380
 335.000       1.1726
 336.000       2.2911
 337.000       1.0108
 338.000       1.0720
 339.000       0.8454
 340.000       0.9474
 341.000       0.8386
 342.000       0.8342
 343.000       0.9284
 344.000       0.8802
 345.000       0.9527
 346.000       0.8209
 347.000       1.1267
 348.000       0.9174
 349.000       1.0035
 350.000       1.1203
 351.000       1.2481
 352.000       1.2178
 353.000       1.3183
 354.000       1.3441
 355.000       0.8643
 356.000       0.8309
 357.000       1.2788
 358.000       1.1034
 359.000       0.8393
 360.000       1.0777
 361.000       1.0024
 362.000       0.7331
 363.000       0.7322
 364.000       1.0518
 365.000       0.9175
 366.000       1.0916
 367.000       0.7440
 368.000       0.8381
 369.000       1.1014
 370.000       0.7173
 371.000       1.1734
 372.000       1.0983
 373.000       1.2245
 374.000       1.0521
 375.000       1.1060
 376.000       0.9388
 377.000       1.3178
 378.000       1.0844
 379.000       1.0218
 380.000       0.7714
 381.000       0.9636
 382.000       0.9399
 383.000       1.0460
 384.000       0.9194
 385.000       1.0492
 386.000       1.1023
 387.000       1.3418
 388.000       1.2981
 389.000       1.3957
 390.000       1.5176
 391.000       2.3770
 392.000       2.5786
 393.000       2.2616
 394.000       1.2247
 395.000       1.5712
 396.000       1.6830
 397.000       1.6311
 398.000       1.3992
 399.000       1.2002
 400.000       1.5128
 401.000       0.9541
 402.000       0.8516
 403.000       0.9792
 404.000       0.8039
 405.000       0.9014
 406.000       0.8134
 407.000       0.9375
 408.000       0.8939
 409.000       0.7618
 410.000       1.1042
 411.000       1.1899
 412.000       1.2297
 413.000       0.7849
 414.000       1.0604
 415.000       0.9663
 416.000       1.2043
 417.000       1.3219
 418.000       1.0192
 419.000       1.7533
 420.000       1.0702
 421.000       0.9239
 422.000       1.4936
 423.000       1.4580
 424.000       1.0559
 425.000       1.2862
 426.000       1.3875
 427.000       1.2646
 428.000       1.2338
 429.000       1.1903
 430.000       1.3996
 431.000       1.3598
 432.000       1.1753
 433.000       1.7387
 434.000       1.6839
 435.000       1.9654
 436.000       1.0535
 437.000       1.1796
 438.000       1.0174
 439.000       0.8815
 440.000       0.7822
 441.000       0.7269
 442.000       1.0657
 443.000       1.0127
 444.000       0.9334
 445.000       0.8047
 446.000       0.9878
 447.000       0.9241
 448.000       1.0578
 449.000       1.0608
 450.000       1.3466
 451.000       1.2923
 452.000       1.3326
 453.000       0.9726
 454.000       1.6750
 455.000       2.1087
 456.000       1.3133
 457.000       1.1388
 458.000       1.3501
 459.000       1.6279
 460.000       1.5886
 461.000       1.4243
 462.000       1.5705
 463.000       2.2877
 464.000       2.5624
 465.000       2.2273
 466.000       1.7209
 467.000       2.1602
 468.000       1.5013
 469.000       1.3221
 470.000       1.2254
 471.000       1.3012
 472.000       1.3172
 473.000       1.2211
 474.000       1.3878
 475.000       1.0910
 476.000       0.7801
 477.000       0.8143
 478.000       1.1587
 479.000       1.2451
 480.000       0.8634
 481.000       0.8837
 482.000       0.8419
 483.000       0.8129
 484.000       0.8230
 485.000       1.0369
 486.000       1.8016
 487.000       0.9958
 488.000       0.8548
 489.000       1.0844
 490.000       1.0134
 491.000       1.2488
 492.000       1.0301
 493.000       1.1015
 494.000       1.3293
 495.000       1.5366
 496.000       1.1419
 497.000       1.9608
 498.000       1.2539
 499.000       1.6810
 500.000       1.7150
 501.000       1.9463
 502.000       2.3113
 503.000       2.5323
 504.000       2.3350
 505.000       2.2907
 506.000       1.8883
 507.000       1.7675
 508.000       1.9075
 509.000       1.7334
 510.000       1.4679
 511.000       1.6548
 512.000       1.5319
 513.000       1.4188
 514.000       1.0580
 515.000       1.7724
 516.000       1.4928
 517.000       1.2723
 518.000       1.0147
 519.000       1.4256
 520.000       0.7078
 521.000       0.6607
 522.000       1.0968
 523.000       1.3649
 524.000       0.9274
 525.000       0.9069
 526.000       0.9017
 527.000       1.3769
 528.000       1.8454
 529.000       1.0536
 530.000       1.6777
 531.000       1.6687
 532.000       1.6400
 533.000       1.6698
 534.000       1.8096
 535.000       1.9487
 536.000       2.0098
 537.000       2.5524
 538.000       2.4986
 539.000       3.1330
 540.000       2.6581
 541.000       2.4048
 542.000       2.5371
 543.000       2.8082
 544.000       2.1499
 545.000       2.1174
 546.000       2.6998
 547.000       2.3930
 548.000       1.9932
 549.000       2.5325
 550.000       3.1780
 551.000       3.5305
 552.000       6.3237
 553.000       5.5714
 554.000      47.0292
 555.000       0.6315
 556.000       0.7686
 557.000      51.8669
 558.000      51.2490
 559.000      51.7908
 560.000      53.3916
 561.000      52.4071
 562.000      52.3645
 563.000      51.6773
 564.000      51.2018
 565.000      50.8235
 566.000      50.5793
 567.000      51.9961
 568.000      51.9736
 569.000      52.2218
 570.000      51.5976
 571.000      50.6840
 572.000      48.7675
 573.000      51.9247
 574.000      52.9836
 575.000      50.1687
 576.000      50.9359
 577.000      51.9883
 578.000      51.1679
 579.000      50.5673
 580.000      51.9463
 581.000      50.7606
 582.000      51.9281
 583.000      51.5629
 584.000      52.2353
 585.000      50.9276
 586.000      51.2784
 587.000      51.9215
 588.000      51.4034
 589.000      52.8744
 590.000      51.9007
 591.000      52.6289
 592.000      52.5458
 593.000      50.3491
 594.000      50.4670
 595.000      50.1038
 596.000      51.9540
 597.000      51.2945
 598.000      51.0501
 599.000       0.6947
 600.000      52.4673
 601.000      52.7578
 602.000      52.5607
 603.000      50.9111
 604.000      52.3885
 605.000      52.9715
 606.000      51.6985
 607.000      52.4217
 608.000      52.1750
 609.000      52.9571
 610.000      52.3867
 611.000      51.9237
 612.000      52.9741
 613.000      51.8858
 614.000      52.6194
 615.000      52.3825
 616.000      52.6218
 617.000      53.1286
 618.000      52.7670
 619.000      52.4512
 620.000      52.3652
 621.000      53.0238
 622.000      53.3087
 623.000      53.3002
 624.000      51.9171
 625.000      51.6840
 626.000      52.5304
 627.000      52.6953
 628.000      53.1009
 629.000      52.8846
 630.000      52.9587
 631.000      52.5559
 632.000      52.7876
 633.000      52.4307
 634.000      52.3651
 635.000      52.6756
 636.000      52.2766
 637.000      53.2744
 638.000      53.6236
 639.000      52.6124
 640.000      52.0359
 641.000      52.8831
 642.000      53.1678
 643.000      52.1612
 644.000      52.5468
 645.000      53.3732
