#Res        AtomicFlx
   1.000       2.8370
   2.000       2.9237
   3.000       2.2585
   4.000       2.6474
   5.000       2.3620
   6.000       1.4051
   7.000       1.0484
   8.000       1.0173
   9.000       0.8708
  10.000       0.7135
  11.000       0.7084
  12.000       0.7628
  13.000       0.6423
  14.000       0.5507
  15.000       0.5869
  16.000       0.6427
  17.000       0.5799
  18.000       0.5484
  19.000       0.5232
  20.000       0.6894
  21.000       0.7287
  22.000       0.6854
  23.000       0.5733
  24.000       0.7373
  25.000       1.0340
  26.000       0.7077
  27.000       0.6314
  28.000       0.7176
  29.000       0.9401
  30.000       0.6618
  31.000       0.8760
  32.000       1.2258
  33.000       1.0487
  34.000       0.8233
  35.000       1.0874
  36.000       0.9849
  37.000       1.0086
  38.000       1.0284
  39.000       0.8261
  40.000       0.7513
  41.000       0.8390
  42.000       0.6159
  43.000       0.5456
  44.000       0.6293
  45.000       0.6529
  46.000       0.5862
  47.000       0.5815
  48.000       0.7081
  49.000       0.7953
  50.000       0.7378
  51.000       0.5935
  52.000       0.5772
  53.000       0.5996
  54.000       0.5561
  55.000       0.5093
  56.000       0.5300
  57.000       0.5518
  58.000       0.5353
  59.000       0.5626
  60.000       0.6015
  61.000       0.6380
  62.000       0.6637
  63.000       0.6896
  64.000       0.7532
  65.000       0.9589
  66.000       0.8567
  67.000       0.8985
  68.000       0.9293
  69.000       0.8742
  70.000       0.9297
  71.000       0.9493
  72.000       0.8116
  73.000       0.9600
  74.000       1.6071
  75.000       1.9900
  76.000       1.1150
  77.000       0.8209
  78.000       0.7660
  79.000       0.7604
  80.000       0.6669
  81.000       0.6566
  82.000       0.6507
  83.000       0.5898
  84.000       0.5760
  85.000       0.6598
  86.000       0.5932
  87.000       0.5392
  88.000       0.5666
  89.000       0.5881
  90.000       0.5575
  91.000       0.6025
  92.000       0.6879
  93.000       0.6935
  94.000       0.6794
  95.000       0.7928
  96.000       0.8984
  97.000       0.8712
  98.000       0.8521
  99.000       0.9610
 100.000       0.8360
 101.000       0.6422
 102.000       0.6523
 103.000       0.6173
 104.000       0.5509
 105.000       0.5408
 106.000       0.5779
 107.000       0.5327
 108.000       0.5099
 109.000       0.5899
 110.000       0.6538
 111.000       0.5831
 112.000       0.6986
 113.000       0.7691
 114.000       0.8109
 115.000       0.7056
 116.000       0.5949
 117.000       0.6824
 118.000       0.6980
 119.000       0.7260
 120.000       0.8053
 121.000       0.9850
 122.000       1.6627
 123.000       1.9142
 124.000       3.1655
 125.000       3.8820
 126.000       3.7937
 127.000       3.3176
 128.000       2.9864
 129.000       2.0182
 130.000       1.2950
 131.000       1.4891
 132.000       1.2607
 133.000       1.1510
 134.000       1.4544
 135.000       1.6357
 136.000       2.9101
 137.000       3.9379
 138.000       4.8544
 139.000       5.2476
 140.000       4.2113
 141.000       3.5915
 142.000       2.1877
 143.000       1.4034
 144.000       1.0821
 145.000       1.1777
 146.000       1.3152
 147.000       1.2188
 148.000       0.9771
 149.000       1.0077
 150.000       1.0182
 151.000       1.0522
 152.000       1.1122
 153.000       1.2160
 154.000       1.4736
 155.000       1.4955
 156.000       2.3072
 157.000       3.5798
 158.000       3.3993
 159.000       4.3817
 160.000       4.6561
 161.000       3.6283
 162.000       2.0077
 163.000       1.2919
 164.000       0.8807
 165.000       0.7355
 166.000       0.6539
 167.000       0.6719
 168.000       0.7491
 169.000       0.6676
 170.000       0.6890
 171.000       0.7867
 172.000       0.8835
 173.000       1.0644
 174.000       1.1280
 175.000       1.0558
 176.000       1.3071
 177.000       1.4048
 178.000       1.5630
 179.000       1.4919
 180.000       1.4658
 181.000       1.2488
 182.000       1.6223
 183.000       1.2092
 184.000       1.1502
 185.000       1.2075
 186.000       1.2247
 187.000       1.2760
 188.000       1.0185
 189.000       0.8283
 190.000       0.8056
 191.000       0.7088
 192.000       0.6761
 193.000       0.6537
 194.000       0.6015
 195.000       0.6235
 196.000       0.6748
 197.000       0.6489
 198.000       0.6449
 199.000       0.6379
 200.000       0.6646
 201.000       0.6649
 202.000       0.6705
 203.000       0.6662
 204.000       0.7531
 205.000       0.7827
 206.000       0.7502
 207.000       0.9080
 208.000       1.1153
 209.000       1.1352
 210.000       1.4842
 211.000       1.6235
 212.000       1.3008
 213.000       1.1839
 214.000       1.1987
 215.000       1.2289
 216.000       0.9189
 217.000       0.9078
 218.000       0.8611
 219.000       0.6980
 220.000       0.8742
 221.000       1.1271
 222.000       1.0121
 223.000       0.8730
 224.000       0.7410
 225.000       0.6483
 226.000       0.7147
 227.000       0.7262
 228.000       0.6718
 229.000       0.6361
 230.000       0.7083
 231.000       0.6855
 232.000       0.6864
 233.000       0.7174
 234.000       0.7312
 235.000       0.7659
 236.000       0.7572
 237.000       1.3043
 238.000       0.9042
 239.000       0.9548
 240.000       0.8887
 241.000       0.6748
 242.000       0.7651
 243.000       0.8308
 244.000       0.6705
 245.000       0.6511
 246.000       0.7556
 247.000       0.7325
 248.000       0.6529
 249.000       0.7207
 250.000       0.7790
 251.000       0.9056
 252.000       1.1181
 253.000       1.2850
 254.000       1.1710
 255.000       0.9018
 256.000       0.9933
 257.000       1.1826
 258.000       0.9405
 259.000       0.9065
 260.000       0.8413
 261.000       0.7251
 262.000       0.6653
 263.000       0.6669
 264.000       0.6365
 265.000       0.5915
 266.000       0.5428
 267.000       0.5318
 268.000       0.5162
 269.000       0.5220
 270.000       0.5150
 271.000       0.5392
 272.000       0.4894
 273.000       0.4961
 274.000       0.5793
 275.000       0.5443
 276.000       0.6210
 277.000       0.7955
 278.000       0.7907
 279.000       0.6352
 280.000       0.6134
 281.000       0.5983
 282.000       0.6242
 283.000       0.6819
 284.000       0.6739
 285.000       0.7051
 286.000       0.9297
 287.000       0.9382
 288.000       1.0265
 289.000       0.9781
 290.000       0.9965
 291.000       0.9432
 292.000       0.8722
 293.000       0.7327
 294.000       0.6869
 295.000       0.6955
 296.000       0.6527
 297.000       0.5813
 298.000       0.5898
 299.000       0.6111
 300.000       0.5206
 301.000       0.5451
 302.000       0.6193
 303.000       0.5525
 304.000       0.4939
 305.000       0.5586
 306.000       0.5777
 307.000       0.5187
 308.000       0.5104
 309.000       0.5675
 310.000       0.5773
 311.000       0.5743
 312.000       0.5691
 313.000       0.5627
 314.000       0.5503
 315.000       0.5147
 316.000       0.5316
 317.000       0.5304
 318.000       0.5500
 319.000       0.5910
 320.000       0.6336
 321.000       0.6422
 322.000       0.6472
 323.000       0.6986
 324.000       0.8084
 325.000       0.8497
 326.000       0.9208
 327.000       0.9874
 328.000       0.8824
 329.000       0.8800
 330.000       0.7491
 331.000       0.8488
 332.000       0.8875
 333.000       0.7789
 334.000       0.7834
 335.000       1.0385
 336.000       1.4195
 337.000       1.3238
 338.000       1.0605
 339.000       0.8550
 340.000       0.7981
 341.000       0.8035
 342.000       0.6717
 343.000       0.6246
 344.000       0.6454
 345.000       0.6044
 346.000       0.6562
 347.000       0.6138
 348.000       0.6052
 349.000       0.6147
 350.000       0.6271
 351.000       0.6801
 352.000       0.7567
 353.000       0.7727
 354.000       0.7310
 355.000       0.6835
 356.000       0.6339
 357.000       0.7103
 358.000       0.6330
 359.000       0.5534
 360.000       0.5566
 361.000       0.5769
 362.000       0.5151
 363.000       0.4802
 364.000       0.4957
 365.000       0.5238
 366.000       0.5481
 367.000       0.4991
 368.000       0.5091
 369.000       0.6032
 370.000       0.6527
 371.000       0.6042
 372.000       0.6830
 373.000       0.6580
 374.000       0.6265
 375.000       0.7703
 376.000       0.6410
 377.000       0.6551
 378.000       0.6098
 379.000       0.5971
 380.000       0.6125
 381.000       0.6711
 382.000       0.7093
 383.000       0.7293
 384.000       0.8949
 385.000       1.0087
 386.000       0.8841
 387.000       1.0032
 388.000       1.1097
 389.000       1.3096
 390.000       1.4391
 391.000       1.5754
 392.000       1.5033
 393.000       1.4338
 394.000       1.1389
 395.000       1.1634
 396.000       1.2497
 397.000       1.0630
 398.000       0.8841
 399.000       0.9036
 400.000       0.8503
 401.000       0.7330
 402.000       0.6870
 403.000       0.7200
 404.000       0.7504
 405.000       0.6759
 406.000       0.6619
 407.000       0.7400
 408.000       0.7777
 409.000       0.7226
 410.000       0.7058
 411.000       0.8131
 412.000       0.8219
 413.000       0.7827
 414.000       0.8631
 415.000       0.8933
 416.000       0.8720
 417.000       0.9292
 418.000       0.8558
 419.000       0.7974
 420.000       0.7848
 421.000       0.9148
 422.000       1.1556
 423.000       1.0539
 424.000       0.7162
 425.000       0.8496
 426.000       1.0615
 427.000       0.8852
 428.000       0.6912
 429.000       0.8861
 430.000       0.9099
 431.000       0.7810
 432.000       0.8507
 433.000       0.8927
 434.000       0.7811
 435.000       0.7309
 436.000       0.6660
 437.000       0.6292
 438.000       0.5739
 439.000       0.5773
 440.000       0.5629
 441.000       0.5081
 442.000       0.5023
 443.000       0.5547
 444.000       0.5444
 445.000       0.5757
 446.000       0.6359
 447.000       0.6207
 448.000       0.6311
 449.000       0.6383
 450.000       0.7341
 451.000       0.7548
 452.000       0.8134
 453.000       0.8983
 454.000       0.8405
 455.000       1.0184
 456.000       0.9626
 457.000       0.8256
 458.000       0.8807
 459.000       1.0382
 460.000       0.9976
 461.000       0.9457
 462.000       1.1282
 463.000       1.3856
 464.000       1.3294
 465.000       1.2917
 466.000       1.4312
 467.000       1.3408
 468.000       1.2509
 469.000       1.0089
 470.000       1.0700
 471.000       1.0655
 472.000       1.0115
 473.000       0.8077
 474.000       0.7562
 475.000       0.8421
 476.000       0.6920
 477.000       0.6240
 478.000       0.7147
 479.000       0.8015
 480.000       0.6688
 481.000       0.6416
 482.000       0.6406
 483.000       0.6357
 484.000       0.5480
 485.000       0.5228
 486.000       0.6051
 487.000       0.6349
 488.000       0.5762
 489.000       0.5971
 490.000       0.7530
 491.000       0.7922
 492.000       0.8038
 493.000       0.9365
 494.000       1.2378
 495.000       1.3742
 496.000       1.4329
 497.000       1.5900
 498.000       2.2842
 499.000       2.7779
 500.000       2.8273
 501.000       2.8110
 502.000       3.3903
 503.000       3.0622
 504.000       2.3240
 505.000       2.3614
 506.000       2.0081
 507.000       2.1214
 508.000       2.3667
 509.000       1.9935
 510.000       1.4339
 511.000       1.6894
 512.000       1.6371
 513.000       1.1437
 514.000       1.0735
 515.000       1.1574
 516.000       1.0409
 517.000       1.0153
 518.000       1.1212
 519.000       1.1398
 520.000       1.1719
 521.000       1.2218
 522.000       1.0330
 523.000       0.8154
 524.000       0.7922
 525.000       0.7970
 526.000       0.9019
 527.000       0.8884
 528.000       0.7606
 529.000       0.8996
 530.000       1.0948
 531.000       1.0549
 532.000       0.9942
 533.000       1.3386
 534.000       1.5419
 535.000       1.5679
 536.000       1.7087
 537.000       2.1988
 538.000       2.5572
 539.000       3.1433
 540.000       3.0005
 541.000       2.6362
 542.000       2.9316
 543.000       2.7504
 544.000       2.1652
 545.000       2.3060
 546.000       2.6592
 547.000       2.3205
 548.000       2.0509
 549.000       2.6548
 550.000       3.4872
 551.000       5.2513
 552.000      51.1425
