#Res        AtomicFlx
   1.000       3.2862
   2.000       3.0372
   3.000       3.6430
   4.000       2.3222
   5.000       1.8810
   6.000       1.2699
   7.000       1.0860
   8.000       1.0781
   9.000       1.0580
  10.000       0.8438
  11.000       0.7050
  12.000       0.7713
  13.000       0.7347
  14.000       0.5857
  15.000       0.5769
  16.000       0.6435
  17.000       0.6245
  18.000       0.5689
  19.000       0.5546
  20.000       0.6222
  21.000       0.6726
  22.000       0.7551
  23.000       0.6928
  24.000       0.8534
  25.000       0.9740
  26.000       0.8423
  27.000       0.7334
  28.000       0.8255
  29.000       0.9079
  30.000       0.8261
  31.000       0.7756
  32.000       0.8812
  33.000       0.9940
  34.000       0.8795
  35.000       1.0014
  36.000       0.8951
  37.000       1.0071
  38.000       1.0833
  39.000       0.8555
  40.000       0.7832
  41.000       0.7315
  42.000       0.6535
  43.000       0.5905
  44.000       0.6394
  45.000       0.6648
  46.000       0.6205
  47.000       0.5805
  48.000       0.6246
  49.000       0.6733
  50.000       0.6354
  51.000       0.5784
  52.000       0.5350
  53.000       0.5636
  54.000       0.5429
  55.000       0.5088
  56.000       0.5334
  57.000       0.5472
  58.000       0.5182
  59.000       0.5519
  60.000       0.6280
  61.000       0.6665
  62.000       0.7026
  63.000       1.0247
  64.000       1.3490
  65.000       1.5102
  66.000       1.2779
  67.000       1.2562
  68.000       1.1350
  69.000       0.9911
  70.000       0.8792
  71.000       0.8848
  72.000       0.7465
  73.000       0.9371
  74.000       1.7102
  75.000       1.5451
  76.000       1.3215
  77.000       1.6266
  78.000       1.2608
  79.000       0.6527
  80.000       0.6099
  81.000       0.6247
  82.000       0.5932
  83.000       0.5889
  84.000       0.5671
  85.000       0.6112
  86.000       0.6012
  87.000       0.5765
  88.000       0.5797
  89.000       0.6372
  90.000       0.6234
  91.000       0.5800
  92.000       0.5855
  93.000       0.6093
  94.000       0.5935
  95.000       0.5730
  96.000       0.5781
  97.000       0.5363
  98.000       0.5150
  99.000       0.5608
 100.000       0.5977
 101.000       0.5435
 102.000       0.5339
 103.000       0.5864
 104.000       0.5621
 105.000       0.5460
 106.000       0.5828
 107.000       0.5789
 108.000       0.5668
 109.000       0.6210
 110.000       0.6780
 111.000       0.6828
 112.000       0.7939
 113.000       0.8817
 114.000       0.9874
 115.000       0.8990
 116.000       0.7736
 117.000       0.8341
 118.000       0.9283
 119.000       0.9132
 120.000       0.9489
 121.000       1.2848
 122.000       1.7701
 123.000       1.6214
 124.000       1.9010
 125.000       1.7972
 126.000       1.5452
 127.000       1.8819
 128.000       2.1018
 129.000       2.2909
 130.000       2.0335
 131.000       3.4013
 132.000       4.5776
 133.000       4.8250
 134.000       5.8104
 135.000       6.5282
 136.000       7.3747
 137.000       9.3757
 138.000      10.8537
 139.000      11.6212
 140.000      11.6246
 141.000      11.3453
 142.000       9.6821
 143.000       7.5371
 144.000       5.6476
 145.000       3.5890
 146.000       1.4266
 147.000       1.0595
 148.000       1.0309
 149.000       1.5616
 150.000       1.6014
 151.000       1.5548
 152.000       1.9795
 153.000       2.7218
 154.000       3.1593
 155.000       3.2341
 156.000       3.3103
 157.000       3.5549
 158.000       3.6890
 159.000       3.7707
 160.000       2.9783
 161.000       2.3414
 162.000       2.0550
 163.000       2.0444
 164.000       1.1768
 165.000       0.9567
 166.000       0.7979
 167.000       0.8490
 168.000       0.9095
 169.000       0.9483
 170.000       0.9219
 171.000       0.9600
 172.000       1.0470
 173.000       1.3842
 174.000       1.4791
 175.000       1.7752
 176.000       1.1645
 177.000       1.0878
 178.000       1.1441
 179.000       1.3041
 180.000       1.3231
 181.000       1.0956
 182.000       1.1875
 183.000       1.1257
 184.000       0.9574
 185.000       1.1200
 186.000       1.2197
 187.000       1.0307
 188.000       0.8982
 189.000       0.8059
 190.000       0.7901
 191.000       0.7228
 192.000       0.6857
 193.000       0.6662
 194.000       0.6000
 195.000       0.5810
 196.000       0.6290
 197.000       0.6174
 198.000       0.5811
 199.000       0.5820
 200.000       0.6255
 201.000       0.6501
 202.000       0.6676
 203.000       0.6876
 204.000       0.8138
 205.000       0.7999
 206.000       0.7910
 207.000       0.9579
 208.000       1.2121
 209.000       1.1984
 210.000       1.5446
 211.000       1.6516
 212.000       1.2710
 213.000       1.1712
 214.000       1.0578
 215.000       0.9862
 216.000       0.8333
 217.000       1.1509
 218.000       1.2933
 219.000       0.8588
 220.000       0.5827
 221.000       0.7207
 222.000       0.8978
 223.000       0.8318
 224.000       0.7042
 225.000       0.6951
 226.000       0.7562
 227.000       0.7488
 228.000       0.7927
 229.000       0.8400
 230.000       0.8452
 231.000       0.8403
 232.000       0.9123
 233.000       1.0344
 234.000       0.9971
 235.000       1.0215
 236.000       1.2411
 237.000       1.2960
 238.000       1.1545
 239.000       1.3053
 240.000       1.2553
 241.000       1.1020
 242.000       1.1743
 243.000       1.1889
 244.000       1.1225
 245.000       0.9843
 246.000       1.0621
 247.000       1.1215
 248.000       0.9838
 249.000       1.0003
 250.000       1.0684
 251.000       1.0267
 252.000       1.0996
 253.000       1.3388
 254.000       1.2840
 255.000       1.1470
 256.000       1.2527
 257.000       1.4546
 258.000       1.1909
 259.000       1.0907
 260.000       1.0329
 261.000       0.8546
 262.000       0.8038
 263.000       0.8473
 264.000       0.7872
 265.000       0.6806
 266.000       0.6929
 267.000       0.7323
 268.000       0.6773
 269.000       0.6664
 270.000       0.6162
 271.000       0.5910
 272.000       0.6249
 273.000       0.5322
 274.000       0.6087
 275.000       0.6077
 276.000       0.6308
 277.000       0.7752
 278.000       0.7868
 279.000       0.7811
 280.000       0.7723
 281.000       0.6604
 282.000       0.6477
 283.000       0.7574
 284.000       0.7663
 285.000       0.7230
 286.000       0.9834
 287.000       1.1350
 288.000       1.3783
 289.000       1.5885
 290.000       1.4229
 291.000       1.1010
 292.000       1.0564
 293.000       0.8788
 294.000       0.7353
 295.000       0.7583
 296.000       0.7382
 297.000       0.6334
 298.000       0.6456
 299.000       0.6664
 300.000       0.5592
 301.000       0.5692
 302.000       0.6503
 303.000       0.6033
 304.000       0.5532
 305.000       0.6097
 306.000       0.6697
 307.000       0.6526
 308.000       0.6470
 309.000       0.7199
 310.000       0.7552
 311.000       0.7449
 312.000       0.7990
 313.000       0.8455
 314.000       0.8142
 315.000       0.8048
 316.000       0.8847
 317.000       0.9590
 318.000       1.0384
 319.000       1.0359
 320.000       0.9934
 321.000       1.0464
 322.000       1.0846
 323.000       1.0762
 324.000       1.1400
 325.000       1.1948
 326.000       1.2847
 327.000       1.3973
 328.000       1.3048
 329.000       1.2261
 330.000       1.0643
 331.000       1.2101
 332.000       1.1968
 333.000       0.9943
 334.000       1.3794
 335.000       1.7243
 336.000       1.4570
 337.000       1.6502
 338.000       1.3180
 339.000       1.0432
 340.000       1.0550
 341.000       1.0257
 342.000       0.9145
 343.000       0.9040
 344.000       0.9856
 345.000       0.8526
 346.000       0.8050
 347.000       0.9886
 348.000       1.0275
 349.000       0.9236
 350.000       1.0029
 351.000       1.0801
 352.000       1.1144
 353.000       1.1479
 354.000       1.1034
 355.000       0.9182
 356.000       0.8451
 357.000       0.8598
 358.000       0.7792
 359.000       0.6801
 360.000       0.6473
 361.000       0.6836
 362.000       0.5984
 363.000       0.5282
 364.000       0.5690
 365.000       0.5936
 366.000       0.5684
 367.000       0.5299
 368.000       0.5416
 369.000       0.5357
 370.000       0.5888
 371.000       0.5605
 372.000       0.5582
 373.000       0.5226
 374.000       0.5113
 375.000       0.6129
 376.000       0.5928
 377.000       0.5761
 378.000       0.5972
 379.000       0.6043
 380.000       0.6080
 381.000       0.5849
 382.000       0.5890
 383.000       0.6244
 384.000       0.7477
 385.000       0.8553
 386.000       0.8591
 387.000       0.9742
 388.000       1.0439
 389.000       1.2960
 390.000       1.5231
 391.000       2.2359
 392.000       1.6554
 393.000       1.3380
 394.000       0.9879
 395.000       1.0036
 396.000       1.1543
 397.000       0.9877
 398.000       0.7965
 399.000       0.8096
 400.000       0.8020
 401.000       0.7089
 402.000       0.6331
 403.000       0.6735
 404.000       0.7149
 405.000       0.6446
 406.000       0.6273
 407.000       0.6690
 408.000       0.6908
 409.000       0.6543
 410.000       0.6303
 411.000       0.6914
 412.000       0.6852
 413.000       0.6482
 414.000       0.7069
 415.000       0.7411
 416.000       0.6720
 417.000       0.6645
 418.000       0.7227
 419.000       0.8410
 420.000       0.8584
 421.000       0.8381
 422.000       0.8260
 423.000       0.8535
 424.000       0.8183
 425.000       0.7755
 426.000       0.8329
 427.000       0.8253
 428.000       0.7065
 429.000       0.7231
 430.000       0.7605
 431.000       0.6938
 432.000       0.7349
 433.000       0.8109
 434.000       0.7585
 435.000       0.8102
 436.000       0.8578
 437.000       0.7235
 438.000       0.6569
 439.000       0.6895
 440.000       0.5697
 441.000       0.5680
 442.000       0.6328
 443.000       0.6049
 444.000       0.5838
 445.000       0.6477
 446.000       0.6896
 447.000       0.6542
 448.000       0.6271
 449.000       0.6609
 450.000       0.7375
 451.000       0.7827
 452.000       0.7790
 453.000       0.7794
 454.000       0.7581
 455.000       0.8930
 456.000       0.8698
 457.000       0.7671
 458.000       0.8086
 459.000       0.9498
 460.000       0.9959
 461.000       0.9181
 462.000       1.0798
 463.000       1.3787
 464.000       1.4728
 465.000       1.6255
 466.000       1.5840
 467.000       1.6136
 468.000       1.0962
 469.000       1.1108
 470.000       1.0371
 471.000       1.0149
 472.000       0.9130
 473.000       0.7633
 474.000       0.8243
 475.000       0.8584
 476.000       0.7119
 477.000       0.7346
 478.000       0.8985
 479.000       0.8041
 480.000       0.7614
 481.000       0.7168
 482.000       0.7726
 483.000       0.8181
 484.000       0.7130
 485.000       0.7143
 486.000       0.8343
 487.000       0.8493
 488.000       0.8060
 489.000       0.8551
 490.000       0.9604
 491.000       0.9680
 492.000       0.9500
 493.000       1.0127
 494.000       1.1691
 495.000       1.2214
 496.000       1.1523
 497.000       1.3850
 498.000       1.1979
 499.000       1.2066
 500.000       1.3185
 501.000       1.3804
 502.000       1.6511
 503.000       2.0568
 504.000       1.5732
 505.000       1.5189
 506.000       1.2613
 507.000       1.3230
 508.000       1.3740
 509.000       1.2316
 510.000       1.0366
 511.000       1.0785
 512.000       1.0366
 513.000       0.8718
 514.000       0.8331
 515.000       0.8285
 516.000       0.8005
 517.000       0.7699
 518.000       0.7573
 519.000       0.8079
 520.000       0.7451
 521.000       0.7801
 522.000       0.8274
 523.000       0.7053
 524.000       0.6782
 525.000       0.7321
 526.000       0.8795
 527.000       0.9111
 528.000       0.8808
 529.000       1.0729
 530.000       1.3182
 531.000       1.4298
 532.000       1.5071
 533.000       1.7202
 534.000       2.1330
 535.000       1.8911
 536.000       1.7395
 537.000       2.3897
 538.000       2.5807
 539.000       2.9591
 540.000       2.8303
 541.000       2.5946
 542.000       2.9202
 543.000       2.7628
 544.000       2.1241
 545.000       2.3631
 546.000       2.7524
 547.000       2.3081
 548.000       1.9447
 549.000       2.5242
 550.000       2.7141
 551.000       2.3778
 552.000      58.5664
