#Res        AtomicFlx
   1.000       3.2285
   2.000       1.5268
   3.000       0.9361
   4.000       0.8404
   5.000       1.3566
   6.000       1.1639
   7.000       1.0333
   8.000       1.0202
   9.000       0.9045
  10.000       0.6767
  11.000       0.7150
  12.000       0.7796
  13.000       0.6376
  14.000       0.5070
  15.000       0.5800
  16.000       0.6642
  17.000       0.5245
  18.000       0.4771
  19.000       0.4720
  20.000       0.5610
  21.000       0.5836
  22.000       0.6066
  23.000       0.4955
  24.000       0.6125
  25.000       0.6572
  26.000       0.6286
  27.000       0.5512
  28.000       0.5730
  29.000       0.6067
  30.000       0.6301
  31.000       0.6137
  32.000       0.6395
  33.000       0.7574
  34.000       0.7073
  35.000       0.9014
  36.000       0.7758
  37.000       0.9330
  38.000       1.0341
  39.000       0.7949
  40.000       0.7719
  41.000       0.7394
  42.000       0.5803
  43.000       0.5573
  44.000       0.6612
  45.000       0.6521
  46.000       0.6122
  47.000       0.6265
  48.000       0.6465
  49.000       0.6961
  50.000       0.7407
  51.000       0.5300
  52.000       0.5098
  53.000       0.5174
  54.000       0.5190
  55.000       0.4756
  56.000       0.4930
  57.000       0.5228
  58.000       0.5053
  59.000       0.5092
  60.000       0.5338
  61.000       0.5767
  62.000       0.6064
  63.000       0.6117
  64.000       0.6761
  65.000       0.8230
  66.000       0.7094
  67.000       0.7339
  68.000       0.7607
  69.000       0.7581
  70.000       0.8185
  71.000       0.8586
  72.000       0.7267
  73.000       0.7832
  74.000       1.6791
  75.000       1.6539
  76.000       0.9794
  77.000       0.7499
  78.000       0.6488
  79.000       0.6206
  80.000       0.6148
  81.000       0.5897
  82.000       0.5540
  83.000       0.5630
  84.000       0.5439
  85.000       0.5958
  86.000       0.5790
  87.000       0.5075
  88.000       0.4871
  89.000       0.5814
  90.000       0.6028
  91.000       0.5856
  92.000       0.6872
  93.000       0.8675
  94.000       0.8676
  95.000       0.8028
  96.000       0.8271
  97.000       0.7014
  98.000       0.7594
  99.000       0.7541
 100.000       0.7073
 101.000       0.7216
 102.000       0.6735
 103.000       0.6179
 104.000       0.5742
 105.000       0.5877
 106.000       0.6282
 107.000       0.5656
 108.000       0.5464
 109.000       0.6249
 110.000       0.6996
 111.000       0.6247
 112.000       0.7518
 113.000       0.8262
 114.000       0.9316
 115.000       0.8245
 116.000       0.6819
 117.000       0.8165
 118.000       0.9364
 119.000       1.0734
 120.000       1.6455
 121.000       1.8063
 122.000       1.8771
 123.000       1.6374
 124.000       1.8416
 125.000       1.6640
 126.000       1.5680
 127.000       1.8645
 128.000       2.5878
 129.000       2.5095
 130.000       2.5180
 131.000       2.4874
 132.000       2.0328
 133.000       2.2973
 134.000       2.3901
 135.000       2.7887
 136.000       3.2948
 137.000       3.2372
 138.000       2.9402
 139.000       3.1825
 140.000       4.0006
 141.000       4.6750
 142.000       4.7828
 143.000       6.4145
 144.000       6.8100
 145.000       6.4479
 146.000       4.6229
 147.000       3.6984
 148.000       3.4845
 149.000       3.9616
 150.000       3.7992
 151.000       3.0715
 152.000       3.6336
 153.000       3.8604
 154.000       3.6177
 155.000       3.7988
 156.000       3.3713
 157.000       3.6503
 158.000       3.1501
 159.000       2.9563
 160.000       2.7846
 161.000       2.6886
 162.000       1.9353
 163.000       1.6264
 164.000       1.3105
 165.000       1.0348
 166.000       1.0228
 167.000       1.1541
 168.000       1.1091
 169.000       1.0074
 170.000       1.1032
 171.000       1.4010
 172.000       1.5380
 173.000       1.5438
 174.000       1.4784
 175.000       1.2585
 176.000       1.0435
 177.000       1.1168
 178.000       1.0961
 179.000       1.3618
 180.000       1.2233
 181.000       0.9560
 182.000       1.3699
 183.000       1.2625
 184.000       1.0625
 185.000       1.2057
 186.000       1.3196
 187.000       1.3154
 188.000       0.9934
 189.000       0.8945
 190.000       0.8096
 191.000       0.7324
 192.000       0.7209
 193.000       0.6986
 194.000       0.6395
 195.000       0.6190
 196.000       0.6615
 197.000       0.6339
 198.000       0.6134
 199.000       0.5671
 200.000       0.6081
 201.000       0.6203
 202.000       0.6088
 203.000       0.5987
 204.000       0.7033
 205.000       0.8098
 206.000       0.7915
 207.000       0.8422
 208.000       1.5134
 209.000       2.3568
 210.000       1.4651
 211.000       1.8945
 212.000       1.9026
 213.000       1.1553
 214.000       0.8371
 215.000       0.7952
 216.000       0.7367
 217.000       0.8327
 218.000       0.8169
 219.000       0.6430
 220.000       0.7652
 221.000       0.9769
 222.000       0.9201
 223.000       0.8175
 224.000       0.6885
 225.000       0.5901
 226.000       0.6621
 227.000       0.6431
 228.000       0.5881
 229.000       0.6130
 230.000       0.6911
 231.000       0.6557
 232.000       0.6731
 233.000       0.7669
 234.000       0.8153
 235.000       0.7588
 236.000       0.8956
 237.000       1.0088
 238.000       0.7981
 239.000       0.8757
 240.000       0.8355
 241.000       0.7008
 242.000       0.9062
 243.000       0.9193
 244.000       0.8509
 245.000       0.7412
 246.000       0.8087
 247.000       0.8450
 248.000       0.7295
 249.000       0.7720
 250.000       0.8188
 251.000       0.8162
 252.000       0.8908
 253.000       1.1493
 254.000       0.9949
 255.000       0.9295
 256.000       1.0780
 257.000       1.2443
 258.000       0.9769
 259.000       0.8366
 260.000       0.7599
 261.000       0.6385
 262.000       0.6121
 263.000       0.6223
 264.000       0.5507
 265.000       0.5216
 266.000       0.5331
 267.000       0.5181
 268.000       0.4755
 269.000       0.5080
 270.000       0.4897
 271.000       0.4691
 272.000       0.5743
 273.000       0.5049
 274.000       0.6626
 275.000       0.6432
 276.000       0.8604
 277.000       0.6957
 278.000       0.7534
 279.000       0.6013
 280.000       0.5236
 281.000       0.5385
 282.000       0.5239
 283.000       0.5348
 284.000       0.6326
 285.000       0.5899
 286.000       0.6504
 287.000       0.6912
 288.000       0.7977
 289.000       0.9595
 290.000       0.9310
 291.000       0.8222
 292.000       0.8825
 293.000       0.6773
 294.000       0.6678
 295.000       0.7590
 296.000       0.7025
 297.000       0.5680
 298.000       0.5614
 299.000       0.5901
 300.000       0.5325
 301.000       0.5376
 302.000       0.5654
 303.000       0.5301
 304.000       0.4838
 305.000       0.5147
 306.000       0.5538
 307.000       0.5031
 308.000       0.4752
 309.000       0.5556
 310.000       0.5700
 311.000       0.5637
 312.000       0.5698
 313.000       0.5844
 314.000       0.5732
 315.000       0.5194
 316.000       0.5398
 317.000       0.5854
 318.000       0.6007
 319.000       0.6174
 320.000       0.6786
 321.000       0.7028
 322.000       0.7499
 323.000       0.7875
 324.000       0.8812
 325.000       1.0286
 326.000       1.1200
 327.000       1.1081
 328.000       1.0239
 329.000       0.9336
 330.000       0.7809
 331.000       0.9540
 332.000       0.9854
 333.000       0.8589
 334.000       0.8802
 335.000       0.8388
 336.000       0.8287
 337.000       0.8186
 338.000       0.8840
 339.000       0.8031
 340.000       0.6204
 341.000       0.6003
 342.000       0.6208
 343.000       0.6817
 344.000       0.6518
 345.000       0.5752
 346.000       0.6479
 347.000       0.7158
 348.000       0.6769
 349.000       0.6710
 350.000       0.7170
 351.000       0.7893
 352.000       0.8232
 353.000       0.9289
 354.000       0.8485
 355.000       0.6636
 356.000       0.6431
 357.000       0.6946
 358.000       0.6202
 359.000       0.5563
 360.000       0.5906
 361.000       0.5977
 362.000       0.5101
 363.000       0.4740
 364.000       0.5267
 365.000       0.5543
 366.000       0.5556
 367.000       0.4942
 368.000       0.5935
 369.000       0.7099
 370.000       0.7051
 371.000       0.5567
 372.000       0.5915
 373.000       0.5194
 374.000       0.5055
 375.000       0.7040
 376.000       0.5943
 377.000       0.5691
 378.000       0.5735
 379.000       0.5824
 380.000       0.5529
 381.000       0.6829
 382.000       0.7511
 383.000       0.6987
 384.000       0.9063
 385.000       1.1556
 386.000       1.0442
 387.000       1.1629
 388.000       1.2994
 389.000       1.4796
 390.000       1.7913
 391.000       1.7964
 392.000       1.9092
 393.000       1.6478
 394.000       1.2864
 395.000       1.5950
 396.000       1.5884
 397.000       1.2708
 398.000       1.1103
 399.000       1.0993
 400.000       1.0343
 401.000       0.8790
 402.000       0.7828
 403.000       0.7846
 404.000       0.7905
 405.000       0.6696
 406.000       0.6496
 407.000       0.7317
 408.000       0.7470
 409.000       0.6955
 410.000       0.7010
 411.000       0.8476
 412.000       0.8513
 413.000       0.7476
 414.000       0.8449
 415.000       0.8854
 416.000       0.8387
 417.000       0.8296
 418.000       0.7576
 419.000       0.7571
 420.000       0.7532
 421.000       0.8172
 422.000       0.8910
 423.000       0.7694
 424.000       0.7149
 425.000       0.8068
 426.000       0.8182
 427.000       0.7301
 428.000       0.7350
 429.000       0.8356
 430.000       0.8279
 431.000       0.6308
 432.000       0.7238
 433.000       0.8871
 434.000       0.7026
 435.000       0.6662
 436.000       0.5923
 437.000       0.5352
 438.000       0.4919
 439.000       0.5184
 440.000       0.4867
 441.000       0.4643
 442.000       0.4866
 443.000       0.5212
 444.000       0.5063
 445.000       0.5759
 446.000       0.6422
 447.000       0.6082
 448.000       0.6210
 449.000       0.6737
 450.000       0.7484
 451.000       0.7414
 452.000       0.7617
 453.000       0.7796
 454.000       0.8228
 455.000       0.9504
 456.000       0.8832
 457.000       0.7289
 458.000       0.8247
 459.000       0.9402
 460.000       0.8585
 461.000       0.7887
 462.000       0.9555
 463.000       1.1400
 464.000       1.0873
 465.000       1.0596
 466.000       1.4970
 467.000       1.6331
 468.000       1.5478
 469.000       1.4878
 470.000       1.4873
 471.000       1.4083
 472.000       1.1530
 473.000       0.8453
 474.000       0.9245
 475.000       0.9327
 476.000       0.6503
 477.000       0.7443
 478.000       1.1247
 479.000       0.8956
 480.000       0.6395
 481.000       0.8414
 482.000       0.7472
 483.000       0.6418
 484.000       0.5915
 485.000       0.5389
 486.000       0.5747
 487.000       0.5883
 488.000       0.5493
 489.000       0.5649
 490.000       0.6336
 491.000       0.6329
 492.000       0.6479
 493.000       0.7195
 494.000       0.8173
 495.000       0.8655
 496.000       0.8514
 497.000       1.1463
 498.000       1.1047
 499.000       1.0591
 500.000       1.1973
 501.000       1.2715
 502.000       1.5539
 503.000       2.0171
 504.000       1.3712
 505.000       1.3702
 506.000       1.0413
 507.000       1.1340
 508.000       1.1847
 509.000       1.1014
 510.000       0.8971
 511.000       0.9048
 512.000       0.9135
 513.000       0.8374
 514.000       0.7955
 515.000       0.7894
 516.000       0.8257
 517.000       0.8798
 518.000       0.8724
 519.000       0.8751
 520.000       0.8828
 521.000       1.0169
 522.000       0.9418
 523.000       0.7297
 524.000       0.7072
 525.000       0.7090
 526.000       0.8115
 527.000       0.8306
 528.000       0.7342
 529.000       0.7954
 530.000       0.9503
 531.000       0.9775
 532.000       0.9599
 533.000       1.1533
 534.000       1.3361
 535.000       1.3727
 536.000       1.4768
 537.000       1.8664
 538.000       2.0912
 539.000       2.5143
 540.000       2.4874
 541.000       2.2001
 542.000       2.3542
 543.000       2.2097
 544.000       1.7961
 545.000       1.8107
 546.000       2.0534
 547.000       1.8459
 548.000       1.5769
 549.000       1.9193
 550.000       2.5408
 551.000       4.2759
 552.000      51.6912
