#Res        AtomicFlx
   1.000       5.9379
   2.000       4.0345
   3.000       2.5712
   4.000       1.8481
   5.000       1.2055
   6.000       0.9712
   7.000       1.3632
   8.000       1.5786
   9.000       1.4138
  10.000       1.2006
  11.000       1.0303
  12.000       0.6996
  13.000       0.9485
  14.000       0.7620
  15.000       0.7058
  16.000       0.9223
  17.000       0.7282
  18.000       0.5864
  19.000       0.6889
  20.000       0.6722
  21.000       0.7254
  22.000       0.9819
  23.000       1.0902
  24.000       1.0258
  25.000       0.7917
  26.000       1.3577
  27.000       1.3973
  28.000       1.9271
  29.000       0.7847
  30.000       0.9214
  31.000       1.3531
  32.000       1.1460
  33.000       1.0679
  34.000       1.6421
  35.000       1.6912
  36.000       0.9540
  37.000       1.0590
  38.000       0.9768
  39.000       1.0072
  40.000       1.0001
  41.000       0.8102
  42.000       1.0629
  43.000       1.1079
  44.000       0.8490
  45.000       0.7374
  46.000       1.3259
  47.000       1.1544
  48.000       1.2356
  49.000       0.7897
  50.000       0.9673
  51.000       1.1810
  52.000       0.7492
  53.000       0.5610
  54.000       0.8680
  55.000       0.6230
  56.000       0.6590
  57.000       1.0409
  58.000       0.6924
  59.000       0.7520
  60.000       0.6446
  61.000       0.7363
  62.000       0.5962
  63.000       0.7134
  64.000       0.5222
  65.000       0.6844
  66.000       0.6997
  67.000       0.7396
  68.000       0.8696
  69.000       0.8723
  70.000       0.6281
  71.000       0.7199
  72.000       0.7557
  73.000       0.6561
  74.000       0.9464
  75.000       0.8203
  76.000       1.5225
  77.000       1.7527
  78.000       1.3009
  79.000       1.3724
  80.000       1.4611
  81.000       0.8480
  82.000       1.6215
  83.000       0.6147
  84.000       0.7212
  85.000       0.5991
  86.000       1.2439
  87.000       0.6472
  88.000       0.8454
  89.000       0.7492
  90.000       0.9476
  91.000       0.8670
  92.000       0.7231
  93.000       1.1265
  94.000       1.1300
  95.000       0.9251
  96.000       0.9330
  97.000       1.6335
  98.000       1.2374
  99.000       1.2607
 100.000       0.8667
 101.000       0.9153
 102.000       0.7097
 103.000       0.8614
 104.000       0.6202
 105.000       0.6181
 106.000       0.6385
 107.000       0.9808
 108.000       0.7084
 109.000       0.6296
 110.000       0.7464
 111.000       1.1193
 112.000       0.8598
 113.000       0.8191
 114.000       1.3385
 115.000       1.2942
 116.000       1.6556
 117.000       1.9822
 118.000       1.1724
 119.000       0.8800
 120.000       0.9449
 121.000       1.5659
 122.000       1.4779
 123.000       1.1389
 124.000       1.6555
 125.000       1.1720
 126.000       1.4003
 127.000       1.1006
 128.000       0.9761
 129.000       1.2335
 130.000       1.6138
 131.000       2.3247
 132.000       1.5043
 133.000       2.5686
 134.000       3.6709
 135.000       4.8054
 136.000       6.2205
 137.000       8.0111
 138.000       9.3661
 139.000      10.9175
 140.000       8.8971
 141.000       8.4605
 142.000       7.8120
 143.000       7.9069
 144.000       7.3429
 145.000       6.3654
 146.000       6.8382
 147.000       7.8137
 148.000       7.4514
 149.000       6.2174
 150.000       4.7542
 151.000       3.4637
 152.000       2.0354
 153.000       1.6592
 154.000       1.1767
 155.000       0.8493
 156.000       0.7663
 157.000       0.7813
 158.000       0.9208
 159.000       0.7112
 160.000       0.7189
 161.000       1.2024
 162.000       1.4625
 163.000       0.8089
 164.000       0.8513
 165.000       0.8957
 166.000       1.2473
 167.000       1.4467
 168.000       2.6573
 169.000       2.9550
 170.000       2.3701
 171.000       2.7151
 172.000       1.1674
 173.000       1.2721
 174.000       1.2680
 175.000       1.3597
 176.000       1.0075
 177.000       0.9065
 178.000       1.0763
 179.000       0.8749
 180.000       1.3537
 181.000       1.9323
 182.000       1.3640
 183.000       1.0775
 184.000       0.7292
 185.000       0.6761
 186.000       0.5979
 187.000       0.7257
 188.000       0.7762
 189.000       1.1022
 190.000       0.8348
 191.000       0.7664
 192.000       0.7680
 193.000       1.0301
 194.000       0.7595
 195.000       0.7094
 196.000       1.6180
 197.000       0.6244
 198.000       0.7604
 199.000       0.9041
 200.000       1.0687
 201.000       0.7105
 202.000       1.0963
 203.000       1.4294
 204.000       0.8315
 205.000       0.8386
 206.000       0.7214
 207.000       1.2268
 208.000       0.8310
 209.000       0.8500
 210.000       1.5108
 211.000       1.1727
 212.000       0.8222
 213.000       1.1395
 214.000       1.3450
 215.000       1.3595
 216.000       0.7566
 217.000       1.0562
 218.000       0.9201
 219.000       0.7658
 220.000       1.0460
 221.000       0.8038
 222.000       0.7535
 223.000       0.9177
 224.000       0.9970
 225.000       1.2351
 226.000       0.8673
 227.000       0.7957
 228.000       1.2453
 229.000       1.0182
 230.000       1.0281
 231.000       1.0818
 232.000       0.8988
 233.000       0.8727
 234.000       1.1223
 235.000       1.1903
 236.000       0.8162
 237.000       1.0562
 238.000       1.6187
 239.000       0.9845
 240.000       0.8381
 241.000       1.2054
 242.000       1.1937
 243.000       1.4557
 244.000       1.6614
 245.000       2.3869
 246.000       3.2986
 247.000       2.3345
 248.000       2.2305
 249.000       2.4036
 250.000       2.2161
 251.000       1.6336
 252.000       1.5656
 253.000       1.3794
 254.000       1.2678
 255.000       1.3825
 256.000       0.9999
 257.000       0.7790
 258.000       0.8504
 259.000       1.0307
 260.000       0.7675
 261.000       0.8048
 262.000       0.9872
 263.000       1.7693
 264.000       0.6460
 265.000       1.4522
 266.000       1.0661
 267.000       1.1359
 268.000       0.5749
 269.000       0.9525
 270.000       0.6483
 271.000       0.6838
 272.000       0.9179
 273.000       0.6908
 274.000       0.6415
 275.000       0.8656
 276.000       0.5520
 277.000       0.6426
 278.000       1.0567
 279.000       0.7917
 280.000       1.5187
 281.000       1.0971
 282.000       1.1703
 283.000       1.8963
 284.000       1.6648
 285.000       1.2666
 286.000       1.4304
 287.000       2.1225
 288.000       0.9037
 289.000       0.6700
 290.000       0.9145
 291.000       0.8325
 292.000       0.7366
 293.000       0.8242
 294.000       0.7027
 295.000       0.8997
 296.000       0.7089
 297.000       0.7836
 298.000       1.0160
 299.000       0.6816
 300.000       0.6062
 301.000       1.1001
 302.000       0.7012
 303.000       0.8255
 304.000       0.6840
 305.000       1.3013
 306.000       0.8262
 307.000       0.7282
 308.000       1.0724
 309.000       0.8195
 310.000       1.0751
 311.000       0.8537
 312.000       0.8050
 313.000       1.0005
 314.000       1.1731
 315.000       0.9897
 316.000       1.7908
 317.000       1.6653
 318.000       1.4873
 319.000       1.3725
 320.000       1.4283
 321.000       1.1497
 322.000       1.3248
 323.000       1.0148
 324.000       1.3144
 325.000       1.2401
 326.000       0.9638
 327.000       1.2804
 328.000       1.2243
 329.000       0.8317
 330.000       0.8299
 331.000       0.7512
 332.000       0.9355
 333.000       0.9462
 334.000       0.6727
 335.000       0.8204
 336.000       1.0079
 337.000       1.3331
 338.000       1.0427
 339.000       1.2173
 340.000       0.9569
 341.000       1.3452
 342.000       1.3264
 343.000       1.3490
 344.000       1.1962
 345.000       1.0480
 346.000       1.0978
 347.000       0.9079
 348.000       0.9112
 349.000       0.7932
 350.000       0.7463
 351.000       0.6869
 352.000       0.7356
 353.000       0.8935
 354.000       0.7254
 355.000       0.6700
 356.000       0.9065
 357.000       0.8711
 358.000       0.9199
 359.000       1.0196
 360.000       0.6871
 361.000       1.0422
 362.000       0.5608
 363.000       0.7166
 364.000       0.5102
 365.000       0.6873
 366.000       0.6175
 367.000       0.8711
 368.000       0.5127
 369.000       0.5306
 370.000       0.7655
 371.000       0.7362
 372.000       0.6298
 373.000       0.7122
 374.000       0.8154
 375.000       0.7093
 376.000       0.6888
 377.000       0.8464
 378.000       0.9774
 379.000       1.3173
 380.000       1.1817
 381.000       1.4973
 382.000       1.9689
 383.000       2.3828
 384.000       1.3823
 385.000       2.1470
 386.000       2.3777
 387.000       1.2646
 388.000       0.8911
 389.000       1.0467
 390.000       1.2391
 391.000       0.9975
 392.000       0.7108
 393.000       0.9262
 394.000       1.2543
 395.000       0.8631
 396.000       1.0271
 397.000       1.1767
 398.000       0.8065
 399.000       0.8724
 400.000       1.0006
 401.000       1.1857
 402.000       1.1313
 403.000       0.8019
 404.000       1.1687
 405.000       1.2282
 406.000       0.8658
 407.000       1.0152
 408.000       0.7866
 409.000       0.9442
 410.000       0.7560
 411.000       0.6891
 412.000       0.8510
 413.000       1.0499
 414.000       0.8216
 415.000       0.9127
 416.000       0.8567
 417.000       1.1686
 418.000       0.9446
 419.000       0.9595
 420.000       1.1184
 421.000       0.9728
 422.000       1.1146
 423.000       1.5552
 424.000       1.1064
 425.000       1.0716
 426.000       1.0698
 427.000       1.3689
 428.000       0.9915
 429.000       1.2742
 430.000       0.8681
 431.000       0.8475
 432.000       0.8208
 433.000       1.2329
 434.000       0.6606
 435.000       0.6455
 436.000       0.9472
 437.000       0.5964
 438.000       0.8940
 439.000       0.7606
 440.000       1.0624
 441.000       1.1980
 442.000       1.2459
 443.000       0.6914
 444.000       0.9617
 445.000       0.7148
 446.000       1.1686
 447.000       0.6451
 448.000       0.6762
 449.000       0.9585
 450.000       0.7490
 451.000       0.8022
 452.000       1.2470
 453.000       1.3661
 454.000       1.0887
 455.000       1.5438
 456.000       1.3818
 457.000       2.1558
 458.000       1.5117
 459.000       0.8473
 460.000       1.0462
 461.000       1.0182
 462.000       0.9872
 463.000       1.0368
 464.000       0.8264
 465.000       1.2006
 466.000       0.7237
 467.000       0.6272
 468.000       0.9115
 469.000       1.3077
 470.000       0.9268
 471.000       0.8784
 472.000       0.7856
 473.000       1.1676
 474.000       1.4361
 475.000       0.9587
 476.000       1.1292
 477.000       1.5498
 478.000       1.1447
 479.000       1.0989
 480.000       1.0562
 481.000       1.1904
 482.000       1.1031
 483.000       1.2681
 484.000       1.2533
 485.000       1.2662
 486.000       1.4455
 487.000       2.8692
 488.000       1.4660
 489.000       1.1808
 490.000       2.1078
 491.000       1.4992
 492.000       1.7333
 493.000       1.9035
 494.000       1.3704
 495.000       1.9684
 496.000       1.4447
 497.000       1.3644
 498.000       1.6420
 499.000       1.4004
 500.000       1.0935
 501.000       1.3003
 502.000       1.2115
 503.000       1.3191
 504.000       0.7972
 505.000       1.1149
 506.000       1.3038
 507.000       1.3794
 508.000       0.9346
 509.000       1.0905
 510.000       1.3928
 511.000       1.4019
 512.000       1.3514
 513.000       1.0873
 514.000       1.2227
 515.000       0.8272
 516.000       0.9215
 517.000       1.2606
 518.000       1.2978
 519.000       0.8475
 520.000       1.0480
 521.000       1.4041
 522.000       1.2901
 523.000       1.4143
 524.000       1.4757
 525.000       1.5837
 526.000       1.3800
 527.000       1.7353
 528.000       1.8109
 529.000       1.9162
 530.000       2.3369
 531.000       2.4489
 532.000       1.8157
 533.000       1.4455
 534.000       1.8416
 535.000       1.5086
 536.000       1.8529
 537.000       1.3272
 538.000       1.8019
 539.000       1.4173
 540.000       1.7833
 541.000       3.1037
 542.000       4.6237
 543.000       4.6867
 544.000       7.2497
 545.000       9.9320
 546.000       1.1373
 547.000       0.5843
 548.000       0.6075
 549.000      51.7503
 550.000      51.6115
 551.000      52.1796
 552.000      51.4459
 553.000      50.8185
 554.000      50.2059
 555.000      51.0281
 556.000      51.2993
 557.000      51.4176
 558.000      52.7001
 559.000      51.0936
 560.000      51.2002
 561.000      52.5502
 562.000      52.3771
 563.000      51.2301
 564.000      52.1506
 565.000      51.9939
 566.000      52.2469
 567.000      51.5318
 568.000      51.4530
 569.000      50.7373
 570.000      51.0416
 571.000      51.7939
 572.000      48.8123
 573.000      52.1275
 574.000      50.3790
 575.000      51.3841
 576.000      53.1059
 577.000      50.8061
 578.000      52.3329
 579.000      52.1289
 580.000      50.1604
 581.000      50.9053
 582.000      49.4506
 583.000      52.7536
 584.000      50.0029
 585.000      50.6100
 586.000      52.0419
 587.000      52.5632
 588.000      49.7593
 589.000      50.9725
 590.000      50.4729
 591.000      51.4676
 592.000      51.0314
 593.000      50.8284
 594.000      52.2666
 595.000      51.8327
 596.000       0.9611
 597.000      53.2606
 598.000      53.2048
 599.000      53.5326
 600.000      53.7319
 601.000      53.7059
 602.000      53.8336
 603.000      53.1312
 604.000      53.3615
 605.000      54.2006
 606.000      53.0673
 607.000      52.8807
 608.000      52.9925
 609.000      53.4370
 610.000      53.3658
 611.000      53.5693
 612.000      52.4271
 613.000      52.7807
 614.000      53.3968
 615.000      54.0257
 616.000      52.7689
 617.000      52.9812
 618.000      53.1149
 619.000      52.8735
 620.000      53.8768
 621.000      53.1771
 622.000      53.5370
 623.000      53.2526
 624.000      52.6789
 625.000      53.3502
 626.000      53.6198
 627.000      53.0202
 628.000      53.8117
 629.000      53.3546
 630.000      52.9563
 631.000      52.9515
 632.000      54.1047
 633.000      53.6601
 634.000      53.7344
 635.000      53.4586
 636.000      52.4052
 637.000      53.7070
 638.000      53.1602
 639.000      53.4973
 640.000      53.0725
 641.000      53.8091
