#Res        AtomicFlx
   1.000       1.8258
   2.000       1.1611
   3.000       0.7859
   4.000       1.3904
   5.000       1.1935
   6.000       0.8698
   7.000       1.2998
   8.000       1.4261
   9.000       1.6175
  10.000       1.2054
  11.000       1.0462
  12.000       0.7873
  13.000       0.9472
  14.000       0.9371
  15.000       0.6704
  16.000       0.9287
  17.000       0.7366
  18.000       0.6481
  19.000       0.6062
  20.000       0.6248
  21.000       0.7363
  22.000       0.7344
  23.000       0.8665
  24.000       0.7116
  25.000       0.6183
  26.000       1.2331
  27.000       1.5011
  28.000       1.1816
  29.000       0.6356
  30.000       0.8376
  31.000       1.8937
  32.000       1.1031
  33.000       1.0491
  34.000       2.2872
  35.000       1.7054
  36.000       1.0313
  37.000       1.4354
  38.000       1.0430
  39.000       0.9959
  40.000       1.0953
  41.000       0.8768
  42.000       0.9927
  43.000       1.0032
  44.000       0.8206
  45.000       0.6223
  46.000       1.2223
  47.000       1.1501
  48.000       1.0004
  49.000       0.7220
  50.000       0.9631
  51.000       1.2430
  52.000       0.6773
  53.000       0.5185
  54.000       1.0088
  55.000       0.5804
  56.000       0.8770
  57.000       0.6008
  58.000       0.7983
  59.000       0.8784
  60.000       0.7237
  61.000       0.8984
  62.000       0.5997
  63.000       0.7353
  64.000       0.5096
  65.000       0.6935
  66.000       0.8366
  67.000       0.6344
  68.000       0.6526
  69.000       0.9523
  70.000       0.5641
  71.000       0.6608
  72.000       0.7052
  73.000       0.6006
  74.000       0.7013
  75.000       0.7586
  76.000       1.5952
  77.000       2.0161
  78.000       1.2735
  79.000       1.2016
  80.000       1.4078
  81.000       0.8458
  82.000       1.0154
  83.000       0.5728
  84.000       0.6679
  85.000       0.5133
  86.000       0.9445
  87.000       0.7003
  88.000       0.6407
  89.000       0.8349
  90.000       0.8757
  91.000       1.1119
  92.000       0.5674
  93.000       0.8200
  94.000       0.9461
  95.000       0.7755
  96.000       0.6338
  97.000       1.1168
  98.000       0.6406
  99.000       0.7254
 100.000       0.8673
 101.000       0.7659
 102.000       0.9058
 103.000       0.9983
 104.000       0.6454
 105.000       0.8460
 106.000       0.6532
 107.000       0.8199
 108.000       0.8076
 109.000       0.9260
 110.000       0.7523
 111.000       1.1287
 112.000       0.9293
 113.000       0.7371
 114.000       1.2510
 115.000       1.1903
 116.000       1.7672
 117.000       2.0258
 118.000       1.0357
 119.000       0.9750
 120.000       0.9431
 121.000       1.4439
 122.000       1.5510
 123.000       1.5554
 124.000       2.2205
 125.000       1.6793
 126.000       1.8276
 127.000       1.6544
 128.000       1.4521
 129.000       2.2671
 130.000       2.9445
 131.000       4.1478
 132.000       2.4687
 133.000       3.2994
 134.000       3.9539
 135.000       4.1949
 136.000       4.9528
 137.000       6.8215
 138.000       7.5514
 139.000       8.3040
 140.000       7.3944
 141.000       7.8545
 142.000       7.7509
 143.000       8.6865
 144.000       7.7187
 145.000       6.5844
 146.000       5.4608
 147.000       4.7591
 148.000       3.5580
 149.000       4.0978
 150.000       4.4074
 151.000       4.5002
 152.000       2.6003
 153.000       2.1811
 154.000       1.2699
 155.000       1.0261
 156.000       0.8160
 157.000       0.7946
 158.000       1.1560
 159.000       0.8794
 160.000       0.7567
 161.000       1.1858
 162.000       1.5146
 163.000       1.0498
 164.000       1.0119
 165.000       1.0293
 166.000       1.7049
 167.000       1.4556
 168.000       2.4853
 169.000       3.6136
 170.000       3.1770
 171.000       3.0774
 172.000       1.4376
 173.000       1.3984
 174.000       1.7309
 175.000       1.5378
 176.000       1.2342
 177.000       0.8945
 178.000       1.0724
 179.000       0.8391
 180.000       1.3882
 181.000       1.8684
 182.000       1.3184
 183.000       1.0858
 184.000       0.7204
 185.000       0.7265
 186.000       0.6510
 187.000       0.7521
 188.000       0.7698
 189.000       1.0661
 190.000       0.8394
 191.000       0.7952
 192.000       0.8393
 193.000       1.1621
 194.000       1.0480
 195.000       1.1531
 196.000       1.9290
 197.000       0.9245
 198.000       1.0493
 199.000       1.7263
 200.000       1.8848
 201.000       1.0519
 202.000       1.6689
 203.000       1.8697
 204.000       1.0686
 205.000       1.0124
 206.000       1.1490
 207.000       1.7144
 208.000       1.0084
 209.000       1.2354
 210.000       1.8862
 211.000       1.3486
 212.000       1.0951
 213.000       1.2225
 214.000       1.2002
 215.000       1.7129
 216.000       0.8129
 217.000       0.9065
 218.000       0.8801
 219.000       0.7717
 220.000       0.9398
 221.000       0.7758
 222.000       0.7075
 223.000       0.8891
 224.000       1.0018
 225.000       1.1546
 226.000       0.7644
 227.000       0.7086
 228.000       1.1316
 229.000       0.8991
 230.000       0.9147
 231.000       0.9388
 232.000       0.7616
 233.000       0.7612
 234.000       1.1224
 235.000       1.0195
 236.000       0.6610
 237.000       0.9073
 238.000       1.3988
 239.000       0.8433
 240.000       0.6891
 241.000       0.9486
 242.000       0.9839
 243.000       1.2397
 244.000       1.6380
 245.000       2.2254
 246.000       2.5231
 247.000       1.8649
 248.000       1.5424
 249.000       1.5381
 250.000       1.7404
 251.000       1.2155
 252.000       1.2135
 253.000       1.1548
 254.000       0.9773
 255.000       1.1845
 256.000       0.9753
 257.000       0.7753
 258.000       0.7643
 259.000       0.9188
 260.000       0.7099
 261.000       0.7503
 262.000       0.8003
 263.000       1.0402
 264.000       0.6428
 265.000       0.6682
 266.000       0.6135
 267.000       0.8113
 268.000       0.5440
 269.000       0.5560
 270.000       0.4764
 271.000       0.6172
 272.000       0.6550
 273.000       0.6288
 274.000       0.6133
 275.000       0.8454
 276.000       0.5612
 277.000       0.7835
 278.000       0.9379
 279.000       0.8794
 280.000       1.3360
 281.000       1.1486
 282.000       1.0686
 283.000       1.2961
 284.000       1.1949
 285.000       0.8751
 286.000       1.0973
 287.000       2.0335
 288.000       0.8497
 289.000       0.6170
 290.000       0.8155
 291.000       0.7327
 292.000       0.5632
 293.000       0.6744
 294.000       0.5287
 295.000       0.7933
 296.000       0.6183
 297.000       0.6566
 298.000       0.7949
 299.000       0.5920
 300.000       0.5404
 301.000       1.1019
 302.000       0.6640
 303.000       0.7543
 304.000       0.6065
 305.000       1.1669
 306.000       0.8203
 307.000       0.7022
 308.000       0.7420
 309.000       0.7335
 310.000       1.0142
 311.000       0.9484
 312.000       0.6718
 313.000       0.8106
 314.000       0.9786
 315.000       0.8826
 316.000       1.5990
 317.000       1.4886
 318.000       1.5198
 319.000       1.4173
 320.000       1.5141
 321.000       1.2694
 322.000       1.4166
 323.000       1.3613
 324.000       1.5294
 325.000       1.3661
 326.000       1.5554
 327.000       2.4956
 328.000       2.0147
 329.000       1.4620
 330.000       1.2263
 331.000       0.9988
 332.000       1.1724
 333.000       1.4033
 334.000       0.9405
 335.000       0.7698
 336.000       1.1356
 337.000       1.2767
 338.000       0.9198
 339.000       1.0802
 340.000       0.7833
 341.000       1.2500
 342.000       1.0321
 343.000       1.1156
 344.000       1.0058
 345.000       0.9063
 346.000       1.0534
 347.000       0.7318
 348.000       0.8759
 349.000       0.7559
 350.000       0.7335
 351.000       0.6809
 352.000       0.7337
 353.000       0.7578
 354.000       0.6708
 355.000       0.6171
 356.000       1.0003
 357.000       0.9174
 358.000       1.0513
 359.000       1.0335
 360.000       0.8407
 361.000       1.0908
 362.000       0.7792
 363.000       1.1724
 364.000       0.7768
 365.000       0.7537
 366.000       0.6462
 367.000       1.3182
 368.000       0.5259
 369.000       0.5316
 370.000       0.8638
 371.000       0.8249
 372.000       0.5698
 373.000       0.6456
 374.000       0.7819
 375.000       0.8409
 376.000       0.6176
 377.000       0.7679
 378.000       0.8715
 379.000       1.1200
 380.000       1.0137
 381.000       0.9387
 382.000       1.7390
 383.000       1.2982
 384.000       1.0241
 385.000       1.3234
 386.000       2.0696
 387.000       1.2255
 388.000       1.3885
 389.000       1.3957
 390.000       1.3008
 391.000       0.7482
 392.000       0.8081
 393.000       0.9543
 394.000       1.8330
 395.000       0.9653
 396.000       1.0174
 397.000       1.1878
 398.000       0.8022
 399.000       0.8495
 400.000       0.7334
 401.000       1.2081
 402.000       0.8979
 403.000       0.7316
 404.000       0.9530
 405.000       1.4032
 406.000       0.9081
 407.000       0.7902
 408.000       0.7955
 409.000       1.1127
 410.000       0.7326
 411.000       0.7068
 412.000       0.8088
 413.000       0.9639
 414.000       0.7672
 415.000       0.6734
 416.000       0.7156
 417.000       1.0657
 418.000       0.7825
 419.000       0.7986
 420.000       1.3685
 421.000       0.6573
 422.000       0.7100
 423.000       0.7529
 424.000       0.6284
 425.000       0.7933
 426.000       0.7606
 427.000       0.8828
 428.000       0.7102
 429.000       1.0286
 430.000       0.6163
 431.000       0.8870
 432.000       0.6656
 433.000       1.1141
 434.000       0.7001
 435.000       0.6394
 436.000       1.0602
 437.000       0.5690
 438.000       0.7544
 439.000       0.7081
 440.000       0.8214
 441.000       1.2883
 442.000       1.0279
 443.000       0.6150
 444.000       0.8124
 445.000       0.7111
 446.000       1.2010
 447.000       0.7266
 448.000       0.7462
 449.000       1.0153
 450.000       0.8288
 451.000       0.9109
 452.000       1.4854
 453.000       1.5800
 454.000       1.3023
 455.000       2.1891
 456.000       2.5418
 457.000       3.0159
 458.000       3.7552
 459.000       2.2841
 460.000       1.1844
 461.000       1.1738
 462.000       1.0366
 463.000       1.3198
 464.000       1.1414
 465.000       1.2619
 466.000       0.7932
 467.000       0.7127
 468.000       0.8968
 469.000       1.2174
 470.000       0.8401
 471.000       0.8172
 472.000       0.7492
 473.000       0.9943
 474.000       0.7534
 475.000       0.7084
 476.000       0.9475
 477.000       1.2610
 478.000       1.0693
 479.000       0.7721
 480.000       0.8523
 481.000       0.9670
 482.000       1.0703
 483.000       1.1845
 484.000       1.2843
 485.000       1.3235
 486.000       1.2136
 487.000       2.5769
 488.000       1.2282
 489.000       1.0839
 490.000       1.8024
 491.000       1.3394
 492.000       1.5211
 493.000       1.6111
 494.000       1.1580
 495.000       1.5096
 496.000       1.2793
 497.000       1.1259
 498.000       1.3745
 499.000       1.1975
 500.000       0.9397
 501.000       0.9678
 502.000       0.9618
 503.000       1.1330
 504.000       0.7363
 505.000       0.9044
 506.000       1.0602
 507.000       1.1323
 508.000       0.8587
 509.000       1.0103
 510.000       1.1969
 511.000       1.2767
 512.000       1.4137
 513.000       0.9750
 514.000       1.6632
 515.000       0.8497
 516.000       0.9069
 517.000       1.2778
 518.000       1.0587
 519.000       0.8430
 520.000       1.0947
 521.000       1.6475
 522.000       1.2816
 523.000       1.3029
 524.000       1.6958
 525.000       1.7571
 526.000       1.5129
 527.000       1.9970
 528.000       2.1520
 529.000       2.1610
 530.000       2.2791
 531.000       2.5781
 532.000       1.9019
 533.000       1.4944
 534.000       1.6877
 535.000       1.4828
 536.000       1.9372
 537.000       1.3193
 538.000       2.3988
 539.000       2.6001
 540.000       3.2896
 541.000       6.1391
 542.000       5.8796
 543.000       5.6732
 544.000       6.9865
 545.000       5.2862
 546.000       0.7520
 547.000       0.7598
 548.000       0.6192
 549.000      50.6688
 550.000      51.3709
 551.000      50.9724
 552.000      52.1527
 553.000      51.5840
 554.000      51.4066
 555.000      52.9571
 556.000      51.6490
 557.000      52.3484
 558.000      51.4060
 559.000      50.1231
 560.000      52.5180
 561.000      51.2240
 562.000      52.1044
 563.000      53.3356
 564.000      51.5344
 565.000      51.8468
 566.000      52.3468
 567.000      50.6400
 568.000      51.6968
 569.000      51.7428
 570.000      51.7423
 571.000      52.7317
 572.000      51.7081
 573.000      52.2545
 574.000      51.4084
 575.000      52.0651
 576.000      51.1201
 577.000      50.6874
 578.000      51.4477
 579.000      52.5210
 580.000      50.4237
 581.000      50.9865
 582.000      52.5375
 583.000      51.5676
 584.000      52.0827
 585.000      51.2129
 586.000      50.3351
 587.000      51.8561
 588.000      50.4509
 589.000      51.8474
 590.000      51.5699
 591.000      51.5861
 592.000      51.7055
 593.000      51.5692
 594.000      50.3633
 595.000      51.9964
 596.000       0.6701
 597.000      53.4191
 598.000      53.3271
 599.000      52.5820
 600.000      53.7454
 601.000      53.3696
 602.000      53.5672
 603.000      53.3190
 604.000      53.5177
 605.000      53.5496
 606.000      53.4050
 607.000      53.3003
 608.000      53.5437
 609.000      53.5591
 610.000      53.7836
 611.000      53.5642
 612.000      52.0829
 613.000      53.7145
 614.000      53.5068
 615.000      52.4108
 616.000      54.0143
 617.000      53.3989
 618.000      53.4791
 619.000      53.2868
 620.000      53.2558
 621.000      53.4834
 622.000      53.1542
 623.000      53.2362
 624.000      53.9779
 625.000      53.4780
 626.000      53.5288
 627.000      53.4579
 628.000      53.8799
 629.000      52.3098
 630.000      52.9226
 631.000      53.5402
 632.000      53.7279
 633.000      53.4069
 634.000      53.3225
 635.000      53.8242
 636.000      53.7377
 637.000      53.4819
 638.000      52.8458
 639.000      53.2655
 640.000      52.9627
 641.000      53.6402
