#Res        AtomicFlx
   1.000       3.2566
   2.000       1.9172
   3.000       1.9808
   4.000       1.0715
   5.000       1.4748
   6.000       1.6490
   7.000       1.5472
   8.000       1.5299
   9.000       1.3221
  10.000       0.9481
  11.000       1.0066
  12.000       1.2592
  13.000       0.8846
  14.000       0.7775
  15.000       0.9015
  16.000       0.7988
  17.000       0.8757
  18.000       0.7651
  19.000       0.7974
  20.000       0.6123
  21.000       0.8038
  22.000       0.6999
  23.000       0.6426
  24.000       1.0961
  25.000       1.1993
  26.000       1.6894
  27.000       0.7719
  28.000       0.7887
  29.000       1.8723
  30.000       1.1090
  31.000       1.1149
  32.000       2.2588
  33.000       2.1130
  34.000       0.9174
  35.000       1.1043
  36.000       0.9926
  37.000       1.0951
  38.000       1.2548
  39.000       0.9392
  40.000       1.1924
  41.000       1.8856
  42.000       0.7626
  43.000       0.7116
  44.000       1.8221
  45.000       0.9437
  46.000       0.7558
  47.000       0.8455
  48.000       1.1369
  49.000       1.2294
  50.000       0.8016
  51.000       0.6135
  52.000       0.7390
  53.000       0.6808
  54.000       0.8122
  55.000       0.9544
  56.000       0.8074
  57.000       1.1675
  58.000       0.6534
  59.000       0.9335
  60.000       0.8290
  61.000       1.0452
  62.000       0.7672
  63.000       1.0562
  64.000       2.1111
  65.000       1.3883
  66.000       1.2958
  67.000       1.4218
  68.000       1.0069
  69.000       1.2548
  70.000       1.0884
  71.000       0.8727
  72.000       1.1358
  73.000       0.9686
  74.000       2.6406
  75.000       2.1967
  76.000       1.6640
  77.000       1.9602
  78.000       1.5375
  79.000       1.4924
  80.000       1.1208
  81.000       0.7129
  82.000       0.8362
  83.000       0.6862
  84.000       1.0675
  85.000       0.7109
  86.000       0.8964
  87.000       0.9056
  88.000       0.9142
  89.000       1.0214
  90.000       0.8848
  91.000       0.8178
  92.000       1.0069
  93.000       1.3043
  94.000       0.6701
  95.000       1.1349
  96.000       1.1579
  97.000       1.1278
  98.000       1.1052
  99.000       0.8695
 100.000       0.9826
 101.000       0.9393
 102.000       0.7239
 103.000       0.9248
 104.000       0.6600
 105.000       0.9339
 106.000       1.0463
 107.000       0.9438
 108.000       0.6914
 109.000       0.9941
 110.000       0.7507
 111.000       0.6834
 112.000       1.0094
 113.000       0.9636
 114.000       1.7984
 115.000       1.1597
 116.000       0.8220
 117.000       0.8834
 118.000       0.9516
 119.000       0.9966
 120.000       1.3143
 121.000       1.6125
 122.000       2.4289
 123.000       1.7063
 124.000       1.8894
 125.000       2.3144
 126.000       1.4693
 127.000       2.3610
 128.000       3.5191
 129.000       2.6973
 130.000       2.3324
 131.000       3.4363
 132.000       2.9538
 133.000       2.9256
 134.000       2.5253
 135.000       2.9670
 136.000       3.5677
 137.000       4.7056
 138.000       4.4877
 139.000       3.7337
 140.000       5.6726
 141.000       5.7748
 142.000       4.3129
 143.000       4.2055
 144.000       5.0273
 145.000       4.4619
 146.000       3.5839
 147.000       3.5657
 148.000       5.5306
 149.000       3.0347
 150.000       2.7489
 151.000       2.5257
 152.000       3.6385
 153.000       4.4166
 154.000       4.2238
 155.000       2.7355
 156.000       3.0445
 157.000       3.1956
 158.000       3.6554
 159.000       3.8209
 160.000       4.5908
 161.000       2.8864
 162.000       2.8441
 163.000       1.8808
 164.000       1.0545
 165.000       0.9581
 166.000       0.9711
 167.000       1.2113
 168.000       1.2621
 169.000       0.8689
 170.000       0.9822
 171.000       1.9661
 172.000       1.3588
 173.000       1.2950
 174.000       0.9963
 175.000       1.2283
 176.000       1.4298
 177.000       1.9347
 178.000       1.6464
 179.000       2.6042
 180.000       2.7076
 181.000       3.1337
 182.000       2.2111
 183.000       2.1658
 184.000       1.7216
 185.000       1.2142
 186.000       1.6640
 187.000       1.3268
 188.000       1.8084
 189.000       1.4823
 190.000       0.9864
 191.000       1.1974
 192.000       1.2246
 193.000       0.8088
 194.000       0.7244
 195.000       0.9295
 196.000       0.7916
 197.000       0.8814
 198.000       0.7911
 199.000       0.8687
 200.000       1.0169
 201.000       1.0269
 202.000       1.0008
 203.000       0.8664
 204.000       1.1417
 205.000       1.1343
 206.000       1.0009
 207.000       1.2201
 208.000       1.9215
 209.000       1.1221
 210.000       1.8909
 211.000       2.2613
 212.000       1.1696
 213.000       1.3134
 214.000       1.3725
 215.000       1.6420
 216.000       1.2762
 217.000       1.3123
 218.000       2.3378
 219.000       1.1354
 220.000       1.3531
 221.000       1.3792
 222.000       1.0703
 223.000       1.1929
 224.000       0.7286
 225.000       1.3275
 226.000       0.9173
 227.000       0.7908
 228.000       0.8176
 229.000       0.8293
 230.000       1.0486
 231.000       0.8900
 232.000       1.2510
 233.000       1.1334
 234.000       1.2232
 235.000       0.9324
 236.000       1.5195
 237.000       1.5612
 238.000       1.1812
 239.000       1.6338
 240.000       1.0676
 241.000       0.9694
 242.000       1.8688
 243.000       1.1425
 244.000       0.7997
 245.000       1.0721
 246.000       1.2643
 247.000       2.0675
 248.000       0.9263
 249.000       1.2910
 250.000       1.0086
 251.000       1.0647
 252.000       1.5138
 253.000       2.0716
 254.000       1.6802
 255.000       1.4958
 256.000       1.5472
 257.000       1.6031
 258.000       1.5368
 259.000       1.0538
 260.000       1.7151
 261.000       0.9788
 262.000       1.0595
 263.000       0.7137
 264.000       0.9122
 265.000       0.7458
 266.000       0.7570
 267.000       0.8029
 268.000       0.7016
 269.000       1.1978
 270.000       0.9774
 271.000       0.9939
 272.000       0.8276
 273.000       0.7661
 274.000       0.6106
 275.000       0.6378
 276.000       0.7091
 277.000       1.5402
 278.000       0.6984
 279.000       0.7377
 280.000       1.0996
 281.000       0.8146
 282.000       0.7932
 283.000       1.4222
 284.000       0.8162
 285.000       0.7753
 286.000       1.1984
 287.000       1.0343
 288.000       1.5661
 289.000       1.8633
 290.000       1.4940
 291.000       1.3347
 292.000       1.2656
 293.000       1.2372
 294.000       1.2060
 295.000       2.2564
 296.000       1.0445
 297.000       0.7459
 298.000       0.8487
 299.000       1.1570
 300.000       0.8680
 301.000       0.6590
 302.000       1.2549
 303.000       0.7312
 304.000       0.6494
 305.000       0.9086
 306.000       0.7572
 307.000       0.7320
 308.000       0.6566
 309.000       0.8567
 310.000       1.0075
 311.000       0.7380
 312.000       0.6818
 313.000       1.1924
 314.000       0.8176
 315.000       0.7944
 316.000       0.8471
 317.000       0.8135
 318.000       1.0322
 319.000       1.1611
 320.000       0.8551
 321.000       1.0518
 322.000       1.3046
 323.000       1.0970
 324.000       1.3491
 325.000       1.7784
 326.000       1.6725
 327.000       1.4586
 328.000       1.5358
 329.000       1.5823
 330.000       1.2405
 331.000       1.2715
 332.000       2.4144
 333.000       1.3265
 334.000       1.0585
 335.000       1.1951
 336.000       2.3474
 337.000       1.1227
 338.000       1.1222
 339.000       0.8331
 340.000       0.9772
 341.000       0.8192
 342.000       0.7649
 343.000       0.8802
 344.000       0.8387
 345.000       0.7816
 346.000       0.8107
 347.000       1.1346
 348.000       0.9090
 349.000       0.9748
 350.000       1.1170
 351.000       1.4517
 352.000       1.1970
 353.000       1.1884
 354.000       1.3278
 355.000       0.8100
 356.000       0.7533
 357.000       1.3564
 358.000       0.8519
 359.000       0.7285
 360.000       1.0345
 361.000       1.0219
 362.000       0.6235
 363.000       0.6155
 364.000       0.9782
 365.000       0.7347
 366.000       0.9630
 367.000       0.6564
 368.000       0.9788
 369.000       0.7766
 370.000       0.7128
 371.000       1.2002
 372.000       0.8530
 373.000       0.9761
 374.000       0.9747
 375.000       1.3823
 376.000       0.9609
 377.000       0.9621
 378.000       0.8996
 379.000       1.0463
 380.000       0.7044
 381.000       0.9007
 382.000       0.8045
 383.000       0.9637
 384.000       0.8624
 385.000       0.9760
 386.000       1.0036
 387.000       1.2720
 388.000       1.1940
 389.000       1.3402
 390.000       1.5153
 391.000       2.1541
 392.000       2.6610
 393.000       2.0000
 394.000       1.2089
 395.000       1.6584
 396.000       1.7342
 397.000       1.4350
 398.000       1.3580
 399.000       1.0787
 400.000       1.9252
 401.000       0.9189
 402.000       0.7508
 403.000       0.9900
 404.000       0.8154
 405.000       0.9379
 406.000       0.8392
 407.000       0.9800
 408.000       0.9420
 409.000       0.8444
 410.000       1.1221
 411.000       1.1915
 412.000       1.1088
 413.000       0.8605
 414.000       1.0899
 415.000       0.9967
 416.000       1.0729
 417.000       0.9658
 418.000       0.9964
 419.000       1.0494
 420.000       0.9858
 421.000       0.8404
 422.000       0.9476
 423.000       0.9947
 424.000       1.0893
 425.000       1.0815
 426.000       1.2703
 427.000       1.2456
 428.000       1.1190
 429.000       1.0708
 430.000       1.3322
 431.000       1.1939
 432.000       1.1856
 433.000       1.7070
 434.000       1.7204
 435.000       1.8238
 436.000       1.3066
 437.000       1.2949
 438.000       1.0144
 439.000       1.1134
 440.000       1.1288
 441.000       0.7216
 442.000       1.0272
 443.000       1.0881
 444.000       0.9648
 445.000       0.8972
 446.000       1.0229
 447.000       1.0083
 448.000       1.2521
 449.000       1.4035
 450.000       1.3758
 451.000       1.4431
 452.000       2.6500
 453.000       1.3726
 454.000       1.5655
 455.000       2.4345
 456.000       1.8844
 457.000       1.3884
 458.000       1.5314
 459.000       1.7943
 460.000       1.5507
 461.000       1.4385
 462.000       1.7255
 463.000       2.0395
 464.000       1.8905
 465.000       1.7938
 466.000       1.8240
 467.000       2.1871
 468.000       1.7891
 469.000       1.8157
 470.000       1.7048
 471.000       1.8172
 472.000       2.0647
 473.000       1.5966
 474.000       1.6985
 475.000       1.3362
 476.000       1.1406
 477.000       1.4849
 478.000       1.2576
 479.000       1.1125
 480.000       0.9181
 481.000       0.9494
 482.000       0.8704
 483.000       0.8200
 484.000       0.8966
 485.000       0.9352
 486.000       1.5940
 487.000       1.0658
 488.000       0.8600
 489.000       0.8945
 490.000       1.0127
 491.000       1.1795
 492.000       0.9134
 493.000       0.9998
 494.000       1.2555
 495.000       1.3658
 496.000       1.1162
 497.000       1.8236
 498.000       1.2322
 499.000       1.2433
 500.000       1.2412
 501.000       1.3476
 502.000       2.0922
 503.000       2.8950
 504.000       2.0727
 505.000       2.0130
 506.000       1.3007
 507.000       1.3832
 508.000       1.4171
 509.000       1.5299
 510.000       1.2824
 511.000       1.3587
 512.000       1.3879
 513.000       1.4980
 514.000       1.2260
 515.000       1.7207
 516.000       1.6331
 517.000       1.4269
 518.000       1.4160
 519.000       1.9335
 520.000       1.4701
 521.000       1.6291
 522.000       1.4773
 523.000       1.3213
 524.000       0.9313
 525.000       1.2716
 526.000       1.3844
 527.000       1.7856
 528.000       1.4720
 529.000       1.9429
 530.000       2.6113
 531.000       2.3996
 532.000       2.3062
 533.000       3.3586
 534.000       3.3857
 535.000       3.3619
 536.000       3.6312
 537.000       4.5797
 538.000       4.9204
 539.000       5.8554
 540.000       5.5570
 541.000       4.9974
 542.000       5.4449
 543.000       5.0761
 544.000       4.3952
 545.000       4.3293
 546.000       4.7183
 547.000       3.8075
 548.000       3.3455
 549.000       3.4924
 550.000       4.0104
 551.000       4.1947
 552.000       6.3855
 553.000       8.5137
 554.000      10.8050
 555.000      10.8831
 556.000      13.2273
 557.000       7.9217
 558.000      10.0081
 559.000      12.8887
 560.000      13.7114
 561.000      15.3425
 562.000       3.6497
 563.000       6.2549
 564.000       7.9983
 565.000       8.1810
 566.000      10.9431
 567.000       6.1364
 568.000       9.5207
 569.000      13.3892
 570.000      15.8955
 571.000      15.5811
 572.000      51.3498
 573.000       0.5808
 574.000      51.5021
 575.000      50.6307
 576.000      51.0178
 577.000      50.5459
 578.000      50.7935
 579.000      51.5131
 580.000      52.2526
 581.000      51.7562
 582.000      51.0059
 583.000      51.0053
 584.000      50.2556
 585.000      52.6106
 586.000      51.5891
 587.000      49.3573
 588.000      51.5650
 589.000      49.6369
 590.000      49.8487
 591.000      50.3457
 592.000      50.4541
 593.000      50.0416
 594.000      51.6718
 595.000      50.5068
 596.000      51.2126
 597.000      53.1483
 598.000      51.4491
 599.000      50.2521
 600.000      51.0159
 601.000      49.3839
 602.000      51.1277
 603.000      51.0122
 604.000      51.4632
 605.000      52.3110
 606.000      52.3929
 607.000      51.1860
 608.000      49.5146
 609.000      51.8214
 610.000      52.1969
 611.000      51.3807
 612.000      51.7557
 613.000      50.4307
 614.000      51.1999
 615.000      51.7289
 616.000      50.7210
 617.000       0.6712
 618.000      53.1467
 619.000      52.5538
 620.000      53.0683
 621.000      53.1149
 622.000      52.6797
 623.000      52.7535
 624.000      53.5425
 625.000      53.7325
 626.000      52.7810
 627.000      53.0537
 628.000      53.0976
 629.000      52.9865
 630.000      53.0752
 631.000      53.3290
 632.000      52.6586
 633.000      52.8896
 634.000      53.1388
 635.000      52.5584
 636.000      52.5151
 637.000      52.5780
 638.000      53.1093
 639.000      52.8458
 640.000      52.4689
 641.000      53.5000
 642.000      53.0815
 643.000      52.3981
 644.000      53.0659
 645.000      53.2761
 646.000      52.8544
 647.000      51.6121
 648.000      53.1272
 649.000      52.9116
 650.000      52.8946
 651.000      53.0348
 652.000      52.4318
 653.000      52.7940
 654.000      52.8383
 655.000      52.7850
 656.000      52.7566
 657.000      52.8094
 658.000      53.0594
 659.000      52.8564
 660.000      52.8109
 661.000      52.7862
 662.000      52.8118
 663.000      52.4231
