#Res        AtomicFlx
   1.000       6.4967
   2.000       4.6672
   3.000       3.1058
   4.000       1.8248
   5.000       1.3510
   6.000       1.1325
   7.000       1.0022
   8.000       0.8911
   9.000       0.8334
  10.000       0.6808
  11.000       0.6371
  12.000       0.6760
  13.000       0.6135
  14.000       0.5182
  15.000       0.5286
  16.000       0.5656
  17.000       0.5205
  18.000       0.4923
  19.000       0.4547
  20.000       0.5878
  21.000       0.5814
  22.000       0.6449
  23.000       0.5614
  24.000       0.7216
  25.000       0.9128
  26.000       0.6808
  27.000       0.6146
  28.000       0.5947
  29.000       0.7249
  30.000       0.6483
  31.000       0.8574
  32.000       0.9747
  33.000       0.7870
  34.000       0.6970
  35.000       0.8238
  36.000       0.7282
  37.000       0.7835
  38.000       0.8363
  39.000       0.7284
  40.000       0.7081
  41.000       0.7303
  42.000       0.5967
  43.000       0.5484
  44.000       0.5977
  45.000       0.5942
  46.000       0.5733
  47.000       0.5645
  48.000       0.6157
  49.000       0.7463
  50.000       0.8082
  51.000       0.5646
  52.000       0.5139
  53.000       0.5252
  54.000       0.5202
  55.000       0.4797
  56.000       0.4849
  57.000       0.4933
  58.000       0.4921
  59.000       0.5996
  60.000       0.6742
  61.000       0.6754
  62.000       0.6824
  63.000       0.7553
  64.000       0.9990
  65.000       1.6114
  66.000       1.0454
  67.000       0.8531
  68.000       0.8782
  69.000       0.8242
  70.000       0.7358
  71.000       0.7343
  72.000       0.6778
  73.000       0.7521
  74.000       1.1118
  75.000       1.2035
  76.000       1.0529
  77.000       1.1927
  78.000       0.7577
  79.000       0.9444
  80.000       0.6531
  81.000       0.6334
  82.000       0.5770
  83.000       0.5193
  84.000       0.5196
  85.000       0.5712
  86.000       0.5341
  87.000       0.5304
  88.000       0.5220
  89.000       0.5269
  90.000       0.5323
  91.000       0.5443
  92.000       0.5429
  93.000       0.5436
  94.000       0.5521
  95.000       0.5450
  96.000       0.5646
  97.000       0.5142
  98.000       0.4986
  99.000       0.5747
 100.000       0.5719
 101.000       0.5046
 102.000       0.4795
 103.000       0.5105
 104.000       0.4942
 105.000       0.4667
 106.000       0.4943
 107.000       0.4836
 108.000       0.4796
 109.000       0.5581
 110.000       0.5972
 111.000       0.5692
 112.000       0.7024
 113.000       0.7782
 114.000       0.8888
 115.000       0.8555
 116.000       0.7098
 117.000       0.9238
 118.000       1.3410
 119.000       1.4626
 120.000       1.2950
 121.000       1.3871
 122.000       2.3220
 123.000       2.9564
 124.000       4.1756
 125.000       5.2764
 126.000       5.3223
 127.000       4.3750
 128.000       4.0731
 129.000       2.7061
 130.000       2.2003
 131.000       2.6813
 132.000       1.8404
 133.000       1.3554
 134.000       1.5301
 135.000       1.9569
 136.000       2.1871
 137.000       2.5103
 138.000       2.1659
 139.000       2.0441
 140.000       2.5316
 141.000       2.6799
 142.000       2.2980
 143.000       2.2101
 144.000       2.0190
 145.000       1.9349
 146.000       1.6139
 147.000       1.3239
 148.000       1.1042
 149.000       1.1521
 150.000       1.2634
 151.000       1.1679
 152.000       1.1068
 153.000       1.3802
 154.000       1.7510
 155.000       1.6455
 156.000       2.4486
 157.000       3.2780
 158.000       4.3728
 159.000       4.3442
 160.000       5.7353
 161.000       5.0117
 162.000       3.8701
 163.000       2.2761
 164.000       1.4581
 165.000       1.1886
 166.000       0.7357
 167.000       0.8350
 168.000       1.0672
 169.000       0.8643
 170.000       0.6391
 171.000       0.9022
 172.000       1.0267
 173.000       0.9529
 174.000       0.9571
 175.000       1.0671
 176.000       1.1730
 177.000       1.3270
 178.000       1.4572
 179.000       1.4393
 180.000       1.4887
 181.000       1.3811
 182.000       1.7290
 183.000       1.8436
 184.000       1.5956
 185.000       1.4579
 186.000       1.1166
 187.000       0.9248
 188.000       0.9596
 189.000       0.8777
 190.000       0.7891
 191.000       0.7035
 192.000       0.6800
 193.000       0.6315
 194.000       0.5476
 195.000       0.5871
 196.000       0.6294
 197.000       0.5904
 198.000       0.5713
 199.000       0.5627
 200.000       0.6036
 201.000       0.6184
 202.000       0.6188
 203.000       0.6153
 204.000       0.7248
 205.000       0.7537
 206.000       0.6699
 207.000       0.7596
 208.000       0.8747
 209.000       0.8795
 210.000       0.9658
 211.000       1.0073
 212.000       0.8173
 213.000       0.7955
 214.000       0.7965
 215.000       0.7699
 216.000       0.6916
 217.000       0.7313
 218.000       0.7422
 219.000       0.6221
 220.000       0.7206
 221.000       0.9208
 222.000       0.8441
 223.000       0.7387
 224.000       0.6178
 225.000       0.5503
 226.000       0.6265
 227.000       0.6182
 228.000       0.5656
 229.000       0.5785
 230.000       0.6286
 231.000       0.6259
 232.000       0.6445
 233.000       0.7571
 234.000       0.8037
 235.000       0.7493
 236.000       0.8655
 237.000       1.0797
 238.000       0.7858
 239.000       0.8181
 240.000       0.7631
 241.000       0.6589
 242.000       0.7946
 243.000       0.7872
 244.000       0.6142
 245.000       0.6584
 246.000       0.7394
 247.000       0.6813
 248.000       0.6675
 249.000       0.7409
 250.000       0.7530
 251.000       0.7654
 252.000       0.8114
 253.000       0.9942
 254.000       1.0884
 255.000       0.8381
 256.000       0.9158
 257.000       1.1039
 258.000       0.8652
 259.000       0.8752
 260.000       0.8253
 261.000       0.6662
 262.000       0.6317
 263.000       0.6770
 264.000       0.6318
 265.000       0.5661
 266.000       0.5741
 267.000       0.5922
 268.000       0.5541
 269.000       0.5579
 270.000       0.5656
 271.000       0.5162
 272.000       0.5584
 273.000       0.5030
 274.000       0.5836
 275.000       0.5097
 276.000       0.6071
 277.000       0.6524
 278.000       0.7283
 279.000       0.7436
 280.000       0.5345
 281.000       0.5082
 282.000       0.5969
 283.000       0.6689
 284.000       0.6386
 285.000       0.7433
 286.000       0.9534
 287.000       0.7757
 288.000       0.8294
 289.000       0.9454
 290.000       1.1550
 291.000       0.9417
 292.000       0.9500
 293.000       0.8117
 294.000       0.7116
 295.000       0.6613
 296.000       0.6252
 297.000       0.5822
 298.000       0.5545
 299.000       0.5629
 300.000       0.4882
 301.000       0.5263
 302.000       0.5765
 303.000       0.5213
 304.000       0.4608
 305.000       0.5409
 306.000       0.5793
 307.000       0.4970
 308.000       0.4988
 309.000       0.5898
 310.000       0.5727
 311.000       0.5704
 312.000       0.5859
 313.000       0.5696
 314.000       0.5411
 315.000       0.4946
 316.000       0.5053
 317.000       0.5329
 318.000       0.5790
 319.000       0.6003
 320.000       0.5916
 321.000       0.5788
 322.000       0.5877
 323.000       0.6232
 324.000       0.6741
 325.000       0.7072
 326.000       0.7845
 327.000       0.8354
 328.000       0.8148
 329.000       0.8169
 330.000       0.7099
 331.000       0.8227
 332.000       0.8292
 333.000       0.7252
 334.000       0.7493
 335.000       0.8840
 336.000       1.0757
 337.000       1.1941
 338.000       0.8463
 339.000       0.6938
 340.000       0.7545
 341.000       0.8475
 342.000       0.7853
 343.000       0.6554
 344.000       0.6078
 345.000       0.5848
 346.000       0.6099
 347.000       0.6209
 348.000       0.6411
 349.000       0.6384
 350.000       0.6674
 351.000       0.7290
 352.000       0.7527
 353.000       0.8258
 354.000       0.7989
 355.000       0.6834
 356.000       0.6280
 357.000       0.6528
 358.000       0.5927
 359.000       0.5239
 360.000       0.5274
 361.000       0.5526
 362.000       0.4832
 363.000       0.4749
 364.000       0.5074
 365.000       0.5247
 366.000       0.5386
 367.000       0.5003
 368.000       0.4937
 369.000       0.4972
 370.000       0.5483
 371.000       0.5339
 372.000       0.5661
 373.000       0.5068
 374.000       0.4847
 375.000       0.5799
 376.000       0.5052
 377.000       0.4601
 378.000       0.4815
 379.000       0.5067
 380.000       0.4823
 381.000       0.4833
 382.000       0.5198
 383.000       0.5526
 384.000       0.5861
 385.000       0.6295
 386.000       0.7236
 387.000       0.7571
 388.000       0.7687
 389.000       0.8888
 390.000       1.0520
 391.000       1.4280
 392.000       1.3454
 393.000       1.2039
 394.000       0.9255
 395.000       1.0000
 396.000       1.1063
 397.000       0.9239
 398.000       0.7447
 399.000       0.7504
 400.000       0.7306
 401.000       0.6391
 402.000       0.5945
 403.000       0.6374
 404.000       0.6557
 405.000       0.6016
 406.000       0.6052
 407.000       0.6364
 408.000       0.6499
 409.000       0.6453
 410.000       0.6217
 411.000       0.6625
 412.000       0.6722
 413.000       0.6650
 414.000       0.7079
 415.000       0.7204
 416.000       0.7029
 417.000       0.8042
 418.000       0.7818
 419.000       1.0137
 420.000       0.9770
 421.000       0.8267
 422.000       0.7440
 423.000       0.7627
 424.000       0.7544
 425.000       0.7324
 426.000       0.7602
 427.000       0.7915
 428.000       0.7511
 429.000       0.7470
 430.000       0.7829
 431.000       0.7578
 432.000       0.8106
 433.000       0.8614
 434.000       0.8302
 435.000       0.8731
 436.000       0.9868
 437.000       0.8368
 438.000       0.6095
 439.000       0.6386
 440.000       0.5956
 441.000       0.6707
 442.000       0.6803
 443.000       0.6202
 444.000       0.6153
 445.000       0.7226
 446.000       0.7543
 447.000       0.6790
 448.000       0.6407
 449.000       0.6543
 450.000       0.7104
 451.000       0.7406
 452.000       0.7218
 453.000       0.7560
 454.000       0.7659
 455.000       0.8311
 456.000       0.8469
 457.000       0.8140
 458.000       0.7607
 459.000       0.8711
 460.000       1.0434
 461.000       0.9070
 462.000       1.0991
 463.000       1.2661
 464.000       1.1759
 465.000       1.2585
 466.000       1.1675
 467.000       1.2469
 468.000       0.9963
 469.000       0.9895
 470.000       0.9195
 471.000       0.8480
 472.000       0.8180
 473.000       0.7242
 474.000       0.7017
 475.000       0.7001
 476.000       0.6279
 477.000       0.6942
 478.000       0.8012
 479.000       0.7526
 480.000       0.8260
 481.000       0.9894
 482.000       0.8987
 483.000       0.8063
 484.000       0.6939
 485.000       0.6992
 486.000       0.7584
 487.000       0.7029
 488.000       0.6969
 489.000       0.7824
 490.000       0.8354
 491.000       0.8460
 492.000       0.8359
 493.000       0.9003
 494.000       1.0955
 495.000       1.1845
 496.000       1.0749
 497.000       1.3681
 498.000       1.2285
 499.000       1.2131
 500.000       1.3675
 501.000       1.4319
 502.000       1.8312
 503.000       2.0451
 504.000       1.7437
 505.000       1.6607
 506.000       1.3296
 507.000       1.4801
 508.000       1.6056
 509.000       1.4635
 510.000       1.1439
 511.000       1.1906
 512.000       1.2510
 513.000       1.0037
 514.000       0.8484
 515.000       0.9266
 516.000       0.8940
 517.000       0.7450
 518.000       0.7296
 519.000       0.7766
 520.000       0.6569
 521.000       0.5948
 522.000       0.6405
 523.000       0.7295
 524.000       0.6626
 525.000       0.6613
 526.000       0.7698
 527.000       0.8317
 528.000       0.7219
 529.000       0.8092
 530.000       0.9565
 531.000       0.9425
 532.000       0.8990
 533.000       1.0681
 534.000       1.2365
 535.000       1.3345
 536.000       1.4615
 537.000       1.8640
 538.000       1.9956
 539.000       2.3146
 540.000       2.2182
 541.000       1.9576
 542.000       2.0785
 543.000       2.0116
 544.000       1.6745
 545.000       1.6510
 546.000       1.8515
 547.000       1.7337
 548.000       1.5485
 549.000       1.6799
 550.000       1.8799
 551.000       2.4110
 554.000      51.3894
