#Res        AtomicFlx
   1.000       1.6070
   2.000       1.4339
   3.000       1.0482
   4.000       0.9699
   5.000       1.3147
   6.000       1.1587
   7.000       1.0003
   8.000       0.8757
   9.000       0.8386
  10.000       0.7329
  11.000       0.6918
  12.000       0.7054
  13.000       0.6390
  14.000       0.5764
  15.000       0.6184
  16.000       0.6610
  17.000       0.5584
  18.000       0.5602
  19.000       0.5465
  20.000       0.6328
  21.000       0.7330
  22.000       0.6786
  23.000       0.5184
  24.000       0.6272
  25.000       0.7159
  26.000       0.6355
  27.000       0.5493
  28.000       0.6210
  29.000       0.6832
  30.000       0.6022
  31.000       0.6663
  32.000       0.7983
  33.000       0.7634
  34.000       0.7122
  35.000       0.8242
  36.000       0.7753
  37.000       0.7972
  38.000       0.7932
  39.000       0.7029
  40.000       0.6892
  41.000       0.7047
  42.000       0.5971
  43.000       0.5289
  44.000       0.5767
  45.000       0.5800
  46.000       0.5453
  47.000       0.5419
  48.000       0.6239
  49.000       0.7106
  50.000       0.7079
  51.000       0.5770
  52.000       0.5437
  53.000       0.5924
  54.000       0.5559
  55.000       0.5178
  56.000       0.5653
  57.000       0.5417
  58.000       0.5049
  59.000       0.5639
  60.000       0.6264
  61.000       0.6208
  62.000       0.6764
  63.000       0.8554
  64.000       1.0123
  65.000       1.1051
  66.000       0.8714
  67.000       0.8580
  68.000       0.9171
  69.000       0.8734
  70.000       0.8992
  71.000       1.0035
  72.000       0.7695
  73.000       0.9001
  74.000       1.6056
  75.000       1.9316
  76.000       1.8407
  77.000       1.8569
  78.000       1.3188
  79.000       1.0022
  80.000       0.8562
  81.000       0.6925
  82.000       0.6822
  83.000       0.6380
  84.000       0.6239
  85.000       0.7124
  86.000       0.6532
  87.000       0.6466
  88.000       0.6644
  89.000       0.7328
  90.000       0.6459
  91.000       0.7019
  92.000       0.7775
  93.000       0.6751
  94.000       0.6777
  95.000       0.7864
  96.000       0.7637
  97.000       0.6785
  98.000       0.7556
  99.000       0.7824
 100.000       0.7481
 101.000       0.7074
 102.000       0.6437
 103.000       0.5628
 104.000       0.5345
 105.000       0.5893
 106.000       0.6155
 107.000       0.5399
 108.000       0.5617
 109.000       0.7503
 110.000       0.7897
 111.000       0.6931
 112.000       0.8557
 113.000       0.9516
 114.000       1.0399
 115.000       1.0541
 116.000       0.8604
 117.000       0.9178
 118.000       0.9619
 119.000       1.0092
 120.000       1.0261
 121.000       0.9589
 122.000       1.1560
 123.000       1.1491
 124.000       1.4412
 125.000       1.3640
 126.000       1.0937
 127.000       1.2048
 128.000       1.5132
 129.000       1.5741
 130.000       1.1165
 131.000       1.2846
 132.000       3.0707
 133.000       4.1875
 134.000       3.5650
 135.000       3.7049
 136.000       3.3859
 137.000       4.2946
 138.000       4.5335
 139.000       3.7141
 140.000       4.2248
 141.000       4.3869
 142.000       4.6679
 143.000       4.8201
 144.000       4.5590
 145.000       4.2907
 146.000       3.4494
 147.000       2.7333
 148.000       2.5219
 149.000       2.1003
 150.000       2.1838
 151.000       2.2415
 152.000       1.7093
 153.000       1.7158
 154.000       2.0282
 155.000       1.9381
 156.000       1.6742
 157.000       1.8872
 158.000       2.0496
 159.000       1.9435
 160.000       2.1819
 161.000       2.1395
 162.000       1.9865
 163.000       1.4757
 164.000       0.9219
 165.000       0.7602
 166.000       0.6504
 167.000       0.6220
 168.000       0.7559
 169.000       0.7218
 170.000       0.6728
 171.000       0.7913
 172.000       0.8532
 173.000       0.8290
 174.000       0.9970
 175.000       1.3367
 176.000       1.3538
 177.000       1.2825
 178.000       2.3887
 179.000       2.9495
 180.000       2.8042
 181.000       2.4174
 182.000       2.2431
 183.000       2.7838
 184.000       1.9344
 185.000       1.9493
 186.000       1.7128
 187.000       1.4172
 188.000       1.1076
 189.000       1.1393
 190.000       1.0014
 191.000       0.8925
 192.000       0.9862
 193.000       0.9803
 194.000       0.7936
 195.000       0.8672
 196.000       1.0144
 197.000       0.9492
 198.000       0.8760
 199.000       0.9695
 200.000       1.0294
 201.000       0.8484
 202.000       0.9189
 203.000       1.0512
 204.000       1.0273
 205.000       1.0001
 206.000       1.1253
 207.000       1.4063
 208.000       1.6742
 209.000       1.6094
 210.000       2.1157
 211.000       3.0843
 212.000       2.7963
 213.000       1.6740
 214.000       1.3796
 215.000       1.2210
 216.000       1.0434
 217.000       0.9166
 218.000       0.7978
 219.000       0.7433
 220.000       0.6981
 221.000       0.7412
 222.000       0.7460
 223.000       0.6864
 224.000       0.5801
 225.000       0.5727
 226.000       0.6350
 227.000       0.5869
 228.000       0.5485
 229.000       0.6302
 230.000       0.6996
 231.000       0.6487
 232.000       0.7099
 233.000       0.8136
 234.000       0.8253
 235.000       0.8358
 236.000       0.9395
 237.000       1.2100
 238.000       0.9108
 239.000       1.0791
 240.000       0.9512
 241.000       0.7952
 242.000       0.8779
 243.000       0.8759
 244.000       0.7433
 245.000       0.7372
 246.000       0.8201
 247.000       0.7857
 248.000       0.7078
 249.000       0.7670
 250.000       0.8124
 251.000       0.8598
 252.000       0.9739
 253.000       1.1581
 254.000       1.0590
 255.000       0.8394
 256.000       0.8862
 257.000       1.2164
 258.000       0.8953
 259.000       0.8299
 260.000       0.7965
 261.000       0.6729
 262.000       0.6205
 263.000       0.6339
 264.000       0.5979
 265.000       0.5618
 266.000       0.5507
 267.000       0.5301
 268.000       0.5077
 269.000       0.5690
 270.000       0.5159
 271.000       0.4627
 272.000       0.4525
 273.000       0.4567
 274.000       0.5014
 275.000       0.4966
 276.000       0.5478
 277.000       0.5714
 278.000       0.6528
 279.000       0.5308
 280.000       0.5167
 281.000       0.5747
 282.000       0.6703
 283.000       0.6574
 284.000       0.6580
 285.000       0.7092
 286.000       0.8245
 287.000       0.8252
 288.000       0.9588
 289.000       0.9268
 290.000       1.1051
 291.000       1.1128
 292.000       1.2188
 293.000       0.8839
 294.000       0.8343
 295.000       0.7572
 296.000       0.7231
 297.000       0.6475
 298.000       0.6327
 299.000       0.6537
 300.000       0.5703
 301.000       0.5842
 302.000       0.6171
 303.000       0.5771
 304.000       0.5436
 305.000       0.6001
 306.000       0.6234
 307.000       0.5684
 308.000       0.5283
 309.000       0.5923
 310.000       0.5914
 311.000       0.5717
 312.000       0.6036
 313.000       0.6174
 314.000       0.5682
 315.000       0.5363
 316.000       0.5943
 317.000       0.6300
 318.000       0.6312
 319.000       0.6775
 320.000       0.7367
 321.000       0.7210
 322.000       0.7221
 323.000       0.7807
 324.000       0.8861
 325.000       0.9833
 326.000       1.0009
 327.000       1.0593
 328.000       0.9485
 329.000       0.8984
 330.000       0.8282
 331.000       0.8698
 332.000       0.8853
 333.000       0.8258
 334.000       0.7850
 335.000       0.8249
 336.000       0.8904
 337.000       0.9153
 338.000       0.7829
 339.000       0.6565
 340.000       0.6526
 341.000       0.6556
 342.000       0.5805
 343.000       0.5864
 344.000       0.6338
 345.000       0.5927
 346.000       0.6534
 347.000       0.6814
 348.000       0.6482
 349.000       0.6668
 350.000       0.7129
 351.000       0.8015
 352.000       0.8646
 353.000       0.9703
 354.000       0.9063
 355.000       0.7271
 356.000       0.6845
 357.000       0.6856
 358.000       0.6091
 359.000       0.5625
 360.000       0.5830
 361.000       0.5529
 362.000       0.4765
 363.000       0.4610
 364.000       0.5102
 365.000       0.4937
 366.000       0.5015
 367.000       0.4945
 368.000       0.5076
 369.000       0.5659
 370.000       0.6491
 371.000       0.6923
 372.000       0.6881
 373.000       0.7147
 374.000       0.7518
 375.000       0.6971
 376.000       0.5739
 377.000       0.5688
 378.000       0.6344
 379.000       0.6854
 380.000       0.6540
 381.000       0.6746
 382.000       0.9754
 383.000       1.1432
 384.000       0.9557
 385.000       1.3388
 386.000       1.8825
 387.000       1.7615
 388.000       1.4534
 389.000       1.8522
 390.000       2.0474
 391.000       3.2324
 392.000       2.2653
 393.000       2.2735
 394.000       1.8106
 395.000       1.7889
 396.000       1.7493
 397.000       1.4196
 398.000       1.3391
 399.000       1.2104
 400.000       1.1329
 401.000       1.1286
 402.000       1.1137
 403.000       1.0378
 404.000       1.0644
 405.000       1.1141
 406.000       1.1348
 407.000       1.0821
 408.000       1.1048
 409.000       1.1108
 410.000       1.0743
 411.000       1.0491
 412.000       1.0296
 413.000       0.9970
 414.000       1.0285
 415.000       1.0147
 416.000       0.8681
 417.000       0.9719
 418.000       1.0709
 419.000       1.3012
 420.000       1.3369
 421.000       1.1639
 422.000       1.1483
 423.000       1.1267
 424.000       0.9827
 425.000       0.8843
 426.000       0.9507
 427.000       0.8538
 428.000       0.7716
 429.000       0.8870
 430.000       0.9450
 431.000       0.7540
 432.000       0.8228
 433.000       0.9050
 434.000       0.8613
 435.000       0.8344
 436.000       0.7355
 437.000       0.7055
 438.000       0.6482
 439.000       0.6982
 440.000       0.6821
 441.000       0.6236
 442.000       0.6537
 443.000       0.7263
 444.000       0.6847
 445.000       0.7207
 446.000       0.8697
 447.000       0.7987
 448.000       0.7649
 449.000       0.7792
 450.000       0.8647
 451.000       0.8893
 452.000       0.8916
 453.000       0.9576
 454.000       0.9762
 455.000       1.1671
 456.000       1.0333
 457.000       0.8663
 458.000       0.9413
 459.000       1.0702
 460.000       1.0798
 461.000       0.9262
 462.000       1.0922
 463.000       1.3116
 464.000       1.2571
 465.000       1.3723
 466.000       1.4313
 467.000       1.4954
 468.000       1.3480
 469.000       1.3671
 470.000       1.2692
 471.000       1.1241
 472.000       0.9699
 473.000       0.8122
 474.000       0.8082
 475.000       0.7840
 476.000       0.6367
 477.000       0.6828
 478.000       0.8522
 479.000       0.7351
 480.000       0.6543
 481.000       0.7419
 482.000       0.7371
 483.000       0.7026
 484.000       0.6121
 485.000       0.6261
 486.000       0.7235
 487.000       0.7061
 488.000       0.6520
 489.000       0.7128
 490.000       0.8279
 491.000       0.7841
 492.000       0.7590
 493.000       0.8935
 494.000       1.0492
 495.000       1.0693
 496.000       1.0004
 497.000       1.5168
 498.000       1.2704
 499.000       1.2977
 500.000       1.5010
 501.000       1.6343
 502.000       2.1418
 503.000       2.2403
 504.000       2.0062
 505.000       1.6631
 506.000       1.4329
 507.000       1.5460
 508.000       1.4507
 509.000       1.6318
 510.000       1.4744
 511.000       1.2550
 512.000       1.4199
 513.000       1.4298
 514.000       1.1687
 515.000       1.2619
 516.000       1.4057
 517.000       1.2361
 518.000       1.2007
 519.000       1.4976
 520.000       1.4340
 521.000       1.6282
 522.000       1.4466
 523.000       0.9333
 524.000       0.7735
 525.000       0.9412
 526.000       1.0877
 527.000       0.9811
 528.000       0.8845
 529.000       1.2656
 530.000       1.5453
 531.000       1.5228
 532.000       1.5653
 533.000       2.0495
 534.000       2.3144
 535.000       2.2418
 536.000       2.3693
 537.000       2.9900
 538.000       3.2734
 539.000       3.5436
 540.000       3.5432
 541.000       3.2892
 542.000       3.2707
 543.000       3.0499
 544.000       2.6801
 545.000       2.5900
 546.000       2.6073
 547.000       2.5153
 548.000       2.3573
 549.000       2.2657
 550.000       2.8710
 551.000       4.1552
 554.000      51.9494
