#Res        AtomicFlx
   1.000       7.0429
   2.000       4.6291
   3.000       3.4534
   4.000       2.8704
   5.000       1.6225
   6.000       1.4200
   7.000       2.6013
   8.000       2.1090
   9.000       1.8412
  10.000       1.2945
  11.000       1.3164
  12.000       1.0656
  13.000       1.1940
  14.000       0.9960
  15.000       0.9855
  16.000       0.8876
  17.000       1.0476
  18.000       0.9441
  19.000       0.8576
  20.000       0.8189
  21.000       0.9733
  22.000       0.7455
  23.000       0.8545
  24.000       0.7019
  25.000       0.5771
  26.000       1.1054
  27.000       0.8231
  28.000       0.8788
  29.000       0.6314
  30.000       0.8159
  31.000       1.5589
  32.000       1.0515
  33.000       1.1191
  34.000       2.2188
  35.000       1.7057
  36.000       1.0981
  37.000       1.3751
  38.000       1.0993
  39.000       1.2082
  40.000       1.4703
  41.000       1.1297
  42.000       1.2419
  43.000       1.2978
  44.000       1.1070
  45.000       0.7241
  46.000       1.3295
  47.000       1.3827
  48.000       1.5797
  49.000       0.9960
  50.000       1.2250
  51.000       1.4264
  52.000       0.9510
  53.000       0.7764
  54.000       1.2795
  55.000       0.6912
  56.000       0.8952
  57.000       0.9592
  58.000       0.7315
  59.000       0.8214
  60.000       0.6778
  61.000       1.0089
  62.000       0.7913
  63.000       1.0473
  64.000       0.7237
  65.000       0.8914
  66.000       1.3214
  67.000       0.8905
  68.000       1.2136
  69.000       0.9596
  70.000       0.6974
  71.000       0.7566
  72.000       0.7486
  73.000       0.6271
  74.000       0.7146
  75.000       0.6574
  76.000       1.0378
  77.000       1.5685
  78.000       1.2138
  79.000       1.1280
  80.000       1.3715
  81.000       0.8164
  82.000       0.8661
  83.000       0.5298
  84.000       0.6318
  85.000       0.5183
  86.000       0.8987
  87.000       0.5743
  88.000       0.6167
  89.000       0.6940
  90.000       0.9405
  91.000       0.6427
  92.000       0.5647
  93.000       0.9618
  94.000       1.0856
  95.000       0.7407
  96.000       0.7313
  97.000       1.2217
  98.000       0.7425
  99.000       0.9780
 100.000       0.9477
 101.000       0.8367
 102.000       0.9820
 103.000       0.8849
 104.000       0.6843
 105.000       0.6499
 106.000       0.6583
 107.000       0.8414
 108.000       0.8865
 109.000       0.6324
 110.000       0.7571
 111.000       1.2006
 112.000       0.9135
 113.000       0.6960
 114.000       1.5305
 115.000       2.0107
 116.000       2.5402
 117.000       2.0553
 118.000       1.0906
 119.000       1.0766
 120.000       0.9521
 121.000       1.5482
 122.000       1.8787
 123.000       1.3310
 124.000       1.7237
 125.000       1.4387
 126.000       1.5167
 127.000       1.2177
 128.000       1.3799
 129.000       1.6291
 130.000       2.0180
 131.000       2.2010
 132.000       1.3521
 133.000       1.6325
 134.000       2.3246
 135.000       3.4550
 136.000       4.4611
 137.000       5.4148
 138.000       6.6585
 139.000       8.2842
 140.000       9.5767
 141.000      10.6726
 142.000      11.3753
 143.000      12.9002
 144.000      10.6233
 145.000       9.2860
 146.000       7.7694
 147.000       7.0202
 148.000       5.7719
 149.000       4.6366
 150.000       3.3810
 151.000       3.7091
 152.000       1.8185
 153.000       1.5357
 154.000       1.2385
 155.000       0.9258
 156.000       0.8067
 157.000       0.8234
 158.000       1.0690
 159.000       0.8394
 160.000       0.7131
 161.000       1.0361
 162.000       1.3479
 163.000       1.0102
 164.000       0.8685
 165.000       0.9252
 166.000       1.3087
 167.000       1.1135
 168.000       2.1681
 169.000       2.5797
 170.000       2.1235
 171.000       1.6414
 172.000       1.0412
 173.000       1.0015
 174.000       1.4483
 175.000       1.6274
 176.000       1.0496
 177.000       0.9162
 178.000       1.0710
 179.000       0.9102
 180.000       1.1379
 181.000       1.4895
 182.000       1.6360
 183.000       1.2020
 184.000       0.9116
 185.000       0.9274
 186.000       0.8037
 187.000       0.9967
 188.000       1.0408
 189.000       1.2278
 190.000       0.9177
 191.000       1.0916
 192.000       1.2443
 193.000       1.2505
 194.000       1.0611
 195.000       1.3553
 196.000       1.5545
 197.000       1.1733
 198.000       1.3906
 199.000       1.7950
 200.000       2.7742
 201.000       2.0626
 202.000       3.9326
 203.000       4.2649
 204.000       2.5187
 205.000       2.8143
 206.000       2.0019
 207.000       2.7419
 208.000       1.9539
 209.000       1.4477
 210.000       1.6755
 211.000       1.4748
 212.000       1.4029
 213.000       1.2037
 214.000       0.9820
 215.000       1.7017
 216.000       0.8425
 217.000       1.0508
 218.000       0.8817
 219.000       0.7913
 220.000       1.1404
 221.000       0.8560
 222.000       0.8011
 223.000       0.9716
 224.000       1.1240
 225.000       1.3067
 226.000       0.9656
 227.000       0.8587
 228.000       1.2136
 229.000       1.2030
 230.000       1.0999
 231.000       1.1552
 232.000       0.9813
 233.000       0.9833
 234.000       1.2357
 235.000       1.1689
 236.000       0.8545
 237.000       1.1087
 238.000       1.4978
 239.000       0.9600
 240.000       0.7463
 241.000       1.0893
 242.000       1.1369
 243.000       1.4170
 244.000       1.5840
 245.000       2.3822
 246.000       2.6575
 247.000       1.6305
 248.000       1.4843
 249.000       1.5890
 250.000       1.5291
 251.000       0.9606
 252.000       1.0082
 253.000       0.9783
 254.000       1.0847
 255.000       0.8780
 256.000       0.7260
 257.000       0.6705
 258.000       0.6442
 259.000       0.6559
 260.000       0.5534
 261.000       0.6457
 262.000       0.5658
 263.000       0.5781
 264.000       0.5226
 265.000       0.6803
 266.000       0.5453
 267.000       0.8928
 268.000       0.5406
 269.000       0.8149
 270.000       0.5575
 271.000       0.6746
 272.000       0.6955
 273.000       0.6695
 274.000       0.6986
 275.000       0.9786
 276.000       0.7144
 277.000       0.8397
 278.000       1.2682
 279.000       0.9724
 280.000       1.5446
 281.000       1.2801
 282.000       1.2102
 283.000       1.3725
 284.000       1.1412
 285.000       1.2909
 286.000       1.3763
 287.000       2.1289
 288.000       1.0252
 289.000       0.7424
 290.000       0.9592
 291.000       0.8129
 292.000       0.8126
 293.000       0.8240
 294.000       0.6787
 295.000       0.7937
 296.000       0.5538
 297.000       0.7389
 298.000       1.0199
 299.000       0.5882
 300.000       0.5151
 301.000       1.2065
 302.000       0.7693
 303.000       0.8433
 304.000       0.7066
 305.000       1.4016
 306.000       0.9417
 307.000       0.8146
 308.000       1.0898
 309.000       0.8757
 310.000       1.1129
 311.000       1.1141
 312.000       0.8940
 313.000       1.0261
 314.000       1.2654
 315.000       1.0961
 316.000       1.9451
 317.000       1.9118
 318.000       1.5750
 319.000       1.5107
 320.000       1.4708
 321.000       1.2465
 322.000       1.4798
 323.000       1.2664
 324.000       1.4820
 325.000       1.2812
 326.000       1.1471
 327.000       1.3334
 328.000       1.2959
 329.000       0.7674
 330.000       0.7457
 331.000       0.6489
 332.000       0.8573
 333.000       1.0634
 334.000       0.6316
 335.000       0.7961
 336.000       1.0178
 337.000       1.3399
 338.000       0.7509
 339.000       1.2489
 340.000       0.8686
 341.000       0.9573
 342.000       0.9673
 343.000       1.3670
 344.000       1.1865
 345.000       1.0131
 346.000       1.0901
 347.000       0.7323
 348.000       0.8442
 349.000       0.7290
 350.000       0.7255
 351.000       0.6480
 352.000       0.7155
 353.000       0.9075
 354.000       0.6571
 355.000       0.6127
 356.000       1.0320
 357.000       0.8879
 358.000       0.9925
 359.000       1.1776
 360.000       0.9227
 361.000       1.1701
 362.000       0.9403
 363.000       1.1996
 364.000       1.0987
 365.000       0.7323
 366.000       0.6928
 367.000       1.2903
 368.000       0.8097
 369.000       0.7499
 370.000       0.9131
 371.000       1.4046
 372.000       1.3404
 373.000       0.8293
 374.000       1.0523
 375.000       1.2358
 376.000       0.8320
 377.000       0.8988
 378.000       1.0815
 379.000       1.0323
 380.000       0.9693
 381.000       1.0830
 382.000       2.0048
 383.000       1.8080
 384.000       1.3602
 385.000       1.7695
 386.000       2.6775
 387.000       1.9249
 388.000       2.2624
 389.000       1.8473
 390.000       1.7451
 391.000       1.0979
 392.000       1.0799
 393.000       1.3316
 394.000       1.6234
 395.000       1.0195
 396.000       1.1707
 397.000       1.3193
 398.000       0.9179
 399.000       0.9346
 400.000       1.0076
 401.000       1.1219
 402.000       0.9928
 403.000       0.8029
 404.000       1.1253
 405.000       1.2554
 406.000       0.8450
 407.000       0.8865
 408.000       0.9214
 409.000       1.0037
 410.000       0.7351
 411.000       0.6455
 412.000       0.7361
 413.000       0.7463
 414.000       0.7159
 415.000       0.5838
 416.000       0.6542
 417.000       0.8261
 418.000       0.6793
 419.000       0.7509
 420.000       1.2681
 421.000       0.6277
 422.000       0.6137
 423.000       0.6513
 424.000       0.5917
 425.000       0.8967
 426.000       0.5772
 427.000       0.8388
 428.000       0.7167
 429.000       0.9702
 430.000       0.5563
 431.000       0.9319
 432.000       0.6518
 433.000       0.8341
 434.000       0.5501
 435.000       0.5867
 436.000       0.9522
 437.000       0.5380
 438.000       0.9449
 439.000       0.6913
 440.000       1.7744
 441.000       1.0909
 442.000       1.0690
 443.000       0.6393
 444.000       0.7816
 445.000       0.7298
 446.000       1.2243
 447.000       0.7057
 448.000       0.7464
 449.000       1.0864
 450.000       0.8509
 451.000       0.9550
 452.000       1.3029
 453.000       1.5722
 454.000       1.1505
 455.000       1.3220
 456.000       1.3316
 457.000       2.0198
 458.000       1.9032
 459.000       1.0192
 460.000       1.2975
 461.000       1.2962
 462.000       1.1858
 463.000       1.0099
 464.000       0.9482
 465.000       1.1351
 466.000       0.7076
 467.000       0.6687
 468.000       1.1782
 469.000       1.1085
 470.000       0.8603
 471.000       0.8099
 472.000       0.6774
 473.000       1.0561
 474.000       1.4133
 475.000       1.0918
 476.000       0.8929
 477.000       1.3257
 478.000       1.0564
 479.000       0.8199
 480.000       0.8826
 481.000       0.9452
 482.000       0.9246
 483.000       1.1017
 484.000       1.3303
 485.000       1.1761
 486.000       1.2463
 487.000       2.9008
 488.000       1.2717
 489.000       1.1168
 490.000       1.8304
 491.000       1.2187
 492.000       1.3778
 493.000       1.5664
 494.000       1.0946
 495.000       1.5101
 496.000       1.2878
 497.000       1.1041
 498.000       1.3570
 499.000       1.1461
 500.000       0.8847
 501.000       1.0456
 502.000       0.9076
 503.000       1.0687
 504.000       0.6681
 505.000       0.8588
 506.000       0.9376
 507.000       0.9323
 508.000       0.7632
 509.000       1.0457
 510.000       0.9179
 511.000       0.8259
 512.000       0.7488
 513.000       0.8026
 514.000       0.9889
 515.000       0.7669
 516.000       0.8260
 517.000       1.3453
 518.000       1.1861
 519.000       0.9215
 520.000       0.9992
 521.000       1.5397
 522.000       1.4770
 523.000       1.8755
 524.000       1.7294
 525.000       1.8843
 526.000       2.0346
 527.000       2.6041
 528.000       2.5416
 529.000       2.4527
 530.000       2.5239
 531.000       2.5866
 532.000       2.2736
 533.000       1.9067
 534.000       2.1339
 535.000       1.8643
 536.000       1.6511
 537.000       1.7023
 538.000       2.1344
 539.000       1.6718
 540.000       1.5149
 541.000       1.6520
 542.000       3.4549
 543.000       3.7446
 544.000       4.8670
 545.000       3.9979
 546.000       6.2227
 547.000       9.0971
 548.000      11.6631
 549.000      10.1554
 550.000       5.4881
 551.000       8.7828
 552.000      12.4512
 553.000      14.0695
 554.000      13.3216
 555.000       8.8041
 556.000      12.8091
 557.000      16.6753
 558.000      18.0860
 559.000      18.3369
 560.000       0.7991
 561.000       1.3672
 562.000       0.5675
 563.000      51.4646
 564.000      52.4446
 565.000      51.5639
 566.000      51.1428
 567.000      52.4318
 568.000      51.3363
 569.000      50.1523
 570.000      50.1195
 571.000      51.8872
 572.000      49.4249
 573.000      51.2435
 574.000      52.2204
 575.000      48.9828
 576.000      48.5398
 577.000      49.8653
 578.000      50.3512
 579.000      51.1040
 580.000      50.8664
 581.000      52.2809
 582.000      52.2971
 583.000      50.3022
 584.000      52.1628
 585.000      50.1499
 586.000      51.7315
 587.000      51.3206
 588.000      50.4584
 589.000      50.8011
 590.000      51.4941
 591.000      52.7320
 592.000      50.4391
 593.000      51.0549
 594.000      50.5703
 595.000      50.1678
 596.000      50.9581
 597.000      50.8660
 598.000      50.1895
 599.000      51.1920
 600.000      50.8648
 601.000      52.0539
 602.000      51.1068
 603.000      52.7723
 604.000      50.2800
 605.000      51.6038
 606.000      52.7766
 607.000      51.6292
 608.000      51.9031
 609.000      51.8369
 610.000       0.5786
 611.000      53.6229
 612.000      53.0400
 613.000      53.2133
 614.000      52.7050
 615.000      52.9151
 616.000      53.4778
 617.000      53.2121
 618.000      53.0847
 619.000      53.6513
 620.000      53.6414
 621.000      53.3796
 622.000      53.9589
 623.000      53.6636
 624.000      53.7063
 625.000      53.8541
 626.000      53.4025
 627.000      53.7516
 628.000      53.4879
 629.000      53.3998
 630.000      54.0591
 631.000      53.4500
 632.000      53.0779
 633.000      53.6424
 634.000      53.0244
 635.000      53.6399
 636.000      53.7064
 637.000      53.6811
 638.000      53.5892
 639.000      53.4389
 640.000      53.5411
 641.000      53.2937
 642.000      53.5759
 643.000      53.7345
 644.000      52.8630
 645.000      53.5097
 646.000      53.5034
 647.000      53.4745
 648.000      53.1839
 649.000      53.5767
 650.000      53.5834
 651.000      52.8020
 652.000      52.6049
 653.000      53.1623
 654.000      53.5351
 655.000      53.5989
