#Res        AtomicFlx
   1.000       4.7067
   2.000       2.3432
   3.000       0.8849
   4.000       1.3790
   5.000       0.9884
   6.000       0.7441
   7.000       1.0170
   8.000       1.3010
   9.000       1.0959
  10.000       1.2496
  11.000       0.9257
  12.000       0.6221
  13.000       1.0375
  14.000       0.8227
  15.000       0.6123
  16.000       0.8539
  17.000       0.7352
  18.000       0.5573
  19.000       0.6632
  20.000       0.6949
  21.000       0.9455
  22.000       0.8463
  23.000       1.1110
  24.000       0.9946
  25.000       0.7552
  26.000       1.0509
  27.000       1.0115
  28.000       1.5670
  29.000       0.7565
  30.000       0.7878
  31.000       0.9481
  32.000       1.0499
  33.000       0.9444
  34.000       0.9889
  35.000       1.6115
  36.000       0.9281
  37.000       1.1242
  38.000       1.1736
  39.000       1.2779
  40.000       1.1842
  41.000       0.8793
  42.000       1.1782
  43.000       1.0011
  44.000       0.8297
  45.000       0.7527
  46.000       1.2851
  47.000       1.0006
  48.000       0.8279
  49.000       0.9014
  50.000       1.1293
  51.000       0.9137
  52.000       0.7904
  53.000       0.6761
  54.000       0.9144
  55.000       0.6390
  56.000       0.7800
  57.000       0.9247
  58.000       0.7344
  59.000       0.7527
  60.000       0.5076
  61.000       0.6723
  62.000       0.5932
  63.000       0.8589
  64.000       0.4882
  65.000       0.6594
  66.000       0.6414
  67.000       0.7055
  68.000       0.8303
  69.000       0.7934
  70.000       0.5360
  71.000       0.6787
  72.000       0.7010
  73.000       0.6316
  74.000       0.8112
  75.000       0.9340
  76.000       1.2231
  77.000       1.0864
  78.000       0.9766
  79.000       0.8278
  80.000       1.1962
  81.000       1.0630
  82.000       0.8857
  83.000       0.6481
  84.000       0.9034
  85.000       0.5744
  86.000       0.9990
  87.000       0.6956
  88.000       0.6309
  89.000       0.7011
  90.000       0.9172
  91.000       0.9201
  92.000       0.5800
  93.000       0.7681
  94.000       0.8078
  95.000       0.6751
  96.000       0.6852
  97.000       1.1250
  98.000       1.0624
  99.000       0.8780
 100.000       0.7546
 101.000       0.8117
 102.000       0.6760
 103.000       0.7987
 104.000       0.6245
 105.000       0.6166
 106.000       0.6531
 107.000       1.0141
 108.000       0.7734
 109.000       0.7355
 110.000       0.7779
 111.000       1.1770
 112.000       0.8282
 113.000       0.7953
 114.000       1.4135
 115.000       1.6799
 116.000       1.7459
 117.000       1.5906
 118.000       0.9369
 119.000       0.9514
 120.000       0.8966
 121.000       1.5888
 122.000       1.8863
 123.000       1.4269
 124.000       2.7423
 125.000       5.0231
 126.000       3.9363
 127.000       3.2168
 128.000       1.8840
 129.000       1.9663
 130.000       2.4509
 131.000       2.5785
 132.000       1.7907
 133.000       2.0815
 134.000       3.2450
 135.000       2.9756
 136.000       4.4007
 137.000       4.6532
 138.000       5.9893
 139.000       8.5087
 140.000       9.0829
 141.000       9.4081
 142.000      10.2859
 143.000      11.9739
 144.000      10.2071
 145.000       9.9453
 146.000       8.1835
 147.000       7.1577
 148.000       4.9438
 149.000       3.3043
 150.000       2.4934
 151.000       3.1059
 152.000       1.7313
 153.000       1.2435
 154.000       1.0281
 155.000       0.8530
 156.000       0.7789
 157.000       0.7831
 158.000       0.9759
 159.000       0.7845
 160.000       1.0368
 161.000       1.1958
 162.000       1.6146
 163.000       0.8503
 164.000       0.9014
 165.000       0.9178
 166.000       1.1101
 167.000       1.2961
 168.000       1.7583
 169.000       2.3457
 170.000       1.6652
 171.000       1.4340
 172.000       1.0147
 173.000       1.1117
 174.000       1.4748
 175.000       1.2596
 176.000       1.0952
 177.000       0.9068
 178.000       1.0431
 179.000       0.8415
 180.000       1.2786
 181.000       1.8055
 182.000       1.6275
 183.000       1.0559
 184.000       0.7276
 185.000       0.7362
 186.000       0.6532
 187.000       0.7717
 188.000       0.8451
 189.000       1.1960
 190.000       0.8634
 191.000       0.9645
 192.000       0.9873
 193.000       1.2321
 194.000       1.2144
 195.000       1.2028
 196.000       1.7266
 197.000       1.3292
 198.000       1.1268
 199.000       1.4275
 200.000       2.0039
 201.000       1.5718
 202.000       1.4611
 203.000       2.0534
 204.000       1.9396
 205.000       1.6654
 206.000       1.7725
 207.000       2.3687
 208.000       1.6776
 209.000       1.4663
 210.000       1.7150
 211.000       1.4921
 212.000       1.0977
 213.000       1.1298
 214.000       1.1050
 215.000       1.4311
 216.000       0.7914
 217.000       1.1177
 218.000       0.8925
 219.000       0.7649
 220.000       1.1450
 221.000       0.8204
 222.000       0.7177
 223.000       0.9414
 224.000       0.9745
 225.000       1.1462
 226.000       0.7584
 227.000       0.7377
 228.000       0.9628
 229.000       0.9071
 230.000       0.9261
 231.000       0.9705
 232.000       0.8184
 233.000       0.8624
 234.000       1.1440
 235.000       1.2135
 236.000       0.7985
 237.000       1.0259
 238.000       2.3601
 239.000       1.0935
 240.000       0.9890
 241.000       1.4826
 242.000       1.4851
 243.000       1.8675
 244.000       1.6802
 245.000       1.5779
 246.000       2.4415
 247.000       1.9983
 248.000       1.4086
 249.000       1.8485
 250.000       1.7754
 251.000       1.4402
 252.000       1.4374
 253.000       1.2635
 254.000       1.2479
 255.000       1.4331
 256.000       1.1485
 257.000       0.8997
 258.000       0.9873
 259.000       1.2069
 260.000       0.9208
 261.000       0.9899
 262.000       1.2340
 263.000       1.9357
 264.000       0.8636
 265.000       1.5047
 266.000       0.7193
 267.000       0.7512
 268.000       0.5548
 269.000       0.8974
 270.000       0.4652
 271.000       0.5929
 272.000       0.5730
 273.000       0.5672
 274.000       0.5558
 275.000       0.8473
 276.000       0.4522
 277.000       0.5654
 278.000       0.9834
 279.000       0.6844
 280.000       1.6266
 281.000       1.0740
 282.000       1.1733
 283.000       1.7061
 284.000       1.2133
 285.000       1.2780
 286.000       1.0383
 287.000       1.5447
 288.000       0.9191
 289.000       0.7878
 290.000       0.8126
 291.000       0.9605
 292.000       0.7578
 293.000       0.8518
 294.000       0.6877
 295.000       0.8470
 296.000       0.6577
 297.000       0.8494
 298.000       1.0345
 299.000       0.6717
 300.000       0.6796
 301.000       1.2484
 302.000       0.7570
 303.000       0.7077
 304.000       0.7169
 305.000       1.0717
 306.000       0.8281
 307.000       0.7879
 308.000       0.7724
 309.000       0.6509
 310.000       1.0024
 311.000       0.8930
 312.000       0.7021
 313.000       0.8402
 314.000       1.2372
 315.000       0.9207
 316.000       1.6023
 317.000       1.8982
 318.000       1.3522
 319.000       1.2421
 320.000       1.2351
 321.000       1.0732
 322.000       1.2453
 323.000       0.9284
 324.000       1.2312
 325.000       1.1545
 326.000       0.9287
 327.000       1.2351
 328.000       0.9809
 329.000       0.6613
 330.000       0.7634
 331.000       0.7049
 332.000       0.7848
 333.000       0.7986
 334.000       0.6736
 335.000       0.7854
 336.000       0.9856
 337.000       1.1517
 338.000       0.8333
 339.000       1.0487
 340.000       0.7798
 341.000       0.8962
 342.000       0.8993
 343.000       1.2285
 344.000       1.0640
 345.000       0.9552
 346.000       1.0490
 347.000       0.7738
 348.000       0.9072
 349.000       0.7978
 350.000       0.7176
 351.000       0.7121
 352.000       0.8803
 353.000       0.9357
 354.000       0.6788
 355.000       0.6880
 356.000       0.9574
 357.000       0.9236
 358.000       1.0633
 359.000       1.0864
 360.000       0.8075
 361.000       1.0325
 362.000       0.6451
 363.000       0.8265
 364.000       0.6228
 365.000       0.7236
 366.000       0.6958
 367.000       1.4936
 368.000       0.5579
 369.000       0.5625
 370.000       0.9065
 371.000       0.9014
 372.000       0.5677
 373.000       0.6759
 374.000       0.8762
 375.000       0.7184
 376.000       0.6116
 377.000       0.7695
 378.000       0.8483
 379.000       0.6538
 380.000       0.9039
 381.000       0.8508
 382.000       1.5060
 383.000       1.2164
 384.000       0.9654
 385.000       1.2588
 386.000       2.0397
 387.000       1.3457
 388.000       1.7657
 389.000       1.4928
 390.000       1.3604
 391.000       0.8540
 392.000       0.9355
 393.000       1.1725
 394.000       1.6390
 395.000       0.8803
 396.000       1.0965
 397.000       1.2583
 398.000       0.8097
 399.000       0.7762
 400.000       0.9868
 401.000       1.1412
 402.000       0.9765
 403.000       0.8070
 404.000       1.0646
 405.000       1.1139
 406.000       0.7449
 407.000       0.9557
 408.000       0.7487
 409.000       0.9255
 410.000       0.7451
 411.000       0.6828
 412.000       0.8363
 413.000       0.8470
 414.000       0.8057
 415.000       0.8659
 416.000       0.8013
 417.000       0.9681
 418.000       0.8219
 419.000       0.9816
 420.000       1.1710
 421.000       0.8819
 422.000       0.7867
 423.000       0.8505
 424.000       1.0179
 425.000       1.1431
 426.000       0.7963
 427.000       0.9633
 428.000       0.9962
 429.000       1.7471
 430.000       0.7804
 431.000       1.0077
 432.000       0.7622
 433.000       1.1027
 434.000       0.8457
 435.000       0.7159
 436.000       0.8788
 437.000       0.7114
 438.000       1.0498
 439.000       0.8473
 440.000       0.9048
 441.000       1.1464
 442.000       0.7526
 443.000       0.7067
 444.000       0.9141
 445.000       0.6417
 446.000       1.0240
 447.000       0.6151
 448.000       0.5750
 449.000       0.8400
 450.000       0.6504
 451.000       0.7260
 452.000       1.0513
 453.000       1.3139
 454.000       0.9792
 455.000       1.3619
 456.000       1.5092
 457.000       2.1140
 458.000       1.5444
 459.000       0.9381
 460.000       1.4606
 461.000       1.5164
 462.000       1.3015
 463.000       0.9898
 464.000       1.1331
 465.000       1.4654
 466.000       0.7729
 467.000       0.6884
 468.000       1.1921
 469.000       1.4073
 470.000       0.8718
 471.000       0.8360
 472.000       0.7995
 473.000       1.0278
 474.000       0.8122
 475.000       0.8315
 476.000       1.0570
 477.000       1.2572
 478.000       1.1194
 479.000       1.0254
 480.000       1.0950
 481.000       1.2612
 482.000       1.2273
 483.000       1.3497
 484.000       1.4878
 485.000       1.5823
 486.000       1.8832
 487.000       2.8027
 488.000       1.6235
 489.000       1.4174
 490.000       1.7712
 491.000       1.3610
 492.000       1.8889
 493.000       1.9749
 494.000       1.2722
 495.000       1.8164
 496.000       1.3756
 497.000       1.2960
 498.000       1.7043
 499.000       1.3862
 500.000       1.1137
 501.000       1.5043
 502.000       1.2162
 503.000       1.2204
 504.000       0.8970
 505.000       2.0386
 506.000       1.0842
 507.000       0.9708
 508.000       0.9248
 509.000       1.1360
 510.000       0.8253
 511.000       0.8629
 512.000       1.4860
 513.000       1.1314
 514.000       1.1745
 515.000       1.0443
 516.000       1.1365
 517.000       1.4720
 518.000       1.5904
 519.000       1.0302
 520.000       1.2416
 521.000       1.5848
 522.000       1.3397
 523.000       1.5530
 524.000       1.5679
 525.000       1.5908
 526.000       1.4925
 527.000       2.0174
 528.000       1.9239
 529.000       1.8823
 530.000       2.2162
 531.000       2.4593
 532.000       1.8460
 533.000       1.4876
 534.000       1.7797
 535.000       1.5197
 536.000       1.7518
 537.000       1.2090
 538.000       1.7245
 539.000       1.1553
 540.000       1.1326
 541.000       1.5195
 542.000       3.8526
 543.000       5.0765
 544.000       7.6708
 545.000       5.6567
 546.000       9.2724
 547.000      13.3111
 548.000      15.6725
 549.000      15.3767
 550.000       4.8698
 551.000       8.0266
 552.000      10.9427
 553.000      11.9161
 554.000      12.6525
 555.000       7.0966
 556.000       9.4433
 557.000      11.9090
 558.000      13.0303
 559.000      14.3915
 560.000       0.8004
 561.000       0.6470
 562.000       0.9769
 563.000      50.6777
 564.000      50.1456
 565.000      50.6137
 566.000      51.4251
 567.000      52.0802
 568.000      51.3719
 569.000      51.1778
 570.000      52.1739
 571.000      49.2328
 572.000      50.5907
 573.000      53.5670
 574.000      52.3906
 575.000      51.8348
 576.000      52.0784
 577.000      50.3634
 578.000      50.5289
 579.000      49.5609
 580.000      52.3856
 581.000      44.7048
 582.000      52.1712
 583.000      51.8545
 584.000      51.2848
 585.000      49.6306
 586.000      51.1417
 587.000      51.9925
 588.000      51.5579
 589.000      52.4993
 590.000      50.9215
 591.000      52.3316
 592.000      51.4782
 593.000      49.9775
 594.000      51.5230
 595.000      52.0335
 596.000      51.2993
 597.000      48.8299
 598.000      49.7370
 599.000      51.6267
 600.000      50.7251
 601.000      50.8026
 602.000      52.0908
 603.000      51.1693
 604.000      51.8055
 605.000      50.5422
 606.000      52.3376
 607.000      50.5616
 608.000      51.8491
 609.000      48.9057
 610.000       0.8623
 611.000      53.3042
 612.000      53.2565
 613.000      53.3213
 614.000      53.1107
 615.000      53.9100
 616.000      53.8044
 617.000      52.9684
 618.000      53.5599
 619.000      53.6142
 620.000      53.4715
 621.000      54.3221
 622.000      53.9237
 623.000      54.1161
 624.000      53.7203
 625.000      53.5148
 626.000      53.3692
 627.000      53.4334
 628.000      52.9677
 629.000      54.3853
 630.000      52.6701
 631.000      53.6481
 632.000      53.5610
 633.000      53.3883
 634.000      53.7264
 635.000      53.1151
 636.000      53.6709
 637.000      53.6790
 638.000      53.9776
 639.000      53.3449
 640.000      53.7479
 641.000      53.1046
 642.000      53.1993
 643.000      53.5428
 644.000      53.9565
 645.000      53.1554
 646.000      53.1664
 647.000      53.2224
 648.000      53.2643
 649.000      53.9959
 650.000      53.3051
 651.000      53.5660
 652.000      53.3505
 653.000      53.4847
 654.000      53.2659
 655.000      53.4846
