#Res        AtomicFlx
   1.000       4.7315
   2.000       2.2705
   3.000       0.8433
   4.000       1.4369
   5.000       0.9481
   6.000       0.7710
   7.000       0.9491
   8.000       1.3123
   9.000       0.9023
  10.000       1.0546
  11.000       0.9331
  12.000       0.9092
  13.000       1.0277
  14.000       0.8441
  15.000       0.6855
  16.000       0.9841
  17.000       0.9977
  18.000       0.5975
  19.000       0.6942
  20.000       0.8132
  21.000       1.1264
  22.000       1.0870
  23.000       1.2578
  24.000       1.3145
  25.000       1.2310
  26.000       1.1569
  27.000       0.8352
  28.000       1.0943
  29.000       0.6557
  30.000       0.8236
  31.000       1.2007
  32.000       1.0614
  33.000       1.0214
  34.000       1.8848
  35.000       1.6404
  36.000       1.0801
  37.000       1.3909
  38.000       1.0172
  39.000       0.9625
  40.000       1.0927
  41.000       0.8859
  42.000       1.0402
  43.000       1.1190
  44.000       0.9596
  45.000       0.9665
  46.000       1.2506
  47.000       1.1927
  48.000       1.0664
  49.000       0.8952
  50.000       0.9720
  51.000       1.0523
  52.000       0.7594
  53.000       0.6229
  54.000       0.6839
  55.000       0.5830
  56.000       0.7603
  57.000       0.8546
  58.000       0.5933
  59.000       0.7484
  60.000       0.5189
  61.000       0.6380
  62.000       0.5657
  63.000       0.9302
  64.000       0.4811
  65.000       0.5269
  66.000       0.6018
  67.000       0.5749
  68.000       0.6085
  69.000       0.7174
  70.000       0.4684
  71.000       0.6285
  72.000       0.6496
  73.000       0.5512
  74.000       0.6624
  75.000       0.9341
  76.000       1.2414
  77.000       1.0432
  78.000       1.1343
  79.000       0.8783
  80.000       0.9829
  81.000       1.0993
  82.000       0.9794
  83.000       0.5865
  84.000       0.8849
  85.000       0.5096
  86.000       0.9561
  87.000       0.6606
  88.000       0.6044
  89.000       0.6989
  90.000       0.9756
  91.000       0.6969
  92.000       0.5498
  93.000       0.8486
  94.000       0.9255
  95.000       0.6951
  96.000       0.6706
  97.000       1.1940
  98.000       0.9944
  99.000       0.7861
 100.000       0.7638
 101.000       0.7990
 102.000       0.8027
 103.000       0.7911
 104.000       0.6250
 105.000       0.6138
 106.000       0.6447
 107.000       0.9535
 108.000       0.7104
 109.000       0.8215
 110.000       0.7679
 111.000       1.5735
 112.000       0.9468
 113.000       0.7822
 114.000       1.4327
 115.000       1.7690
 116.000       2.0659
 117.000       1.8581
 118.000       0.9965
 119.000       1.0100
 120.000       0.8094
 121.000       1.1750
 122.000       1.2613
 123.000       0.9458
 124.000       1.3578
 125.000       1.3718
 126.000       1.4864
 127.000       1.3534
 128.000       1.1980
 129.000       1.4321
 130.000       1.6427
 131.000       1.8686
 132.000       1.0977
 133.000       1.3829
 134.000       1.7168
 135.000       3.0323
 136.000       3.7854
 137.000       5.1206
 138.000       5.2785
 139.000       5.5877
 140.000       6.5537
 141.000       7.2541
 142.000       7.8175
 143.000       9.2710
 144.000       8.2424
 145.000       8.1588
 146.000       7.6134
 147.000       8.7066
 148.000       7.9732
 149.000       5.2547
 150.000       4.0415
 151.000       5.3001
 152.000       2.1253
 153.000       1.5308
 154.000       0.9511
 155.000       0.6723
 156.000       0.6737
 157.000       0.7211
 158.000       0.9651
 159.000       0.7061
 160.000       0.6995
 161.000       0.9972
 162.000       1.4095
 163.000       0.7879
 164.000       0.8413
 165.000       0.8796
 166.000       1.0943
 167.000       1.1267
 168.000       2.0757
 169.000       2.5252
 170.000       2.0741
 171.000       3.3364
 172.000       1.5499
 173.000       1.4856
 174.000       2.0631
 175.000       1.5613
 176.000       1.1811
 177.000       0.9073
 178.000       1.0247
 179.000       0.8256
 180.000       1.1809
 181.000       2.2075
 182.000       1.5736
 183.000       1.1330
 184.000       0.7603
 185.000       0.7666
 186.000       0.6984
 187.000       0.7924
 188.000       0.8701
 189.000       1.1803
 190.000       0.8619
 191.000       0.7963
 192.000       0.8590
 193.000       1.1181
 194.000       0.9748
 195.000       1.0703
 196.000       1.4258
 197.000       1.0945
 198.000       1.1967
 199.000       1.3953
 200.000       1.5716
 201.000       1.1665
 202.000       1.9620
 203.000       2.6289
 204.000       2.1803
 205.000       2.0854
 206.000       1.6911
 207.000       2.1153
 208.000       1.3689
 209.000       1.2744
 210.000       2.1293
 211.000       1.2958
 212.000       1.0086
 213.000       1.0366
 214.000       0.9485
 215.000       1.4628
 216.000       0.8343
 217.000       0.9774
 218.000       0.9932
 219.000       0.8206
 220.000       1.0832
 221.000       0.8544
 222.000       0.7497
 223.000       1.0093
 224.000       1.0359
 225.000       1.1940
 226.000       0.7949
 227.000       0.7558
 228.000       1.1892
 229.000       0.9662
 230.000       0.9458
 231.000       0.9832
 232.000       0.7919
 233.000       0.8073
 234.000       1.2528
 235.000       1.0841
 236.000       0.7339
 237.000       1.1727
 238.000       1.4652
 239.000       0.9164
 240.000       0.6983
 241.000       0.9988
 242.000       1.0923
 243.000       1.2976
 244.000       1.7110
 245.000       2.3588
 246.000       2.9941
 247.000       1.8611
 248.000       1.9263
 249.000       2.1821
 250.000       2.0514
 251.000       1.7719
 252.000       1.6298
 253.000       1.3582
 254.000       1.4488
 255.000       1.5027
 256.000       1.1927
 257.000       0.8937
 258.000       0.9507
 259.000       1.1049
 260.000       0.8845
 261.000       0.8135
 262.000       0.7888
 263.000       1.6468
 264.000       0.7953
 265.000       0.8367
 266.000       0.5344
 267.000       0.7058
 268.000       0.4787
 269.000       0.5317
 270.000       0.3951
 271.000       0.5594
 272.000       0.6633
 273.000       0.5561
 274.000       0.5380
 275.000       0.5863
 276.000       0.4844
 277.000       0.5678
 278.000       0.9001
 279.000       0.6671
 280.000       1.3727
 281.000       0.9857
 282.000       0.8742
 283.000       0.6054
 284.000       0.8853
 285.000       0.8656
 286.000       0.9164
 287.000       1.7563
 288.000       0.5739
 289.000       0.6221
 290.000       0.9947
 291.000       0.8854
 292.000       0.8649
 293.000       0.6361
 294.000       0.7467
 295.000       0.8703
 296.000       0.7609
 297.000       0.7921
 298.000       1.0254
 299.000       0.7626
 300.000       0.7388
 301.000       1.1745
 302.000       0.6807
 303.000       0.7063
 304.000       0.6347
 305.000       1.0982
 306.000       0.8854
 307.000       0.7141
 308.000       0.9632
 309.000       0.7271
 310.000       1.0590
 311.000       0.9116
 312.000       0.6979
 313.000       0.7974
 314.000       0.8822
 315.000       0.8736
 316.000       1.4629
 317.000       1.4559
 318.000       1.2928
 319.000       1.1765
 320.000       1.2242
 321.000       1.1039
 322.000       1.3369
 323.000       1.1121
 324.000       1.3868
 325.000       1.3742
 326.000       1.3614
 327.000       1.6128
 328.000       1.3815
 329.000       0.7353
 330.000       0.7330
 331.000       0.6580
 332.000       0.8996
 333.000       0.7211
 334.000       0.6536
 335.000       0.7030
 336.000       0.7296
 337.000       0.6894
 338.000       0.6812
 339.000       0.8823
 340.000       0.7278
 341.000       1.0392
 342.000       0.9725
 343.000       0.9153
 344.000       0.9056
 345.000       0.9062
 346.000       1.1363
 347.000       0.7529
 348.000       0.9859
 349.000       0.8707
 350.000       0.7535
 351.000       0.7166
 352.000       0.8193
 353.000       1.0267
 354.000       0.9861
 355.000       0.6558
 356.000       0.9313
 357.000       0.9442
 358.000       0.7904
 359.000       1.1082
 360.000       0.8912
 361.000       1.0396
 362.000       0.6205
 363.000       0.8825
 364.000       0.5576
 365.000       0.6412
 366.000       0.5736
 367.000       0.9889
 368.000       0.4670
 369.000       0.5027
 370.000       0.8751
 371.000       0.8753
 372.000       0.4876
 373.000       0.6352
 374.000       0.8211
 375.000       0.6952
 376.000       0.5354
 377.000       0.7355
 378.000       0.7829
 379.000       0.6468
 380.000       0.8995
 381.000       1.0772
 382.000       1.5385
 383.000       1.2598
 384.000       0.9358
 385.000       1.2147
 386.000       2.1007
 387.000       1.1507
 388.000       1.6481
 389.000       1.3317
 390.000       1.2452
 391.000       0.7869
 392.000       0.8018
 393.000       1.0728
 394.000       1.6579
 395.000       0.8903
 396.000       1.0030
 397.000       1.1950
 398.000       0.7495
 399.000       0.7451
 400.000       0.9687
 401.000       1.1180
 402.000       0.9406
 403.000       0.7831
 404.000       1.0794
 405.000       1.3023
 406.000       0.7444
 407.000       0.7473
 408.000       0.7244
 409.000       0.8630
 410.000       0.7086
 411.000       0.6352
 412.000       0.7764
 413.000       0.9208
 414.000       0.7777
 415.000       0.7342
 416.000       0.7260
 417.000       1.0053
 418.000       0.8553
 419.000       0.9275
 420.000       1.0106
 421.000       0.9963
 422.000       0.9049
 423.000       1.2546
 424.000       1.0645
 425.000       1.0045
 426.000       0.8287
 427.000       0.9421
 428.000       0.8034
 429.000       1.4128
 430.000       0.6237
 431.000       0.8295
 432.000       0.7167
 433.000       0.9865
 434.000       0.7538
 435.000       0.6917
 436.000       0.9116
 437.000       0.6288
 438.000       1.0107
 439.000       0.9273
 440.000       0.9769
 441.000       1.2957
 442.000       0.6835
 443.000       0.6374
 444.000       0.9314
 445.000       0.6601
 446.000       1.0716
 447.000       0.6084
 448.000       0.6137
 449.000       0.8885
 450.000       0.6253
 451.000       0.7225
 452.000       1.1786
 453.000       1.3367
 454.000       0.9508
 455.000       1.4624
 456.000       1.4268
 457.000       2.1159
 458.000       1.6428
 459.000       0.8465
 460.000       1.0584
 461.000       1.0623
 462.000       0.8342
 463.000       0.7987
 464.000       0.8732
 465.000       1.0482
 466.000       0.6610
 467.000       0.5951
 468.000       0.9639
 469.000       1.1828
 470.000       0.8300
 471.000       0.8640
 472.000       0.7550
 473.000       1.0136
 474.000       1.9326
 475.000       0.8856
 476.000       0.9164
 477.000       1.7602
 478.000       1.0897
 479.000       0.8736
 480.000       0.9316
 481.000       0.9945
 482.000       1.0685
 483.000       1.3467
 484.000       1.4044
 485.000       1.4073
 486.000       1.8630
 487.000       2.8278
 488.000       1.4269
 489.000       1.1935
 490.000       1.6026
 491.000       1.3174
 492.000       1.4124
 493.000       1.6031
 494.000       1.1661
 495.000       1.5028
 496.000       1.1932
 497.000       1.0902
 498.000       1.4659
 499.000       2.1036
 500.000       0.9511
 501.000       1.2558
 502.000       0.9770
 503.000       1.2226
 504.000       0.7720
 505.000       1.1938
 506.000       0.9300
 507.000       0.9531
 508.000       0.8301
 509.000       1.0184
 510.000       0.8622
 511.000       0.9275
 512.000       1.6163
 513.000       1.1166
 514.000       1.1434
 515.000       0.9267
 516.000       0.9810
 517.000       1.2944
 518.000       0.9544
 519.000       0.8950
 520.000       1.0893
 521.000       1.4531
 522.000       1.0207
 523.000       1.3669
 524.000       1.3229
 525.000       1.3590
 526.000       1.2813
 527.000       1.6706
 528.000       1.6951
 529.000       1.7708
 530.000       2.2795
 531.000       2.5389
 532.000       1.6770
 533.000       1.3028
 534.000       1.6158
 535.000       1.2974
 536.000       1.5506
 537.000       1.0841
 538.000       1.6527
 539.000       1.1491
 540.000       1.3377
 541.000       1.8874
 542.000       4.3319
 543.000       4.8964
 544.000       8.4284
 545.000       3.1763
 546.000       5.2274
 547.000       8.1890
 548.000      11.7994
 549.000       8.9035
 550.000       3.9255
 551.000       5.4833
 552.000       7.6366
 553.000      10.6816
 554.000       9.1666
 555.000      11.8862
 556.000      16.1478
 557.000      19.6749
 558.000      21.4677
 559.000      20.3877
 560.000       0.8904
 561.000       0.8288
 562.000      50.7382
 563.000      51.3771
 564.000      51.3797
 565.000      51.3629
 566.000      50.4128
 567.000      51.6755
 568.000      51.7652
 569.000      50.6027
 570.000      50.7830
 571.000      50.6705
 572.000      49.8973
 573.000      51.0490
 574.000      50.7638
 575.000      54.2840
 576.000      49.8579
 577.000      51.7175
 578.000      53.2145
 579.000      50.9770
 580.000      51.1092
 581.000      52.5342
 582.000      52.7327
 583.000      51.6026
 584.000      51.8571
 585.000      51.7370
 586.000      49.4129
 587.000      52.4876
 588.000      52.2997
 589.000      52.0848
 590.000      51.4652
 591.000      51.6593
 592.000      48.0228
 593.000      51.8237
 594.000      51.9824
 595.000      50.8618
 596.000      51.5963
 597.000      50.5117
 598.000      49.3502
 599.000      51.6768
 600.000      52.6652
 601.000      51.9796
 602.000      50.6908
 603.000      52.2420
 604.000      51.6612
 605.000      51.3602
 606.000      50.3675
 607.000      51.9300
 608.000      51.8141
 609.000      51.0317
 610.000      53.9732
 611.000      53.5812
 612.000      53.9745
 613.000      53.6154
 614.000      53.6539
 615.000      53.5571
 616.000      53.6907
 617.000      53.3653
 618.000      53.1472
 619.000      53.4325
 620.000      54.0834
 621.000      52.7789
 622.000      54.3187
 623.000      53.8053
 624.000      52.8166
 625.000      54.1605
 626.000      54.2761
 627.000      53.2747
 628.000      53.4502
 629.000      53.6327
 630.000      53.6262
 631.000      53.5385
 632.000      53.7467
 633.000      53.7992
 634.000      54.3460
 635.000      54.2273
 636.000      54.3106
 637.000      53.1637
 638.000      54.0323
 639.000      53.4884
 640.000      53.2253
 641.000      53.6550
 642.000      53.3673
 643.000      53.9056
 644.000      53.7510
 645.000      53.7454
 646.000      52.5400
 647.000      53.6080
 648.000      54.3570
 649.000      53.5804
 650.000      53.7475
 651.000      53.7247
 652.000      53.6834
 653.000      53.8841
 654.000      53.7365
 655.000      53.4154
