#Res        AtomicFlx
   1.000       4.8851
   2.000       2.6695
   3.000       1.1071
   4.000       1.4545
   5.000       1.0028
   6.000       0.7608
   7.000       0.9404
   8.000       1.4254
   9.000       1.5011
  10.000       1.1886
  11.000       0.8649
  12.000       0.6798
  13.000       0.9718
  14.000       0.8156
  15.000       0.5766
  16.000       0.9086
  17.000       0.7025
  18.000       0.5666
  19.000       0.6258
  20.000       0.5985
  21.000       0.7695
  22.000       0.6524
  23.000       0.8205
  24.000       0.7018
  25.000       1.0216
  26.000       1.2138
  27.000       0.9905
  28.000       1.1438
  29.000       0.6280
  30.000       0.7521
  31.000       1.2252
  32.000       0.8248
  33.000       0.9437
  34.000       1.7280
  35.000       1.5777
  36.000       1.0231
  37.000       1.4739
  38.000       1.1367
  39.000       0.9532
  40.000       0.9987
  41.000       0.8017
  42.000       1.2194
  43.000       1.0498
  44.000       0.8799
  45.000       0.6962
  46.000       1.2911
  47.000       1.2147
  48.000       1.4922
  49.000       1.3235
  50.000       1.1448
  51.000       1.1615
  52.000       0.8914
  53.000       0.7273
  54.000       1.4441
  55.000       0.7568
  56.000       0.8775
  57.000       0.8131
  58.000       0.7989
  59.000       0.8844
  60.000       0.7728
  61.000       0.8823
  62.000       0.7404
  63.000       0.9077
  64.000       0.6093
  65.000       0.8539
  66.000       0.7612
  67.000       0.7545
  68.000       0.7871
  69.000       0.8890
  70.000       0.6591
  71.000       0.8815
  72.000       0.8556
  73.000       0.7232
  74.000       0.8053
  75.000       0.9312
  76.000       1.5119
  77.000       1.7719
  78.000       1.7371
  79.000       1.2635
  80.000       1.4162
  81.000       1.4143
  82.000       1.1188
  83.000       0.7259
  84.000       1.0796
  85.000       0.7857
  86.000       1.1199
  87.000       0.9281
  88.000       0.8324
  89.000       0.8602
  90.000       1.1876
  91.000       1.2698
  92.000       0.6531
  93.000       0.9233
  94.000       0.8062
  95.000       0.7343
  96.000       0.6052
  97.000       1.0105
  98.000       0.7359
  99.000       0.7830
 100.000       0.9173
 101.000       0.7000
 102.000       0.8138
 103.000       0.8646
 104.000       0.6483
 105.000       0.6561
 106.000       0.6522
 107.000       0.8820
 108.000       0.7350
 109.000       0.9489
 110.000       0.7492
 111.000       1.2293
 112.000       0.7982
 113.000       0.7846
 114.000       1.7455
 115.000       2.0596
 116.000       2.6292
 117.000       2.5164
 118.000       1.3901
 119.000       1.2027
 120.000       1.1153
 121.000       1.5147
 122.000       1.8392
 123.000       1.2965
 124.000       1.7993
 125.000       1.5266
 126.000       1.7341
 127.000       1.4015
 128.000       1.2713
 129.000       1.7136
 130.000       1.9704
 131.000       2.2546
 132.000       1.5176
 133.000       1.9784
 134.000       3.4332
 135.000       3.8278
 136.000       4.5896
 137.000       5.4282
 138.000       6.5028
 139.000       7.8058
 140.000       8.1416
 141.000       8.4555
 142.000       7.7903
 143.000       7.9129
 144.000       6.9359
 145.000       6.5778
 146.000       5.6536
 147.000       6.1660
 148.000       4.6191
 149.000       5.0826
 150.000       3.8105
 151.000       3.5318
 152.000       2.0676
 153.000       1.6013
 154.000       1.2450
 155.000       0.8983
 156.000       0.8388
 157.000       0.8344
 158.000       1.0908
 159.000       0.9027
 160.000       0.8055
 161.000       1.0557
 162.000       1.5875
 163.000       0.9040
 164.000       0.9527
 165.000       1.0363
 166.000       1.5529
 167.000       1.1294
 168.000       2.3040
 169.000       1.9101
 170.000       1.4081
 171.000       2.5750
 172.000       1.5935
 173.000       1.7716
 174.000       1.8074
 175.000       1.9980
 176.000       1.2981
 177.000       1.0879
 178.000       1.1218
 179.000       0.9385
 180.000       1.3151
 181.000       1.2249
 182.000       1.3451
 183.000       0.9342
 184.000       0.7697
 185.000       0.7890
 186.000       0.7084
 187.000       0.9876
 188.000       0.9162
 189.000       1.1963
 190.000       0.9306
 191.000       1.2483
 192.000       0.9924
 193.000       1.2235
 194.000       1.0601
 195.000       1.2155
 196.000       1.6181
 197.000       1.2254
 198.000       0.9888
 199.000       1.2333
 200.000       1.6054
 201.000       1.3494
 202.000       1.5571
 203.000       2.0482
 204.000       1.7124
 205.000       1.4769
 206.000       1.0837
 207.000       1.8557
 208.000       1.6033
 209.000       1.1422
 210.000       1.9087
 211.000       1.5496
 212.000       1.4574
 213.000       1.4977
 214.000       1.6485
 215.000       1.7303
 216.000       0.8022
 217.000       1.0501
 218.000       1.0333
 219.000       0.7784
 220.000       0.9257
 221.000       0.8875
 222.000       0.8099
 223.000       1.0551
 224.000       1.1436
 225.000       1.2942
 226.000       0.9106
 227.000       0.8584
 228.000       1.2889
 229.000       1.0659
 230.000       1.0606
 231.000       1.1025
 232.000       0.9287
 233.000       0.9563
 234.000       1.2743
 235.000       1.1869
 236.000       0.8647
 237.000       1.1133
 238.000       1.8746
 239.000       1.0150
 240.000       0.8439
 241.000       1.1360
 242.000       1.2397
 243.000       1.3013
 244.000       1.7509
 245.000       2.3161
 246.000       2.8778
 247.000       2.0968
 248.000       1.6749
 249.000       1.7140
 250.000       1.8548
 251.000       1.2607
 252.000       1.2302
 253.000       1.2047
 254.000       1.1964
 255.000       1.2005
 256.000       0.9332
 257.000       0.7609
 258.000       0.7825
 259.000       0.9103
 260.000       0.6353
 261.000       0.8181
 262.000       0.7938
 263.000       1.4185
 264.000       0.7067
 265.000       1.0879
 266.000       0.7106
 267.000       1.1345
 268.000       0.7781
 269.000       0.6739
 270.000       0.5365
 271.000       0.6407
 272.000       0.7732
 273.000       0.6825
 274.000       0.6435
 275.000       0.8496
 276.000       0.5715
 277.000       0.6558
 278.000       0.9731
 279.000       0.7580
 280.000       1.5151
 281.000       1.1284
 282.000       1.1111
 283.000       1.4387
 284.000       1.0968
 285.000       1.2246
 286.000       1.0944
 287.000       1.9490
 288.000       0.9898
 289.000       0.7314
 290.000       0.9560
 291.000       0.8901
 292.000       0.7123
 293.000       0.8635
 294.000       0.7861
 295.000       0.9432
 296.000       0.8246
 297.000       0.8567
 298.000       1.1021
 299.000       0.6927
 300.000       0.5947
 301.000       1.0773
 302.000       0.7524
 303.000       0.8279
 304.000       0.6649
 305.000       1.2620
 306.000       0.9777
 307.000       0.8216
 308.000       0.8371
 309.000       0.7940
 310.000       1.1165
 311.000       0.9202
 312.000       0.8266
 313.000       0.9733
 314.000       1.3031
 315.000       1.0424
 316.000       1.7419
 317.000       1.6768
 318.000       1.5913
 319.000       1.4718
 320.000       1.5292
 321.000       1.3133
 322.000       1.4660
 323.000       1.3406
 324.000       1.5660
 325.000       1.3801
 326.000       1.1800
 327.000       1.5915
 328.000       1.6187
 329.000       1.3126
 330.000       1.1376
 331.000       0.7698
 332.000       1.1248
 333.000       1.1603
 334.000       0.6812
 335.000       0.8036
 336.000       1.1865
 337.000       1.2961
 338.000       0.8380
 339.000       1.2728
 340.000       0.8672
 341.000       1.1259
 342.000       1.0541
 343.000       1.2096
 344.000       1.0352
 345.000       1.0907
 346.000       1.2003
 347.000       0.8899
 348.000       0.8542
 349.000       0.7818
 350.000       0.7445
 351.000       0.6840
 352.000       0.7141
 353.000       0.7109
 354.000       0.7860
 355.000       0.6552
 356.000       0.8371
 357.000       0.8099
 358.000       1.0045
 359.000       1.0316
 360.000       0.7503
 361.000       0.9546
 362.000       0.6049
 363.000       0.8332
 364.000       0.6182
 365.000       0.7379
 366.000       0.7263
 367.000       1.1982
 368.000       0.6224
 369.000       0.6248
 370.000       0.7441
 371.000       1.1085
 372.000       0.7832
 373.000       0.7411
 374.000       0.9538
 375.000       0.9232
 376.000       0.6401
 377.000       0.9005
 378.000       0.9734
 379.000       0.9786
 380.000       1.1020
 381.000       1.2240
 382.000       1.7934
 383.000       1.5532
 384.000       1.1835
 385.000       1.4741
 386.000       2.4940
 387.000       1.5496
 388.000       1.8396
 389.000       1.4677
 390.000       1.4591
 391.000       1.2525
 392.000       0.9382
 393.000       1.1266
 394.000       1.4461
 395.000       1.0193
 396.000       1.0837
 397.000       1.2621
 398.000       0.8315
 399.000       0.8012
 400.000       1.0326
 401.000       1.2053
 402.000       1.2014
 403.000       0.7047
 404.000       0.9692
 405.000       1.2771
 406.000       0.8152
 407.000       0.7908
 408.000       0.8306
 409.000       1.0492
 410.000       0.9690
 411.000       0.8152
 412.000       1.1812
 413.000       1.3253
 414.000       0.9733
 415.000       0.8460
 416.000       1.1124
 417.000       1.3062
 418.000       1.1101
 419.000       1.0017
 420.000       1.7864
 421.000       1.8890
 422.000       1.4652
 423.000       2.2018
 424.000       2.0233
 425.000       1.6740
 426.000       1.4958
 427.000       1.2017
 428.000       1.6015
 429.000       1.5123
 430.000       1.1840
 431.000       1.2902
 432.000       1.1672
 433.000       1.2869
 434.000       1.0526
 435.000       0.8761
 436.000       1.0981
 437.000       0.8620
 438.000       0.9727
 439.000       0.9361
 440.000       1.1647
 441.000       1.4314
 442.000       1.5975
 443.000       0.8248
 444.000       0.9113
 445.000       0.7337
 446.000       1.2912
 447.000       0.7404
 448.000       0.6974
 449.000       1.0212
 450.000       0.7751
 451.000       0.8090
 452.000       1.2569
 453.000       1.4719
 454.000       1.0054
 455.000       1.2939
 456.000       1.2541
 457.000       2.0868
 458.000       2.0071
 459.000       0.9004
 460.000       1.1410
 461.000       1.1727
 462.000       1.0913
 463.000       1.0125
 464.000       1.0474
 465.000       1.1422
 466.000       0.7425
 467.000       0.7298
 468.000       1.2019
 469.000       1.2542
 470.000       1.0205
 471.000       1.0602
 472.000       0.9114
 473.000       1.2198
 474.000       2.0281
 475.000       1.3758
 476.000       1.1772
 477.000       2.2060
 478.000       1.5364
 479.000       1.2181
 480.000       1.1473
 481.000       1.2703
 482.000       1.2141
 483.000       1.5586
 484.000       1.5367
 485.000       1.6518
 486.000       2.1656
 487.000       3.2976
 488.000       2.3604
 489.000       1.7492
 490.000       2.3968
 491.000       2.0829
 492.000       2.4065
 493.000       2.6200
 494.000       1.9955
 495.000       2.9162
 496.000       2.0897
 497.000       2.2236
 498.000       2.7046
 499.000       2.1446
 500.000       1.6247
 501.000       2.0330
 502.000       1.5559
 503.000       1.5455
 504.000       1.1655
 505.000       2.0947
 506.000       1.2780
 507.000       1.2340
 508.000       1.6754
 509.000       1.6702
 510.000       1.8201
 511.000       2.0782
 512.000       1.7565
 513.000       1.4693
 514.000       1.4024
 515.000       1.0840
 516.000       1.1671
 517.000       1.6261
 518.000       1.2352
 519.000       1.0268
 520.000       1.2968
 521.000       1.8839
 522.000       1.5168
 523.000       1.6259
 524.000       1.8826
 525.000       2.0318
 526.000       1.8510
 527.000       2.3402
 528.000       2.4689
 529.000       2.5341
 530.000       2.6592
 531.000       3.4061
 532.000       2.4732
 533.000       1.8480
 534.000       2.0410
 535.000       1.9313
 536.000       2.2637
 537.000       1.4015
 538.000       2.0788
 539.000       1.6853
 540.000       1.7498
 541.000       1.9294
 542.000       3.5761
 543.000       4.7834
 544.000       6.4820
 545.000       3.9454
 546.000       5.9399
 547.000       8.5891
 548.000      11.0405
 549.000       9.8630
 550.000       4.7370
 551.000       7.7986
 552.000      10.8409
 553.000      12.8222
 554.000      13.2265
 555.000       5.7116
 556.000       7.9400
 557.000      10.6634
 558.000      13.2306
 559.000      12.3179
 560.000       0.7016
 561.000       0.5068
 562.000       0.6261
 563.000      50.4844
 564.000      52.7144
 565.000      51.4531
 566.000      48.3705
 567.000      51.9451
 568.000      51.7639
 569.000      51.3988
 570.000      51.7661
 571.000      50.8775
 572.000      52.3853
 573.000      51.2806
 574.000      51.7865
 575.000      52.1552
 576.000      51.2855
 577.000      51.5689
 578.000      51.3279
 579.000      51.9575
 580.000      30.2989
 581.000      51.7970
 582.000      51.0998
 583.000      50.6956
 584.000      50.9473
 585.000      51.5793
 586.000      48.5743
 587.000      50.6810
 588.000      51.0255
 589.000      53.0511
 590.000      51.6190
 591.000      53.2639
 592.000      51.8733
 593.000      50.4556
 594.000      51.7626
 595.000      49.9951
 596.000      51.7526
 597.000      51.3309
 598.000      51.0571
 599.000      50.9853
 600.000      52.6059
 601.000      52.0690
 602.000      51.8791
 603.000      52.1106
 604.000      50.3800
 605.000      49.2117
 606.000      50.5414
 607.000      52.9364
 608.000      51.7614
 609.000      51.2398
 610.000       0.6214
 611.000      53.8475
 612.000      53.7417
 613.000      53.4761
 614.000      53.1614
 615.000      53.2098
 616.000      53.7171
 617.000      52.9810
 618.000      53.6258
 619.000      52.8793
 620.000      53.0095
 621.000      53.8651
 622.000      53.5915
 623.000      53.1442
 624.000      53.0430
 625.000      53.6291
 626.000      53.2837
 627.000      53.5770
 628.000      52.8919
 629.000      53.1102
 630.000      53.6530
 631.000      52.9089
 632.000      52.9998
 633.000      52.8520
 634.000      52.2981
 635.000      53.3096
 636.000      53.3441
 637.000      53.1815
 638.000      53.3465
 639.000      53.5195
 640.000      53.5741
 641.000      53.2503
 642.000      53.4738
 643.000      53.7802
 644.000      53.1912
 645.000      53.5618
 646.000      53.4335
 647.000      53.5850
 648.000      53.2940
 649.000      53.0142
 650.000      53.5304
 651.000      54.0339
 652.000      53.4444
 653.000      52.8106
 654.000      52.7063
 655.000      53.0049
