#Res        AtomicFlx
   1.000       7.1604
   2.000       6.2213
   3.000       3.3147
   4.000       2.5658
   5.000       1.7660
   6.000       1.0333
   7.000       1.8360
   8.000       1.8240
   9.000       1.5653
  10.000       1.1797
  11.000       0.9654
  12.000       0.6642
  13.000       0.7925
  14.000       0.7378
  15.000       0.5557
  16.000       0.7946
  17.000       0.6647
  18.000       0.5166
  19.000       0.6056
  20.000       0.5865
  21.000       0.6365
  22.000       0.7530
  23.000       0.7266
  24.000       0.5932
  25.000       0.4877
  26.000       0.9083
  27.000       0.6690
  28.000       0.9748
  29.000       0.5321
  30.000       0.6216
  31.000       1.0144
  32.000       0.7402
  33.000       0.8776
  34.000       1.6875
  35.000       1.4615
  36.000       0.9629
  37.000       1.2728
  38.000       0.9009
  39.000       0.8000
  40.000       0.8684
  41.000       0.7124
  42.000       0.9719
  43.000       0.8733
  44.000       0.7103
  45.000       0.5779
  46.000       1.2335
  47.000       0.9672
  48.000       1.0600
  49.000       0.7359
  50.000       1.0342
  51.000       0.8587
  52.000       0.6929
  53.000       0.5372
  54.000       1.0799
  55.000       0.5474
  56.000       0.7747
  57.000       0.8307
  58.000       0.6077
  59.000       0.7956
  60.000       0.7243
  61.000       0.7155
  62.000       0.5924
  63.000       0.6951
  64.000       0.4868
  65.000       0.7759
  66.000       0.9117
  67.000       0.6110
  68.000       0.8075
  69.000       0.8178
  70.000       0.5680
  71.000       0.6818
  72.000       0.6534
  73.000       0.5335
  74.000       0.6652
  75.000       0.7445
  76.000       1.3259
  77.000       1.0506
  78.000       0.8603
  79.000       0.9637
  80.000       1.1872
  81.000       0.8389
  82.000       0.7012
  83.000       0.5045
  84.000       0.6364
  85.000       0.5007
  86.000       0.9029
  87.000       0.6187
  88.000       0.6116
  89.000       0.6969
  90.000       0.8746
  91.000       1.0329
  92.000       0.5724
  93.000       0.9471
  94.000       0.9948
  95.000       0.7295
  96.000       0.6140
  97.000       1.1420
  98.000       1.0153
  99.000       0.9560
 100.000       0.8196
 101.000       0.7387
 102.000       0.8225
 103.000       0.7906
 104.000       0.5642
 105.000       0.5720
 106.000       0.5769
 107.000       0.8417
 108.000       0.7923
 109.000       0.8446
 110.000       0.6851
 111.000       1.0601
 112.000       0.7508
 113.000       0.6955
 114.000       1.4378
 115.000       2.1483
 116.000       1.9968
 117.000       2.1203
 118.000       1.0331
 119.000       0.9018
 120.000       0.9198
 121.000       1.2869
 122.000       1.8168
 123.000       1.0932
 124.000       1.4328
 125.000       1.1741
 126.000       1.2738
 127.000       0.9167
 128.000       1.0395
 129.000       1.2986
 130.000       1.6573
 131.000       1.9554
 132.000       1.2406
 133.000       1.8151
 134.000       3.2584
 135.000       3.5521
 136.000       4.2550
 137.000       5.5244
 138.000       5.6703
 139.000       6.0971
 140.000       5.8435
 141.000       6.4115
 142.000       5.3330
 143.000       4.9297
 144.000       3.5263
 145.000       2.5635
 146.000       2.0103
 147.000       2.0634
 148.000       2.2710
 149.000       3.1228
 150.000       2.8378
 151.000       2.7423
 152.000       1.5578
 153.000       1.5919
 154.000       1.1352
 155.000       0.7713
 156.000       0.6595
 157.000       0.6939
 158.000       0.9028
 159.000       0.6570
 160.000       0.6034
 161.000       0.9621
 162.000       1.3182
 163.000       0.8065
 164.000       0.7826
 165.000       0.7454
 166.000       1.2667
 167.000       1.3431
 168.000       1.8915
 169.000       1.6596
 170.000       1.6954
 171.000       2.3049
 172.000       1.1110
 173.000       1.3493
 174.000       1.5735
 175.000       1.5324
 176.000       1.1128
 177.000       0.7491
 178.000       0.9039
 179.000       0.7087
 180.000       0.8322
 181.000       1.1878
 182.000       1.2703
 183.000       1.0488
 184.000       0.6548
 185.000       0.6791
 186.000       0.6122
 187.000       0.7179
 188.000       0.7908
 189.000       1.1447
 190.000       0.8604
 191.000       0.7977
 192.000       0.9299
 193.000       1.2359
 194.000       1.1071
 195.000       1.0866
 196.000       1.3399
 197.000       0.9797
 198.000       0.8539
 199.000       1.1201
 200.000       1.3100
 201.000       0.8237
 202.000       1.3053
 203.000       1.9749
 204.000       1.3113
 205.000       1.1330
 206.000       1.0695
 207.000       1.7750
 208.000       1.0578
 209.000       0.9545
 210.000       1.3454
 211.000       1.0273
 212.000       0.9501
 213.000       0.9866
 214.000       0.9765
 215.000       1.7730
 216.000       0.7538
 217.000       1.0803
 218.000       0.9153
 219.000       0.7856
 220.000       0.8993
 221.000       0.8494
 222.000       0.7489
 223.000       1.0430
 224.000       1.0021
 225.000       1.2227
 226.000       0.7863
 227.000       0.6800
 228.000       1.1421
 229.000       0.9247
 230.000       0.8895
 231.000       0.8979
 232.000       0.7325
 233.000       0.7804
 234.000       1.0743
 235.000       1.0296
 236.000       0.6958
 237.000       1.0991
 238.000       1.8214
 239.000       0.8918
 240.000       0.7429
 241.000       1.0279
 242.000       1.1242
 243.000       1.1450
 244.000       1.4282
 245.000       2.2621
 246.000       2.1551
 247.000       1.4950
 248.000       1.4544
 249.000       1.6497
 250.000       1.6777
 251.000       1.2884
 252.000       1.2086
 253.000       1.1823
 254.000       1.0004
 255.000       1.1145
 256.000       0.8306
 257.000       0.7142
 258.000       0.7330
 259.000       0.8985
 260.000       0.5722
 261.000       0.7851
 262.000       0.9907
 263.000       1.0631
 264.000       0.5000
 265.000       0.8115
 266.000       0.5741
 267.000       0.8768
 268.000       0.5702
 269.000       0.6475
 270.000       0.5288
 271.000       0.5978
 272.000       0.6095
 273.000       0.6185
 274.000       0.5751
 275.000       0.8339
 276.000       0.4908
 277.000       0.6379
 278.000       0.7737
 279.000       0.7336
 280.000       1.4064
 281.000       1.0611
 282.000       1.1764
 283.000       1.2856
 284.000       0.9992
 285.000       1.0245
 286.000       0.7508
 287.000       1.5229
 288.000       0.8010
 289.000       0.5982
 290.000       0.7666
 291.000       0.7175
 292.000       0.5933
 293.000       0.7552
 294.000       0.6675
 295.000       0.8025
 296.000       0.5156
 297.000       0.7085
 298.000       0.9283
 299.000       0.5697
 300.000       0.4942
 301.000       1.0271
 302.000       0.6830
 303.000       0.7213
 304.000       0.5785
 305.000       1.1914
 306.000       0.9043
 307.000       0.6850
 308.000       0.8577
 309.000       0.6093
 310.000       0.9615
 311.000       0.7926
 312.000       0.6580
 313.000       0.8260
 314.000       1.1541
 315.000       0.8713
 316.000       1.7602
 317.000       1.6290
 318.000       1.2397
 319.000       1.2954
 320.000       1.3516
 321.000       1.1376
 322.000       1.3460
 323.000       1.2118
 324.000       1.3092
 325.000       1.2039
 326.000       1.1461
 327.000       1.5475
 328.000       1.4340
 329.000       0.9427
 330.000       0.9128
 331.000       0.5838
 332.000       0.9757
 333.000       1.0119
 334.000       0.5777
 335.000       0.6289
 336.000       0.7996
 337.000       0.8844
 338.000       0.6035
 339.000       1.0846
 340.000       0.7351
 341.000       0.8007
 342.000       0.8088
 343.000       1.1135
 344.000       0.9128
 345.000       0.9439
 346.000       1.1313
 347.000       0.8182
 348.000       0.8340
 349.000       0.7276
 350.000       0.6783
 351.000       0.6238
 352.000       0.6800
 353.000       1.0101
 354.000       0.6364
 355.000       0.6171
 356.000       0.9940
 357.000       0.9060
 358.000       0.9963
 359.000       1.1034
 360.000       0.8627
 361.000       1.1076
 362.000       0.7011
 363.000       0.9977
 364.000       0.6015
 365.000       0.7056
 366.000       0.7053
 367.000       1.4718
 368.000       0.6843
 369.000       0.5994
 370.000       0.8635
 371.000       0.7367
 372.000       0.6743
 373.000       0.7082
 374.000       0.8924
 375.000       1.0301
 376.000       0.7244
 377.000       0.7725
 378.000       0.9686
 379.000       1.1256
 380.000       0.8796
 381.000       1.1111
 382.000       1.7477
 383.000       1.3210
 384.000       0.9691
 385.000       1.4736
 386.000       1.7966
 387.000       1.2730
 388.000       1.8877
 389.000       1.3101
 390.000       1.2854
 391.000       0.8058
 392.000       0.7623
 393.000       1.0461
 394.000       1.3180
 395.000       0.8202
 396.000       1.0116
 397.000       1.2206
 398.000       0.8006
 399.000       0.8157
 400.000       0.9755
 401.000       1.0784
 402.000       0.9191
 403.000       0.7135
 404.000       1.0028
 405.000       1.4113
 406.000       0.8187
 407.000       0.8952
 408.000       0.6741
 409.000       0.7106
 410.000       0.6486
 411.000       0.5721
 412.000       0.6922
 413.000       0.9643
 414.000       0.6958
 415.000       0.5767
 416.000       0.6264
 417.000       1.0757
 418.000       1.0142
 419.000       0.7839
 420.000       1.2267
 421.000       0.8109
 422.000       0.7872
 423.000       0.8394
 424.000       0.6450
 425.000       0.8942
 426.000       0.7116
 427.000       0.8180
 428.000       1.0771
 429.000       1.0159
 430.000       0.6085
 431.000       0.8896
 432.000       0.6581
 433.000       1.1204
 434.000       0.7093
 435.000       0.6078
 436.000       1.0087
 437.000       0.5668
 438.000       0.7105
 439.000       0.7219
 440.000       1.1252
 441.000       1.1381
 442.000       0.8324
 443.000       0.5854
 444.000       0.7342
 445.000       0.6242
 446.000       1.1217
 447.000       0.5928
 448.000       0.5856
 449.000       0.8742
 450.000       0.6612
 451.000       0.7309
 452.000       1.0180
 453.000       1.3609
 454.000       0.8673
 455.000       0.9314
 456.000       0.9147
 457.000       1.7184
 458.000       1.8343
 459.000       0.8399
 460.000       0.9662
 461.000       0.9045
 462.000       0.9391
 463.000       0.9378
 464.000       0.7427
 465.000       1.1871
 466.000       0.6189
 467.000       0.6031
 468.000       1.3436
 469.000       1.2784
 470.000       0.8372
 471.000       0.8356
 472.000       0.7148
 473.000       0.9440
 474.000       1.2753
 475.000       0.8054
 476.000       1.0796
 477.000       1.6786
 478.000       1.0271
 479.000       0.8772
 480.000       1.0457
 481.000       0.9851
 482.000       1.0261
 483.000       1.2009
 484.000       1.1866
 485.000       1.2062
 486.000       1.2719
 487.000       2.5686
 488.000       1.2311
 489.000       1.0644
 490.000       1.6049
 491.000       1.2641
 492.000       1.2813
 493.000       1.4710
 494.000       1.1424
 495.000       1.3903
 496.000       1.2664
 497.000       1.0546
 498.000       1.3748
 499.000       1.0920
 500.000       0.9303
 501.000       1.1018
 502.000       0.9610
 503.000       1.1388
 504.000       0.7921
 505.000       0.9614
 506.000       1.0657
 507.000       1.2129
 508.000       0.9114
 509.000       1.1617
 510.000       1.1133
 511.000       0.9923
 512.000       1.0344
 513.000       0.9854
 514.000       1.1197
 515.000       0.7478
 516.000       0.8145
 517.000       1.2204
 518.000       1.1015
 519.000       0.8024
 520.000       0.9356
 521.000       1.2066
 522.000       1.2980
 523.000       1.3921
 524.000       1.4229
 525.000       1.4614
 526.000       1.4438
 527.000       1.8468
 528.000       1.8755
 529.000       1.9938
 530.000       2.3005
 531.000       2.8123
 532.000       1.8789
 533.000       1.4639
 534.000       2.0410
 535.000       1.6643
 536.000       1.7915
 537.000       1.4145
 538.000       1.6315
 539.000       1.1890
 540.000       1.2429
 541.000       1.7422
 542.000       3.9077
 543.000       4.8628
 544.000       7.5238
 545.000       3.4500
 546.000       5.2033
 547.000       7.7897
 548.000      11.1384
 549.000       8.4467
 550.000       4.3555
 551.000       6.3975
 552.000       9.1186
 553.000      12.0896
 554.000      10.5777
 555.000       3.7499
 556.000       5.0576
 557.000       7.0940
 558.000       9.4030
 559.000       8.6487
 560.000       0.9556
 561.000       0.5960
 562.000       0.5159
 563.000      51.2967
 564.000      50.8790
 565.000      50.3802
 566.000      51.4080
 567.000      50.9537
 568.000      49.5846
 569.000      51.6480
 570.000      51.1417
 571.000      51.2314
 572.000      52.4659
 573.000      51.0807
 574.000      50.4722
 575.000      51.1931
 576.000      48.8015
 577.000      52.1899
 578.000      52.0755
 579.000      51.5764
 580.000      51.6577
 581.000      50.0052
 582.000      52.2355
 583.000      45.4481
 584.000      52.0929
 585.000      48.7308
 586.000      51.4487
 587.000      51.2644
 588.000      51.2278
 589.000      52.2925
 590.000      52.2122
 591.000      51.6058
 592.000      51.7367
 593.000      49.0357
 594.000      49.8375
 595.000      51.7924
 596.000      50.9661
 597.000      52.4956
 598.000      51.0827
 599.000      51.9879
 600.000      51.5959
 601.000      51.8476
 602.000      52.3472
 603.000      51.0944
 604.000      51.7543
 605.000      51.9917
 606.000      52.2022
 607.000      52.9530
 608.000      52.9056
 609.000      50.8935
 610.000       0.5420
 611.000      53.2146
 612.000      52.9897
 613.000      53.1004
 614.000      53.6253
 615.000      54.6859
 616.000      53.3445
 617.000      53.1329
 618.000      53.4499
 619.000      53.7327
 620.000      54.5956
 621.000      53.1655
 622.000      53.3840
 623.000      52.9224
 624.000      53.1120
 625.000      53.8913
 626.000      52.2786
 627.000      53.4576
 628.000      53.6063
 629.000      53.8795
 630.000      53.7580
 631.000      52.7672
 632.000      53.8834
 633.000      54.4088
 634.000      53.9049
 635.000      53.4912
 636.000      53.2233
 637.000      53.6970
 638.000      52.5874
 639.000      53.3817
 640.000      54.0112
 641.000      53.4022
 642.000      54.1002
 643.000      53.4322
 644.000      53.5927
 645.000      54.5858
 646.000      53.7565
 647.000      53.6283
 648.000      54.0583
 649.000      53.8701
 650.000      54.1720
 651.000      53.7130
 652.000      53.7059
 653.000      52.9501
 654.000      54.4460
 655.000      53.8534
