#Res        AtomicFlx
   1.000       5.5689
   2.000       4.5582
   3.000       3.7164
   4.000       3.6313
   5.000       3.3374
   6.000       3.4416
   7.000       4.0089
   8.000       3.5208
   9.000       3.2046
  10.000       3.3155
  11.000       1.9774
  12.000       2.0071
  13.000       1.7948
  14.000       1.8225
  15.000       2.4360
  16.000       2.6406
  17.000       1.9904
  18.000       2.6311
  19.000       3.4518
  20.000       3.4636
  21.000       2.8620
  22.000       3.9664
  23.000       4.5844
  24.000       4.2103
  25.000       3.8350
  26.000       3.6615
  27.000       3.0983
  28.000       2.8124
  29.000       1.8986
  30.000       2.3957
  31.000       1.1483
  32.000       2.0134
  33.000       1.4884
  34.000       1.3162
  35.000       1.1305
  36.000       1.5810
  37.000       0.8132
  38.000       1.1119
  39.000       1.2976
  40.000       0.9762
  41.000       0.7355
  42.000       1.3256
  43.000       0.8399
  44.000       0.6749
  45.000       0.8489
  46.000       0.9412
  47.000       0.8042
  48.000       0.9305
  49.000       0.8010
  50.000       1.0807
  51.000       1.3097
  52.000       1.6497
  53.000       1.6122
  54.000       1.2646
  55.000       1.1307
  56.000       1.3219
  57.000       1.1344
  58.000       1.1521
  59.000       1.4345
  60.000       1.4064
  61.000       1.6235
  62.000       2.2049
  63.000       3.0663
  64.000       2.2926
  65.000       1.5225
  66.000       1.1426
  67.000       1.5325
  68.000       1.3454
  69.000       1.0719
  70.000       1.0936
  71.000       1.4045
  72.000       1.1619
  73.000       1.0525
  74.000       1.1178
  75.000       1.0415
  76.000       1.0676
  77.000       1.1623
  78.000       0.6927
  79.000       0.8559
  80.000       0.7392
  81.000       0.7020
  82.000       0.7133
  83.000       0.9797
  84.000       0.8930
  85.000       0.5982
  86.000       0.9486
  87.000       0.7235
  88.000       0.8366
  89.000       0.6757
  90.000       0.7959
  91.000       0.8684
  92.000       0.9779
  93.000       1.4064
  94.000       1.5163
  95.000       0.7320
  96.000       0.8550
  97.000       0.9761
  98.000       0.7785
  99.000       0.8146
 100.000       0.7142
 101.000       1.0143
 102.000       0.9893
 103.000       1.0864
 104.000       1.3419
 105.000       1.1224
 106.000       0.9931
 107.000       1.0114
 108.000       1.1543
 109.000       0.6989
 110.000       0.7253
 111.000       0.6259
 112.000       0.8933
 113.000       0.6515
 114.000       0.7346
 115.000       1.0168
 116.000       1.0607
 117.000       0.7562
 118.000       0.6913
 119.000       1.0905
 120.000       1.2756
 121.000       0.7667
 122.000       0.6449
 123.000       1.1256
 124.000       1.2467
 125.000       0.6966
 126.000       0.7483
 127.000       0.8446
 128.000       0.9960
 129.000       0.8296
 130.000       0.9342
 131.000       0.9570
 132.000       0.8800
 133.000       1.1333
 134.000       1.0549
 135.000       1.1126
 136.000       1.1414
 137.000       1.3714
 138.000       1.0683
 139.000       0.9881
 140.000       1.4027
 141.000       1.6507
 142.000       2.1437
 143.000       1.6942
 144.000       1.4955
 145.000       1.3320
 146.000       1.2317
 147.000       1.6390
 148.000       1.9241
 149.000       1.7123
 150.000       1.9836
 151.000       2.7311
 152.000       3.4573
 153.000       4.4624
 154.000       4.9218
 155.000       4.4472
 156.000       4.3426
 157.000       3.1106
 158.000       2.4680
 159.000       2.2677
 160.000       2.6288
 161.000       2.0594
 162.000       1.8035
 163.000       2.2029
 164.000       2.9478
 165.000       1.8613
 166.000       1.6502
 167.000       1.4737
 168.000       1.4167
 169.000       1.4981
 170.000       1.4989
 171.000       1.2328
 172.000       1.2251
 173.000       1.4718
 174.000       1.6074
 175.000       1.5444
 176.000       1.2061
 177.000       1.2562
 178.000       1.3061
 179.000       1.5299
 180.000       1.3760
 181.000       1.7982
 182.000       1.6845
 183.000       1.7661
 184.000       1.7228
 185.000       2.2136
 186.000       2.7925
 187.000       1.6483
 188.000       1.6016
 189.000       1.6578
 190.000       1.3100
 191.000       1.9287
 192.000       2.1585
 193.000       1.4405
 194.000       1.2412
 195.000       1.4192
 196.000       0.9710
 197.000       0.9546
 198.000       0.9596
 199.000       1.1783
 200.000       0.8650
 201.000       0.8418
 202.000       0.9906
 203.000       1.0403
 204.000       1.2299
 205.000       1.3960
 206.000       1.7035
 207.000       1.1589
 208.000       1.3812
 209.000       1.9017
 210.000       3.0443
 211.000       2.1698
 212.000       2.0180
 213.000       2.2452
 214.000       1.6374
 215.000       1.3440
 216.000       1.0874
 217.000       1.5469
 218.000       1.0915
 219.000       1.3151
 220.000       1.5869
 221.000       1.2469
 222.000       0.9310
 223.000       1.0127
 224.000       1.2158
 225.000       1.3394
 226.000       0.9689
 227.000       1.6083
 228.000       1.1221
 229.000       1.0123
 230.000       1.0338
 231.000       1.1016
 232.000       1.2631
 233.000       1.2679
 234.000       1.2749
 235.000       1.4209
 236.000       1.2038
 237.000       1.1812
 238.000       1.5217
 239.000       1.4068
 240.000       1.5698
 241.000       2.8079
 242.000       1.7082
 243.000       1.8660
 244.000       1.7885
 245.000       1.9340
 246.000       2.0811
 247.000       2.3146
 248.000       1.9196
 249.000       2.3391
 250.000       2.5823
 251.000       2.6357
 252.000       1.9919
 253.000       2.2341
 254.000       2.2627
 255.000       2.1603
 256.000       2.5067
 257.000       1.9554
 258.000       1.6554
 259.000       1.4724
 260.000       1.4872
 261.000       1.1228
 262.000       1.3282
 263.000       1.1242
 264.000       1.0145
 265.000       1.1068
 266.000       1.0917
 267.000       0.8691
 268.000       0.7682
 269.000       0.8183
 270.000       1.0009
 271.000       0.8499
 272.000       0.7956
 273.000       1.1744
 274.000       0.8432
 275.000       1.0573
 276.000       0.6106
 277.000       0.7111
 278.000       0.8660
 279.000       1.1686
 280.000       0.9388
 281.000       1.0040
 282.000       0.8453
 283.000       0.7347
 284.000       0.9307
 285.000       0.8208
 286.000       0.6794
 287.000       0.8246
 288.000       1.2005
 289.000       0.9123
 290.000       1.1924
 291.000       1.4207
 292.000       1.4026
 293.000       0.9021
 294.000       0.9772
 295.000       0.7935
 296.000       1.1137
 297.000       1.7195
 298.000       0.7801
 299.000       0.8847
 300.000       0.9721
 301.000       1.1439
 302.000       0.7994
 303.000       0.8025
 304.000       1.1799
 305.000       1.1080
 306.000       0.7396
 307.000       0.8293
 308.000       1.4711
 309.000       0.8818
 310.000       0.8838
 311.000       1.1479
 312.000       1.2718
 313.000       0.9515
 314.000       0.9975
 315.000       1.4521
 316.000       1.1064
 317.000       1.0936
 318.000       1.3961
 319.000       1.2949
 320.000       1.4155
 321.000       1.4557
 322.000       1.1811
 323.000       1.6767
 324.000       1.8527
 325.000       1.1843
 326.000       1.3660
 327.000       1.8018
 328.000       1.4147
 329.000       1.3271
 330.000       1.5133
 331.000       1.6936
 332.000       1.3757
 333.000       2.0317
 334.000       1.7755
 335.000       2.0661
 336.000       1.9574
 337.000       2.1600
 338.000       2.7880
 339.000       2.7848
 340.000       2.9833
 341.000       3.1054
 342.000       3.6874
 343.000       3.7480
 344.000       4.1311
 345.000       4.3925
 346.000       3.6956
 347.000       3.9288
 348.000       4.0480
 349.000       3.4015
 350.000       4.2973
 351.000       3.4559
 352.000       3.3586
 353.000       3.1563
 354.000       3.9966
 355.000       3.7385
 356.000       2.7032
 357.000       3.3902
 358.000       4.0515
 359.000       3.6621
 360.000       3.2510
 361.000       4.3060
 362.000       4.7984
 363.000       4.0072
 364.000       4.5382
 365.000       5.0518
 366.000       5.0616
 367.000       5.2056
 368.000       5.1260
 369.000       5.1785
 370.000       4.5911
 371.000       3.8649
 372.000       4.3845
 373.000       4.7332
 374.000       3.5352
 375.000       3.2919
 376.000       2.7330
 377.000       2.3823
 378.000       2.3837
 379.000       1.5342
 380.000       2.0829
 381.000       2.2944
 382.000       1.7962
 383.000       1.5412
 384.000       1.5647
 385.000       1.7710
 386.000       1.8969
 387.000       1.8222
 388.000       1.7255
 389.000       2.0402
 390.000       2.3595
 391.000       2.0756
 392.000       2.1573
 393.000       2.4048
 394.000       1.6886
 395.000       1.1751
 396.000       1.3170
 397.000       1.7172
 398.000       1.3326
 399.000       1.5831
 400.000       1.0935
 401.000       1.4353
 402.000       1.1698
 403.000       1.2812
 404.000       1.3725
 405.000       1.5510
 406.000       1.3206
 407.000       1.3552
 408.000       1.2707
 409.000       1.1423
 410.000       1.1109
 411.000       1.1631
 412.000       1.1975
 413.000       1.0822
 414.000       1.1449
 415.000       0.9845
 416.000       0.9670
 417.000       0.8766
 418.000       0.9757
 419.000       0.9614
 420.000       1.0819
 421.000       1.0509
 422.000       0.6968
 423.000       0.8087
 424.000       0.5772
 425.000       0.8265
 426.000       0.6521
 427.000       0.6667
 428.000       0.7933
 429.000       1.1157
 430.000       0.6665
 431.000       0.9368
 432.000       1.1175
 433.000       1.1499
 434.000       0.7213
 435.000       0.8716
 436.000       1.0396
 437.000       0.8986
 438.000       0.8258
 439.000       1.1531
 440.000       1.4494
 441.000       1.1408
 442.000       1.3184
 443.000       2.2522
 444.000       1.9723
 445.000       2.0426
 446.000       1.9084
 447.000       2.4049
 448.000       3.6075
 449.000       2.5354
 450.000       2.1854
 451.000       3.0025
 452.000       2.1308
 453.000       1.7946
 454.000       1.5226
 455.000       1.2678
 456.000       1.1220
 457.000       1.5091
 458.000       1.2615
 459.000       0.9399
 460.000       1.3208
 461.000       1.0545
 462.000       1.0581
 463.000       0.9831
 464.000       1.4601
 465.000       1.2740
 466.000       0.9575
 467.000       1.6121
 468.000       1.4550
 469.000       1.3212
 470.000       1.1493
 471.000       1.2634
 472.000       1.3017
 473.000       1.1629
 474.000       0.9693
 475.000       1.2306
 476.000       1.1807
 477.000       1.2290
 478.000       1.3274
 479.000       1.1992
 480.000       1.2000
 481.000       1.3461
 482.000       1.3359
 483.000       1.3575
 484.000       1.2126
 485.000       0.9915
 486.000       0.9199
 487.000       0.9917
 488.000       0.9237
 489.000       0.7674
 490.000       1.0804
 491.000       0.8839
 492.000       0.8684
 493.000       0.7201
 494.000       0.6788
 495.000       1.0316
 496.000       0.7142
 497.000       0.6440
 498.000       0.8622
 499.000       1.1653
 500.000       0.7344
 501.000       0.8690
 502.000       0.9329
 503.000       1.1853
 504.000       0.9886
 505.000       1.2310
 506.000       0.9032
 507.000       1.1820
 508.000       1.2668
 509.000       1.9691
 510.000       1.1894
 511.000       1.0717
 512.000       1.6813
 513.000       1.0920
 514.000       1.1971
 515.000       1.2797
 516.000       1.8179
 517.000       1.5719
 518.000       1.7690
 519.000       1.3469
 520.000       2.0423
 521.000       1.7824
 522.000       1.1821
 523.000       1.6829
 524.000       1.5245
 525.000       1.3192
 526.000       0.9122
 527.000       1.1037
 528.000       1.1865
 529.000       0.8536
 530.000       0.8895
 531.000       1.4379
 532.000       1.2460
 533.000       0.9795
 534.000       0.9817
 535.000       0.9191
 536.000       1.4260
 537.000       1.2014
 538.000       0.8643
 539.000       1.2879
 540.000       1.1278
 541.000       0.9856
 542.000       1.6311
 543.000       1.3733
 544.000       1.2122
 545.000       1.1446
 546.000       1.9889
 547.000       1.1710
 548.000       1.1254
 549.000       1.3219
 550.000       1.6049
 551.000       1.4755
 552.000       1.6764
 553.000       1.7870
 554.000       1.6998
 555.000       1.5598
 556.000       1.6540
 557.000       1.8126
 558.000       1.9321
 559.000       1.7292
 560.000       2.0587
 561.000       2.3101
 562.000       3.0441
 563.000       3.7528
 564.000       4.2957
 565.000       4.1027
 566.000       4.5041
 567.000       4.4547
 568.000       3.9813
 569.000       2.5272
 570.000       2.7711
 571.000       2.2717
 572.000       1.7946
 573.000       1.5858
 574.000       1.3072
 575.000       1.3619
 576.000       1.6505
 577.000       1.3694
 578.000       1.2164
 579.000       1.3564
 580.000       1.2360
 581.000       1.1911
 582.000       1.2227
 583.000       1.0774
 584.000       1.1900
 585.000       1.0116
 586.000       0.8886
 587.000       0.8323
 588.000       0.9618
 589.000       0.7809
 590.000       0.7983
 591.000       1.1919
 592.000       0.8294
 593.000       0.8769
 594.000       0.8750
 595.000       0.9351
 596.000       0.9861
 597.000       1.0475
 598.000       1.3828
 599.000       1.4783
 600.000       1.4645
 601.000       1.6623
 602.000       1.7695
 603.000       2.0903
 604.000       2.7919
 605.000       5.0098
 606.000       6.7667
 607.000       8.6245
 608.000      11.1200
 609.000      10.8871
 610.000      12.6232
 611.000      13.7270
 612.000      13.7988
 613.000      15.9184
 614.000      16.5486
 615.000       1.9990
 616.000       2.9126
 617.000       3.6991
 618.000       4.8931
 619.000       7.1561
 620.000       6.8000
 621.000       6.3583
 622.000       7.7291
 623.000       9.2948
 624.000       0.9080
 625.000       1.7298
 626.000       0.7896
 627.000      56.7021
 628.000      55.6957
 629.000      54.8035
 630.000      56.1554
 631.000      55.3887
 632.000      50.8132
 633.000      53.9966
 634.000      57.1257
 635.000      55.8918
 636.000      55.4139
 637.000      56.8143
 638.000      54.8135
 639.000      54.7806
 640.000      56.0680
 641.000      56.7737
 642.000      53.1007
 643.000      56.2268
 644.000      54.0293
 645.000      28.0968
 646.000      55.9684
 647.000      56.3609
 648.000      56.5906
 649.000      54.7535
 650.000      54.1800
 651.000      55.3329
 652.000      57.3553
 653.000      55.5493
 654.000      55.1838
 655.000      56.3242
 656.000      55.2592
 657.000      54.7728
 658.000      55.8309
 659.000      54.7730
 660.000      55.3015
 661.000      54.1923
 662.000      57.7292
 663.000      56.1649
 664.000      53.5076
 665.000      57.5280
 666.000      55.6370
 667.000      52.2859
 668.000      55.3158
 669.000      53.1833
 670.000      52.8578
 671.000      57.7204
 672.000      54.4947
 673.000      55.4734
 674.000      54.5469
 675.000      55.7091
 676.000      55.0115
 677.000      56.1096
 678.000      52.7911
 679.000      55.9254
 680.000      56.8284
 681.000      54.5462
 682.000      57.8286
 683.000      55.1038
 684.000      57.6123
 685.000      55.2077
 686.000      54.3260
 687.000      53.7824
 688.000      53.8687
 689.000      58.2281
 690.000      55.2217
 691.000      57.4070
 692.000      56.2345
 693.000      55.9970
 694.000      54.5652
 695.000      55.1360
 696.000      55.0690
 697.000      55.4406
 698.000      56.3298
 699.000      52.0791
 700.000      54.0044
 701.000      56.5107
 702.000      56.1510
 703.000      56.4376
 704.000      55.9393
 705.000      55.4992
 706.000      55.2048
 707.000      57.2651
 708.000      55.0428
 709.000      54.5882
 710.000      55.7638
 711.000      56.2326
 712.000      56.5720
 713.000      52.8710
 714.000      56.6330
 715.000      56.5166
 716.000      53.9739
 717.000      56.1877
 718.000      56.4101
 719.000      57.3500
 720.000      54.7335
 721.000      57.2333
 722.000      57.5871
 723.000      56.1702
 724.000      57.4670
 725.000      55.6623
 726.000      56.2700
 727.000      54.5983
 728.000      53.8654
 729.000      56.2616
 730.000      53.4633
 731.000      56.1630
 732.000      55.8464
 733.000      57.3957
 734.000      56.7695
 735.000      56.1043
 736.000      60.5108
 737.000      61.3488
 738.000      60.8587
 739.000      61.1296
 740.000      61.3454
 741.000      59.7065
 742.000      60.6786
 743.000      59.6461
 744.000      61.1807
 745.000      61.1834
 746.000      60.4842
 747.000      60.9386
 748.000      60.5067
 749.000      60.1542
 750.000      60.8693
 751.000      61.6280
 752.000      61.5283
 753.000      60.8889
 754.000      60.3447
 755.000      60.6832
 756.000      60.8300
 757.000      60.9073
 758.000      61.1499
 759.000      60.8490
 760.000      60.9698
 761.000      60.1734
 762.000      60.5811
 763.000      60.5451
 764.000      61.4694
 765.000      60.0502
 766.000      61.0221
 767.000      60.4052
 768.000      60.8180
 769.000      60.8578
 770.000      61.3854
 771.000      61.3551
 772.000      61.0333
 773.000      61.3616
 774.000      60.3686
 775.000      60.5665
 776.000      61.6396
 777.000      59.7717
 778.000      60.6492
 779.000      61.2603
 780.000      61.2747
 781.000      61.1657
 782.000      60.4472
 783.000      60.8848
 784.000      61.9316
 785.000      59.9637
 786.000      60.0756
 787.000      60.6744
 788.000      60.4723
 789.000      60.7693
 790.000      60.8698
 791.000      60.8627
 792.000      61.1400
 793.000      61.2138
 794.000      61.8432
 795.000      60.9139
 796.000      60.2744
 797.000      61.5914
 798.000      60.5422
 799.000      60.4823
