#Res        AtomicFlx
   1.000      12.4837
   2.000      10.1833
   3.000       7.5255
   4.000       5.2374
   5.000       3.8426
   6.000       1.9717
   7.000       1.4857
   8.000       1.9808
   9.000       1.6807
  10.000       1.9368
  11.000       1.4250
  12.000       1.1068
  13.000       1.2317
  14.000       1.5054
  15.000       1.4791
  16.000       1.6842
  17.000       1.4106
  18.000       2.1604
  19.000       2.0272
  20.000       2.2438
  21.000       2.3491
  22.000       3.0442
  23.000       3.3722
  24.000       3.6709
  25.000       4.3036
  26.000       3.7437
  27.000       1.9171
  28.000       1.6533
  29.000       1.0908
  30.000       2.2295
  31.000       1.2429
  32.000       1.5366
  33.000       1.1107
  34.000       1.2938
  35.000       0.9921
  36.000       1.2182
  37.000       1.0631
  38.000       1.1948
  39.000       0.9602
  40.000       0.8525
  41.000       1.0314
  42.000       1.1765
  43.000       0.7358
  44.000       0.7293
  45.000       0.8079
  46.000       0.8481
  47.000       0.8019
  48.000       0.8920
  49.000       0.8666
  50.000       0.9765
  51.000       0.9963
  52.000       1.3264
  53.000       1.4376
  54.000       1.0363
  55.000       0.9519
  56.000       1.3531
  57.000       0.9122
  58.000       1.0177
  59.000       1.4565
  60.000       1.1629
  61.000       1.1471
  62.000       1.2858
  63.000       1.5604
  64.000       1.4416
  65.000       1.1601
  66.000       0.8940
  67.000       1.2984
  68.000       1.2065
  69.000       0.9085
  70.000       1.0947
  71.000       1.3291
  72.000       1.0257
  73.000       0.8810
  74.000       0.9556
  75.000       0.9161
  76.000       0.9524
  77.000       1.1399
  78.000       0.6382
  79.000       0.8212
  80.000       0.6795
  81.000       0.6576
  82.000       0.6515
  83.000       1.0159
  84.000       0.8042
  85.000       0.6242
  86.000       0.9368
  87.000       0.6453
  88.000       0.7520
  89.000       0.6079
  90.000       0.8360
  91.000       0.8059
  92.000       0.9373
  93.000       0.9866
  94.000       1.3497
  95.000       0.7290
  96.000       0.8087
  97.000       0.9362
  98.000       0.7102
  99.000       0.7611
 100.000       0.6490
 101.000       0.9226
 102.000       0.8579
 103.000       0.9003
 104.000       1.2111
 105.000       0.9819
 106.000       0.9369
 107.000       0.9049
 108.000       1.1216
 109.000       0.6704
 110.000       0.6936
 111.000       0.6167
 112.000       0.9088
 113.000       0.6853
 114.000       0.6064
 115.000       1.0863
 116.000       1.0704
 117.000       0.9598
 118.000       0.8607
 119.000       1.0697
 120.000       1.0000
 121.000       1.0579
 122.000       0.7674
 123.000       0.9262
 124.000       1.0085
 125.000       1.1718
 126.000       1.3257
 127.000       0.8688
 128.000       0.9259
 129.000       0.9905
 130.000       1.0520
 131.000       1.0367
 132.000       0.9352
 133.000       1.1304
 134.000       0.9637
 135.000       1.1852
 136.000       1.1544
 137.000       1.9939
 138.000       1.0333
 139.000       1.0242
 140.000       1.4812
 141.000       1.7639
 142.000       1.6496
 143.000       1.4892
 144.000       1.2517
 145.000       1.1760
 146.000       1.1300
 147.000       1.5556
 148.000       1.8529
 149.000       1.4872
 150.000       1.6198
 151.000       2.2252
 152.000       2.8386
 153.000       3.9189
 154.000       4.2928
 155.000       5.3648
 156.000       3.5983
 157.000       2.4747
 158.000       2.1049
 159.000       1.9338
 160.000       2.3796
 161.000       1.9508
 162.000       1.6014
 163.000       1.8975
 164.000       2.9389
 165.000       1.8882
 166.000       1.5594
 167.000       1.2828
 168.000       1.2607
 169.000       1.2481
 170.000       1.2851
 171.000       1.0886
 172.000       1.0516
 173.000       1.1911
 174.000       1.4529
 175.000       1.3739
 176.000       1.0572
 177.000       1.6752
 178.000       1.4139
 179.000       1.3076
 180.000       1.4240
 181.000       1.9364
 182.000       1.7727
 183.000       1.8755
 184.000       1.7344
 185.000       1.9182
 186.000       1.9784
 187.000       1.4585
 188.000       1.3696
 189.000       1.4297
 190.000       1.1542
 191.000       1.2434
 192.000       1.0680
 193.000       1.3925
 194.000       1.1754
 195.000       1.3658
 196.000       0.9076
 197.000       0.9886
 198.000       0.9426
 199.000       1.1402
 200.000       0.8589
 201.000       0.8364
 202.000       0.8664
 203.000       1.0407
 204.000       0.9763
 205.000       0.8747
 206.000       1.5060
 207.000       0.7605
 208.000       0.8248
 209.000       1.2653
 210.000       1.8736
 211.000       0.9068
 212.000       1.1235
 213.000       1.2281
 214.000       0.9184
 215.000       0.9213
 216.000       0.9826
 217.000       1.5352
 218.000       1.0427
 219.000       1.1366
 220.000       1.3477
 221.000       1.4799
 222.000       1.0888
 223.000       0.9942
 224.000       1.2277
 225.000       1.3794
 226.000       1.1122
 227.000       1.4573
 228.000       1.2135
 229.000       1.1904
 230.000       1.3676
 231.000       1.1700
 232.000       1.4867
 233.000       1.4440
 234.000       1.3101
 235.000       1.3254
 236.000       1.1666
 237.000       1.2218
 238.000       1.4346
 239.000       1.2718
 240.000       1.4614
 241.000       2.5100
 242.000       1.5538
 243.000       2.5827
 244.000       1.8255
 245.000       2.2331
 246.000       1.5720
 247.000       1.4624
 248.000       1.6377
 249.000       1.9809
 250.000       1.6050
 251.000       1.8313
 252.000       1.7330
 253.000       1.9360
 254.000       1.8444
 255.000       1.8463
 256.000       1.7942
 257.000       1.6698
 258.000       1.5707
 259.000       1.5354
 260.000       1.4495
 261.000       1.1506
 262.000       1.3232
 263.000       1.0064
 264.000       1.0010
 265.000       1.1164
 266.000       1.0085
 267.000       0.7845
 268.000       0.7387
 269.000       0.7455
 270.000       0.8002
 271.000       0.9481
 272.000       0.8790
 273.000       0.9912
 274.000       0.7761
 275.000       0.9710
 276.000       0.5683
 277.000       0.7033
 278.000       0.6792
 279.000       1.4448
 280.000       0.6191
 281.000       0.7010
 282.000       0.9275
 283.000       0.6677
 284.000       0.8931
 285.000       1.3670
 286.000       0.7308
 287.000       0.8053
 288.000       1.1748
 289.000       1.0076
 290.000       1.1330
 291.000       1.3803
 292.000       1.8983
 293.000       1.4498
 294.000       1.2292
 295.000       1.0332
 296.000       1.1580
 297.000       1.5427
 298.000       0.9961
 299.000       0.7446
 300.000       1.0194
 301.000       1.2659
 302.000       0.8793
 303.000       0.7407
 304.000       1.1976
 305.000       1.2016
 306.000       0.9490
 307.000       0.8299
 308.000       1.8011
 309.000       1.0160
 310.000       0.9298
 311.000       1.1353
 312.000       1.2953
 313.000       1.0456
 314.000       1.0249
 315.000       1.2074
 316.000       1.0438
 317.000       1.0416
 318.000       1.4988
 319.000       1.1771
 320.000       1.1957
 321.000       1.5560
 322.000       1.2221
 323.000       1.3953
 324.000       1.1977
 325.000       1.2991
 326.000       1.3506
 327.000       1.4482
 328.000       1.5027
 329.000       1.4282
 330.000       1.4430
 331.000       1.6551
 332.000       1.3105
 333.000       1.8509
 334.000       1.9985
 335.000       2.2141
 336.000       1.8639
 337.000       2.5284
 338.000       3.3067
 339.000       2.9621
 340.000       3.1673
 341.000       3.9173
 342.000       4.3691
 343.000       4.0966
 344.000       4.3015
 345.000       5.2974
 346.000       5.2171
 347.000       6.5057
 348.000       6.9453
 349.000       5.8638
 350.000       5.8070
 351.000       4.1610
 352.000       4.1015
 353.000       4.1421
 354.000       5.0118
 355.000       4.3076
 356.000       2.8772
 357.000       3.4725
 358.000       4.4149
 359.000       4.0411
 360.000       3.2565
 361.000       4.3231
 362.000       5.1200
 363.000       4.3778
 364.000       4.3315
 365.000       5.1088
 366.000       5.3723
 367.000       5.4556
 368.000       5.0562
 369.000       5.1022
 370.000       4.5657
 371.000       3.7092
 372.000       4.0949
 373.000       4.5665
 374.000       3.4794
 375.000       3.1516
 376.000       2.4903
 377.000       2.1319
 378.000       2.2044
 379.000       1.4894
 380.000       2.1573
 381.000       2.3728
 382.000       2.0215
 383.000       1.6622
 384.000       1.9622
 385.000       2.0097
 386.000       1.9482
 387.000       2.3688
 388.000       1.7550
 389.000       1.7042
 390.000       1.6322
 391.000       1.0225
 392.000       1.3032
 393.000       1.1430
 394.000       1.3387
 395.000       1.0461
 396.000       1.1876
 397.000       1.2594
 398.000       1.3149
 399.000       1.4006
 400.000       1.1183
 401.000       1.4611
 402.000       1.2586
 403.000       1.3279
 404.000       1.4214
 405.000       1.6981
 406.000       1.3828
 407.000       1.4204
 408.000       1.4349
 409.000       1.1670
 410.000       1.1231
 411.000       1.2357
 412.000       1.1984
 413.000       0.9741
 414.000       1.0046
 415.000       1.2118
 416.000       0.9929
 417.000       1.1877
 418.000       1.2109
 419.000       1.0636
 420.000       1.0816
 421.000       1.1904
 422.000       0.9592
 423.000       0.9798
 424.000       0.6425
 425.000       0.9575
 426.000       0.6346
 427.000       0.6803
 428.000       1.0590
 429.000       0.9206
 430.000       0.9136
 431.000       1.0742
 432.000       1.0962
 433.000       1.1729
 434.000       0.8846
 435.000       1.0064
 436.000       1.0095
 437.000       1.0592
 438.000       0.8829
 439.000       1.2438
 440.000       1.4115
 441.000       1.1927
 442.000       1.2579
 443.000       2.3284
 444.000       1.8019
 445.000       1.9294
 446.000       1.8622
 447.000       2.2919
 448.000       2.9650
 449.000       1.6144
 450.000       1.3030
 451.000       1.7033
 452.000       1.5898
 453.000       1.1501
 454.000       1.2316
 455.000       1.1257
 456.000       0.8920
 457.000       1.1714
 458.000       1.0676
 459.000       0.8065
 460.000       1.1017
 461.000       0.8657
 462.000       0.8060
 463.000       1.0955
 464.000       1.3714
 465.000       1.2648
 466.000       0.8557
 467.000       1.5645
 468.000       1.4062
 469.000       1.2145
 470.000       1.1122
 471.000       1.1085
 472.000       1.2705
 473.000       1.0940
 474.000       0.9317
 475.000       1.7855
 476.000       1.2923
 477.000       1.1762
 478.000       1.0438
 479.000       0.9659
 480.000       1.1403
 481.000       1.0051
 482.000       0.9002
 483.000       0.9187
 484.000       1.0968
 485.000       0.7958
 486.000       0.7479
 487.000       0.7944
 488.000       1.1290
 489.000       0.8325
 490.000       0.9040
 491.000       1.0905
 492.000       0.8535
 493.000       0.7889
 494.000       0.6347
 495.000       1.0193
 496.000       0.6903
 497.000       0.5666
 498.000       0.9837
 499.000       1.1154
 500.000       0.6835
 501.000       0.8538
 502.000       0.9836
 503.000       1.3397
 504.000       1.0370
 505.000       1.1076
 506.000       0.9411
 507.000       1.2555
 508.000       1.3931
 509.000       1.4400
 510.000       1.2499
 511.000       1.1236
 512.000       1.6870
 513.000       1.1654
 514.000       1.1228
 515.000       1.2214
 516.000       1.9908
 517.000       1.1654
 518.000       1.4820
 519.000       1.2256
 520.000       2.0515
 521.000       1.8390
 522.000       1.3075
 523.000       1.4965
 524.000       1.5126
 525.000       1.5902
 526.000       1.4156
 527.000       1.2570
 528.000       1.2170
 529.000       1.1078
 530.000       0.8998
 531.000       1.6341
 532.000       1.1729
 533.000       0.9848
 534.000       0.9270
 535.000       0.8900
 536.000       1.2903
 537.000       1.2379
 538.000       1.1841
 539.000       1.3159
 540.000       1.1823
 541.000       1.0806
 542.000       1.4412
 543.000       1.5231
 544.000       1.2563
 545.000       1.2031
 546.000       1.9559
 547.000       1.5427
 548.000       1.7364
 549.000       2.0902
 550.000       1.9869
 551.000       1.9927
 552.000       1.9156
 553.000       1.8197
 554.000       1.6706
 555.000       1.4666
 556.000       1.4703
 557.000       1.5324
 558.000       1.7297
 559.000       1.4878
 560.000       1.7135
 561.000       1.9224
 562.000       2.1858
 563.000       3.3308
 564.000       3.2669
 565.000       2.5592
 566.000       2.1341
 567.000       1.9252
 568.000       2.5062
 569.000       2.0654
 570.000       2.3575
 571.000       2.1114
 572.000       1.6971
 573.000       1.4944
 574.000       1.4559
 575.000       1.2659
 576.000       1.8432
 577.000       1.3188
 578.000       1.1762
 579.000       1.4793
 580.000       1.2901
 581.000       1.1604
 582.000       1.2616
 583.000       1.1422
 584.000       1.1667
 585.000       1.1620
 586.000       0.9244
 587.000       0.8804
 588.000       1.0074
 589.000       0.8130
 590.000       0.8464
 591.000       1.2114
 592.000       0.8581
 593.000       0.8765
 594.000       0.8810
 595.000       0.9625
 596.000       1.1515
 597.000       1.0681
 598.000       1.3950
 599.000       1.3543
 600.000       1.4821
 601.000       1.6637
 602.000       1.8674
 603.000       2.0478
 604.000       2.2391
 605.000       3.2294
 606.000       6.1591
 607.000       8.4268
 608.000      11.5433
 609.000      12.9773
 610.000      13.4322
 611.000      15.1950
 612.000      13.9878
 613.000      16.4742
 614.000      16.1556
 615.000       3.0071
 616.000       4.4123
 617.000       5.8574
 618.000       7.1762
 619.000       9.0361
 620.000      10.1860
 621.000       7.6091
 622.000       9.0653
 623.000      10.3294
 624.000       0.8494
 625.000      51.7505
 626.000       0.6528
 627.000      54.1976
 628.000      56.5517
 629.000      56.9633
 630.000      56.3073
 631.000      57.0919
 632.000      55.8616
 633.000      55.2343
 634.000      52.8558
 635.000      52.6227
 636.000      56.6154
 637.000      54.7761
 638.000      55.3953
 639.000      54.7467
 640.000      55.0569
 641.000      57.8454
 642.000      53.1469
 643.000      55.9947
 644.000      55.2225
 645.000      56.2673
 646.000      56.0812
 647.000      56.6912
 648.000      53.6750
 649.000      57.0015
 650.000      57.0473
 651.000      53.2150
 652.000      54.7902
 653.000      57.3544
 654.000      54.9767
 655.000      55.5110
 656.000      54.8952
 657.000      54.0864
 658.000      54.7141
 659.000      56.7384
 660.000      56.3939
 661.000      53.5321
 662.000      56.1469
 663.000      53.8270
 664.000      54.5814
 665.000      55.7486
 666.000      54.4343
 667.000      57.3741
 668.000      52.8890
 669.000      55.7273
 670.000      55.0034
 671.000      55.1972
 672.000      55.9901
 673.000      57.5367
 674.000      55.8782
 675.000      50.8401
 676.000      56.1637
 677.000      55.9905
 678.000      57.0831
 679.000      56.4723
 680.000      56.9154
 681.000      56.2468
 682.000      54.8105
 683.000      53.6815
 684.000      56.4933
 685.000      55.0352
 686.000      54.5165
 687.000      54.7885
 688.000      52.9582
 689.000      57.4129
 690.000      55.2558
 691.000      55.8732
 692.000      56.7997
 693.000      54.0886
 694.000      56.4516
 695.000      55.2549
 696.000      53.9764
 697.000      58.4670
 698.000      55.2839
 699.000      53.8847
 700.000      55.9431
 701.000      55.2688
 702.000      54.7475
 703.000      55.7850
 704.000      54.8182
 705.000      58.1048
 706.000      57.1971
 707.000      49.5826
 708.000      55.4583
 709.000      55.1364
 710.000      54.1858
 711.000      57.4779
 712.000      56.3640
 713.000      56.9094
 714.000      53.6862
 715.000      52.4790
 716.000      56.6795
 717.000      57.9182
 718.000      56.2526
 719.000      55.3971
 720.000      56.6516
 721.000      56.0706
 722.000      56.7489
 723.000      56.2817
 724.000      53.5690
 725.000      56.4292
 726.000      55.2623
 727.000      54.1714
 728.000      54.6994
 729.000      53.1680
 730.000      54.7365
 731.000      54.6294
 732.000      56.7242
 733.000      55.2875
 734.000      56.7587
 735.000      54.0906
 736.000      62.4729
 737.000      61.6377
 738.000      61.5069
 739.000      61.9639
 740.000      62.1077
 741.000      60.6565
 742.000      61.1888
 743.000      62.2377
 744.000      61.5538
 745.000      61.5812
 746.000      61.4495
 747.000      61.4212
 748.000      61.3465
 749.000      61.3412
 750.000      62.2950
 751.000      61.5321
 752.000      61.5397
 753.000      61.3321
 754.000      61.5763
 755.000      62.0828
 756.000      61.5253
 757.000      61.4170
 758.000      61.0839
 759.000      60.9309
 760.000      61.6345
 761.000      61.8319
 762.000      62.3298
 763.000      60.7819
 764.000      60.3805
 765.000      61.3707
 766.000      62.6503
 767.000      61.4293
 768.000      61.5226
 769.000      61.3905
 770.000      61.5212
 771.000      60.5049
 772.000      60.9062
 773.000      60.9472
 774.000      61.5335
 775.000      61.4689
 776.000      61.1274
 777.000      61.2130
 778.000      61.4384
 779.000      61.3377
 780.000      61.9295
 781.000      61.7647
 782.000      62.0451
 783.000      62.8859
 784.000      61.7808
 785.000      61.8473
 786.000      60.7288
 787.000      61.5798
 788.000      61.4775
 789.000      61.0998
 790.000      60.4384
 791.000      62.1145
 792.000      61.5909
 793.000      61.6641
 794.000      60.3964
 795.000      62.0780
 796.000      62.0026
 797.000      60.7678
 798.000      61.1280
 799.000      62.3590
