#Res        AtomicFlx
   1.000       4.0693
   2.000       2.7844
   3.000       2.4894
   4.000       2.7849
   5.000       3.2109
   6.000       2.6726
   7.000       3.3045
   8.000       3.7895
   9.000       4.4290
  10.000       5.8316
  11.000       3.9847
  12.000       3.0492
  13.000       2.7645
  14.000       3.0440
  15.000       3.1708
  16.000       3.2581
  17.000       3.3369
  18.000       3.3031
  19.000       3.1048
  20.000       2.4444
  21.000       2.7623
  22.000       3.5244
  23.000       3.1965
  24.000       2.6891
  25.000       3.1822
  26.000       2.9701
  27.000       2.7984
  28.000       2.5115
  29.000       2.0197
  30.000       2.5254
  31.000       1.1129
  32.000       2.1190
  33.000       1.1289
  34.000       0.9899
  35.000       0.9278
  36.000       1.2761
  37.000       0.6658
  38.000       1.0631
  39.000       1.2740
  40.000       0.7995
  41.000       0.7983
  42.000       1.1594
  43.000       0.7146
  44.000       0.6477
  45.000       0.7105
  46.000       0.7819
  47.000       0.6605
  48.000       0.8292
  49.000       0.6939
  50.000       0.7471
  51.000       1.1371
  52.000       1.0008
  53.000       1.5676
  54.000       0.9112
  55.000       1.0107
  56.000       1.5718
  57.000       1.3392
  58.000       1.3478
  59.000       1.9740
  60.000       1.4559
  61.000       1.4272
  62.000       1.6283
  63.000       1.4255
  64.000       2.0508
  65.000       2.1450
  66.000       1.4246
  67.000       1.5957
  68.000       1.4931
  69.000       1.1530
  70.000       1.2216
  71.000       1.4232
  72.000       1.1563
  73.000       0.9838
  74.000       1.1018
  75.000       1.0989
  76.000       1.1049
  77.000       1.1917
  78.000       0.7186
  79.000       0.9086
  80.000       0.7390
  81.000       0.7214
  82.000       0.8216
  83.000       0.9578
  84.000       0.8469
  85.000       0.6974
  86.000       0.8803
  87.000       0.7499
  88.000       0.8850
  89.000       0.6784
  90.000       0.7555
  91.000       1.0089
  92.000       1.0607
  93.000       1.2784
  94.000       1.4731
  95.000       0.7974
  96.000       0.7896
  97.000       1.1735
  98.000       0.8539
  99.000       0.8427
 100.000       0.7706
 101.000       1.0809
 102.000       1.1940
 103.000       1.2103
 104.000       1.4016
 105.000       1.4107
 106.000       1.5993
 107.000       2.1194
 108.000       1.7746
 109.000       0.8562
 110.000       0.9237
 111.000       0.7198
 112.000       1.1560
 113.000       0.7454
 114.000       0.7978
 115.000       1.0682
 116.000       0.9278
 117.000       0.7635
 118.000       0.6737
 119.000       1.0311
 120.000       0.8059
 121.000       0.7215
 122.000       0.6233
 123.000       0.9659
 124.000       1.1459
 125.000       0.8062
 126.000       0.7394
 127.000       0.7690
 128.000       0.8714
 129.000       0.8782
 130.000       0.9175
 131.000       0.7700
 132.000       0.8281
 133.000       1.1087
 134.000       0.8358
 135.000       0.8706
 136.000       0.9902
 137.000       1.5516
 138.000       0.8766
 139.000       1.0717
 140.000       1.2934
 141.000       1.4463
 142.000       1.6393
 143.000       1.2974
 144.000       1.0971
 145.000       1.0440
 146.000       0.9338
 147.000       1.3019
 148.000       1.6084
 149.000       1.2585
 150.000       1.3911
 151.000       2.0138
 152.000       2.2073
 153.000       2.8834
 154.000       3.3075
 155.000       3.1191
 156.000       2.9965
 157.000       2.1187
 158.000       1.9504
 159.000       1.6732
 160.000       1.7835
 161.000       1.4437
 162.000       1.1869
 163.000       1.4940
 164.000       2.0134
 165.000       1.3638
 166.000       1.2262
 167.000       1.0977
 168.000       1.0771
 169.000       1.1090
 170.000       1.0146
 171.000       0.8767
 172.000       0.8296
 173.000       0.9060
 174.000       1.0169
 175.000       1.1187
 176.000       0.8804
 177.000       1.0321
 178.000       0.9144
 179.000       1.0996
 180.000       1.4110
 181.000       2.5264
 182.000       1.6796
 183.000       2.6084
 184.000       2.5720
 185.000       2.4747
 186.000       2.6120
 187.000       1.4642
 188.000       1.3576
 189.000       1.4341
 190.000       1.0028
 191.000       1.5761
 192.000       0.9428
 193.000       1.0818
 194.000       1.1022
 195.000       1.0963
 196.000       0.8200
 197.000       0.8583
 198.000       0.8164
 199.000       1.0280
 200.000       0.7741
 201.000       0.7161
 202.000       0.8388
 203.000       1.0455
 204.000       1.0702
 205.000       1.0716
 206.000       1.8537
 207.000       1.2161
 208.000       1.6689
 209.000       2.0484
 210.000       2.7025
 211.000       2.1786
 212.000       2.6957
 213.000       2.6603
 214.000       2.2858
 215.000       2.1336
 216.000       2.1005
 217.000       2.8789
 218.000       1.7754
 219.000       1.8622
 220.000       1.8134
 221.000       1.6239
 222.000       1.3878
 223.000       1.2626
 224.000       1.1979
 225.000       1.2335
 226.000       0.9432
 227.000       1.1246
 228.000       1.1168
 229.000       0.9775
 230.000       1.0480
 231.000       1.0304
 232.000       1.2474
 233.000       1.2017
 234.000       1.1588
 235.000       1.3095
 236.000       1.0554
 237.000       1.0714
 238.000       1.4310
 239.000       1.2097
 240.000       1.3121
 241.000       2.2502
 242.000       1.3451
 243.000       2.0315
 244.000       1.6400
 245.000       1.6991
 246.000       1.2176
 247.000       1.4923
 248.000       1.6860
 249.000       1.7407
 250.000       1.4865
 251.000       1.9177
 252.000       1.8524
 253.000       1.6510
 254.000       1.7238
 255.000       1.5891
 256.000       1.6938
 257.000       1.6519
 258.000       1.5022
 259.000       1.3733
 260.000       1.3546
 261.000       1.0394
 262.000       1.2677
 263.000       1.0417
 264.000       0.9961
 265.000       0.9415
 266.000       1.0539
 267.000       0.8749
 268.000       0.7770
 269.000       0.9428
 270.000       1.0675
 271.000       0.9056
 272.000       1.0712
 273.000       1.0257
 274.000       0.6471
 275.000       1.1286
 276.000       0.5788
 277.000       0.7754
 278.000       0.6445
 279.000       0.9264
 280.000       0.6034
 281.000       0.6020
 282.000       0.7243
 283.000       0.7376
 284.000       0.8676
 285.000       0.9492
 286.000       0.7426
 287.000       0.7933
 288.000       1.2614
 289.000       1.0780
 290.000       1.1459
 291.000       1.3480
 292.000       1.6396
 293.000       0.7963
 294.000       0.9380
 295.000       0.8446
 296.000       1.0752
 297.000       1.5023
 298.000       0.7181
 299.000       0.8339
 300.000       1.0108
 301.000       1.1515
 302.000       0.8177
 303.000       0.8733
 304.000       1.1949
 305.000       1.0604
 306.000       0.7429
 307.000       0.8057
 308.000       1.9995
 309.000       0.8751
 310.000       0.8580
 311.000       1.0434
 312.000       1.2039
 313.000       1.0225
 314.000       0.9613
 315.000       1.1910
 316.000       0.9908
 317.000       1.0057
 318.000       1.5104
 319.000       1.0553
 320.000       1.0796
 321.000       1.2629
 322.000       0.9971
 323.000       1.0405
 324.000       1.9518
 325.000       1.1065
 326.000       1.3145
 327.000       1.6752
 328.000       1.6650
 329.000       1.9085
 330.000       1.6341
 331.000       1.7573
 332.000       1.2802
 333.000       2.0330
 334.000       1.9700
 335.000       2.0267
 336.000       1.7538
 337.000       2.3998
 338.000       2.9835
 339.000       2.6830
 340.000       2.9166
 341.000       3.5361
 342.000       3.9039
 343.000       3.6396
 344.000       4.1221
 345.000       4.4066
 346.000       4.2179
 347.000       4.9760
 348.000       6.1054
 349.000       4.9085
 350.000       5.2551
 351.000       3.9607
 352.000       4.2573
 353.000       4.6087
 354.000       5.3075
 355.000       4.1150
 356.000       3.1153
 357.000       3.8393
 358.000       4.2567
 359.000       3.6274
 360.000       3.2938
 361.000       4.2715
 362.000       4.7389
 363.000       3.8573
 364.000       4.2740
 365.000       4.5845
 366.000       4.7937
 367.000       4.7348
 368.000       4.5254
 369.000       4.5285
 370.000       4.0899
 371.000       3.4010
 372.000       3.8252
 373.000       4.2439
 374.000       3.1704
 375.000       2.9809
 376.000       2.3828
 377.000       2.1557
 378.000       2.2871
 379.000       1.4952
 380.000       2.0166
 381.000       2.1367
 382.000       1.6334
 383.000       1.5254
 384.000       1.6608
 385.000       1.7019
 386.000       1.7385
 387.000       2.2532
 388.000       2.5875
 389.000       2.2263
 390.000       2.2034
 391.000       1.9532
 392.000       1.7376
 393.000       1.1857
 394.000       1.4079
 395.000       1.0107
 396.000       1.1327
 397.000       1.0027
 398.000       1.2009
 399.000       1.2270
 400.000       0.9333
 401.000       1.1531
 402.000       1.0287
 403.000       1.2203
 404.000       1.1539
 405.000       1.4432
 406.000       1.2223
 407.000       1.2278
 408.000       1.3228
 409.000       1.0343
 410.000       1.0441
 411.000       1.2406
 412.000       1.0023
 413.000       0.9564
 414.000       0.9661
 415.000       1.1029
 416.000       0.9918
 417.000       0.8081
 418.000       0.9703
 419.000       0.9603
 420.000       0.8216
 421.000       1.0831
 422.000       0.9418
 423.000       0.9740
 424.000       0.6881
 425.000       0.8902
 426.000       0.6764
 427.000       0.6744
 428.000       0.7811
 429.000       1.3282
 430.000       0.8050
 431.000       0.9636
 432.000       1.0988
 433.000       1.1801
 434.000       0.7416
 435.000       0.8951
 436.000       1.0070
 437.000       1.0506
 438.000       0.8498
 439.000       1.2265
 440.000       1.3117
 441.000       1.1032
 442.000       1.3067
 443.000       1.7259
 444.000       1.6025
 445.000       1.6954
 446.000       1.9243
 447.000       2.4430
 448.000       3.9583
 449.000       1.7827
 450.000       1.3878
 451.000       1.7147
 452.000       1.4988
 453.000       1.2656
 454.000       1.1030
 455.000       0.9486
 456.000       0.8094
 457.000       1.1999
 458.000       1.0169
 459.000       0.7418
 460.000       1.0489
 461.000       0.8384
 462.000       0.8903
 463.000       0.8668
 464.000       1.3688
 465.000       1.1658
 466.000       0.8544
 467.000       1.4594
 468.000       1.2559
 469.000       1.2173
 470.000       1.0795
 471.000       1.1673
 472.000       0.9645
 473.000       1.0895
 474.000       0.7851
 475.000       1.0649
 476.000       1.1701
 477.000       1.0481
 478.000       1.0587
 479.000       0.9216
 480.000       0.9235
 481.000       0.8600
 482.000       0.9578
 483.000       0.8815
 484.000       0.8924
 485.000       0.9419
 486.000       1.1036
 487.000       1.0297
 488.000       1.0447
 489.000       0.7590
 490.000       0.8568
 491.000       0.8793
 492.000       0.8639
 493.000       0.7684
 494.000       0.6965
 495.000       1.0869
 496.000       0.8887
 497.000       0.6905
 498.000       0.7910
 499.000       1.2599
 500.000       0.8681
 501.000       1.0079
 502.000       1.2248
 503.000       1.5426
 504.000       1.1842
 505.000       1.2902
 506.000       1.0446
 507.000       1.3252
 508.000       1.6685
 509.000       2.0496
 510.000       0.9620
 511.000       1.2326
 512.000       1.6924
 513.000       1.1207
 514.000       1.1183
 515.000       1.2926
 516.000       2.1592
 517.000       1.1643
 518.000       1.6226
 519.000       1.2741
 520.000       2.0697
 521.000       1.7217
 522.000       1.2140
 523.000       1.6962
 524.000       1.7343
 525.000       1.4624
 526.000       1.0872
 527.000       1.4899
 528.000       1.3495
 529.000       1.1531
 530.000       0.8608
 531.000       1.9026
 532.000       1.3974
 533.000       1.0457
 534.000       0.9354
 535.000       0.8742
 536.000       1.2767
 537.000       1.2091
 538.000       0.8364
 539.000       1.2746
 540.000       1.1330
 541.000       1.0121
 542.000       1.2573
 543.000       1.4587
 544.000       1.1729
 545.000       0.9238
 546.000       1.7003
 547.000       1.1086
 548.000       1.0569
 549.000       1.1782
 550.000       1.4776
 551.000       1.4121
 552.000       1.7299
 553.000       1.8287
 554.000       1.7721
 555.000       1.8107
 556.000       2.2340
 557.000       1.6962
 558.000       1.5086
 559.000       1.3717
 560.000       1.9237
 561.000       2.3640
 562.000       2.7253
 563.000       2.4823
 564.000       3.0442
 565.000       3.0823
 566.000       2.9278
 567.000       3.0940
 568.000       3.5306
 569.000       3.1509
 570.000       3.2509
 571.000       2.4143
 572.000       1.7165
 573.000       1.6277
 574.000       1.6004
 575.000       1.5466
 576.000       1.7373
 577.000       1.5406
 578.000       1.3496
 579.000       1.4197
 580.000       1.3311
 581.000       1.3058
 582.000       1.2614
 583.000       1.3159
 584.000       1.6269
 585.000       1.3755
 586.000       1.6123
 587.000       1.3234
 588.000       1.1143
 589.000       0.8688
 590.000       0.9585
 591.000       1.2490
 592.000       1.1354
 593.000       1.2788
 594.000       1.3842
 595.000       1.4925
 596.000       1.8449
 597.000       1.7337
 598.000       2.2676
 599.000       2.4271
 600.000       2.3976
 601.000       2.9528
 602.000       3.2297
 603.000       3.3298
 604.000       3.3356
 605.000       4.0877
 606.000       5.1550
 607.000       7.8977
 608.000      10.9178
 609.000      13.3088
 610.000      13.9986
 611.000      14.1110
 612.000      13.0780
 613.000      15.3860
 614.000      15.6533
 615.000       1.3206
 616.000       2.2236
 617.000       3.2542
 618.000       3.9995
 619.000       5.2293
 620.000       6.6155
 621.000       4.0456
 622.000       5.6389
 623.000       5.4327
 624.000       0.8126
 625.000       0.6332
 626.000       0.6373
 627.000      57.2378
 628.000      51.6305
 629.000      53.9444
 630.000      54.4409
 631.000      56.4287
 632.000      54.8201
 633.000      55.7742
 634.000      53.9166
 635.000      56.4180
 636.000      56.2446
 637.000      56.5265
 638.000      55.8130
 639.000      55.3144
 640.000      54.3643
 641.000      55.6782
 642.000      53.8241
 643.000      53.4636
 644.000      56.2913
 645.000      55.5453
 646.000      53.4572
 647.000      54.5718
 648.000      56.1986
 649.000      54.2785
 650.000      51.9572
 651.000      57.9250
 652.000      52.7473
 653.000      57.4976
 654.000      56.0379
 655.000      51.8015
 656.000      56.7714
 657.000      57.1949
 658.000      53.0616
 659.000      49.9415
 660.000      55.1492
 661.000      57.2715
 662.000      55.4243
 663.000      56.3355
 664.000      56.8522
 665.000      54.2824
 666.000      55.6536
 667.000      55.9141
 668.000      56.2981
 669.000      55.1204
 670.000      51.4318
 671.000      55.9156
 672.000      56.6088
 673.000      54.7178
 674.000      52.9465
 675.000      53.8284
 676.000      56.7833
 677.000      53.7684
 678.000      56.3821
 679.000      53.6396
 680.000      56.4512
 681.000      56.5418
 682.000      52.4992
 683.000      54.4010
 684.000      55.8899
 685.000      53.3617
 686.000      57.1045
 687.000      54.0589
 688.000      54.9597
 689.000      55.2990
 690.000      54.8738
 691.000      56.5061
 692.000      55.6280
 693.000      52.5599
 694.000      55.2375
 695.000      57.2626
 696.000      55.1302
 697.000      52.4545
 698.000      56.7274
 699.000      55.1123
 700.000      54.1980
 701.000      55.7946
 702.000      55.8112
 703.000      55.3562
 704.000      53.5173
 705.000      55.6679
 706.000      55.7586
 707.000      55.5681
 708.000      55.9416
 709.000      56.5302
 710.000      53.8065
 711.000      57.4982
 712.000      57.4589
 713.000      55.9731
 714.000      56.3485
 715.000      56.3431
 716.000      53.9715
 717.000      55.5938
 718.000      56.9241
 719.000      57.0212
 720.000      56.0012
 721.000      55.6236
 722.000      56.4725
 723.000      51.9143
 724.000      55.5598
 725.000      55.2682
 726.000      54.3030
 727.000      57.3969
 728.000      56.2389
 729.000      51.6435
 730.000      57.5461
 731.000      54.8262
 732.000      56.4091
 733.000      55.9572
 734.000      54.5909
 735.000      56.2611
 736.000      60.2557
 737.000      61.3249
 738.000      61.6938
 739.000      60.8203
 740.000      61.1778
 741.000      61.1175
 742.000      61.5087
 743.000      60.5967
 744.000      60.8785
 745.000      61.2917
 746.000      61.1240
 747.000      60.4807
 748.000      60.4641
 749.000      60.5771
 750.000      60.9860
 751.000      60.7600
 752.000      60.9303
 753.000      60.8130
 754.000      61.2811
 755.000      60.0317
 756.000      60.8461
 757.000      61.3988
 758.000      61.1241
 759.000      60.9982
 760.000      60.0937
 761.000      60.0646
 762.000      60.1684
 763.000      61.1369
 764.000      61.6887
 765.000      60.7766
 766.000      60.7979
 767.000      60.1677
 768.000      60.7043
 769.000      61.4715
 770.000      60.9825
 771.000      60.2873
 772.000      61.0275
 773.000      61.3101
 774.000      60.7205
 775.000      61.6403
 776.000      60.8843
 777.000      61.0533
 778.000      60.7344
 779.000      61.4201
 780.000      61.0513
 781.000      61.8304
 782.000      61.0092
 783.000      60.8773
 784.000      61.8593
 785.000      60.6971
 786.000      61.1062
 787.000      61.2989
 788.000      60.9134
 789.000      60.0903
 790.000      61.4990
 791.000      61.0963
 792.000      61.7343
 793.000      61.4454
 794.000      61.9885
 795.000      60.7483
 796.000      60.9704
 797.000      61.2884
 798.000      60.8373
 799.000      60.3511
