#Res        AtomicFlx
   1.000       3.5685
   2.000       1.8798
   3.000       2.3637
   4.000       2.8591
   5.000       2.4706
   6.000       1.9961
   7.000       1.6470
   8.000       2.1723
   9.000       2.1417
  10.000       2.1226
  11.000       1.8752
  12.000       1.5300
  13.000       1.6819
  14.000       1.5929
  15.000       1.6420
  16.000       1.8775
  17.000       1.5342
  18.000       2.0895
  19.000       2.0550
  20.000       2.3268
  21.000       3.0163
  22.000       3.9236
  23.000       4.7020
  24.000       5.8453
  25.000       4.2603
  26.000       3.9703
  27.000       3.5354
  28.000       3.1118
  29.000       1.6681
  30.000       2.0365
  31.000       1.1256
  32.000       2.2714
  33.000       1.4974
  34.000       1.8133
  35.000       1.1462
  36.000       1.5303
  37.000       0.7711
  38.000       0.9298
  39.000       1.2758
  40.000       0.7311
  41.000       0.6361
  42.000       0.8372
  43.000       0.6014
  44.000       0.6059
  45.000       0.6039
  46.000       0.7326
  47.000       0.6404
  48.000       0.7906
  49.000       0.8056
  50.000       1.0338
  51.000       0.9499
  52.000       1.0521
  53.000       1.3639
  54.000       0.8468
  55.000       0.8640
  56.000       1.0293
  57.000       0.9303
  58.000       0.9123
  59.000       1.5103
  60.000       1.1479
  61.000       1.1380
  62.000       1.0715
  63.000       1.1244
  64.000       1.0738
  65.000       1.0758
  66.000       0.8635
  67.000       1.0831
  68.000       1.1537
  69.000       0.9090
  70.000       1.0636
  71.000       1.1671
  72.000       0.9789
  73.000       0.8443
  74.000       0.8632
  75.000       0.8946
  76.000       0.8857
  77.000       1.0020
  78.000       0.5966
  79.000       0.7889
  80.000       0.6478
  81.000       0.8913
  82.000       0.6813
  83.000       0.9024
  84.000       0.7875
  85.000       0.6873
  86.000       0.9209
  87.000       0.6392
  88.000       0.7169
  89.000       0.5987
  90.000       0.8418
  91.000       0.8869
  92.000       0.9184
  93.000       1.1994
  94.000       1.5579
  95.000       0.7459
  96.000       0.8814
  97.000       0.9100
  98.000       0.7428
  99.000       0.7759
 100.000       0.6738
 101.000       0.9192
 102.000       0.8771
 103.000       1.1180
 104.000       1.2237
 105.000       1.0169
 106.000       0.9425
 107.000       0.9697
 108.000       1.1773
 109.000       0.6859
 110.000       0.7967
 111.000       0.6339
 112.000       1.0463
 113.000       0.6699
 114.000       0.7422
 115.000       1.0761
 116.000       1.1145
 117.000       0.6650
 118.000       0.6385
 119.000       1.0491
 120.000       1.2123
 121.000       0.7375
 122.000       0.5902
 123.000       1.0569
 124.000       1.0259
 125.000       0.8506
 126.000       0.6765
 127.000       0.6970
 128.000       0.8114
 129.000       0.8264
 130.000       0.8773
 131.000       0.8611
 132.000       0.7970
 133.000       1.0057
 134.000       0.8345
 135.000       1.0427
 136.000       1.1467
 137.000       1.2106
 138.000       0.9038
 139.000       1.1835
 140.000       1.8020
 141.000       1.6954
 142.000       1.8104
 143.000       1.5612
 144.000       1.1893
 145.000       1.0861
 146.000       0.9666
 147.000       1.3174
 148.000       1.4477
 149.000       1.2711
 150.000       1.4630
 151.000       1.9106
 152.000       2.1564
 153.000       2.9014
 154.000       2.6428
 155.000       2.7528
 156.000       2.5472
 157.000       1.8319
 158.000       1.6996
 159.000       1.5500
 160.000       1.8344
 161.000       1.4302
 162.000       1.2420
 163.000       1.5111
 164.000       2.2510
 165.000       1.3689
 166.000       1.3046
 167.000       1.1243
 168.000       1.2379
 169.000       1.2102
 170.000       1.0792
 171.000       0.9043
 172.000       0.8960
 173.000       1.0139
 174.000       1.0267
 175.000       1.2035
 176.000       0.9213
 177.000       0.9502
 178.000       0.9332
 179.000       1.0980
 180.000       1.1297
 181.000       1.4720
 182.000       1.3099
 183.000       1.4371
 184.000       1.4101
 185.000       1.3641
 186.000       1.3521
 187.000       1.0995
 188.000       1.2119
 189.000       1.3944
 190.000       1.0136
 191.000       2.2717
 192.000       0.9372
 193.000       1.3462
 194.000       1.1859
 195.000       1.1950
 196.000       0.7564
 197.000       0.8258
 198.000       0.7977
 199.000       1.0226
 200.000       0.7593
 201.000       0.7664
 202.000       0.8017
 203.000       1.0760
 204.000       1.1681
 205.000       1.2314
 206.000       1.7355
 207.000       1.4428
 208.000       1.6435
 209.000       1.8898
 210.000       2.5085
 211.000       1.9733
 212.000       2.3139
 213.000       2.2561
 214.000       1.6246
 215.000       1.4040
 216.000       1.2509
 217.000       1.7219
 218.000       0.9768
 219.000       1.0060
 220.000       1.3581
 221.000       1.2779
 222.000       0.8115
 223.000       0.9347
 224.000       1.0520
 225.000       1.1482
 226.000       0.7933
 227.000       0.9357
 228.000       0.9728
 229.000       0.8986
 230.000       0.9946
 231.000       0.9337
 232.000       1.1900
 233.000       1.1854
 234.000       1.0550
 235.000       1.2074
 236.000       0.9873
 237.000       0.9709
 238.000       1.2324
 239.000       1.1083
 240.000       1.1461
 241.000       1.9996
 242.000       1.1812
 243.000       1.3090
 244.000       1.2917
 245.000       1.5936
 246.000       1.0443
 247.000       1.2355
 248.000       1.2363
 249.000       1.3320
 250.000       1.0980
 251.000       1.4028
 252.000       1.2637
 253.000       1.3817
 254.000       1.7626
 255.000       1.6984
 256.000       1.9289
 257.000       2.2062
 258.000       1.7002
 259.000       1.6334
 260.000       1.4705
 261.000       1.1108
 262.000       1.2258
 263.000       1.1436
 264.000       0.9583
 265.000       1.0114
 266.000       0.9830
 267.000       0.7684
 268.000       0.7047
 269.000       0.7734
 270.000       0.9681
 271.000       0.7572
 272.000       1.0028
 273.000       1.2672
 274.000       0.7597
 275.000       0.9696
 276.000       0.5398
 277.000       0.6999
 278.000       0.6640
 279.000       1.0049
 280.000       0.6355
 281.000       0.5829
 282.000       0.7490
 283.000       0.6646
 284.000       0.7888
 285.000       0.8805
 286.000       0.8185
 287.000       0.7781
 288.000       1.3052
 289.000       0.9693
 290.000       1.0642
 291.000       1.1768
 292.000       1.5333
 293.000       1.2632
 294.000       1.1222
 295.000       1.0836
 296.000       1.0193
 297.000       1.7554
 298.000       1.0528
 299.000       0.8844
 300.000       0.9012
 301.000       1.0747
 302.000       0.8734
 303.000       0.6772
 304.000       0.9711
 305.000       0.9461
 306.000       0.7054
 307.000       0.7570
 308.000       1.6052
 309.000       0.8042
 310.000       0.9030
 311.000       1.0722
 312.000       1.1694
 313.000       0.9095
 314.000       0.9107
 315.000       1.2066
 316.000       0.9499
 317.000       0.9350
 318.000       1.2474
 319.000       0.9135
 320.000       1.0557
 321.000       1.2819
 322.000       0.9818
 323.000       1.0544
 324.000       1.4074
 325.000       1.0217
 326.000       1.0863
 327.000       1.7231
 328.000       1.2573
 329.000       1.1689
 330.000       1.3052
 331.000       1.4064
 332.000       1.0771
 333.000       1.9631
 334.000       1.4990
 335.000       1.6583
 336.000       1.5492
 337.000       1.9984
 338.000       2.4399
 339.000       2.3548
 340.000       2.6653
 341.000       2.9348
 342.000       3.3523
 343.000       3.4679
 344.000       3.7578
 345.000       4.5889
 346.000       4.0240
 347.000       4.7153
 348.000       5.9771
 349.000       4.5147
 350.000       4.4915
 351.000       3.6084
 352.000       3.6054
 353.000       3.4953
 354.000       4.3220
 355.000       3.8118
 356.000       2.6133
 357.000       3.2218
 358.000       3.9476
 359.000       3.5212
 360.000       2.9550
 361.000       4.0271
 362.000       4.7709
 363.000       3.7001
 364.000       4.0454
 365.000       4.6393
 366.000       4.6604
 367.000       4.6262
 368.000       4.5166
 369.000       4.5559
 370.000       4.0565
 371.000       3.4639
 372.000       3.8295
 373.000       4.1902
 374.000       3.0765
 375.000       2.8378
 376.000       2.3245
 377.000       2.0261
 378.000       1.9284
 379.000       1.3268
 380.000       1.9085
 381.000       2.2109
 382.000       1.6521
 383.000       1.3598
 384.000       1.3938
 385.000       1.5914
 386.000       1.6055
 387.000       2.4446
 388.000       2.1413
 389.000       1.8293
 390.000       1.8135
 391.000       1.3596
 392.000       1.3308
 393.000       1.2097
 394.000       1.3228
 395.000       1.0021
 396.000       1.1854
 397.000       1.0299
 398.000       1.1032
 399.000       1.6513
 400.000       0.9283
 401.000       1.1719
 402.000       1.0172
 403.000       1.2940
 404.000       1.0449
 405.000       1.3317
 406.000       1.1022
 407.000       1.1934
 408.000       1.2985
 409.000       1.0575
 410.000       1.0316
 411.000       1.2479
 412.000       1.0007
 413.000       1.0190
 414.000       1.0942
 415.000       1.1325
 416.000       0.8306
 417.000       0.8225
 418.000       0.9988
 419.000       0.9714
 420.000       0.8492
 421.000       1.0030
 422.000       0.6508
 423.000       0.9218
 424.000       0.5813
 425.000       0.7863
 426.000       0.5983
 427.000       0.5953
 428.000       0.8856
 429.000       1.1815
 430.000       0.6791
 431.000       0.8889
 432.000       1.0023
 433.000       1.0722
 434.000       0.7596
 435.000       0.9798
 436.000       1.0537
 437.000       1.0491
 438.000       0.9646
 439.000       1.4982
 440.000       1.8507
 441.000       1.4774
 442.000       1.5207
 443.000       3.0714
 444.000       2.4525
 445.000       2.8958
 446.000       3.5365
 447.000       3.6938
 448.000       5.6535
 449.000       3.0641
 450.000       2.2340
 451.000       2.8355
 452.000       1.8582
 453.000       1.6635
 454.000       1.9901
 455.000       1.3813
 456.000       1.0403
 457.000       1.3821
 458.000       1.2711
 459.000       0.9268
 460.000       1.1637
 461.000       0.9140
 462.000       0.9789
 463.000       0.8349
 464.000       1.2871
 465.000       1.2325
 466.000       0.8343
 467.000       1.2307
 468.000       1.3134
 469.000       0.8762
 470.000       0.9413
 471.000       1.0303
 472.000       0.9199
 473.000       0.8949
 474.000       0.7846
 475.000       0.9363
 476.000       1.0871
 477.000       0.9108
 478.000       0.9002
 479.000       0.9181
 480.000       1.1369
 481.000       1.0391
 482.000       1.0579
 483.000       1.0758
 484.000       1.1840
 485.000       1.2130
 486.000       1.4924
 487.000       1.5604
 488.000       1.6417
 489.000       0.7933
 490.000       0.9824
 491.000       1.0105
 492.000       0.9717
 493.000       0.6764
 494.000       0.6608
 495.000       1.0990
 496.000       0.6974
 497.000       0.7284
 498.000       0.8289
 499.000       1.0975
 500.000       0.6666
 501.000       0.8419
 502.000       1.0697
 503.000       1.1702
 504.000       0.9293
 505.000       1.2693
 506.000       0.8163
 507.000       1.1345
 508.000       1.3920
 509.000       1.7543
 510.000       1.0918
 511.000       0.8728
 512.000       1.6567
 513.000       1.0042
 514.000       1.1409
 515.000       1.1691
 516.000       1.6942
 517.000       1.4105
 518.000       1.6984
 519.000       1.2298
 520.000       1.9622
 521.000       1.6864
 522.000       1.1127
 523.000       1.4152
 524.000       1.2735
 525.000       1.1336
 526.000       0.7469
 527.000       0.8710
 528.000       0.9853
 529.000       0.7185
 530.000       0.6771
 531.000       0.9374
 532.000       0.9908
 533.000       0.8646
 534.000       0.7026
 535.000       0.7772
 536.000       1.0874
 537.000       1.1192
 538.000       0.8460
 539.000       1.3093
 540.000       1.1417
 541.000       0.9922
 542.000       1.3066
 543.000       1.4036
 544.000       1.1762
 545.000       0.9610
 546.000       1.3942
 547.000       1.1748
 548.000       1.1344
 549.000       1.2297
 550.000       1.5664
 551.000       1.5153
 552.000       1.8779
 553.000       1.8222
 554.000       1.9573
 555.000       1.8368
 556.000       1.6011
 557.000       1.7114
 558.000       2.0263
 559.000       1.2798
 560.000       1.8789
 561.000       2.0893
 562.000       3.0648
 563.000       3.0096
 564.000       3.9616
 565.000       3.4246
 566.000       3.6735
 567.000       4.0224
 568.000       3.5855
 569.000       2.9864
 570.000       2.8371
 571.000       2.3377
 572.000       1.9945
 573.000       2.0001
 574.000       1.6960
 575.000       1.7183
 576.000       2.2233
 577.000       1.6114
 578.000       1.4100
 579.000       1.7457
 580.000       1.5059
 581.000       1.2886
 582.000       1.5207
 583.000       1.6063
 584.000       1.3319
 585.000       1.1718
 586.000       1.1773
 587.000       1.0184
 588.000       1.0497
 589.000       0.8820
 590.000       0.9880
 591.000       1.3134
 592.000       0.8709
 593.000       0.8830
 594.000       0.9094
 595.000       0.9818
 596.000       1.1820
 597.000       1.0442
 598.000       1.4368
 599.000       1.4571
 600.000       1.5741
 601.000       1.5982
 602.000       1.8752
 603.000       2.1379
 604.000       2.1462
 605.000       2.8370
 606.000       3.2047
 607.000       4.2685
 608.000       5.9672
 609.000       6.4630
 610.000       8.0763
 611.000       7.9912
 612.000       9.3802
 613.000      11.5345
 614.000      12.3765
 615.000       1.5298
 616.000       1.9401
 617.000       2.0704
 618.000       1.4854
 619.000       1.6985
 620.000       2.6185
 621.000       3.2232
 622.000       4.2820
 623.000       5.1486
 624.000       0.8211
 625.000      30.7846
 626.000       0.5713
 627.000      53.5382
 628.000      56.1188
 629.000      56.8043
 630.000      57.2230
 631.000      56.1047
 632.000      55.8462
 633.000      55.8135
 634.000      53.8028
 635.000      56.7388
 636.000      55.4351
 637.000      55.0538
 638.000      58.7174
 639.000      55.1149
 640.000      54.3604
 641.000      54.3545
 642.000      55.1578
 643.000      58.2348
 644.000      54.7657
 645.000      56.7947
 646.000      53.8705
 647.000      57.1253
 648.000      53.2416
 649.000      55.2831
 650.000      54.4588
 651.000      56.1419
 652.000      56.7628
 653.000      57.3268
 654.000      54.7556
 655.000      54.7450
 656.000      57.1269
 657.000      54.9860
 658.000      52.4389
 659.000      57.6323
 660.000      57.1771
 661.000      56.3063
 662.000      55.6407
 663.000      54.7466
 664.000      55.6111
 665.000      56.5873
 666.000      57.3791
 667.000      55.4251
 668.000      55.6730
 669.000      54.7547
 670.000      56.8105
 671.000      55.6727
 672.000      56.7367
 673.000      54.7798
 674.000      58.0093
 675.000      57.1167
 676.000      53.1274
 677.000      53.8840
 678.000      49.3627
 679.000      55.6385
 680.000      55.8206
 681.000      55.9299
 682.000      50.6706
 683.000      56.5383
 684.000      56.5710
 685.000      55.7772
 686.000      54.9269
 687.000      52.7994
 688.000      55.9314
 689.000      55.1986
 690.000      52.8365
 691.000      53.2405
 692.000      56.5056
 693.000      54.9890
 694.000      55.5286
 695.000      52.1839
 696.000      56.6785
 697.000      56.4991
 698.000      56.0354
 699.000      56.8279
 700.000      56.2510
 701.000      52.9126
 702.000      52.4406
 703.000      57.0852
 704.000      55.3784
 705.000      54.6484
 706.000      55.5816
 707.000      55.6966
 708.000      55.3634
 709.000      54.8062
 710.000      55.3813
 711.000      51.8307
 712.000      55.8906
 713.000      55.3998
 714.000      55.7132
 715.000      55.4775
 716.000      54.5351
 717.000      56.4086
 718.000      55.2527
 719.000      55.6164
 720.000      57.7353
 721.000      53.2240
 722.000      57.7229
 723.000      53.7763
 724.000      57.5941
 725.000      54.2987
 726.000      52.3953
 727.000      54.8421
 728.000      56.9060
 729.000      54.5219
 730.000      55.6172
 731.000      56.7849
 732.000      54.8636
 733.000      55.2287
 734.000      55.0607
 735.000      54.0678
 736.000      60.9943
 737.000      61.4550
 738.000      60.9463
 739.000      61.3245
 740.000      60.7868
 741.000      61.5736
 742.000      61.2281
 743.000      61.5184
 744.000      61.0550
 745.000      60.4109
 746.000      59.9757
 747.000      61.9522
 748.000      61.0101
 749.000      61.8032
 750.000      61.1653
 751.000      61.6502
 752.000      60.7721
 753.000      61.8313
 754.000      61.5247
 755.000      61.6209
 756.000      60.9988
 757.000      60.9876
 758.000      60.5014
 759.000      61.1233
 760.000      60.9546
 761.000      60.7782
 762.000      61.5758
 763.000      60.8066
 764.000      61.8850
 765.000      60.5796
 766.000      60.9018
 767.000      61.1113
 768.000      61.0360
 769.000      61.6712
 770.000      61.2296
 771.000      60.6660
 772.000      61.2195
 773.000      61.0440
 774.000      61.0941
 775.000      60.7324
 776.000      60.8660
 777.000      61.3926
 778.000      61.0602
 779.000      60.9215
 780.000      60.1708
 781.000      61.8126
 782.000      59.7524
 783.000      61.2803
 784.000      61.3305
 785.000      61.0697
 786.000      61.0108
 787.000      60.7880
 788.000      61.0358
 789.000      60.9278
 790.000      61.1298
 791.000      61.6252
 792.000      61.1774
 793.000      61.6282
 794.000      61.4819
 795.000      61.1549
 796.000      60.7849
 797.000      61.5223
 798.000      60.0864
 799.000      61.4280
