#Res        AtomicFlx
   1.000       6.5061
   2.000       4.0231
   3.000       3.8338
   4.000       3.6486
   5.000       3.2038
   6.000       2.8112
   7.000       2.5362
   8.000       3.3607
   9.000       2.6914
  10.000       2.7220
  11.000       2.2418
  12.000       1.9908
  13.000       1.6282
  14.000       1.4421
  15.000       1.8181
  16.000       2.2834
  17.000       1.4200
  18.000       2.4494
  19.000       2.7307
  20.000       2.5140
  21.000       2.3141
  22.000       3.4993
  23.000       4.6320
  24.000       6.1639
  25.000       4.5306
  26.000       3.9670
  27.000       2.6967
  28.000       2.4579
  29.000       1.1831
  30.000       1.8309
  31.000       1.0053
  32.000       1.4306
  33.000       1.1139
  34.000       1.5517
  35.000       1.0752
  36.000       1.2607
  37.000       1.2413
  38.000       1.3063
  39.000       0.9582
  40.000       0.8413
  41.000       0.8599
  42.000       1.0928
  43.000       0.6628
  44.000       0.7466
  45.000       0.9261
  46.000       0.8440
  47.000       0.7233
  48.000       0.9014
  49.000       0.9963
  50.000       1.2181
  51.000       1.0657
  52.000       1.1114
  53.000       1.4789
  54.000       1.1270
  55.000       1.1435
  56.000       1.4260
  57.000       1.1987
  58.000       1.3900
  59.000       1.8032
  60.000       1.4237
  61.000       1.3648
  62.000       1.8404
  63.000       2.5803
  64.000       2.6965
  65.000       1.9058
  66.000       1.3245
  67.000       1.7427
  68.000       1.6283
  69.000       1.2089
  70.000       1.2413
  71.000       1.4382
  72.000       1.2741
  73.000       1.0658
  74.000       1.1220
  75.000       1.0164
  76.000       1.1447
  77.000       1.2714
  78.000       0.7665
  79.000       0.9712
  80.000       0.7306
  81.000       0.7577
  82.000       0.8169
  83.000       0.9437
  84.000       0.8293
  85.000       0.5971
  86.000       1.1495
  87.000       0.7556
  88.000       0.7286
  89.000       0.6952
  90.000       0.9859
  91.000       0.8037
  92.000       0.9294
  93.000       1.0736
  94.000       1.6577
  95.000       0.7056
  96.000       0.8831
  97.000       0.9896
  98.000       0.7592
  99.000       0.7613
 100.000       0.7356
 101.000       1.0339
 102.000       0.9736
 103.000       1.0865
 104.000       1.3633
 105.000       1.2767
 106.000       1.1026
 107.000       1.0781
 108.000       1.2449
 109.000       0.7988
 110.000       0.8369
 111.000       0.6640
 112.000       1.0350
 113.000       0.7644
 114.000       0.8429
 115.000       1.0814
 116.000       1.1315
 117.000       0.9336
 118.000       0.7433
 119.000       1.1581
 120.000       1.2237
 121.000       1.1487
 122.000       0.7217
 123.000       1.0761
 124.000       1.4493
 125.000       1.0609
 126.000       0.9289
 127.000       0.8467
 128.000       0.9333
 129.000       0.9208
 130.000       0.8476
 131.000       0.9577
 132.000       0.8387
 133.000       1.0566
 134.000       0.9307
 135.000       1.1515
 136.000       1.2042
 137.000       1.5552
 138.000       0.9544
 139.000       1.1018
 140.000       1.4316
 141.000       1.4087
 142.000       1.7479
 143.000       1.4331
 144.000       1.1922
 145.000       1.1144
 146.000       1.0066
 147.000       1.3656
 148.000       1.6098
 149.000       1.3863
 150.000       1.6110
 151.000       2.0463
 152.000       2.3104
 153.000       3.1373
 154.000       3.3528
 155.000       3.1745
 156.000       2.8372
 157.000       2.0522
 158.000       1.7611
 159.000       1.7217
 160.000       1.9782
 161.000       1.7018
 162.000       1.3756
 163.000       1.6772
 164.000       2.3698
 165.000       1.3664
 166.000       1.3469
 167.000       1.2047
 168.000       1.3495
 169.000       1.2836
 170.000       1.2378
 171.000       1.0068
 172.000       1.1703
 173.000       1.1160
 174.000       1.8412
 175.000       1.5909
 176.000       1.1858
 177.000       1.1420
 178.000       1.3584
 179.000       1.4512
 180.000       1.2038
 181.000       1.4945
 182.000       1.4126
 183.000       1.3963
 184.000       1.5283
 185.000       1.5436
 186.000       1.2122
 187.000       1.1095
 188.000       1.3413
 189.000       1.4615
 190.000       1.1248
 191.000       1.5209
 192.000       0.9544
 193.000       1.1964
 194.000       1.0866
 195.000       1.2692
 196.000       0.8596
 197.000       0.8369
 198.000       0.8423
 199.000       1.0851
 200.000       0.7965
 201.000       0.7726
 202.000       0.8593
 203.000       0.9672
 204.000       0.8589
 205.000       0.8443
 206.000       1.3781
 207.000       0.7735
 208.000       0.7978
 209.000       1.0672
 210.000       1.6493
 211.000       0.8615
 212.000       1.3331
 213.000       1.3614
 214.000       0.8973
 215.000       0.9782
 216.000       1.1712
 217.000       1.8597
 218.000       0.8685
 219.000       0.9444
 220.000       1.6042
 221.000       1.2580
 222.000       0.8013
 223.000       1.1621
 224.000       1.2281
 225.000       1.2047
 226.000       0.8461
 227.000       1.0688
 228.000       1.0182
 229.000       0.9462
 230.000       1.1642
 231.000       0.9446
 232.000       1.3130
 233.000       1.3623
 234.000       1.0864
 235.000       1.2106
 236.000       1.0188
 237.000       0.9964
 238.000       1.3007
 239.000       1.1610
 240.000       1.2964
 241.000       2.0826
 242.000       1.1700
 243.000       1.1460
 244.000       1.4179
 245.000       1.8177
 246.000       1.3591
 247.000       1.4367
 248.000       1.5789
 249.000       1.8288
 250.000       1.8087
 251.000       2.6684
 252.000       2.1755
 253.000       1.9512
 254.000       2.1431
 255.000       1.9908
 256.000       1.8954
 257.000       1.7230
 258.000       1.8453
 259.000       1.5789
 260.000       1.5419
 261.000       1.3388
 262.000       1.4357
 263.000       1.0946
 264.000       1.1797
 265.000       1.3914
 266.000       1.0887
 267.000       0.9211
 268.000       0.9929
 269.000       1.0544
 270.000       1.0713
 271.000       0.9171
 272.000       0.9814
 273.000       1.1374
 274.000       0.7813
 275.000       1.1800
 276.000       0.7623
 277.000       1.1274
 278.000       1.2833
 279.000       1.6244
 280.000       0.9520
 281.000       1.1448
 282.000       1.0603
 283.000       0.6794
 284.000       0.9485
 285.000       0.9202
 286.000       0.8753
 287.000       0.7207
 288.000       1.0884
 289.000       1.0117
 290.000       1.0624
 291.000       1.2793
 292.000       1.5027
 293.000       1.4075
 294.000       1.1600
 295.000       1.2143
 296.000       1.2591
 297.000       1.7148
 298.000       1.0625
 299.000       0.9306
 300.000       0.9150
 301.000       1.1106
 302.000       0.9655
 303.000       0.8210
 304.000       1.0820
 305.000       1.0105
 306.000       0.9943
 307.000       0.8503
 308.000       1.7302
 309.000       0.8620
 310.000       0.9095
 311.000       1.1578
 312.000       1.2148
 313.000       1.1360
 314.000       0.9579
 315.000       1.2932
 316.000       1.0371
 317.000       1.0671
 318.000       1.2908
 319.000       1.0858
 320.000       1.2670
 321.000       1.5276
 322.000       1.0523
 323.000       1.0508
 324.000       1.4219
 325.000       1.1714
 326.000       1.2520
 327.000       1.3279
 328.000       1.4919
 329.000       1.5958
 330.000       1.4594
 331.000       1.5294
 332.000       1.2585
 333.000       1.8328
 334.000       1.5135
 335.000       1.7448
 336.000       1.6510
 337.000       2.0630
 338.000       2.5072
 339.000       2.5288
 340.000       2.8357
 341.000       3.1403
 342.000       3.6325
 343.000       4.0204
 344.000       4.5794
 345.000       5.3214
 346.000       4.4440
 347.000       5.1932
 348.000       5.9374
 349.000       4.4660
 350.000       4.9608
 351.000       3.4722
 352.000       3.4981
 353.000       3.6022
 354.000       4.5636
 355.000       3.9328
 356.000       2.6676
 357.000       3.4690
 358.000       4.3217
 359.000       3.7708
 360.000       3.0953
 361.000       4.2596
 362.000       5.0036
 363.000       3.9540
 364.000       4.2604
 365.000       4.9620
 366.000       5.0560
 367.000       4.9603
 368.000       4.7503
 369.000       4.7989
 370.000       4.3107
 371.000       3.6291
 372.000       3.9883
 373.000       4.3524
 374.000       3.2429
 375.000       2.9910
 376.000       2.4380
 377.000       2.2266
 378.000       2.1964
 379.000       1.5976
 380.000       2.4232
 381.000       2.4940
 382.000       1.9533
 383.000       1.6443
 384.000       1.5964
 385.000       1.8502
 386.000       2.1841
 387.000       3.0850
 388.000       3.1230
 389.000       1.7160
 390.000       1.6572
 391.000       1.2340
 392.000       1.2310
 393.000       1.1224
 394.000       1.4361
 395.000       1.3565
 396.000       1.4317
 397.000       1.1399
 398.000       1.2173
 399.000       1.2947
 400.000       1.1740
 401.000       1.2908
 402.000       1.0255
 403.000       1.3323
 404.000       1.3703
 405.000       1.5018
 406.000       1.1458
 407.000       1.2215
 408.000       1.1821
 409.000       1.0374
 410.000       0.9767
 411.000       1.1058
 412.000       1.0267
 413.000       0.9339
 414.000       0.9342
 415.000       0.9486
 416.000       0.8516
 417.000       0.8738
 418.000       0.9652
 419.000       0.8964
 420.000       0.8760
 421.000       1.0324
 422.000       0.6375
 423.000       0.7283
 424.000       0.5884
 425.000       0.7809
 426.000       0.6449
 427.000       0.6046
 428.000       1.0744
 429.000       0.7338
 430.000       0.8516
 431.000       1.0517
 432.000       0.9782
 433.000       1.0488
 434.000       0.7016
 435.000       0.9253
 436.000       1.0566
 437.000       1.0334
 438.000       0.9071
 439.000       1.3891
 440.000       1.4969
 441.000       1.2551
 442.000       1.3693
 443.000       2.4508
 444.000       2.0719
 445.000       2.2318
 446.000       2.1717
 447.000       2.4300
 448.000       3.2601
 449.000       1.7966
 450.000       1.5566
 451.000       1.9720
 452.000       1.4845
 453.000       1.1787
 454.000       1.5104
 455.000       1.0383
 456.000       0.8554
 457.000       1.2579
 458.000       1.1344
 459.000       0.7799
 460.000       1.0657
 461.000       0.8827
 462.000       0.8978
 463.000       0.8460
 464.000       1.3339
 465.000       1.1652
 466.000       0.7892
 467.000       1.5532
 468.000       1.2199
 469.000       1.1389
 470.000       1.0446
 471.000       1.0099
 472.000       0.9708
 473.000       0.9403
 474.000       0.8784
 475.000       1.3877
 476.000       1.0185
 477.000       1.0127
 478.000       1.1216
 479.000       1.0909
 480.000       1.4190
 481.000       1.3150
 482.000       1.1054
 483.000       1.4187
 484.000       1.8197
 485.000       1.6142
 486.000       1.4275
 487.000       1.2552
 488.000       1.5337
 489.000       0.9104
 490.000       0.9790
 491.000       1.2895
 492.000       1.0402
 493.000       0.7751
 494.000       0.7389
 495.000       1.2126
 496.000       0.7281
 497.000       0.7319
 498.000       0.9167
 499.000       1.1901
 500.000       0.6848
 501.000       0.9676
 502.000       1.0050
 503.000       1.3251
 504.000       0.9476
 505.000       1.2113
 506.000       0.8353
 507.000       1.1655
 508.000       1.4460
 509.000       2.2175
 510.000       1.1035
 511.000       1.1543
 512.000       1.7662
 513.000       0.8573
 514.000       1.0963
 515.000       1.2174
 516.000       1.6199
 517.000       1.5248
 518.000       1.5634
 519.000       1.4393
 520.000       2.2053
 521.000       2.1553
 522.000       1.4483
 523.000       1.6705
 524.000       1.6353
 525.000       1.1518
 526.000       1.0287
 527.000       1.6207
 528.000       1.4277
 529.000       1.0729
 530.000       1.0376
 531.000       1.7235
 532.000       1.5157
 533.000       1.2999
 534.000       1.0980
 535.000       1.2731
 536.000       1.6036
 537.000       1.4799
 538.000       1.2425
 539.000       1.6797
 540.000       1.5347
 541.000       1.3665
 542.000       1.7220
 543.000       1.9179
 544.000       1.6159
 545.000       1.7092
 546.000       2.1073
 547.000       1.7329
 548.000       1.6451
 549.000       2.0769
 550.000       2.4134
 551.000       2.4468
 552.000       2.9180
 553.000       2.5697
 554.000       2.5284
 555.000       1.9412
 556.000       1.5109
 557.000       1.7224
 558.000       1.8265
 559.000       1.6859
 560.000       2.0405
 561.000       2.3046
 562.000       2.5542
 563.000       4.2280
 564.000       3.9364
 565.000       2.7836
 566.000       2.2122
 567.000       2.4850
 568.000       2.9292
 569.000       2.0356
 570.000       2.8585
 571.000       2.2398
 572.000       2.0409
 573.000       1.8193
 574.000       1.6577
 575.000       1.5286
 576.000       2.0387
 577.000       1.6360
 578.000       1.4083
 579.000       2.1230
 580.000       1.3864
 581.000       1.1965
 582.000       1.3276
 583.000       1.2215
 584.000       1.2695
 585.000       1.3182
 586.000       1.2880
 587.000       1.0202
 588.000       1.1372
 589.000       0.9471
 590.000       0.9288
 591.000       1.2284
 592.000       0.9670
 593.000       0.9826
 594.000       1.0025
 595.000       1.1076
 596.000       1.3000
 597.000       1.1849
 598.000       1.6666
 599.000       1.7617
 600.000       1.5721
 601.000       2.1830
 602.000       2.3953
 603.000       2.5309
 604.000       2.4278
 605.000       3.9984
 606.000       5.3279
 607.000       7.4472
 608.000       9.9529
 609.000      10.3587
 610.000      12.7423
 611.000      12.7736
 612.000      11.9117
 613.000      14.3534
 614.000      13.9768
 615.000       3.0470
 616.000       4.8312
 617.000       6.6596
 618.000       8.3553
 619.000      10.0748
 620.000       9.7411
 621.000       9.4206
 622.000      11.3546
 623.000      12.5167
 624.000       1.0299
 625.000      53.4078
 626.000       0.6237
 627.000      56.7954
 628.000      55.9960
 629.000      53.1219
 630.000      56.3368
 631.000      54.7414
 632.000      55.1851
 633.000      55.5016
 634.000      55.2089
 635.000      56.5833
 636.000      56.9327
 637.000      56.6378
 638.000      54.9909
 639.000      54.8485
 640.000      53.5863
 641.000      55.1460
 642.000      56.9890
 643.000      56.4339
 644.000      54.3766
 645.000      54.9214
 646.000      54.3588
 647.000      51.8310
 648.000      55.0409
 649.000      56.7896
 650.000      55.1637
 651.000      54.6903
 652.000      55.3481
 653.000      56.6197
 654.000      55.7071
 655.000      52.1426
 656.000      57.5853
 657.000      56.4260
 658.000      53.5769
 659.000      57.8386
 660.000      56.9561
 661.000      56.3371
 662.000      54.3994
 663.000      52.8584
 664.000      55.0884
 665.000      55.1890
 666.000      54.8104
 667.000      55.7275
 668.000      54.3979
 669.000      52.5635
 670.000      55.8109
 671.000      55.6883
 672.000      54.2127
 673.000      55.9152
 674.000      57.1205
 675.000      54.5273
 676.000      54.8460
 677.000      55.4564
 678.000      56.8008
 679.000      52.4315
 680.000      55.9386
 681.000      54.7387
 682.000      57.1902
 683.000      54.2699
 684.000      55.7671
 685.000      54.9235
 686.000      54.8917
 687.000      54.6444
 688.000      55.9184
 689.000      56.4248
 690.000      56.7358
 691.000      46.1744
 692.000      54.4083
 693.000      54.9262
 694.000      55.6479
 695.000      54.0763
 696.000      51.4012
 697.000      56.0921
 698.000      55.6780
 699.000      54.4957
 700.000      53.0991
 701.000      55.3556
 702.000      53.9045
 703.000      54.1839
 704.000      55.2541
 705.000      57.4949
 706.000      56.7895
 707.000      57.6110
 708.000      55.7966
 709.000      54.8670
 710.000      56.6924
 711.000      55.9589
 712.000      57.1792
 713.000      53.9571
 714.000      56.4396
 715.000      55.7386
 716.000      56.5812
 717.000      54.5222
 718.000      55.9133
 719.000      55.9357
 720.000      54.6470
 721.000      54.5481
 722.000      56.4665
 723.000      55.6674
 724.000      52.0341
 725.000      56.3198
 726.000      55.5856
 727.000      54.7948
 728.000      56.5937
 729.000      57.1775
 730.000      54.9252
 731.000      54.4352
 732.000      57.2849
 733.000      55.9550
 734.000      57.1408
 735.000      53.1600
 736.000      61.6588
 737.000      61.1331
 738.000      60.3679
 739.000      62.0324
 740.000      61.2027
 741.000      61.6176
 742.000      61.1405
 743.000      61.6205
 744.000      61.5097
 745.000      60.6548
 746.000      61.2507
 747.000      60.6689
 748.000      60.6426
 749.000      61.2127
 750.000      61.6948
 751.000      60.6590
 752.000      61.9629
 753.000      61.4641
 754.000      60.8139
 755.000      61.5920
 756.000      61.1630
 757.000      62.0465
 758.000      61.5837
 759.000      60.7237
 760.000      62.0537
 761.000      61.4655
 762.000      61.1244
 763.000      61.2512
 764.000      60.9487
 765.000      61.3328
 766.000      61.6197
 767.000      60.1902
 768.000      61.6565
 769.000      61.9338
 770.000      60.8752
 771.000      61.7055
 772.000      60.9886
 773.000      61.8465
 774.000      61.6012
 775.000      61.3796
 776.000      61.4780
 777.000      60.8681
 778.000      61.6064
 779.000      61.3317
 780.000      61.7020
 781.000      61.2016
 782.000      61.4801
 783.000      61.2936
 784.000      61.4295
 785.000      61.1466
 786.000      59.8685
 787.000      60.9234
 788.000      60.3707
 789.000      61.3310
 790.000      62.0116
 791.000      61.0642
 792.000      61.8871
 793.000      60.7199
 794.000      61.0991
 795.000      61.0043
 796.000      61.5884
 797.000      60.2951
 798.000      61.1360
 799.000      62.0609
