#Res        AtomicFlx
   1.000       3.9886
   2.000       2.6348
   3.000       4.5057
   4.000       1.7270
   5.000       1.7555
   6.000       1.5284
   7.000       1.4612
   8.000       1.3679
   9.000       1.1479
  10.000       0.8543
  11.000       0.7860
  12.000       1.1369
  13.000       0.6688
  14.000       0.5768
  15.000       0.6796
  16.000       0.5534
  17.000       0.8063
  18.000       0.6424
  19.000       0.6702
  20.000       0.5687
  21.000       0.8758
  22.000       0.6771
  23.000       0.6106
  24.000       1.1188
  25.000       1.6460
  26.000       1.5390
  27.000       0.6589
  28.000       0.8752
  29.000       1.8503
  30.000       1.0856
  31.000       1.1969
  32.000       2.4836
  33.000       2.0131
  34.000       0.8911
  35.000       1.1731
  36.000       0.9933
  37.000       1.0459
  38.000       1.3294
  39.000       1.0049
  40.000       1.2201
  41.000       1.8222
  42.000       0.7684
  43.000       0.6449
  44.000       1.8482
  45.000       0.9859
  46.000       0.7404
  47.000       0.8478
  48.000       1.1757
  49.000       1.4413
  50.000       1.0982
  51.000       0.6406
  52.000       0.7655
  53.000       0.7232
  54.000       1.0086
  55.000       0.9383
  56.000       0.7509
  57.000       1.0769
  58.000       0.7828
  59.000       1.0658
  60.000       0.8351
  61.000       1.2682
  62.000       1.1480
  63.000       1.3672
  64.000       1.7351
  65.000       1.6244
  66.000       2.2122
  67.000       2.3277
  68.000       2.1126
  69.000       2.5581
  70.000       1.5673
  71.000       1.3643
  72.000       1.5295
  73.000       1.6488
  74.000       4.5406
  75.000       2.3616
  76.000       1.6149
  77.000       1.6384
  78.000       1.5648
  79.000       1.8234
  80.000       1.5868
  81.000       0.8054
  82.000       0.9179
  83.000       0.9130
  84.000       1.4876
  85.000       0.7214
  86.000       1.0956
  87.000       1.1237
  88.000       0.8677
  89.000       0.9764
  90.000       1.0347
  91.000       0.9471
  92.000       0.8979
  93.000       1.1574
  94.000       0.9350
  95.000       1.2546
  96.000       1.2168
  97.000       1.1835
  98.000       1.2903
  99.000       1.1918
 100.000       0.9177
 101.000       0.7801
 102.000       0.6413
 103.000       0.7896
 104.000       0.5789
 105.000       0.8543
 106.000       0.9284
 107.000       0.8358
 108.000       0.7440
 109.000       0.9659
 110.000       0.6452
 111.000       0.6111
 112.000       0.9311
 113.000       1.0128
 114.000       1.7294
 115.000       1.1392
 116.000       0.7596
 117.000       0.8273
 118.000       0.7649
 119.000       1.0383
 120.000       1.8332
 121.000       1.5845
 122.000       2.6035
 123.000       2.3630
 124.000       3.1466
 125.000       3.7041
 126.000       2.5038
 127.000       2.6352
 128.000       4.1890
 129.000       3.6532
 130.000       2.1929
 131.000       2.7809
 132.000       2.5060
 133.000       2.6358
 134.000       2.2326
 135.000       2.2662
 136.000       2.4462
 137.000       2.5959
 138.000       2.1841
 139.000       2.2978
 140.000       2.5816
 141.000       2.5118
 142.000       1.8964
 143.000       1.5113
 144.000       1.9582
 145.000       1.3912
 146.000       1.4021
 147.000       1.2329
 148.000       1.1621
 149.000       1.1748
 150.000       1.4316
 151.000       1.5804
 152.000       1.4394
 153.000       1.7134
 154.000       2.4489
 155.000       3.5239
 156.000       4.0439
 157.000       5.2913
 158.000       4.9059
 159.000       4.3968
 160.000       5.2862
 161.000       4.2815
 162.000       3.4799
 163.000       2.0881
 164.000       0.9273
 165.000       0.8125
 166.000       0.8237
 167.000       1.0834
 168.000       1.1246
 169.000       0.7141
 170.000       1.0361
 171.000       1.4028
 172.000       1.2571
 173.000       1.1594
 174.000       1.1568
 175.000       1.4443
 176.000       1.1899
 177.000       1.6825
 178.000       1.3496
 179.000       1.8126
 180.000       2.1330
 181.000       1.3107
 182.000       1.7312
 183.000       2.1156
 184.000       2.3642
 185.000       1.7603
 186.000       2.0087
 187.000       1.3307
 188.000       1.8869
 189.000       1.3068
 190.000       0.8523
 191.000       1.1181
 192.000       0.9912
 193.000       0.6886
 194.000       0.6179
 195.000       0.7780
 196.000       0.6641
 197.000       0.8235
 198.000       0.7968
 199.000       0.7673
 200.000       0.9019
 201.000       1.0557
 202.000       0.9668
 203.000       1.0937
 204.000       1.2382
 205.000       1.1329
 206.000       1.2768
 207.000       1.5370
 208.000       1.9202
 209.000       1.5530
 210.000       1.8724
 211.000       1.9953
 212.000       1.3387
 213.000       1.0755
 214.000       0.8229
 215.000       1.3620
 216.000       0.8568
 217.000       0.8652
 218.000       1.2779
 219.000       1.0640
 220.000       0.6703
 221.000       0.7515
 222.000       0.7871
 223.000       1.1391
 224.000       0.6639
 225.000       0.8933
 226.000       0.8513
 227.000       0.8055
 228.000       0.7960
 229.000       0.7312
 230.000       1.1390
 231.000       0.9627
 232.000       1.1175
 233.000       0.9705
 234.000       1.4990
 235.000       0.8026
 236.000       1.2978
 237.000       1.3257
 238.000       1.0120
 239.000       1.3025
 240.000       0.7816
 241.000       0.7689
 242.000       1.7706
 243.000       1.1470
 244.000       0.6929
 245.000       0.9546
 246.000       1.2455
 247.000       2.2646
 248.000       0.8890
 249.000       1.0289
 250.000       0.9458
 251.000       1.0356
 252.000       1.5094
 253.000       1.7522
 254.000       1.8632
 255.000       1.9109
 256.000       1.6916
 257.000       1.6868
 258.000       1.6252
 259.000       1.0081
 260.000       1.6500
 261.000       0.9228
 262.000       0.8633
 263.000       0.6456
 264.000       0.8071
 265.000       0.6483
 266.000       0.6496
 267.000       0.7244
 268.000       0.5867
 269.000       0.8264
 270.000       0.6755
 271.000       0.9481
 272.000       0.5733
 273.000       0.7644
 274.000       0.7482
 275.000       0.7762
 276.000       0.9335
 277.000       1.0273
 278.000       1.0047
 279.000       1.0594
 280.000       1.2150
 281.000       1.1811
 282.000       1.4409
 283.000       1.2673
 284.000       0.9864
 285.000       1.2299
 286.000       1.6584
 287.000       1.2771
 288.000       1.8310
 289.000       2.3493
 290.000       2.0147
 291.000       1.3882
 292.000       1.2123
 293.000       0.9859
 294.000       1.3946
 295.000       2.1346
 296.000       0.9036
 297.000       0.6152
 298.000       0.7539
 299.000       0.9487
 300.000       0.6494
 301.000       0.5596
 302.000       0.9650
 303.000       0.6250
 304.000       0.5623
 305.000       0.9011
 306.000       0.6596
 307.000       0.6145
 308.000       0.5271
 309.000       0.7489
 310.000       0.9021
 311.000       0.6475
 312.000       0.5540
 313.000       1.0160
 314.000       0.7168
 315.000       0.6888
 316.000       0.9126
 317.000       0.6652
 318.000       0.8187
 319.000       0.9755
 320.000       0.6432
 321.000       0.7261
 322.000       0.8060
 323.000       0.7957
 324.000       1.0200
 325.000       1.2339
 326.000       1.3385
 327.000       1.0333
 328.000       1.2106
 329.000       1.2950
 330.000       1.0400
 331.000       1.0637
 332.000       2.2657
 333.000       1.1369
 334.000       0.9608
 335.000       1.3129
 336.000       2.3841
 337.000       1.1992
 338.000       1.1613
 339.000       0.8363
 340.000       1.0978
 341.000       0.8447
 342.000       0.8776
 343.000       0.7837
 344.000       0.7310
 345.000       0.7792
 346.000       0.6814
 347.000       0.9719
 348.000       0.6644
 349.000       0.7496
 350.000       0.7286
 351.000       0.8867
 352.000       1.0445
 353.000       0.8832
 354.000       1.0642
 355.000       0.6979
 356.000       0.7126
 357.000       1.2240
 358.000       0.8454
 359.000       0.6492
 360.000       0.9509
 361.000       0.9889
 362.000       0.6398
 363.000       0.5882
 364.000       1.0087
 365.000       0.8347
 366.000       1.0407
 367.000       0.6932
 368.000       0.7718
 369.000       1.0034
 370.000       0.6630
 371.000       0.8518
 372.000       0.7097
 373.000       0.9720
 374.000       0.7725
 375.000       0.9790
 376.000       0.9775
 377.000       1.4319
 378.000       0.9773
 379.000       1.0720
 380.000       0.8885
 381.000       0.9920
 382.000       0.9209
 383.000       1.0310
 384.000       0.8750
 385.000       1.0221
 386.000       1.0545
 387.000       1.3231
 388.000       1.3250
 389.000       1.4995
 390.000       2.1383
 391.000       3.2450
 392.000       3.0029
 393.000       3.0556
 394.000       1.5889
 395.000       1.8748
 396.000       2.2367
 397.000       1.8820
 398.000       1.6252
 399.000       1.3342
 400.000       1.9264
 401.000       1.0844
 402.000       0.9168
 403.000       1.1377
 404.000       0.8612
 405.000       0.8886
 406.000       0.8164
 407.000       0.9668
 408.000       0.8822
 409.000       0.7623
 410.000       1.1223
 411.000       1.2505
 412.000       1.1206
 413.000       0.8134
 414.000       1.0603
 415.000       0.9889
 416.000       1.1003
 417.000       1.0736
 418.000       1.1382
 419.000       1.9231
 420.000       0.9072
 421.000       0.8747
 422.000       1.3160
 423.000       0.9498
 424.000       0.8818
 425.000       1.1648
 426.000       1.3618
 427.000       1.1570
 428.000       1.1067
 429.000       1.1346
 430.000       1.4015
 431.000       1.1880
 432.000       0.8480
 433.000       0.9239
 434.000       1.1716
 435.000       1.6214
 436.000       1.1252
 437.000       1.0977
 438.000       1.0280
 439.000       1.0733
 440.000       0.9318
 441.000       0.8461
 442.000       0.9966
 443.000       1.0007
 444.000       1.2152
 445.000       1.0969
 446.000       1.0302
 447.000       0.8864
 448.000       1.1067
 449.000       0.9690
 450.000       1.3421
 451.000       1.0794
 452.000       1.2371
 453.000       0.9073
 454.000       1.4968
 455.000       2.3328
 456.000       1.2503
 457.000       1.1732
 458.000       1.8436
 459.000       1.5781
 460.000       1.4534
 461.000       1.4949
 462.000       1.6678
 463.000       2.1779
 464.000       2.9284
 465.000       2.5179
 466.000       1.8305
 467.000       2.6642
 468.000       1.6382
 469.000       1.4214
 470.000       1.1701
 471.000       1.4607
 472.000       1.5435
 473.000       1.2954
 474.000       1.3517
 475.000       1.1959
 476.000       0.8780
 477.000       0.9506
 478.000       1.3277
 479.000       1.6515
 480.000       0.9621
 481.000       0.8103
 482.000       0.9540
 483.000       0.9634
 484.000       1.0620
 485.000       1.0754
 486.000       1.6896
 487.000       1.1375
 488.000       0.8645
 489.000       1.0450
 490.000       1.0609
 491.000       1.2965
 492.000       0.9348
 493.000       1.0567
 494.000       1.1984
 495.000       1.3751
 496.000       1.3040
 497.000       1.9686
 498.000       1.4664
 499.000       1.4622
 500.000       1.4578
 501.000       1.6985
 502.000       2.1086
 503.000       2.7584
 504.000       1.9192
 505.000       2.0165
 506.000       1.3085
 507.000       1.2949
 508.000       1.3572
 509.000       1.3171
 510.000       1.0974
 511.000       1.2791
 512.000       1.1847
 513.000       1.3263
 514.000       0.9679
 515.000       1.8544
 516.000       1.2586
 517.000       1.1329
 518.000       1.0290
 519.000       1.5439
 520.000       0.9234
 521.000       0.9592
 522.000       1.1989
 523.000       1.2079
 524.000       0.8006
 525.000       1.0013
 526.000       0.9944
 527.000       1.3721
 528.000       1.9942
 529.000       1.3733
 530.000       2.1270
 531.000       2.4173
 532.000       2.2055
 533.000       2.4778
 534.000       2.8219
 535.000       3.3835
 536.000       3.2001
 537.000       4.5639
 538.000       4.3469
 539.000       3.9892
 540.000       3.7296
 541.000       3.3186
 542.000       3.4467
 543.000       3.4482
 544.000       3.1055
 545.000       2.8229
 546.000       3.2133
 547.000       2.9793
 548.000       2.4090
 549.000       2.5225
 550.000       3.4023
 551.000       4.3919
 552.000       5.2300
 553.000       8.4539
 554.000      51.1529
 555.000       0.6533
 556.000       0.5680
 557.000      51.1838
 558.000      50.8810
 559.000      51.8080
 560.000      52.3145
 561.000      50.5002
 562.000      49.8578
 563.000      52.8232
 564.000      53.1478
 565.000      50.8690
 566.000      50.9625
 567.000      51.4071
 568.000      52.8357
 569.000      51.4245
 570.000      50.9514
 571.000      51.0389
 572.000      52.4946
 573.000      51.7601
 574.000      51.5163
 575.000      51.2981
 576.000      52.0794
 577.000      52.8760
 578.000      51.2975
 579.000      51.9905
 580.000      52.3602
 581.000      51.1677
 582.000      51.9325
 583.000      51.6528
 584.000      51.4074
 585.000      50.6074
 586.000      51.4929
 587.000      49.8884
 588.000      50.9705
 589.000      50.5382
 590.000      51.2289
 591.000      51.1468
 592.000      51.8791
 593.000      52.2914
 594.000      52.1058
 595.000      49.5023
 596.000      51.6585
 597.000      50.7167
 598.000      51.6817
 599.000       0.6355
 600.000      52.6955
 601.000      52.3751
 602.000      52.4762
 603.000      52.7605
 604.000      51.5255
 605.000      52.0003
 606.000      52.4755
 607.000      52.5882
 608.000      52.4298
 609.000      52.1510
 610.000      52.7557
 611.000      52.5922
 612.000      52.9267
 613.000      52.8752
 614.000      52.2449
 615.000      51.9124
 616.000      52.5500
 617.000      52.2716
 618.000      52.2064
 619.000      52.2752
 620.000      52.2409
 621.000      52.3597
 622.000      50.5692
 623.000      53.0589
 624.000      52.3976
 625.000      52.5710
 626.000      52.4707
 627.000      53.5283
 628.000      52.4822
 629.000      51.8833
 630.000      51.9388
 631.000      52.1428
 632.000      51.9427
 633.000      52.7881
 634.000      52.7969
 635.000      52.2575
 636.000      52.8948
 637.000      52.1201
 638.000      52.6785
 639.000      52.4102
 640.000      51.7379
 641.000      53.0543
 642.000      51.7934
 643.000      52.2193
 644.000      53.2237
 645.000      53.9054
