#Res        AtomicFlx
   1.000       3.7373
   2.000       2.2805
   3.000       2.5703
   4.000       1.9274
   5.000       1.7635
   6.000       1.6213
   7.000       1.4518
   8.000       1.3396
   9.000       0.9967
  10.000       0.7449
  11.000       0.8255
  12.000       0.8558
  13.000       0.6593
  14.000       0.6512
  15.000       0.8202
  16.000       0.6407
  17.000       0.6787
  18.000       0.6979
  19.000       0.7939
  20.000       0.6777
  21.000       1.0651
  22.000       0.6464
  23.000       0.5987
  24.000       1.0619
  25.000       1.3555
  26.000       1.0703
  27.000       0.6225
  28.000       0.6641
  29.000       0.8517
  30.000       0.7657
  31.000       0.6975
  32.000       0.9221
  33.000       1.8413
  34.000       0.7457
  35.000       0.8222
  36.000       0.7497
  37.000       0.7609
  38.000       0.8453
  39.000       0.6892
  40.000       0.9396
  41.000       1.5344
  42.000       0.7042
  43.000       0.6047
  44.000       1.6817
  45.000       0.8780
  46.000       0.6655
  47.000       0.7389
  48.000       1.0893
  49.000       1.0022
  50.000       0.6624
  51.000       0.5620
  52.000       0.7113
  53.000       0.5925
  54.000       0.6834
  55.000       0.8190
  56.000       0.6729
  57.000       1.0191
  58.000       1.1813
  59.000       0.9921
  60.000       0.8517
  61.000       1.1254
  62.000       0.6944
  63.000       1.1199
  64.000       1.7961
  65.000       1.1297
  66.000       1.1421
  67.000       1.3475
  68.000       1.1236
  69.000       1.3021
  70.000       0.8996
  71.000       0.7878
  72.000       1.3828
  73.000       1.7076
  74.000       3.3426
  75.000       2.2173
  76.000       1.1445
  77.000       1.0301
  78.000       1.8634
  79.000       1.3269
  80.000       0.8976
  81.000       0.6017
  82.000       0.7339
  83.000       0.5289
  84.000       0.8692
  85.000       0.5368
  86.000       0.8035
  87.000       0.6848
  88.000       0.8515
  89.000       0.8972
  90.000       0.6171
  91.000       0.6669
  92.000       0.6831
  93.000       0.9968
  94.000       0.6414
  95.000       1.0669
  96.000       1.1174
  97.000       1.0329
  98.000       0.9844
  99.000       1.0189
 100.000       0.8547
 101.000       0.8097
 102.000       0.6414
 103.000       0.8507
 104.000       0.6476
 105.000       0.6626
 106.000       1.0511
 107.000       0.9225
 108.000       0.7134
 109.000       1.0396
 110.000       0.7846
 111.000       0.7673
 112.000       1.0632
 113.000       1.1028
 114.000       1.7470
 115.000       1.2760
 116.000       0.8587
 117.000       1.0092
 118.000       1.1200
 119.000       1.4389
 120.000       2.9106
 121.000       2.1690
 122.000       4.8313
 123.000       4.3850
 124.000       5.6533
 125.000       5.5708
 126.000       5.5755
 127.000       4.1824
 128.000       3.9208
 129.000       2.4335
 130.000       1.8369
 131.000       2.3004
 132.000       2.5197
 133.000       2.4129
 134.000       3.1966
 135.000       3.3815
 136.000       4.3287
 137.000       5.5336
 138.000       6.9193
 139.000       6.9208
 140.000       6.6586
 141.000       5.8284
 142.000       3.8454
 143.000       3.2059
 144.000       3.6175
 145.000       2.9940
 146.000       2.8087
 147.000       1.9465
 148.000       2.0291
 149.000       2.0033
 150.000       1.9423
 151.000       1.4294
 152.000       1.5447
 153.000       1.8813
 154.000       2.2162
 155.000       1.6164
 156.000       1.2793
 157.000       2.1737
 158.000       2.9824
 159.000       3.0617
 160.000       3.9789
 161.000       2.4311
 162.000       2.1360
 163.000       1.6220
 164.000       1.1006
 165.000       0.9495
 166.000       1.0110
 167.000       1.2156
 168.000       1.3487
 169.000       0.8551
 170.000       1.1252
 171.000       1.8416
 172.000       1.4813
 173.000       1.4694
 174.000       1.2092
 175.000       1.4855
 176.000       1.1833
 177.000       1.5684
 178.000       1.4713
 179.000       1.5671
 180.000       1.6813
 181.000       1.6014
 182.000       1.4302
 183.000       1.6088
 184.000       1.5781
 185.000       1.1436
 186.000       1.8101
 187.000       1.5644
 188.000       2.1198
 189.000       1.4821
 190.000       1.0437
 191.000       1.2026
 192.000       1.1704
 193.000       0.6860
 194.000       0.6542
 195.000       0.8105
 196.000       0.6208
 197.000       0.8490
 198.000       0.7713
 199.000       0.6512
 200.000       0.9088
 201.000       0.9931
 202.000       0.9602
 203.000       0.9633
 204.000       0.9236
 205.000       0.7564
 206.000       0.7440
 207.000       1.0128
 208.000       1.5286
 209.000       0.8297
 210.000       1.3910
 211.000       1.7283
 212.000       0.8539
 213.000       0.9899
 214.000       0.9314
 215.000       1.5214
 216.000       0.9516
 217.000       0.9193
 218.000       1.7407
 219.000       1.3987
 220.000       1.1839
 221.000       1.3765
 222.000       1.0856
 223.000       1.4345
 224.000       0.8593
 225.000       1.0225
 226.000       0.8823
 227.000       0.8749
 228.000       0.9247
 229.000       0.7449
 230.000       1.1164
 231.000       0.8525
 232.000       1.1325
 233.000       0.9803
 234.000       1.2801
 235.000       0.8507
 236.000       1.2842
 237.000       1.2498
 238.000       1.0288
 239.000       1.2753
 240.000       0.8110
 241.000       0.8142
 242.000       1.7992
 243.000       1.1381
 244.000       0.7038
 245.000       0.9066
 246.000       1.3638
 247.000       0.9200
 248.000       0.7309
 249.000       0.9603
 250.000       0.9198
 251.000       0.9747
 252.000       1.4237
 253.000       1.4606
 254.000       1.5134
 255.000       1.1173
 256.000       1.2532
 257.000       1.6263
 258.000       1.2777
 259.000       0.9323
 260.000       1.7286
 261.000       0.7858
 262.000       0.8338
 263.000       0.6123
 264.000       0.7031
 265.000       0.6313
 266.000       0.6187
 267.000       0.6511
 268.000       0.5653
 269.000       0.7525
 270.000       0.6747
 271.000       0.9448
 272.000       0.5470
 273.000       0.7592
 274.000       0.5647
 275.000       0.6668
 276.000       1.0210
 277.000       0.8531
 278.000       1.2711
 279.000       0.9426
 280.000       1.0260
 281.000       0.8735
 282.000       0.7888
 283.000       0.8317
 284.000       0.7215
 285.000       0.8178
 286.000       1.0948
 287.000       0.8555
 288.000       1.5557
 289.000       1.7898
 290.000       2.0869
 291.000       1.5255
 292.000       1.4058
 293.000       1.2516
 294.000       1.2485
 295.000       2.3266
 296.000       0.9900
 297.000       0.8755
 298.000       0.8100
 299.000       1.1128
 300.000       0.7989
 301.000       0.6343
 302.000       1.0567
 303.000       0.7506
 304.000       0.6001
 305.000       0.8459
 306.000       0.7282
 307.000       0.6763
 308.000       0.5568
 309.000       0.7391
 310.000       0.9384
 311.000       0.6867
 312.000       0.6028
 313.000       1.0657
 314.000       0.7629
 315.000       0.7522
 316.000       0.9810
 317.000       0.7667
 318.000       0.9488
 319.000       1.0070
 320.000       0.7262
 321.000       0.8125
 322.000       1.0427
 323.000       0.8566
 324.000       1.0112
 325.000       0.9387
 326.000       1.1715
 327.000       0.9983
 328.000       1.1360
 329.000       1.2479
 330.000       1.0091
 331.000       0.9948
 332.000       2.2128
 333.000       1.1611
 334.000       1.0138
 335.000       1.2889
 336.000       1.5644
 337.000       1.0469
 338.000       0.9864
 339.000       0.8057
 340.000       1.0110
 341.000       0.8457
 342.000       1.0920
 343.000       0.8664
 344.000       0.7984
 345.000       0.7291
 346.000       0.7753
 347.000       0.9956
 348.000       0.8247
 349.000       1.0394
 350.000       1.0005
 351.000       1.1985
 352.000       1.1887
 353.000       1.0000
 354.000       1.0874
 355.000       0.8383
 356.000       0.7424
 357.000       0.9546
 358.000       0.7995
 359.000       0.7096
 360.000       0.9964
 361.000       0.8027
 362.000       0.6805
 363.000       0.6522
 364.000       1.0380
 365.000       0.8732
 366.000       1.0646
 367.000       0.7193
 368.000       0.8544
 369.000       0.8846
 370.000       0.6157
 371.000       0.9636
 372.000       0.5461
 373.000       0.6095
 374.000       0.6019
 375.000       0.8624
 376.000       0.5172
 377.000       0.6936
 378.000       0.6638
 379.000       0.7750
 380.000       0.6085
 381.000       0.7828
 382.000       0.6652
 383.000       0.8830
 384.000       0.7019
 385.000       0.8769
 386.000       0.7884
 387.000       1.0791
 388.000       0.9998
 389.000       1.0138
 390.000       1.0394
 391.000       1.6377
 392.000       1.6335
 393.000       1.8620
 394.000       1.0511
 395.000       1.1137
 396.000       1.4223
 397.000       1.2594
 398.000       0.9532
 399.000       0.9795
 400.000       1.7992
 401.000       0.7673
 402.000       0.6389
 403.000       0.8909
 404.000       0.6573
 405.000       0.7296
 406.000       0.6763
 407.000       0.8132
 408.000       0.7552
 409.000       0.6475
 410.000       1.0286
 411.000       1.1196
 412.000       1.0572
 413.000       0.7523
 414.000       1.0332
 415.000       0.8894
 416.000       1.0505
 417.000       1.1283
 418.000       0.8977
 419.000       1.5137
 420.000       0.9002
 421.000       0.7833
 422.000       1.2527
 423.000       0.9121
 424.000       0.9711
 425.000       1.0474
 426.000       1.3117
 427.000       1.0954
 428.000       1.0502
 429.000       0.9963
 430.000       1.2123
 431.000       0.8725
 432.000       0.8357
 433.000       0.9102
 434.000       0.9567
 435.000       1.4625
 436.000       0.9235
 437.000       1.1031
 438.000       0.9087
 439.000       1.0524
 440.000       0.8175
 441.000       0.7825
 442.000       1.0097
 443.000       1.0429
 444.000       1.2438
 445.000       1.0330
 446.000       1.3445
 447.000       1.0778
 448.000       1.4422
 449.000       1.3401
 450.000       1.2883
 451.000       1.2688
 452.000       1.4022
 453.000       1.1118
 454.000       1.4307
 455.000       2.1888
 456.000       1.4417
 457.000       1.2311
 458.000       1.4468
 459.000       1.5799
 460.000       1.3841
 461.000       1.2332
 462.000       1.3880
 463.000       1.9190
 464.000       1.7561
 465.000       1.5966
 466.000       1.2587
 467.000       1.6253
 468.000       1.1811
 469.000       1.2579
 470.000       1.1725
 471.000       1.2368
 472.000       1.2391
 473.000       1.1268
 474.000       1.4073
 475.000       1.0402
 476.000       0.6276
 477.000       0.7460
 478.000       1.2561
 479.000       1.3770
 480.000       0.7220
 481.000       0.6386
 482.000       0.7003
 483.000       0.6626
 484.000       0.7184
 485.000       0.8278
 486.000       1.6641
 487.000       0.9218
 488.000       0.7567
 489.000       0.8865
 490.000       0.9991
 491.000       1.2265
 492.000       0.9367
 493.000       1.0725
 494.000       1.4188
 495.000       1.5755
 496.000       1.1535
 497.000       1.9944
 498.000       1.4012
 499.000       1.6673
 500.000       1.4159
 501.000       1.6013
 502.000       2.0595
 503.000       2.4541
 504.000       2.0049
 505.000       1.8023
 506.000       1.3392
 507.000       1.2977
 508.000       1.4065
 509.000       1.2919
 510.000       1.1064
 511.000       1.2989
 512.000       1.2218
 513.000       1.2057
 514.000       0.9191
 515.000       1.8690
 516.000       1.2215
 517.000       1.0470
 518.000       0.9612
 519.000       1.4665
 520.000       0.8476
 521.000       0.8197
 522.000       1.1513
 523.000       1.2263
 524.000       0.7033
 525.000       0.8803
 526.000       0.8423
 527.000       1.2578
 528.000       0.8254
 529.000       0.9296
 530.000       1.5732
 531.000       1.3295
 532.000       1.2648
 533.000       1.4945
 534.000       1.8230
 535.000       2.0740
 536.000       2.1315
 537.000       3.0220
 538.000       3.0778
 539.000       3.8650
 540.000       3.2705
 541.000       2.5931
 542.000       3.0162
 543.000       3.3648
 544.000       2.6827
 545.000       2.3301
 546.000       3.1766
 547.000       2.6925
 548.000       1.9796
 549.000       2.8007
 550.000       3.9219
 551.000       4.7894
 552.000       9.5122
 553.000       4.5948
 554.000      51.3092
 555.000       0.5457
 556.000      50.7923
 557.000      50.4375
 558.000      51.2558
 559.000      52.1868
 560.000      49.5262
 561.000      50.1538
 562.000      51.3956
 563.000      51.8775
 564.000      50.3201
 565.000      51.3381
 566.000      49.8770
 567.000      51.8987
 568.000      50.4099
 569.000      51.3406
 570.000      50.5438
 571.000      50.3968
 572.000      52.3855
 573.000      51.0619
 574.000      51.8821
 575.000      51.6102
 576.000      51.7849
 577.000      52.7486
 578.000      51.8723
 579.000      50.8992
 580.000      51.2942
 581.000      52.1774
 582.000      52.1639
 583.000      50.2185
 584.000      51.2959
 585.000      51.3981
 586.000      50.5226
 587.000      50.4422
 588.000      50.2656
 589.000      50.6902
 590.000      51.0544
 591.000      51.5154
 592.000      52.0986
 593.000      51.0973
 594.000      51.2614
 595.000      50.3419
 596.000      51.3012
 597.000      52.1894
 598.000      52.3441
 599.000       0.6058
 600.000      53.0874
 601.000      52.9104
 602.000      52.5744
 603.000      52.4033
 604.000      52.6570
 605.000      53.2449
 606.000      51.7801
 607.000      52.7940
 608.000      52.5717
 609.000      52.1701
 610.000      52.8690
 611.000      53.0102
 612.000      52.1532
 613.000      53.0711
 614.000      52.4348
 615.000      52.4717
 616.000      51.7265
 617.000      52.5685
 618.000      52.6340
 619.000      52.8649
 620.000      52.4920
 621.000      53.0309
 622.000      52.2681
 623.000      53.3720
 624.000      52.6814
 625.000      52.7191
 626.000      52.6250
 627.000      52.6746
 628.000      53.3034
 629.000      52.3623
 630.000      52.6960
 631.000      52.1479
 632.000      53.0617
 633.000      52.3152
 634.000      52.6634
 635.000      52.9799
 636.000      52.1806
 637.000      53.2001
 638.000      52.4256
 639.000      52.5103
 640.000      52.3957
 641.000      52.4259
 642.000      52.3854
 643.000      52.7265
 644.000      52.5672
 645.000      52.4516
