#Res        AtomicFlx
   1.000       3.4741
   2.000       1.8392
   3.000       1.8487
   4.000       0.8876
   5.000       1.2875
   6.000       1.5313
   7.000       1.4538
   8.000       1.4106
   9.000       1.2575
  10.000       0.7728
  11.000       0.8336
  12.000       1.2354
  13.000       0.7868
  14.000       0.5961
  15.000       0.7862
  16.000       0.7079
  17.000       0.7362
  18.000       0.6622
  19.000       0.7154
  20.000       0.6388
  21.000       0.8870
  22.000       0.7204
  23.000       0.6354
  24.000       1.1728
  25.000       1.5316
  26.000       1.5908
  27.000       0.6911
  28.000       0.8270
  29.000       1.6663
  30.000       1.1086
  31.000       1.1201
  32.000       2.2100
  33.000       2.4844
  34.000       0.8904
  35.000       1.2143
  36.000       1.0056
  37.000       1.0751
  38.000       1.2364
  39.000       0.8942
  40.000       1.0608
  41.000       1.8277
  42.000       0.7204
  43.000       0.7233
  44.000       1.8572
  45.000       0.9204
  46.000       0.6875
  47.000       0.7679
  48.000       1.2180
  49.000       1.1583
  50.000       0.7280
  51.000       0.5503
  52.000       0.7051
  53.000       0.6434
  54.000       0.9879
  55.000       0.8678
  56.000       0.8151
  57.000       1.0215
  58.000       0.8966
  59.000       0.9450
  60.000       0.7614
  61.000       1.0535
  62.000       0.6360
  63.000       0.7883
  64.000       1.4311
  65.000       1.0284
  66.000       0.9712
  67.000       1.1678
  68.000       0.7229
  69.000       0.9233
  70.000       0.9738
  71.000       0.7403
  72.000       0.8372
  73.000       1.0574
  74.000       2.3179
  75.000       2.0113
  76.000       1.7232
  77.000       1.8638
  78.000       1.7950
  79.000       1.9750
  80.000       2.0045
  81.000       0.8446
  82.000       0.9639
  83.000       0.6482
  84.000       1.0138
  85.000       0.6070
  86.000       0.8434
  87.000       1.0023
  88.000       0.7501
  89.000       0.8962
  90.000       0.7524
  91.000       0.8507
  92.000       0.9783
  93.000       1.1736
  94.000       0.7710
  95.000       1.1634
  96.000       1.2696
  97.000       1.0927
  98.000       1.1660
  99.000       1.0196
 100.000       0.9131
 101.000       0.8282
 102.000       0.7444
 103.000       0.9222
 104.000       0.6888
 105.000       0.8836
 106.000       0.9871
 107.000       0.6203
 108.000       0.6905
 109.000       0.9249
 110.000       0.7201
 111.000       0.6644
 112.000       0.9411
 113.000       0.9409
 114.000       1.6812
 115.000       1.0890
 116.000       0.7863
 117.000       0.7668
 118.000       0.7729
 119.000       0.9477
 120.000       1.9246
 121.000       1.2233
 122.000       2.5115
 123.000       2.5759
 124.000       2.4522
 125.000       3.7515
 126.000       1.7199
 127.000       1.3865
 128.000       2.3888
 129.000       1.7074
 130.000       1.1594
 131.000       1.5317
 132.000       2.1562
 133.000       3.5837
 134.000       4.5103
 135.000       4.8862
 136.000       4.9269
 137.000       5.0642
 138.000       5.5637
 139.000       4.8091
 140.000       4.8983
 141.000       4.1655
 142.000       4.1448
 143.000       3.9261
 144.000       5.8687
 145.000       4.7157
 146.000       3.0135
 147.000       2.8887
 148.000       2.0165
 149.000       1.7296
 150.000       2.1216
 151.000       2.2423
 152.000       1.5719
 153.000       1.5912
 154.000       2.0261
 155.000       2.0184
 156.000       4.0267
 157.000       3.4001
 158.000       3.7354
 159.000       3.7469
 160.000       5.2729
 161.000       2.9782
 162.000       2.1550
 163.000       1.4186
 164.000       1.0318
 165.000       0.7977
 166.000       0.9211
 167.000       1.1933
 168.000       0.9826
 169.000       0.7451
 170.000       1.1695
 171.000       1.7801
 172.000       1.1372
 173.000       1.3217
 174.000       1.3439
 175.000       1.4195
 176.000       1.3845
 177.000       1.7570
 178.000       1.4506
 179.000       1.7346
 180.000       1.9770
 181.000       2.0611
 182.000       1.8097
 183.000       2.3770
 184.000       1.8408
 185.000       1.3266
 186.000       1.6647
 187.000       1.1365
 188.000       1.9540
 189.000       1.5652
 190.000       1.0973
 191.000       1.1626
 192.000       1.0173
 193.000       0.7569
 194.000       0.6971
 195.000       0.8465
 196.000       0.6910
 197.000       0.9122
 198.000       0.8469
 199.000       0.7349
 200.000       0.9285
 201.000       0.8438
 202.000       0.8779
 203.000       0.9099
 204.000       1.0184
 205.000       0.9055
 206.000       0.9532
 207.000       1.1968
 208.000       1.7215
 209.000       0.8641
 210.000       1.3568
 211.000       1.8081
 212.000       0.8269
 213.000       0.8932
 214.000       1.0049
 215.000       1.4873
 216.000       0.9092
 217.000       0.8504
 218.000       1.4536
 219.000       1.0614
 220.000       0.7265
 221.000       0.8005
 222.000       0.8575
 223.000       1.2245
 224.000       0.6899
 225.000       0.8849
 226.000       0.8195
 227.000       0.8021
 228.000       0.8202
 229.000       0.7166
 230.000       0.9315
 231.000       0.8239
 232.000       1.0837
 233.000       0.8702
 234.000       0.8543
 235.000       0.7760
 236.000       0.9667
 237.000       0.9444
 238.000       1.0948
 239.000       1.3320
 240.000       0.8554
 241.000       0.8684
 242.000       1.7362
 243.000       1.2063
 244.000       0.7324
 245.000       1.1208
 246.000       1.3644
 247.000       2.1740
 248.000       0.9349
 249.000       1.0708
 250.000       1.0291
 251.000       1.0521
 252.000       1.6255
 253.000       1.9558
 254.000       1.5153
 255.000       1.2050
 256.000       1.4939
 257.000       1.6695
 258.000       1.3315
 259.000       0.9672
 260.000       1.6051
 261.000       0.8357
 262.000       0.8662
 263.000       0.6601
 264.000       0.8807
 265.000       0.6654
 266.000       0.6502
 267.000       0.7301
 268.000       0.8758
 269.000       1.1155
 270.000       0.7183
 271.000       1.6001
 272.000       0.5876
 273.000       0.8109
 274.000       0.6877
 275.000       0.7838
 276.000       0.6952
 277.000       1.7149
 278.000       0.7537
 279.000       0.6975
 280.000       1.1130
 281.000       0.8234
 282.000       0.7314
 283.000       0.9797
 284.000       0.7034
 285.000       0.7081
 286.000       1.2162
 287.000       0.9442
 288.000       1.5613
 289.000       1.2933
 290.000       1.4594
 291.000       1.3903
 292.000       1.6392
 293.000       1.2057
 294.000       1.2717
 295.000       2.2484
 296.000       0.9255
 297.000       0.8204
 298.000       0.7731
 299.000       0.9757
 300.000       0.6888
 301.000       0.6667
 302.000       0.9662
 303.000       0.6516
 304.000       0.5973
 305.000       0.9040
 306.000       0.6692
 307.000       0.6223
 308.000       0.5509
 309.000       0.7599
 310.000       0.9141
 311.000       0.6742
 312.000       0.5990
 313.000       1.0234
 314.000       0.7394
 315.000       0.7375
 316.000       0.8180
 317.000       0.7665
 318.000       0.9392
 319.000       1.0288
 320.000       0.7237
 321.000       0.8396
 322.000       1.0505
 323.000       0.8894
 324.000       1.2347
 325.000       1.6689
 326.000       1.7494
 327.000       1.1852
 328.000       1.5281
 329.000       1.5721
 330.000       1.2092
 331.000       1.2497
 332.000       2.5624
 333.000       1.2384
 334.000       1.0559
 335.000       1.4085
 336.000       2.2335
 337.000       1.4047
 338.000       1.1453
 339.000       0.8224
 340.000       1.0903
 341.000       0.9226
 342.000       0.9032
 343.000       0.9087
 344.000       0.8209
 345.000       0.7290
 346.000       0.7984
 347.000       1.0353
 348.000       0.8306
 349.000       0.8277
 350.000       0.9171
 351.000       1.1766
 352.000       1.0528
 353.000       0.9636
 354.000       1.0875
 355.000       0.8264
 356.000       0.7430
 357.000       1.0039
 358.000       0.7729
 359.000       0.7275
 360.000       1.0397
 361.000       0.8098
 362.000       0.6582
 363.000       0.6320
 364.000       1.0095
 365.000       0.8282
 366.000       1.0300
 367.000       0.6797
 368.000       0.7965
 369.000       0.9833
 370.000       0.6451
 371.000       0.7483
 372.000       0.6115
 373.000       0.7917
 374.000       0.7372
 375.000       0.8884
 376.000       0.7267
 377.000       0.9548
 378.000       0.8059
 379.000       0.8228
 380.000       0.6698
 381.000       0.8948
 382.000       0.8023
 383.000       0.7631
 384.000       0.8314
 385.000       1.0284
 386.000       1.0168
 387.000       1.2511
 388.000       1.2197
 389.000       1.2890
 390.000       1.4858
 391.000       1.9224
 392.000       2.2503
 393.000       1.6786
 394.000       1.2617
 395.000       1.6194
 396.000       1.7011
 397.000       1.4062
 398.000       1.3517
 399.000       1.1071
 400.000       1.3613
 401.000       0.9176
 402.000       0.7576
 403.000       0.9174
 404.000       0.7496
 405.000       0.8284
 406.000       0.7675
 407.000       0.8864
 408.000       0.8411
 409.000       0.7463
 410.000       1.0619
 411.000       1.1789
 412.000       1.1355
 413.000       0.7786
 414.000       1.0338
 415.000       0.9611
 416.000       1.0409
 417.000       1.0380
 418.000       0.9666
 419.000       1.9678
 420.000       0.9939
 421.000       0.8455
 422.000       1.3217
 423.000       1.0151
 424.000       0.9866
 425.000       1.2330
 426.000       1.4896
 427.000       1.3506
 428.000       1.3050
 429.000       1.2717
 430.000       1.6661
 431.000       1.4912
 432.000       1.3701
 433.000       1.7582
 434.000       1.5171
 435.000       2.2550
 436.000       0.8795
 437.000       0.9049
 438.000       0.9906
 439.000       0.8555
 440.000       0.8632
 441.000       0.7599
 442.000       0.9820
 443.000       1.0205
 444.000       1.0005
 445.000       0.8348
 446.000       0.9363
 447.000       0.8893
 448.000       1.1049
 449.000       1.1050
 450.000       1.3459
 451.000       1.1215
 452.000       1.3258
 453.000       0.9287
 454.000       1.2321
 455.000       2.3629
 456.000       1.2077
 457.000       1.1159
 458.000       1.3302
 459.000       1.5018
 460.000       1.2776
 461.000       1.1316
 462.000       1.2798
 463.000       1.8672
 464.000       1.3735
 465.000       1.3506
 466.000       1.2184
 467.000       1.4772
 468.000       1.0922
 469.000       1.0957
 470.000       1.1468
 471.000       1.4616
 472.000       1.4681
 473.000       1.2396
 474.000       1.1882
 475.000       1.4592
 476.000       0.7445
 477.000       0.8402
 478.000       1.6782
 479.000       2.0487
 480.000       0.8874
 481.000       0.8907
 482.000       0.8170
 483.000       0.7746
 484.000       0.8249
 485.000       0.9286
 486.000       1.8236
 487.000       0.9610
 488.000       0.8160
 489.000       0.9927
 490.000       0.9356
 491.000       1.1780
 492.000       0.8807
 493.000       1.0387
 494.000       1.3181
 495.000       1.4432
 496.000       1.4175
 497.000       1.9944
 498.000       1.4959
 499.000       1.9877
 500.000       1.7959
 501.000       1.8090
 502.000       2.3102
 503.000       2.7752
 504.000       2.7220
 505.000       2.1661
 506.000       1.4243
 507.000       1.4460
 508.000       1.5491
 509.000       1.4562
 510.000       1.1812
 511.000       1.3939
 512.000       1.3173
 513.000       1.2638
 514.000       0.9154
 515.000       2.1317
 516.000       1.4068
 517.000       1.2056
 518.000       0.8173
 519.000       0.9338
 520.000       0.6916
 521.000       0.6483
 522.000       0.9570
 523.000       0.9279
 524.000       0.7897
 525.000       0.8749
 526.000       0.8695
 527.000       1.4298
 528.000       1.7643
 529.000       1.1688
 530.000       1.8638
 531.000       2.1129
 532.000       2.0263
 533.000       1.8397
 534.000       2.0299
 535.000       2.2179
 536.000       2.0476
 537.000       2.6637
 538.000       2.7933
 539.000       3.6031
 540.000       3.4131
 541.000       2.8597
 542.000       3.3432
 543.000       3.3760
 544.000       2.5480
 545.000       2.6291
 546.000       3.1965
 547.000       2.4053
 548.000       1.9672
 549.000       2.4470
 550.000       2.9271
 551.000       3.0223
 552.000       6.3121
 553.000       4.9046
 554.000      49.5459
 555.000       0.5939
 556.000       0.7911
 557.000      51.2154
 558.000      50.8293
 559.000      52.8562
 560.000      51.7744
 561.000      50.9898
 562.000      51.6634
 563.000      51.7048
 564.000      52.1365
 565.000      51.5773
 566.000      51.5181
 567.000      50.6146
 568.000      51.8323
 569.000      50.7263
 570.000      52.1185
 571.000      51.3069
 572.000      51.3274
 573.000      50.6450
 574.000      52.2545
 575.000      50.6082
 576.000      51.5212
 577.000      52.2007
 578.000      51.3753
 579.000      51.9768
 580.000      49.9791
 581.000      51.3580
 582.000      52.6387
 583.000      51.0894
 584.000      49.5780
 585.000      51.3359
 586.000      51.1003
 587.000      52.0881
 588.000      51.9481
 589.000      51.2515
 590.000      51.6449
 591.000      50.8019
 592.000      49.8721
 593.000      51.7321
 594.000      50.8526
 595.000      51.5525
 596.000      52.5452
 597.000      51.0536
 598.000      50.8896
 599.000       0.6872
 600.000      52.8829
 601.000      52.3311
 602.000      53.0016
 603.000      51.8486
 604.000      52.5162
 605.000      52.5794
 606.000      52.9843
 607.000      52.0428
 608.000      53.6315
 609.000      53.4494
 610.000      53.0887
 611.000      52.5560
 612.000      52.5788
 613.000      52.4947
 614.000      53.2345
 615.000      52.4109
 616.000      52.6638
 617.000      53.0044
 618.000      53.1694
 619.000      52.3485
 620.000      52.8693
 621.000      52.3246
 622.000      52.4319
 623.000      53.0635
 624.000      52.7418
 625.000      53.3265
 626.000      52.8541
 627.000      53.0506
 628.000      52.5104
 629.000      52.6953
 630.000      52.9415
 631.000      52.6334
 632.000      52.3756
 633.000      52.5556
 634.000      51.8140
 635.000      51.8558
 636.000      52.5723
 637.000      52.3393
 638.000      52.9112
 639.000      52.7265
 640.000      53.0095
 641.000      52.4421
 642.000      53.2362
 643.000      52.5625
 644.000      53.4228
 645.000      53.3894
