#Res        AtomicFlx
   1.000       6.4590
   2.000       5.4638
   3.000       6.2158
   4.000       4.4853
   5.000       1.8829
   6.000       1.4689
   7.000       1.0380
   8.000       1.4936
   9.000       1.8608
  10.000       1.2841
  11.000       1.3118
  12.000       1.1116
  13.000       0.8300
  14.000       1.0307
  15.000       1.0127
  16.000       0.7014
  17.000       0.8850
  18.000       0.9579
  19.000       0.5921
  20.000       0.6225
  21.000       0.6895
  22.000       0.7855
  23.000       0.9767
  24.000       1.3406
  25.000       1.4996
  26.000       1.7666
  27.000       1.2320
  28.000       1.1938
  29.000       1.5213
  30.000       1.0235
  31.000       1.0872
  32.000       1.4168
  33.000       1.1951
  34.000       1.1937
  35.000       1.8313
  36.000       1.5307
  37.000       1.1666
  38.000       1.6148
  39.000       1.4112
  40.000       1.3549
  41.000       1.4019
  42.000       1.0208
  43.000       1.5046
  44.000       1.2616
  45.000       0.7286
  46.000       0.6914
  47.000       0.8727
  48.000       0.9299
  49.000       0.6726
  50.000       0.6479
  51.000       1.1710
  52.000       1.1527
  53.000       0.6424
  54.000       0.5917
  55.000       0.7313
  56.000       0.6414
  57.000       0.9389
  58.000       0.8503
  59.000       0.6469
  60.000       0.9850
  61.000       0.8381
  62.000       0.7764
  63.000       0.7508
  64.000       0.8697
  65.000       0.6329
  66.000       0.6632
  67.000       0.7947
  68.000       1.2411
  69.000       1.4291
  70.000       1.3818
  71.000       1.1692
  72.000       1.1392
  73.000       1.3966
  74.000       1.3630
  75.000       1.3191
  76.000       1.4302
  77.000       2.2065
  78.000       2.0998
  79.000       1.6036
  80.000       1.7174
  81.000       1.2928
  82.000       1.4761
  83.000       1.4827
  84.000       1.4258
  85.000       1.0538
  86.000       1.3370
  87.000       1.0734
  88.000       1.4273
  89.000       0.9275
  90.000       1.1618
  91.000       0.9744
  92.000       1.1009
  93.000       0.8245
  94.000       0.7194
  95.000       0.9915
  96.000       0.9940
  97.000       1.0790
  98.000       0.9494
  99.000       0.9893
 100.000       1.4357
 101.000       1.0857
 102.000       0.7566
 103.000       0.8859
 104.000       0.8651
 105.000       0.7925
 106.000       0.6395
 107.000       0.7444
 108.000       0.6437
 109.000       0.7042
 110.000       1.0046
 111.000       0.6449
 112.000       0.7501
 113.000       0.9273
 114.000       0.7270
 115.000       0.7478
 116.000       1.3613
 117.000       1.1260
 118.000       1.5220
 119.000       1.7568
 120.000       0.8776
 121.000       0.8566
 122.000       0.8178
 123.000       1.3593
 124.000       1.3157
 125.000       1.0902
 126.000       1.9409
 127.000       1.1185
 128.000       1.3631
 129.000       1.0007
 130.000       0.9439
 131.000       1.7245
 132.000       2.3571
 133.000       2.8628
 134.000       2.3513
 135.000       2.6017
 136.000       2.6656
 137.000       2.5676
 138.000       3.8731
 139.000       5.0372
 140.000       6.4543
 141.000       5.5581
 142.000       5.4279
 143.000       4.0124
 144.000       4.6173
 145.000       4.6368
 146.000       4.0542
 147.000       4.5185
 148.000       3.8952
 149.000       2.1717
 150.000       1.5342
 151.000       0.8872
 152.000       0.7508
 153.000       0.6759
 154.000       1.0360
 155.000       0.9380
 156.000       0.6435
 157.000       0.7119
 158.000       0.9247
 159.000       1.4221
 160.000       1.1009
 161.000       0.9317
 162.000       1.0755
 163.000       1.4192
 164.000       1.5312
 165.000       2.2021
 166.000       2.4348
 167.000       2.4545
 168.000       3.7986
 169.000       1.6097
 170.000       1.3700
 171.000       1.9636
 172.000       1.6591
 173.000       1.6225
 174.000       1.2355
 175.000       0.9504
 176.000       1.4618
 177.000       1.0423
 178.000       2.0159
 179.000       1.3438
 180.000       1.0326
 181.000       0.8096
 182.000       0.9439
 183.000       0.6585
 184.000       0.8594
 185.000       1.3740
 186.000       1.0295
 187.000       0.8072
 188.000       0.9847
 189.000       0.7764
 190.000       0.8114
 191.000       0.7183
 192.000       0.9132
 193.000       1.1817
 194.000       0.7645
 195.000       0.7775
 196.000       1.0794
 197.000       0.9947
 198.000       0.7169
 199.000       1.1620
 200.000       1.4863
 201.000       0.8296
 202.000       0.8105
 203.000       0.8185
 204.000       1.6175
 205.000       0.8571
 206.000       0.9109
 207.000       1.6855
 208.000       1.1546
 209.000       0.8014
 210.000       1.2415
 211.000       1.6716
 212.000       1.3717
 213.000       0.7744
 214.000       1.1896
 215.000       1.1076
 216.000       0.7993
 217.000       1.0881
 218.000       0.8833
 219.000       0.8801
 220.000       0.9114
 221.000       1.0096
 222.000       1.0955
 223.000       0.9929
 224.000       0.9398
 225.000       1.1017
 226.000       1.1395
 227.000       1.2272
 228.000       1.2494
 229.000       1.0789
 230.000       1.0174
 231.000       1.4423
 232.000       1.4256
 233.000       0.8874
 234.000       1.0435
 235.000       1.5184
 236.000       1.4246
 237.000       0.7497
 238.000       1.1438
 239.000       1.9638
 240.000       1.3842
 241.000       1.5445
 242.000       2.0528
 243.000       1.8956
 244.000       1.4365
 245.000       1.4342
 246.000       1.4433
 247.000       1.3979
 248.000       1.1815
 249.000       0.8309
 250.000       1.0288
 251.000       0.7474
 252.000       1.1530
 253.000       0.8411
 254.000       0.6448
 255.000       0.6048
 256.000       0.6193
 257.000       0.6261
 258.000       0.7372
 259.000       0.6033
 260.000       1.7218
 261.000       0.5796
 262.000       0.6978
 263.000       0.5729
 264.000       0.6690
 265.000       0.6515
 266.000       1.1006
 267.000       0.6583
 268.000       0.6809
 269.000       0.6740
 270.000       0.7520
 271.000       0.6334
 272.000       0.9875
 273.000       0.7021
 274.000       0.7880
 275.000       1.5099
 276.000       0.7850
 277.000       1.3018
 278.000       1.0711
 279.000       0.8768
 280.000       1.1493
 281.000       0.8306
 282.000       0.8308
 283.000       0.8579
 284.000       1.5070
 285.000       0.8392
 286.000       0.7388
 287.000       0.8788
 288.000       0.9267
 289.000       0.9360
 290.000       0.7433
 291.000       0.8427
 292.000       0.7359
 293.000       0.6261
 294.000       0.9373
 295.000       1.2132
 296.000       0.6168
 297.000       0.5598
 298.000       1.1530
 299.000       0.7900
 300.000       0.7197
 301.000       0.6506
 302.000       1.2771
 303.000       0.7497
 304.000       0.7573
 305.000       1.0593
 306.000       0.8293
 307.000       0.9663
 308.000       1.0362
 309.000       0.9323
 310.000       1.1344
 311.000       1.3057
 312.000       1.1622
 313.000       1.3942
 314.000       1.7238
 315.000       1.9875
 316.000       1.5921
 317.000       1.5269
 318.000       1.3982
 319.000       1.2002
 320.000       1.3344
 321.000       1.6521
 322.000       1.4837
 323.000       1.6300
 324.000       2.5504
 325.000       2.5440
 326.000       2.2022
 327.000       1.6346
 328.000       1.0575
 329.000       0.9418
 330.000       0.8525
 331.000       0.7179
 332.000       0.9077
 333.000       0.6842
 334.000       0.8094
 335.000       0.8827
 336.000       0.6539
 337.000       0.9900
 338.000       0.7670
 339.000       0.9970
 340.000       0.9642
 341.000       1.2309
 342.000       1.1674
 343.000       1.1181
 344.000       0.9481
 345.000       0.7942
 346.000       0.9941
 347.000       1.1102
 348.000       1.0339
 349.000       0.6593
 350.000       0.7461
 351.000       0.7096
 352.000       0.6328
 353.000       0.5946
 354.000       0.7983
 355.000       0.7639
 356.000       0.7578
 357.000       0.9329
 358.000       0.6474
 359.000       0.8631
 360.000       0.5895
 361.000       0.8901
 362.000       0.5756
 363.000       0.6405
 364.000       0.5907
 365.000       0.6739
 366.000       0.7846
 367.000       0.6885
 368.000       0.8502
 369.000       1.0180
 370.000       0.9333
 371.000       1.2906
 372.000       0.9355
 373.000       0.9716
 374.000       1.1783
 375.000       1.3791
 376.000       1.4616
 377.000       1.2081
 378.000       1.5643
 379.000       1.9994
 380.000       2.2824
 381.000       2.6268
 382.000       1.7828
 383.000       1.4571
 384.000       1.9550
 385.000       2.2375
 386.000       1.9765
 387.000       1.6892
 388.000       1.0714
 389.000       1.8614
 390.000       1.0579
 391.000       1.0007
 392.000       0.9114
 393.000       0.7946
 394.000       0.8096
 395.000       0.7765
 396.000       0.9884
 397.000       0.8093
 398.000       0.8630
 399.000       1.1682
 400.000       1.8430
 401.000       0.8831
 402.000       0.9497
 403.000       1.4683
 404.000       1.1545
 405.000       0.8840
 406.000       1.2466
 407.000       0.8257
 408.000       0.9601
 409.000       0.9326
 410.000       0.9256
 411.000       0.8682
 412.000       0.9016
 413.000       0.9960
 414.000       0.9780
 415.000       1.1952
 416.000       1.2674
 417.000       0.9992
 418.000       1.2401
 419.000       1.3492
 420.000       1.6401
 421.000       1.5227
 422.000       1.4046
 423.000       1.4625
 424.000       1.4741
 425.000       1.0732
 426.000       1.0650
 427.000       1.0113
 428.000       1.0624
 429.000       0.9847
 430.000       0.8224
 431.000       0.9743
 432.000       1.1432
 433.000       1.0357
 434.000       0.8688
 435.000       1.0168
 436.000       1.0382
 437.000       1.1063
 438.000       1.0951
 439.000       1.3077
 440.000       2.0584
 441.000       1.4419
 442.000       1.1372
 443.000       1.3052
 444.000       1.4049
 445.000       1.4045
 446.000       0.9301
 447.000       1.0471
 448.000       2.2534
 449.000       0.9006
 450.000       0.9886
 451.000       1.4174
 452.000       1.2912
 453.000       1.0046
 454.000       1.0865
 455.000       0.9677
 456.000       1.0635
 457.000       1.0854
 458.000       0.9245
 459.000       0.8685
 460.000       1.8338
 461.000       1.0019
 462.000       0.7810
 463.000       1.2957
 464.000       1.2606
 465.000       0.7383
 466.000       0.7398
 467.000       1.0607
 468.000       0.8209
 469.000       0.8834
 470.000       0.8058
 471.000       0.7566
 472.000       1.1457
 473.000       0.5953
 474.000       0.7208
 475.000       1.0120
 476.000       0.9643
 477.000       0.7587
 478.000       1.1340
 479.000       1.0164
 480.000       1.0246
 481.000       1.8993
 482.000       1.5982
 483.000       1.7491
 484.000       1.4577
 485.000       1.3819
 486.000       1.5905
 487.000       2.3419
 488.000       1.8791
 489.000       2.4959
 490.000       1.3017
 491.000       1.6538
 492.000       2.7151
 493.000       1.5265
 494.000       1.7902
 495.000       1.2618
 496.000       1.2820
 497.000       1.7209
 498.000       1.6292
 499.000       1.1833
 500.000       1.2797
 501.000       1.2069
 502.000       1.0181
 503.000       0.8319
 504.000       1.6701
 505.000       0.9230
 506.000       1.0890
 507.000       1.0448
 508.000       0.9969
 509.000       1.1699
 510.000       1.3772
 511.000       1.7481
 512.000       1.5926
 513.000       1.3888
 514.000       1.4427
 515.000       1.4869
 516.000       1.5309
 517.000       1.1962
 518.000       1.4202
 519.000       1.6185
 520.000       1.8315
 521.000       1.6286
 522.000       1.7664
 523.000       2.1463
 524.000       1.8083
 525.000       1.7262
 526.000       2.0885
 527.000       2.2340
 528.000       2.6495
 529.000       2.6626
 530.000       3.1071
 531.000       2.3582
 532.000       1.9085
 533.000       2.1107
 534.000       2.2068
 535.000       2.1098
 536.000       1.5105
 537.000       2.0945
 538.000       1.9441
 539.000       2.1811
 540.000       2.7735
 541.000       4.2510
 542.000       5.9120
 543.000       8.6888
 544.000       0.8860
 545.000       0.6980
 546.000       0.6069
 547.000      54.4696
 548.000      54.4168
 549.000      56.4387
 550.000      55.2731
 551.000      54.5855
 552.000      54.1482
 553.000      55.1586
 554.000      55.0845
 555.000      55.3854
 556.000      54.6210
 557.000      55.1732
 558.000      55.1424
 559.000      54.4987
 560.000      54.0078
 561.000      54.7425
 562.000      56.2523
 563.000      54.0390
 564.000      55.2442
 565.000      54.7978
 566.000      56.1522
 567.000      54.7882
 568.000      55.7743
 569.000      55.7477
 570.000      56.1878
 571.000      55.0707
 572.000      55.4017
 573.000      54.3863
 574.000      54.6192
 575.000      56.0799
 576.000      54.6631
 577.000      54.7875
 578.000      54.5059
 579.000      54.3602
 580.000      54.6900
 581.000      53.5327
 582.000      54.8140
 583.000      54.5184
 584.000      55.7820
 585.000      55.0185
 586.000      55.4572
 587.000      54.5081
 588.000      53.4774
 589.000      55.4691
 590.000      54.9338
 591.000      55.3253
 592.000      54.7857
 593.000      53.9626
 594.000      54.5783
 595.000      55.1189
 596.000      55.6467
 597.000       0.6942
 598.000      55.5117
 599.000      55.4072
 600.000      54.6543
 601.000      54.2633
 602.000      55.4700
 603.000      55.0353
 604.000      54.9565
 605.000      54.4567
 606.000      54.6097
 607.000      54.7862
 608.000      54.8550
 609.000      55.0796
 610.000      55.3396
 611.000      54.9598
 612.000      55.4582
 613.000      55.0676
 614.000      54.8148
 615.000      54.5098
 616.000      55.3193
 617.000      54.4127
 618.000      54.5092
 619.000      55.6025
 620.000      54.3402
 621.000      54.9744
 622.000      54.7918
 623.000      55.0931
 624.000      55.0255
 625.000      54.5894
 626.000      54.1362
 627.000      54.5657
 628.000      54.7818
 629.000      55.0347
 630.000      54.3467
 631.000      55.1441
 632.000      54.6246
 633.000      54.8336
 634.000      54.6494
 635.000      55.1540
 636.000      54.6502
 637.000      55.7951
 638.000      53.8920
 639.000      55.4733
 640.000      54.3254
 641.000      54.0938
 642.000      55.7691
 643.000      55.1038
 644.000      55.1623
 645.000      55.0338
 646.000      54.1523
 647.000      55.3776
 648.000      54.7711
 649.000      54.7249
 650.000      54.9866
 651.000      55.5534
 652.000      55.3198
 653.000      54.3480
