#Res        AtomicFlx
   1.000       8.0102
   2.000       5.2153
   3.000       4.7240
   4.000       3.7106
   5.000       2.3552
   6.000       1.8310
   7.000       1.3145
   8.000       2.1522
   9.000       1.9311
  10.000       1.2945
  11.000       1.2526
  12.000       1.2010
  13.000       0.8248
  14.000       0.8927
  15.000       0.9868
  16.000       0.6862
  17.000       0.8281
  18.000       0.6553
  19.000       0.5313
  20.000       0.5038
  21.000       0.5913
  22.000       0.6673
  23.000       0.8554
  24.000       1.1336
  25.000       0.6914
  26.000       0.5571
  27.000       1.1480
  28.000       1.4920
  29.000       1.2951
  30.000       0.6126
  31.000       0.6476
  32.000       0.7121
  33.000       0.9511
  34.000       0.6523
  35.000       0.9495
  36.000       0.9471
  37.000       0.7681
  38.000       0.7906
  39.000       0.9438
  40.000       0.7476
  41.000       0.8398
  42.000       0.6365
  43.000       0.8224
  44.000       1.2195
  45.000       0.6643
  46.000       0.5802
  47.000       0.7752
  48.000       0.8977
  49.000       0.7361
  50.000       0.6854
  51.000       1.1498
  52.000       1.1229
  53.000       0.7082
  54.000       0.7187
  55.000       0.7957
  56.000       0.6086
  57.000       1.0112
  58.000       0.8314
  59.000       0.6198
  60.000       0.8811
  61.000       0.5666
  62.000       0.7936
  63.000       0.6198
  64.000       0.6388
  65.000       0.5278
  66.000       0.9836
  67.000       1.6764
  68.000       0.6538
  69.000       1.2166
  70.000       0.6151
  71.000       0.5368
  72.000       0.6158
  73.000       0.7458
  74.000       0.6503
  75.000       0.6984
  76.000       0.7692
  77.000       0.9305
  78.000       1.4772
  79.000       1.0256
  80.000       1.0065
  81.000       0.8557
  82.000       1.4759
  83.000       1.2512
  84.000       1.0337
  85.000       0.8115
  86.000       1.1791
  87.000       0.6485
  88.000       1.0502
  89.000       0.9281
  90.000       0.8452
  91.000       0.8098
  92.000       1.1038
  93.000       1.1521
  94.000       0.7135
  95.000       1.5834
  96.000       0.8121
  97.000       1.0670
  98.000       0.6712
  99.000       0.7775
 100.000       1.0486
 101.000       1.0638
 102.000       0.7493
 103.000       0.6974
 104.000       0.9431
 105.000       0.7658
 106.000       0.6548
 107.000       0.7354
 108.000       0.6501
 109.000       0.6954
 110.000       0.9611
 111.000       0.8588
 112.000       0.6886
 113.000       0.8990
 114.000       0.6247
 115.000       0.6585
 116.000       1.2813
 117.000       1.0621
 118.000       1.4530
 119.000       1.7507
 120.000       0.8995
 121.000       0.7982
 122.000       0.8433
 123.000       1.2053
 124.000       1.2758
 125.000       1.3660
 126.000       2.1398
 127.000       1.6169
 128.000       1.9894
 129.000       1.8100
 130.000       1.6181
 131.000       2.2057
 132.000       2.1728
 133.000       2.7149
 134.000       2.0300
 135.000       2.4916
 136.000       2.4876
 137.000       3.4064
 138.000       3.9260
 139.000       3.4557
 140.000       4.9406
 141.000       4.3424
 142.000       3.9202
 143.000       2.9160
 144.000       2.3900
 145.000       1.8558
 146.000       1.9292
 147.000       2.3965
 148.000       2.6825
 149.000       1.5150
 150.000       1.3942
 151.000       0.8800
 152.000       0.8164
 153.000       0.7172
 154.000       0.9674
 155.000       1.0038
 156.000       0.6742
 157.000       1.0747
 158.000       0.8201
 159.000       1.6561
 160.000       1.0853
 161.000       1.1050
 162.000       1.3815
 163.000       1.2398
 164.000       1.2688
 165.000       1.7820
 166.000       1.7909
 167.000       1.0753
 168.000       2.0351
 169.000       1.0622
 170.000       1.1427
 171.000       1.6757
 172.000       1.6591
 173.000       1.3162
 174.000       0.9325
 175.000       0.8769
 176.000       1.2299
 177.000       1.0523
 178.000       1.8987
 179.000       1.4230
 180.000       0.9108
 181.000       0.8408
 182.000       1.0457
 183.000       0.6841
 184.000       0.8464
 185.000       1.3527
 186.000       1.1392
 187.000       0.8728
 188.000       0.7569
 189.000       0.8325
 190.000       0.8514
 191.000       0.8669
 192.000       0.9499
 193.000       1.7985
 194.000       0.8641
 195.000       1.2297
 196.000       1.6911
 197.000       3.0315
 198.000       1.8713
 199.000       2.5496
 200.000       3.3937
 201.000       3.7247
 202.000       3.7185
 203.000       2.8357
 204.000       3.0483
 205.000       2.2601
 206.000       1.8968
 207.000       2.1676
 208.000       1.5373
 209.000       1.4800
 210.000       1.3156
 211.000       1.2826
 212.000       1.5847
 213.000       0.9395
 214.000       1.0536
 215.000       0.9846
 216.000       0.8793
 217.000       1.0434
 218.000       0.7671
 219.000       0.7872
 220.000       0.7835
 221.000       0.9424
 222.000       0.9357
 223.000       0.7565
 224.000       0.7351
 225.000       0.8749
 226.000       0.8388
 227.000       0.9062
 228.000       0.8849
 229.000       0.6974
 230.000       0.7489
 231.000       0.8256
 232.000       0.7840
 233.000       0.6144
 234.000       0.8139
 235.000       0.9978
 236.000       0.8277
 237.000       0.6362
 238.000       0.8963
 239.000       1.4405
 240.000       0.9876
 241.000       1.2974
 242.000       1.2804
 243.000       1.5533
 244.000       1.1951
 245.000       1.2481
 246.000       1.3731
 247.000       1.3516
 248.000       1.1506
 249.000       0.7891
 250.000       0.9705
 251.000       0.7455
 252.000       0.9276
 253.000       0.7669
 254.000       0.6353
 255.000       0.6366
 256.000       0.6284
 257.000       0.5712
 258.000       0.6595
 259.000       0.5880
 260.000       0.9491
 261.000       0.5398
 262.000       0.7858
 263.000       0.5092
 264.000       0.6540
 265.000       0.9366
 266.000       1.3343
 267.000       0.5881
 268.000       0.6808
 269.000       0.6906
 270.000       0.5901
 271.000       0.6435
 272.000       1.0068
 273.000       0.7108
 274.000       0.8530
 275.000       1.2252
 276.000       0.7924
 277.000       1.6374
 278.000       1.7411
 279.000       1.5604
 280.000       1.3004
 281.000       1.0324
 282.000       1.1300
 283.000       0.9698
 284.000       1.4811
 285.000       0.8195
 286.000       0.6411
 287.000       0.9460
 288.000       0.7313
 289.000       0.6004
 290.000       0.6147
 291.000       0.7618
 292.000       0.6303
 293.000       0.5126
 294.000       0.5324
 295.000       1.3339
 296.000       0.6020
 297.000       0.5081
 298.000       1.0203
 299.000       0.7497
 300.000       0.6489
 301.000       0.5904
 302.000       1.2827
 303.000       0.7174
 304.000       0.6963
 305.000       0.9471
 306.000       0.6071
 307.000       0.7491
 308.000       0.8356
 309.000       0.5858
 310.000       0.7647
 311.000       0.9818
 312.000       0.7687
 313.000       0.9910
 314.000       1.5406
 315.000       1.2513
 316.000       1.7407
 317.000       1.4276
 318.000       1.1927
 319.000       0.8436
 320.000       1.0066
 321.000       1.2552
 322.000       1.0093
 323.000       1.0651
 324.000       2.9058
 325.000       1.5032
 326.000       1.4074
 327.000       1.1312
 328.000       1.2917
 329.000       1.0778
 330.000       0.9557
 331.000       0.9211
 332.000       1.0538
 333.000       0.8188
 334.000       0.8831
 335.000       0.9820
 336.000       0.7035
 337.000       0.9728
 338.000       0.7483
 339.000       0.9640
 340.000       0.8181
 341.000       1.2708
 342.000       1.0529
 343.000       0.9522
 344.000       0.8483
 345.000       0.7237
 346.000       0.8100
 347.000       1.0337
 348.000       0.9574
 349.000       0.6369
 350.000       0.7030
 351.000       0.6796
 352.000       0.6626
 353.000       0.6559
 354.000       0.7810
 355.000       0.7936
 356.000       1.0512
 357.000       1.0134
 358.000       0.8973
 359.000       0.9100
 360.000       0.6996
 361.000       1.0459
 362.000       0.7389
 363.000       0.6755
 364.000       0.6251
 365.000       1.5379
 366.000       0.6471
 367.000       0.5755
 368.000       0.8331
 369.000       1.0303
 370.000       0.6376
 371.000       0.9369
 372.000       0.7993
 373.000       0.6982
 374.000       0.6632
 375.000       0.7692
 376.000       1.1767
 377.000       1.0606
 378.000       1.0254
 379.000       1.1866
 380.000       1.1033
 381.000       1.8431
 382.000       1.3735
 383.000       1.3238
 384.000       1.7255
 385.000       3.0955
 386.000       3.6451
 387.000       2.0660
 388.000       1.3175
 389.000       1.4401
 390.000       1.1394
 391.000       0.9231
 392.000       0.8913
 393.000       0.7895
 394.000       0.8632
 395.000       0.8480
 396.000       1.0036
 397.000       0.8547
 398.000       0.9520
 399.000       1.1313
 400.000       1.8681
 401.000       0.8967
 402.000       0.8728
 403.000       1.3691
 404.000       1.1455
 405.000       0.7997
 406.000       1.2120
 407.000       0.7779
 408.000       1.0903
 409.000       0.7209
 410.000       0.6791
 411.000       0.8002
 412.000       1.0354
 413.000       0.7325
 414.000       0.8683
 415.000       1.0719
 416.000       1.0918
 417.000       1.0643
 418.000       1.0637
 419.000       1.1432
 420.000       1.3057
 421.000       1.0429
 422.000       1.0513
 423.000       0.7409
 424.000       0.8034
 425.000       0.7108
 426.000       0.9092
 427.000       0.9267
 428.000       0.8161
 429.000       0.7571
 430.000       0.6117
 431.000       0.7463
 432.000       1.0585
 433.000       0.8347
 434.000       0.6791
 435.000       0.7542
 436.000       0.7126
 437.000       0.8989
 438.000       0.8388
 439.000       1.4046
 440.000       1.3011
 441.000       1.0929
 442.000       0.6882
 443.000       0.9535
 444.000       0.9819
 445.000       1.1639
 446.000       0.9359
 447.000       0.6828
 448.000       1.9559
 449.000       0.9935
 450.000       1.0338
 451.000       1.5099
 452.000       2.0526
 453.000       3.1315
 454.000       2.6752
 455.000       1.5722
 456.000       2.1813
 457.000       1.2216
 458.000       0.9307
 459.000       0.8250
 460.000       1.1060
 461.000       0.8593
 462.000       0.7693
 463.000       1.2093
 464.000       1.1523
 465.000       0.6782
 466.000       0.6666
 467.000       0.9269
 468.000       0.7665
 469.000       0.9004
 470.000       0.8674
 471.000       0.7531
 472.000       1.1171
 473.000       0.6863
 474.000       0.7476
 475.000       1.0124
 476.000       1.2553
 477.000       0.7965
 478.000       1.0875
 479.000       1.0787
 480.000       1.1104
 481.000       1.8220
 482.000       1.5493
 483.000       1.6074
 484.000       1.5542
 485.000       1.8582
 486.000       2.7167
 487.000       2.4202
 488.000       1.4721
 489.000       2.5084
 490.000       1.4666
 491.000       2.0249
 492.000       2.2908
 493.000       1.0515
 494.000       1.5773
 495.000       1.0250
 496.000       1.1688
 497.000       2.1198
 498.000       1.1874
 499.000       0.9586
 500.000       1.1357
 501.000       1.1946
 502.000       1.3026
 503.000       0.9048
 504.000       1.8562
 505.000       1.0814
 506.000       1.3190
 507.000       1.2521
 508.000       1.3617
 509.000       1.6128
 510.000       1.6504
 511.000       2.4865
 512.000       2.4843
 513.000       1.4729
 514.000       1.8177
 515.000       1.8331
 516.000       1.8367
 517.000       1.2998
 518.000       1.3602
 519.000       1.4516
 520.000       1.9800
 521.000       1.5740
 522.000       1.4394
 523.000       2.0362
 524.000       2.4097
 525.000       2.1046
 526.000       2.6727
 527.000       2.4816
 528.000       2.5212
 529.000       2.1902
 530.000       2.6148
 531.000       2.4335
 532.000       1.7256
 533.000       1.7123
 534.000       2.0096
 535.000       2.2331
 536.000       1.2159
 537.000       1.6049
 538.000       1.4791
 539.000       1.4772
 540.000       2.0278
 541.000       3.1863
 542.000       4.2813
 543.000       6.7088
 544.000       0.7573
 545.000       0.5121
 546.000       0.7200
 547.000      55.2932
 548.000      55.2028
 549.000      54.8653
 550.000      55.4609
 551.000      55.3470
 552.000      54.8190
 553.000      56.1359
 554.000      53.4635
 555.000      53.6154
 556.000      54.5156
 557.000      53.6299
 558.000      57.2552
 559.000      54.4457
 560.000      53.9382
 561.000      54.5942
 562.000      55.0375
 563.000      55.9469
 564.000      55.0397
 565.000      55.7328
 566.000      54.4297
 567.000      55.3120
 568.000      54.8823
 569.000      54.6018
 570.000      54.4163
 571.000      51.7238
 572.000      54.4398
 573.000      55.1842
 574.000      55.0268
 575.000      54.7567
 576.000      55.2054
 577.000      55.1142
 578.000      54.0937
 579.000      54.3675
 580.000      54.6929
 581.000      54.7962
 582.000      55.8278
 583.000      54.5705
 584.000      55.8517
 585.000      55.4734
 586.000      52.5051
 587.000      53.3518
 588.000      54.5295
 589.000      54.4771
 590.000      55.2916
 591.000      55.1393
 592.000      53.5049
 593.000      54.5732
 594.000      53.8895
 595.000      55.6391
 596.000      53.7152
 597.000       0.5747
 598.000      53.9738
 599.000      54.7875
 600.000      54.5969
 601.000      55.3161
 602.000      54.8619
 603.000      54.2755
 604.000      54.9592
 605.000      54.3312
 606.000      54.8847
 607.000      54.8703
 608.000      54.2440
 609.000      54.7764
 610.000      54.7650
 611.000      55.4701
 612.000      54.0618
 613.000      54.3793
 614.000      53.8878
 615.000      54.5310
 616.000      55.3419
 617.000      53.9913
 618.000      54.7768
 619.000      54.9185
 620.000      55.2454
 621.000      55.5408
 622.000      54.7150
 623.000      54.6148
 624.000      54.7846
 625.000      54.2819
 626.000      54.7531
 627.000      54.0653
 628.000      54.0254
 629.000      54.5836
 630.000      55.0710
 631.000      54.5764
 632.000      55.4739
 633.000      54.3448
 634.000      54.8057
 635.000      55.0575
 636.000      55.5638
 637.000      54.9726
 638.000      55.0291
 639.000      53.9375
 640.000      54.5540
 641.000      54.5266
 642.000      53.7954
 643.000      55.0227
 644.000      56.0000
 645.000      54.6550
 646.000      54.8236
 647.000      55.2629
 648.000      54.1184
 649.000      55.0512
 650.000      54.2409
 651.000      55.5252
 652.000      54.6823
 653.000      54.6857
