#Res        AtomicFlx
   1.000       7.5619
   2.000       4.8167
   3.000       3.9798
   4.000       3.1349
   5.000       2.4244
   6.000       1.8124
   7.000       1.6019
   8.000       2.0910
   9.000       2.0443
  10.000       1.3645
  11.000       1.6283
  12.000       1.5472
  13.000       0.9651
  14.000       1.2059
  15.000       1.5017
  16.000       0.9931
  17.000       0.9410
  18.000       0.7632
  19.000       0.6337
  20.000       0.7122
  21.000       0.6335
  22.000       0.6861
  23.000       0.7973
  24.000       1.0684
  25.000       0.7026
  26.000       0.5971
  27.000       0.9650
  28.000       1.1631
  29.000       1.3154
  30.000       0.5969
  31.000       0.6400
  32.000       0.8866
  33.000       0.9876
  34.000       0.8195
  35.000       1.1499
  36.000       1.1089
  37.000       0.8345
  38.000       1.1126
  39.000       0.9592
  40.000       0.9513
  41.000       0.9646
  42.000       0.7091
  43.000       0.9901
  44.000       1.2719
  45.000       0.6908
  46.000       0.5845
  47.000       0.7956
  48.000       0.9377
  49.000       0.7126
  50.000       0.6971
  51.000       0.9011
  52.000       1.1174
  53.000       0.6549
  54.000       0.6528
  55.000       0.8493
  56.000       0.6062
  57.000       0.7582
  58.000       0.9157
  59.000       0.6241
  60.000       0.8566
  61.000       0.6733
  62.000       0.7582
  63.000       0.6491
  64.000       0.7344
  65.000       0.6784
  66.000       0.7210
  67.000       1.1475
  68.000       1.3839
  69.000       1.4777
  70.000       1.5931
  71.000       1.0576
  72.000       0.9758
  73.000       1.0244
  74.000       1.0070
  75.000       1.1414
  76.000       0.9454
  77.000       1.5249
  78.000       1.3234
  79.000       1.1423
  80.000       1.0316
  81.000       0.9510
  82.000       1.4218
  83.000       1.1659
  84.000       1.0205
  85.000       0.7405
  86.000       1.0638
  87.000       0.8744
  88.000       1.1728
  89.000       0.7023
  90.000       0.9392
  91.000       0.7843
  92.000       0.8389
  93.000       0.8272
  94.000       0.6940
  95.000       1.2696
  96.000       0.8468
  97.000       1.1552
  98.000       1.1113
  99.000       1.2093
 100.000       1.4754
 101.000       1.0589
 102.000       0.7500
 103.000       0.7440
 104.000       0.8081
 105.000       0.7787
 106.000       0.5956
 107.000       0.5920
 108.000       0.6160
 109.000       0.7308
 110.000       0.9936
 111.000       0.5942
 112.000       0.7145
 113.000       0.9999
 114.000       0.7441
 115.000       0.7026
 116.000       1.3894
 117.000       0.9941
 118.000       1.4762
 119.000       1.6980
 120.000       0.8246
 121.000       0.7448
 122.000       0.7822
 123.000       1.1870
 124.000       1.0970
 125.000       0.9389
 126.000       1.8540
 127.000       1.1552
 128.000       1.3082
 129.000       0.9484
 130.000       1.0771
 131.000       1.1404
 132.000       1.2989
 133.000       1.5177
 134.000       0.9512
 135.000       1.2697
 136.000       1.4516
 137.000       2.7477
 138.000       3.6699
 139.000       3.4663
 140.000       4.7097
 141.000       4.2524
 142.000       4.2018
 143.000       3.5214
 144.000       3.7744
 145.000       5.7557
 146.000       3.4295
 147.000       3.7791
 148.000       2.5334
 149.000       1.4406
 150.000       1.1888
 151.000       0.8986
 152.000       0.7100
 153.000       0.6807
 154.000       1.1028
 155.000       0.8213
 156.000       0.6056
 157.000       0.7503
 158.000       0.7677
 159.000       1.1154
 160.000       0.9969
 161.000       0.8217
 162.000       0.8659
 163.000       1.0127
 164.000       1.3037
 165.000       2.0388
 166.000       1.4729
 167.000       0.9408
 168.000       1.6270
 169.000       0.9883
 170.000       1.2269
 171.000       1.5247
 172.000       1.2644
 173.000       0.9504
 174.000       0.8453
 175.000       0.7786
 176.000       1.2057
 177.000       0.8688
 178.000       2.3162
 179.000       1.3590
 180.000       1.0271
 181.000       0.7731
 182.000       1.1481
 183.000       0.6920
 184.000       0.8629
 185.000       1.4480
 186.000       1.2783
 187.000       0.9766
 188.000       1.1280
 189.000       1.0694
 190.000       1.1476
 191.000       1.2353
 192.000       1.3881
 193.000       1.9185
 194.000       1.4210
 195.000       2.2706
 196.000       2.8785
 197.000       3.3476
 198.000       2.4361
 199.000       2.6836
 200.000       3.3596
 201.000       2.0295
 202.000       1.5388
 203.000       1.3879
 204.000       1.9884
 205.000       1.3656
 206.000       1.4759
 207.000       1.8308
 208.000       1.4106
 209.000       1.3309
 210.000       1.2169
 211.000       1.2639
 212.000       1.3013
 213.000       0.8005
 214.000       1.1219
 215.000       1.0171
 216.000       0.8151
 217.000       1.0610
 218.000       0.8101
 219.000       0.7714
 220.000       0.7656
 221.000       0.9548
 222.000       0.9359
 223.000       0.7818
 224.000       0.7615
 225.000       0.9139
 226.000       0.9289
 227.000       1.0094
 228.000       0.9966
 229.000       0.8643
 230.000       0.8795
 231.000       1.4182
 232.000       2.1538
 233.000       0.7890
 234.000       0.9106
 235.000       1.2754
 236.000       1.3615
 237.000       0.7263
 238.000       1.0805
 239.000       1.6903
 240.000       1.5065
 241.000       1.7066
 242.000       2.0691
 243.000       2.0542
 244.000       1.4997
 245.000       1.6534
 246.000       1.6261
 247.000       1.4367
 248.000       1.1630
 249.000       0.8417
 250.000       0.9423
 251.000       0.8633
 252.000       0.9709
 253.000       0.8239
 254.000       0.6248
 255.000       0.6339
 256.000       0.6423
 257.000       0.5692
 258.000       0.8728
 259.000       0.6406
 260.000       0.9932
 261.000       0.5441
 262.000       0.7761
 263.000       0.6098
 264.000       0.7459
 265.000       0.7808
 266.000       1.3890
 267.000       0.8143
 268.000       0.7486
 269.000       0.8444
 270.000       1.1086
 271.000       1.0728
 272.000       1.1986
 273.000       0.8949
 274.000       1.4268
 275.000       1.8534
 276.000       1.0869
 277.000       1.6680
 278.000       1.1186
 279.000       1.2711
 280.000       0.7970
 281.000       1.2901
 282.000       0.8573
 283.000       0.8452
 284.000       1.2743
 285.000       0.6611
 286.000       0.6453
 287.000       0.8976
 288.000       0.8395
 289.000       0.5765
 290.000       0.5765
 291.000       0.8526
 292.000       0.6872
 293.000       0.5089
 294.000       0.6715
 295.000       1.2109
 296.000       0.5751
 297.000       0.4970
 298.000       1.0332
 299.000       0.7180
 300.000       0.6040
 301.000       0.6007
 302.000       1.3864
 303.000       0.7058
 304.000       0.7522
 305.000       0.9651
 306.000       0.6829
 307.000       0.8534
 308.000       0.9032
 309.000       0.7732
 310.000       0.9962
 311.000       1.2389
 312.000       1.1793
 313.000       1.6269
 314.000       1.9228
 315.000       2.3108
 316.000       2.5237
 317.000       2.5914
 318.000       2.3284
 319.000       2.2979
 320.000       2.8085
 321.000       2.9815
 322.000       1.7236
 323.000       1.7905
 324.000       1.7560
 325.000       2.3314
 326.000       1.8261
 327.000       1.7271
 328.000       1.0360
 329.000       0.8174
 330.000       0.9903
 331.000       0.8482
 332.000       0.8288
 333.000       0.6760
 334.000       0.6605
 335.000       0.9800
 336.000       0.6502
 337.000       1.0206
 338.000       0.6838
 339.000       1.0606
 340.000       0.8395
 341.000       1.2384
 342.000       0.9594
 343.000       0.9232
 344.000       0.8244
 345.000       0.6395
 346.000       0.9141
 347.000       1.1103
 348.000       0.9731
 349.000       0.6464
 350.000       0.7677
 351.000       0.7184
 352.000       0.6563
 353.000       0.6251
 354.000       0.8660
 355.000       0.8554
 356.000       0.8461
 357.000       0.9040
 358.000       0.8905
 359.000       1.0073
 360.000       0.6224
 361.000       0.9581
 362.000       0.8720
 363.000       0.6890
 364.000       0.7993
 365.000       1.5023
 366.000       0.6611
 367.000       0.5997
 368.000       1.3238
 369.000       1.2336
 370.000       0.6305
 371.000       0.9943
 372.000       1.0703
 373.000       0.9309
 374.000       0.9542
 375.000       1.2475
 376.000       1.9454
 377.000       1.9008
 378.000       2.5054
 379.000       3.0525
 380.000       2.7617
 381.000       3.5622
 382.000       4.4786
 383.000       4.8315
 384.000       3.5112
 385.000       3.3811
 386.000       3.6982
 387.000       2.2640
 388.000       2.0063
 389.000       2.1661
 390.000       1.7160
 391.000       1.1275
 392.000       1.4313
 393.000       1.1710
 394.000       0.9433
 395.000       0.9216
 396.000       1.1768
 397.000       0.9508
 398.000       0.9350
 399.000       1.0948
 400.000       1.6571
 401.000       0.7859
 402.000       0.7355
 403.000       1.1167
 404.000       1.0219
 405.000       0.7389
 406.000       0.9060
 407.000       0.6480
 408.000       1.0339
 409.000       0.6256
 410.000       0.5908
 411.000       0.7467
 412.000       0.8009
 413.000       0.7152
 414.000       0.7831
 415.000       1.2051
 416.000       1.0074
 417.000       1.0597
 418.000       1.2612
 419.000       1.1143
 420.000       1.3333
 421.000       1.1038
 422.000       1.0744
 423.000       0.8000
 424.000       0.8776
 425.000       0.9507
 426.000       1.0646
 427.000       1.0780
 428.000       0.9732
 429.000       1.0761
 430.000       0.7978
 431.000       0.9010
 432.000       1.0808
 433.000       0.8089
 434.000       0.8155
 435.000       0.9405
 436.000       0.8603
 437.000       1.0015
 438.000       1.0257
 439.000       1.3015
 440.000       1.6830
 441.000       1.1232
 442.000       0.8135
 443.000       1.0576
 444.000       1.0484
 445.000       1.1399
 446.000       0.7036
 447.000       0.7721
 448.000       1.9823
 449.000       0.7693
 450.000       0.8696
 451.000       1.3289
 452.000       1.3761
 453.000       1.0543
 454.000       1.2388
 455.000       1.0632
 456.000       1.8414
 457.000       1.2074
 458.000       0.9924
 459.000       0.9954
 460.000       1.3483
 461.000       1.2289
 462.000       0.8470
 463.000       1.4486
 464.000       1.3059
 465.000       0.8066
 466.000       0.6619
 467.000       0.9320
 468.000       0.8876
 469.000       0.9645
 470.000       0.6770
 471.000       0.7971
 472.000       1.1872
 473.000       0.7340
 474.000       0.9566
 475.000       1.1237
 476.000       1.1317
 477.000       0.9837
 478.000       1.1985
 479.000       1.1113
 480.000       1.1531
 481.000       1.6301
 482.000       1.3240
 483.000       1.4514
 484.000       1.5607
 485.000       1.4815
 486.000       1.6526
 487.000       2.0821
 488.000       1.8905
 489.000       2.7449
 490.000       1.1959
 491.000       1.4983
 492.000       2.1720
 493.000       1.1796
 494.000       1.8373
 495.000       1.3520
 496.000       1.3943
 497.000       1.6320
 498.000       1.2030
 499.000       1.0202
 500.000       1.2842
 501.000       1.3614
 502.000       1.0798
 503.000       0.8611
 504.000       1.5625
 505.000       1.1610
 506.000       1.1863
 507.000       0.9610
 508.000       1.2259
 509.000       1.0768
 510.000       0.9591
 511.000       1.6908
 512.000       1.5030
 513.000       0.9988
 514.000       1.2274
 515.000       1.3465
 516.000       1.3083
 517.000       1.0745
 518.000       1.3535
 519.000       1.3384
 520.000       1.5692
 521.000       1.5036
 522.000       1.5195
 523.000       1.8589
 524.000       2.0233
 525.000       1.8270
 526.000       2.1565
 527.000       2.1649
 528.000       2.2958
 529.000       2.3028
 530.000       2.5564
 531.000       2.1077
 532.000       1.6492
 533.000       1.5950
 534.000       1.6611
 535.000       1.8193
 536.000       1.2019
 537.000       1.7494
 538.000       1.5815
 539.000       1.9358
 540.000       3.5502
 541.000       3.9014
 542.000       5.2711
 543.000       7.2779
 544.000       0.9602
 545.000       0.5454
 546.000       1.6773
 547.000      55.9101
 548.000      55.1896
 549.000      55.0244
 550.000      55.3028
 551.000      55.3300
 552.000      54.4358
 553.000      54.6065
 554.000      55.1241
 555.000      54.6613
 556.000      54.4849
 557.000      54.4952
 558.000      53.1578
 559.000      54.7567
 560.000      55.1512
 561.000      55.1638
 562.000      54.1389
 563.000      55.9245
 564.000      55.6873
 565.000      55.3113
 566.000      54.4753
 567.000      54.5380
 568.000      54.7498
 569.000      55.9369
 570.000      53.3910
 571.000      55.0932
 572.000      54.8974
 573.000      54.1202
 574.000      53.0042
 575.000      56.0253
 576.000      54.8479
 577.000      54.7031
 578.000      52.5177
 579.000      56.0253
 580.000      55.6486
 581.000      55.5385
 582.000      53.5423
 583.000      54.4149
 584.000      54.6561
 585.000      55.2536
 586.000      54.9662
 587.000      54.8647
 588.000      53.7146
 589.000      53.8198
 590.000      55.6134
 591.000      54.9431
 592.000      53.9984
 593.000      54.9456
 594.000      54.8630
 595.000      55.0768
 596.000      54.6623
 597.000       0.5238
 598.000      54.6204
 599.000      54.0555
 600.000      55.0186
 601.000      55.1995
 602.000      55.2896
 603.000      55.3868
 604.000      54.6666
 605.000      54.3223
 606.000      55.1414
 607.000      55.1215
 608.000      53.7722
 609.000      55.4891
 610.000      53.8574
 611.000      54.5831
 612.000      55.0706
 613.000      55.5018
 614.000      54.3781
 615.000      54.5363
 616.000      54.1146
 617.000      54.5059
 618.000      55.1818
 619.000      54.6593
 620.000      54.7438
 621.000      55.1503
 622.000      53.7193
 623.000      55.1085
 624.000      55.0039
 625.000      54.6551
 626.000      55.0986
 627.000      54.4990
 628.000      51.0569
 629.000      55.2086
 630.000      55.0989
 631.000      54.5147
 632.000      54.4841
 633.000      55.0869
 634.000      54.8366
 635.000      54.9362
 636.000      55.7487
 637.000      55.5227
 638.000      54.8124
 639.000      54.1998
 640.000      53.3043
 641.000      54.9626
 642.000      54.9010
 643.000      54.6896
 644.000      54.0493
 645.000      54.8975
 646.000      54.1626
 647.000      54.0378
 648.000      54.9256
 649.000      54.4939
 650.000      55.4530
 651.000      55.5601
 652.000      54.5364
 653.000      55.0659
