#Res        AtomicFlx
   1.000       7.0088
   2.000       3.9842
   3.000       3.4940
   4.000       1.7662
   5.000       1.7378
   6.000       1.5148
   7.000       1.0849
   8.000       1.5860
   9.000       1.5834
  10.000       1.3610
  11.000       1.2974
  12.000       1.1403
  13.000       0.8364
  14.000       1.1042
  15.000       1.0426
  16.000       0.7773
  17.000       0.8148
  18.000       0.9204
  19.000       0.5864
  20.000       0.5260
  21.000       0.6091
  22.000       0.7361
  23.000       0.9367
  24.000       1.0115
  25.000       0.6621
  26.000       0.5338
  27.000       0.9558
  28.000       0.7501
  29.000       0.6106
  30.000       0.5621
  31.000       0.5939
  32.000       0.7474
  33.000       0.7855
  34.000       0.8206
  35.000       1.4706
  36.000       1.0799
  37.000       0.8006
  38.000       1.2102
  39.000       1.0656
  40.000       0.8450
  41.000       0.8272
  42.000       0.6923
  43.000       1.0789
  44.000       1.2320
  45.000       0.6614
  46.000       0.5724
  47.000       0.8453
  48.000       0.9327
  49.000       0.7217
  50.000       0.6782
  51.000       1.1016
  52.000       1.2026
  53.000       0.6903
  54.000       0.5982
  55.000       0.7217
  56.000       0.5831
  57.000       0.8771
  58.000       0.6189
  59.000       0.5446
  60.000       0.9703
  61.000       0.7293
  62.000       0.8906
  63.000       0.6496
  64.000       0.9130
  65.000       0.5532
  66.000       0.9537
  67.000       1.6335
  68.000       1.2689
  69.000       0.9726
  70.000       0.8595
  71.000       0.6696
  72.000       0.9231
  73.000       0.9137
  74.000       0.8570
  75.000       1.0970
  76.000       0.7868
  77.000       1.7199
  78.000       1.5495
  79.000       1.2217
  80.000       1.0792
  81.000       1.1345
  82.000       1.4774
  83.000       1.3064
  84.000       1.0315
  85.000       0.6176
  86.000       0.7968
  87.000       0.5352
  88.000       0.9321
  89.000       0.6248
  90.000       0.8768
  91.000       0.6568
  92.000       0.8457
  93.000       0.7814
  94.000       0.6190
  95.000       0.9783
  96.000       0.6879
  97.000       0.9337
  98.000       0.6407
  99.000       0.7048
 100.000       0.9944
 101.000       1.1381
 102.000       0.7313
 103.000       0.6423
 104.000       0.8787
 105.000       0.7033
 106.000       0.5776
 107.000       0.6097
 108.000       0.5730
 109.000       0.6478
 110.000       0.9115
 111.000       0.6783
 112.000       0.6938
 113.000       1.1900
 114.000       0.6721
 115.000       0.8183
 116.000       1.4817
 117.000       1.5172
 118.000       2.0315
 119.000       2.0339
 120.000       1.0088
 121.000       0.9681
 122.000       0.9582
 123.000       1.6463
 124.000       1.6022
 125.000       1.4108
 126.000       2.2375
 127.000       1.5490
 128.000       1.6561
 129.000       1.3666
 130.000       1.2193
 131.000       2.0004
 132.000       2.1301
 133.000       3.2749
 134.000       2.2094
 135.000       2.1424
 136.000       2.4832
 137.000       1.9353
 138.000       2.3197
 139.000       3.2113
 140.000       5.6999
 141.000       6.1054
 142.000       6.3310
 143.000       5.3618
 144.000       4.9145
 145.000       4.5802
 146.000       3.7230
 147.000       4.7468
 148.000       4.1606
 149.000       2.1000
 150.000       1.3586
 151.000       0.8648
 152.000       0.8149
 153.000       0.7140
 154.000       1.0370
 155.000       1.0130
 156.000       0.7305
 157.000       0.6514
 158.000       0.9187
 159.000       1.6665
 160.000       1.0032
 161.000       0.8949
 162.000       0.9661
 163.000       1.1475
 164.000       1.4178
 165.000       2.0596
 166.000       1.8042
 167.000       1.1322
 168.000       2.4488
 169.000       1.3023
 170.000       1.4033
 171.000       1.9739
 172.000       1.9753
 173.000       1.4565
 174.000       1.0489
 175.000       0.9619
 176.000       1.3999
 177.000       1.1297
 178.000       1.9739
 179.000       1.4882
 180.000       0.8532
 181.000       0.7957
 182.000       1.1263
 183.000       0.5900
 184.000       0.8020
 185.000       1.1789
 186.000       1.1281
 187.000       0.8350
 188.000       0.7652
 189.000       0.7839
 190.000       0.8376
 191.000       0.7841
 192.000       1.0367
 193.000       1.4060
 194.000       0.8133
 195.000       0.9049
 196.000       1.0395
 197.000       1.1692
 198.000       0.8366
 199.000       1.2851
 200.000       1.5249
 201.000       0.8909
 202.000       0.9988
 203.000       1.0991
 204.000       1.8293
 205.000       1.0954
 206.000       1.2613
 207.000       1.3439
 208.000       0.9621
 209.000       1.0260
 210.000       1.4415
 211.000       1.2440
 212.000       1.1719
 213.000       0.8773
 214.000       1.0993
 215.000       0.9562
 216.000       0.8021
 217.000       1.0319
 218.000       0.7350
 219.000       0.7510
 220.000       0.8082
 221.000       0.8903
 222.000       0.8094
 223.000       0.6892
 224.000       0.6608
 225.000       0.7957
 226.000       0.7818
 227.000       0.9083
 228.000       0.9029
 229.000       0.8089
 230.000       0.7750
 231.000       1.9005
 232.000       1.5313
 233.000       0.7287
 234.000       0.8814
 235.000       1.3069
 236.000       1.2398
 237.000       0.7456
 238.000       1.0372
 239.000       1.7751
 240.000       1.4581
 241.000       1.4403
 242.000       1.6740
 243.000       1.8658
 244.000       1.3040
 245.000       1.3613
 246.000       1.3901
 247.000       1.4185
 248.000       1.1893
 249.000       0.8309
 250.000       0.9474
 251.000       0.7766
 252.000       0.9504
 253.000       0.8313
 254.000       0.6408
 255.000       0.6469
 256.000       0.6322
 257.000       0.5428
 258.000       0.6565
 259.000       0.6424
 260.000       0.8385
 261.000       0.5281
 262.000       0.6690
 263.000       0.5260
 264.000       0.5433
 265.000       0.5448
 266.000       0.6513
 267.000       0.7065
 268.000       0.9229
 269.000       0.8676
 270.000       1.0711
 271.000       0.7624
 272.000       1.0826
 273.000       0.8597
 274.000       1.0787
 275.000       1.1331
 276.000       0.8092
 277.000       1.4072
 278.000       1.6409
 279.000       1.3533
 280.000       0.9711
 281.000       0.9843
 282.000       0.8908
 283.000       0.6980
 284.000       1.3978
 285.000       0.8684
 286.000       0.6622
 287.000       0.8701
 288.000       0.9340
 289.000       0.8680
 290.000       0.6114
 291.000       1.0177
 292.000       0.7486
 293.000       0.5050
 294.000       0.5574
 295.000       1.2365
 296.000       0.6045
 297.000       0.5037
 298.000       1.2974
 299.000       0.7160
 300.000       0.6395
 301.000       0.5630
 302.000       1.2318
 303.000       0.6699
 304.000       0.6877
 305.000       1.0106
 306.000       0.6621
 307.000       0.8789
 308.000       1.0513
 309.000       0.7551
 310.000       0.8357
 311.000       0.9979
 312.000       0.8746
 313.000       1.1962
 314.000       1.5068
 315.000       1.5541
 316.000       1.4295
 317.000       1.2982
 318.000       1.2792
 319.000       1.0898
 320.000       1.1610
 321.000       1.4613
 322.000       1.0878
 323.000       1.1091
 324.000       1.6503
 325.000       1.0012
 326.000       0.7966
 327.000       0.7087
 328.000       0.7935
 329.000       0.7896
 330.000       0.8504
 331.000       0.8090
 332.000       0.5746
 333.000       0.6644
 334.000       0.9218
 335.000       0.8040
 336.000       0.6206
 337.000       0.8172
 338.000       0.6840
 339.000       0.9674
 340.000       0.8544
 341.000       1.0246
 342.000       1.0693
 343.000       0.9400
 344.000       0.8236
 345.000       0.6871
 346.000       0.8988
 347.000       1.0772
 348.000       0.9601
 349.000       0.6141
 350.000       0.7263
 351.000       0.6896
 352.000       0.6842
 353.000       0.6348
 354.000       0.8629
 355.000       0.8473
 356.000       0.9894
 357.000       0.8358
 358.000       0.8768
 359.000       1.0195
 360.000       0.6843
 361.000       1.0960
 362.000       0.6546
 363.000       0.7723
 364.000       0.9064
 365.000       1.0464
 366.000       0.6837
 367.000       0.6115
 368.000       0.8296
 369.000       0.8030
 370.000       0.5621
 371.000       0.7556
 372.000       0.8051
 373.000       0.7290
 374.000       0.8459
 375.000       0.9272
 376.000       0.9786
 377.000       0.8802
 378.000       1.6619
 379.000       1.7199
 380.000       2.3364
 381.000       3.2294
 382.000       3.5387
 383.000       4.0100
 384.000       2.7506
 385.000       3.9921
 386.000       2.2473
 387.000       1.3267
 388.000       1.4558
 389.000       2.4223
 390.000       1.6744
 391.000       0.9834
 392.000       1.0817
 393.000       0.9116
 394.000       1.0168
 395.000       1.0578
 396.000       1.0159
 397.000       0.8681
 398.000       0.9603
 399.000       1.1075
 400.000       1.6272
 401.000       0.8443
 402.000       0.8653
 403.000       1.1368
 404.000       0.9741
 405.000       0.7859
 406.000       0.9879
 407.000       0.8385
 408.000       1.2071
 409.000       0.8657
 410.000       0.7914
 411.000       0.8572
 412.000       0.9383
 413.000       0.8704
 414.000       0.9955
 415.000       1.0892
 416.000       1.0012
 417.000       1.0794
 418.000       0.9810
 419.000       1.0495
 420.000       1.1071
 421.000       1.1693
 422.000       1.0533
 423.000       0.8516
 424.000       0.8992
 425.000       0.8041
 426.000       1.0237
 427.000       0.9801
 428.000       0.8123
 429.000       0.8016
 430.000       0.7578
 431.000       0.8541
 432.000       1.0215
 433.000       1.0015
 434.000       0.8542
 435.000       0.9601
 436.000       0.9833
 437.000       1.0742
 438.000       0.9713
 439.000       1.4338
 440.000       1.8348
 441.000       1.6850
 442.000       0.9547
 443.000       1.0452
 444.000       1.1316
 445.000       1.3686
 446.000       1.2016
 447.000       0.9066
 448.000       2.1946
 449.000       1.4219
 450.000       1.2532
 451.000       1.6205
 452.000       2.0144
 453.000       2.5059
 454.000       2.0646
 455.000       1.4562
 456.000       1.8378
 457.000       1.2274
 458.000       0.9490
 459.000       0.9576
 460.000       1.1704
 461.000       1.0501
 462.000       0.7646
 463.000       1.3926
 464.000       1.2089
 465.000       0.7624
 466.000       0.7029
 467.000       0.9753
 468.000       0.8289
 469.000       0.9293
 470.000       0.8133
 471.000       0.7863
 472.000       1.1787
 473.000       0.6661
 474.000       0.7574
 475.000       0.9562
 476.000       1.1946
 477.000       0.8147
 478.000       1.1355
 479.000       1.0171
 480.000       0.9513
 481.000       2.0196
 482.000       1.6280
 483.000       1.7240
 484.000       1.4768
 485.000       1.6792
 486.000       2.2284
 487.000       2.3150
 488.000       1.4857
 489.000       2.6054
 490.000       1.4323
 491.000       1.2613
 492.000       1.9698
 493.000       1.1725
 494.000       1.8615
 495.000       0.9769
 496.000       1.2800
 497.000       1.9787
 498.000       1.8003
 499.000       1.0397
 500.000       1.2550
 501.000       1.3672
 502.000       1.1642
 503.000       0.9418
 504.000       1.6801
 505.000       0.9984
 506.000       1.2237
 507.000       1.2257
 508.000       1.3596
 509.000       1.1558
 510.000       1.1796
 511.000       1.8476
 512.000       1.3924
 513.000       0.9855
 514.000       1.1352
 515.000       1.1110
 516.000       1.2088
 517.000       1.1684
 518.000       1.2973
 519.000       1.3199
 520.000       1.5198
 521.000       1.4885
 522.000       1.8150
 523.000       1.8177
 524.000       1.8053
 525.000       1.8607
 526.000       2.4023
 527.000       2.5048
 528.000       2.7389
 529.000       3.0101
 530.000       2.9482
 531.000       2.6073
 532.000       1.9678
 533.000       2.0930
 534.000       2.3112
 535.000       2.3502
 536.000       1.5531
 537.000       2.0432
 538.000       1.9892
 539.000       1.9979
 540.000       2.4239
 541.000       4.0046
 542.000       5.6502
 543.000       9.1303
 544.000       0.9945
 545.000       0.5209
 546.000       0.5547
 547.000      53.9690
 548.000      54.5662
 549.000      54.2995
 550.000      54.9397
 551.000      55.1732
 552.000      54.1129
 553.000      54.8887
 554.000      53.4417
 555.000      55.6749
 556.000      54.8673
 557.000      53.9128
 558.000      53.5400
 559.000      56.0019
 560.000      54.7776
 561.000      54.6596
 562.000      54.2248
 563.000      55.3474
 564.000      54.6190
 565.000      55.8799
 566.000      54.6330
 567.000      54.6633
 568.000      54.7008
 569.000      54.7875
 570.000      54.7975
 571.000      54.4838
 572.000      55.0473
 573.000      55.8820
 574.000      55.6685
 575.000      56.4635
 576.000      54.8305
 577.000      55.0634
 578.000      54.8410
 579.000      55.4127
 580.000      51.3431
 581.000      54.6460
 582.000      54.8411
 583.000      56.8817
 584.000      55.3619
 585.000      53.7535
 586.000      53.8467
 587.000      55.5170
 588.000      54.1948
 589.000      54.3951
 590.000      54.2878
 591.000      55.4054
 592.000      55.6260
 593.000      56.0820
 594.000      54.9778
 595.000      54.5667
 596.000      54.1390
 597.000       0.5291
 598.000      54.9669
 599.000      54.7556
 600.000      54.4874
 601.000      54.6510
 602.000      53.9367
 603.000      55.1274
 604.000      54.8744
 605.000      55.1027
 606.000      55.3989
 607.000      54.1217
 608.000      55.0635
 609.000      54.3690
 610.000      54.4351
 611.000      54.8230
 612.000      55.6632
 613.000      54.7740
 614.000      55.4155
 615.000      53.6225
 616.000      54.7363
 617.000      54.7773
 618.000      54.5167
 619.000      54.7492
 620.000      53.8157
 621.000      54.4176
 622.000      54.2800
 623.000      54.9391
 624.000      54.8681
 625.000      54.6374
 626.000      55.3240
 627.000      54.5106
 628.000      54.5217
 629.000      53.8885
 630.000      55.0804
 631.000      54.1135
 632.000      56.0044
 633.000      54.0659
 634.000      55.3482
 635.000      55.3472
 636.000      54.2135
 637.000      54.6879
 638.000      54.7952
 639.000      55.4693
 640.000      54.3528
 641.000      54.8617
 642.000      54.7003
 643.000      54.7812
 644.000      55.2072
 645.000      54.1525
 646.000      55.0941
 647.000      55.2603
 648.000      54.4741
 649.000      55.0080
 650.000      53.8165
 651.000      54.7439
 652.000      54.7470
 653.000      54.8656
