#Res        AtomicFlx
   1.000       9.0671
   2.000       5.7459
   3.000       4.6385
   4.000       3.7285
   5.000       3.1315
   6.000       2.5340
   7.000       1.5213
   8.000       1.9477
   9.000       1.8908
  10.000       1.6324
  11.000       1.4404
  12.000       1.0867
  13.000       0.7680
  14.000       0.9290
  15.000       1.2280
  16.000       0.7394
  17.000       0.9418
  18.000       0.6741
  19.000       0.5570
  20.000       0.5156
  21.000       0.5894
  22.000       0.6769
  23.000       0.7142
  24.000       1.1109
  25.000       0.6567
  26.000       0.5837
  27.000       1.0935
  28.000       1.4587
  29.000       0.9049
  30.000       0.6055
  31.000       0.6970
  32.000       0.7891
  33.000       0.9554
  34.000       0.6554
  35.000       0.9096
  36.000       1.0534
  37.000       0.7881
  38.000       0.8418
  39.000       0.7297
  40.000       0.7949
  41.000       0.8826
  42.000       0.6613
  43.000       0.8437
  44.000       1.3199
  45.000       0.6789
  46.000       0.5649
  47.000       0.8239
  48.000       0.9121
  49.000       0.7280
  50.000       0.6974
  51.000       1.2118
  52.000       1.1383
  53.000       0.6902
  54.000       0.6572
  55.000       0.8156
  56.000       0.6160
  57.000       0.9184
  58.000       0.7866
  59.000       0.6230
  60.000       0.9425
  61.000       0.8294
  62.000       0.8395
  63.000       0.6308
  64.000       0.8424
  65.000       0.5779
  66.000       0.8989
  67.000       0.8725
  68.000       0.9541
  69.000       1.0112
  70.000       0.6341
  71.000       0.5159
  72.000       0.5857
  73.000       0.7113
  74.000       0.9026
  75.000       0.7966
  76.000       0.7517
  77.000       1.6500
  78.000       1.8830
  79.000       1.2345
  80.000       1.1347
  81.000       0.9010
  82.000       1.2471
  83.000       1.1754
  84.000       0.7762
  85.000       0.5644
  86.000       0.7410
  87.000       0.6210
  88.000       1.0112
  89.000       0.6595
  90.000       0.7618
  91.000       0.7165
  92.000       0.8395
  93.000       0.8314
  94.000       0.7684
  95.000       1.1203
  96.000       0.7816
  97.000       1.0643
  98.000       0.8592
  99.000       0.9538
 100.000       1.1749
 101.000       1.3831
 102.000       0.9180
 103.000       0.9409
 104.000       1.0189
 105.000       0.9278
 106.000       0.7179
 107.000       1.4620
 108.000       0.6621
 109.000       0.7189
 110.000       0.9857
 111.000       0.5823
 112.000       0.7423
 113.000       1.0433
 114.000       0.6452
 115.000       0.7031
 116.000       1.4727
 117.000       1.1695
 118.000       1.6413
 119.000       1.9008
 120.000       0.9686
 121.000       0.8840
 122.000       0.9918
 123.000       1.4270
 124.000       1.5293
 125.000       1.6731
 126.000       2.2439
 127.000       1.5008
 128.000       1.8272
 129.000       1.5369
 130.000       1.2125
 131.000       1.6645
 132.000       1.8828
 133.000       3.3539
 134.000       2.6972
 135.000       2.3270
 136.000       3.1281
 137.000       2.7917
 138.000       4.0020
 139.000       4.3385
 140.000       5.6798
 141.000       6.2577
 142.000       5.6096
 143.000       5.4359
 144.000       5.0800
 145.000       5.7892
 146.000       4.5967
 147.000       5.2922
 148.000       4.7404
 149.000       2.6113
 150.000       1.9152
 151.000       1.1553
 152.000       0.9585
 153.000       0.7818
 154.000       1.1747
 155.000       1.1019
 156.000       0.6896
 157.000       1.0239
 158.000       0.8678
 159.000       2.2903
 160.000       1.4908
 161.000       1.4131
 162.000       1.5477
 163.000       1.5392
 164.000       1.4578
 165.000       2.1970
 166.000       1.9555
 167.000       1.5387
 168.000       2.2134
 169.000       1.3750
 170.000       1.4993
 171.000       2.1282
 172.000       1.6021
 173.000       1.5961
 174.000       1.2962
 175.000       1.2541
 176.000       1.5545
 177.000       1.3969
 178.000       1.4639
 179.000       1.5471
 180.000       1.1023
 181.000       0.8477
 182.000       1.1374
 183.000       0.6685
 184.000       0.8909
 185.000       1.3712
 186.000       1.1756
 187.000       0.9591
 188.000       0.8074
 189.000       0.8218
 190.000       1.0002
 191.000       0.8746
 192.000       0.8468
 193.000       1.2233
 194.000       0.9874
 195.000       1.3468
 196.000       1.2975
 197.000       1.5659
 198.000       1.3765
 199.000       2.1655
 200.000       2.3607
 201.000       1.4481
 202.000       1.4505
 203.000       1.7382
 204.000       2.3135
 205.000       1.2724
 206.000       1.5080
 207.000       2.0009
 208.000       1.3938
 209.000       0.9310
 210.000       1.2183
 211.000       1.3390
 212.000       1.9700
 213.000       0.9709
 214.000       1.1848
 215.000       0.9574
 216.000       0.8488
 217.000       1.0520
 218.000       0.8148
 219.000       0.7808
 220.000       0.7947
 221.000       0.9457
 222.000       0.9435
 223.000       0.7861
 224.000       0.7565
 225.000       0.9122
 226.000       0.8698
 227.000       0.9640
 228.000       0.9158
 229.000       0.7708
 230.000       0.7816
 231.000       2.1140
 232.000       1.6777
 233.000       0.6640
 234.000       0.8362
 235.000       1.1481
 236.000       0.8823
 237.000       0.6789
 238.000       0.9937
 239.000       1.5632
 240.000       1.1664
 241.000       1.4033
 242.000       1.5077
 243.000       1.6995
 244.000       1.3692
 245.000       1.4276
 246.000       1.5402
 247.000       1.4193
 248.000       1.1938
 249.000       0.8330
 250.000       1.0299
 251.000       0.7641
 252.000       0.9547
 253.000       0.7796
 254.000       0.6262
 255.000       0.6234
 256.000       0.6297
 257.000       0.5535
 258.000       0.6163
 259.000       0.6527
 260.000       0.8921
 261.000       0.4968
 262.000       0.7576
 263.000       0.5348
 264.000       0.6303
 265.000       0.6136
 266.000       0.8383
 267.000       0.6499
 268.000       0.6459
 269.000       0.7261
 270.000       0.6846
 271.000       0.6568
 272.000       0.9712
 273.000       0.6987
 274.000       0.9013
 275.000       1.4966
 276.000       0.8274
 277.000       1.5550
 278.000       1.5077
 279.000       1.6536
 280.000       1.1738
 281.000       1.2199
 282.000       1.0476
 283.000       0.9775
 284.000       1.3064
 285.000       0.8523
 286.000       0.6733
 287.000       0.9342
 288.000       0.8031
 289.000       0.5985
 290.000       0.6729
 291.000       0.8532
 292.000       0.6902
 293.000       0.5487
 294.000       0.5732
 295.000       1.1695
 296.000       0.6239
 297.000       0.5361
 298.000       0.9910
 299.000       0.7868
 300.000       0.6709
 301.000       0.6333
 302.000       1.3273
 303.000       0.7535
 304.000       0.7465
 305.000       1.0102
 306.000       0.6499
 307.000       0.8043
 308.000       1.0429
 309.000       0.6748
 310.000       0.7964
 311.000       1.1557
 312.000       0.9428
 313.000       1.3697
 314.000       1.5830
 315.000       1.3932
 316.000       1.6188
 317.000       1.5499
 318.000       1.3075
 319.000       1.0114
 320.000       1.0840
 321.000       1.3636
 322.000       1.1659
 323.000       1.1492
 324.000       2.3990
 325.000       1.5915
 326.000       2.0093
 327.000       1.7153
 328.000       1.9552
 329.000       1.3805
 330.000       1.1390
 331.000       1.3058
 332.000       1.0678
 333.000       0.9146
 334.000       0.8858
 335.000       1.0569
 336.000       0.7467
 337.000       0.9880
 338.000       0.8521
 339.000       1.0926
 340.000       0.8901
 341.000       1.3106
 342.000       1.0753
 343.000       1.0442
 344.000       0.9007
 345.000       0.7737
 346.000       0.9525
 347.000       1.0788
 348.000       0.9928
 349.000       0.6681
 350.000       0.7484
 351.000       0.7023
 352.000       0.8695
 353.000       0.6534
 354.000       0.7967
 355.000       0.8179
 356.000       1.0331
 357.000       0.9392
 358.000       0.8437
 359.000       0.8689
 360.000       0.6484
 361.000       1.0937
 362.000       0.7264
 363.000       0.6466
 364.000       0.5870
 365.000       1.1318
 366.000       0.7427
 367.000       0.6591
 368.000       1.0875
 369.000       1.1084
 370.000       0.7319
 371.000       1.0739
 372.000       0.8774
 373.000       0.8272
 374.000       0.6781
 375.000       0.7910
 376.000       1.1274
 377.000       1.0456
 378.000       1.0134
 379.000       1.3477
 380.000       1.4034
 381.000       2.2035
 382.000       1.6733
 383.000       1.5710
 384.000       2.0901
 385.000       2.5939
 386.000       3.0330
 387.000       1.5715
 388.000       1.1003
 389.000       1.6814
 390.000       1.1078
 391.000       0.9086
 392.000       0.9702
 393.000       0.9372
 394.000       0.9608
 395.000       0.9933
 396.000       1.1535
 397.000       1.0722
 398.000       1.1230
 399.000       1.2781
 400.000       1.8045
 401.000       1.0744
 402.000       1.1128
 403.000       1.5056
 404.000       1.2389
 405.000       1.0664
 406.000       1.3853
 407.000       1.2769
 408.000       1.3714
 409.000       1.1447
 410.000       1.0231
 411.000       1.1193
 412.000       1.1354
 413.000       1.0063
 414.000       1.0658
 415.000       1.2627
 416.000       1.2628
 417.000       1.2560
 418.000       1.2852
 419.000       1.3864
 420.000       1.2689
 421.000       1.0296
 422.000       1.1239
 423.000       0.8945
 424.000       1.0269
 425.000       0.8355
 426.000       0.7367
 427.000       0.8387
 428.000       0.8682
 429.000       0.7935
 430.000       0.6207
 431.000       0.7512
 432.000       0.9855
 433.000       0.7365
 434.000       0.6649
 435.000       0.8058
 436.000       0.7019
 437.000       0.8347
 438.000       0.7967
 439.000       1.0797
 440.000       1.2776
 441.000       1.0163
 442.000       0.6799
 443.000       0.8004
 444.000       0.9327
 445.000       1.0654
 446.000       0.7927
 447.000       0.7293
 448.000       1.7837
 449.000       0.8317
 450.000       0.9740
 451.000       1.3539
 452.000       1.5578
 453.000       1.5091
 454.000       1.5764
 455.000       1.0749
 456.000       1.7261
 457.000       1.1407
 458.000       0.9188
 459.000       0.8128
 460.000       1.6026
 461.000       1.1120
 462.000       0.7610
 463.000       1.2757
 464.000       1.2799
 465.000       0.7255
 466.000       0.6509
 467.000       0.8485
 468.000       0.7669
 469.000       0.8887
 470.000       0.8536
 471.000       0.7601
 472.000       1.1467
 473.000       0.6756
 474.000       0.7104
 475.000       0.8736
 476.000       1.1320
 477.000       0.8779
 478.000       1.0117
 479.000       0.9851
 480.000       1.0733
 481.000       2.2415
 482.000       1.3750
 483.000       1.5740
 484.000       1.5647
 485.000       2.0253
 486.000       2.2301
 487.000       2.3409
 488.000       1.7010
 489.000       2.9059
 490.000       1.6909
 491.000       2.1471
 492.000       2.6225
 493.000       1.5862
 494.000       2.0861
 495.000       1.5568
 496.000       1.5000
 497.000       2.3910
 498.000       1.4186
 499.000       1.2585
 500.000       1.4579
 501.000       1.4122
 502.000       1.2313
 503.000       0.9374
 504.000       1.5854
 505.000       1.0256
 506.000       1.3085
 507.000       0.8623
 508.000       1.0377
 509.000       0.8410
 510.000       0.7967
 511.000       1.2251
 512.000       1.2749
 513.000       0.8816
 514.000       0.8094
 515.000       0.7770
 516.000       0.8305
 517.000       0.7322
 518.000       0.9459
 519.000       1.0517
 520.000       1.1182
 521.000       1.2392
 522.000       1.5898
 523.000       1.8153
 524.000       1.7456
 525.000       1.7145
 526.000       2.1312
 527.000       2.2686
 528.000       2.4139
 529.000       2.3972
 530.000       2.8711
 531.000       2.4436
 532.000       1.9361
 533.000       1.8624
 534.000       2.0722
 535.000       2.2788
 536.000       1.5207
 537.000       1.8243
 538.000       1.6954
 539.000       1.4206
 540.000       1.9999
 541.000       3.1083
 542.000       4.7327
 543.000       8.7235
 544.000       0.8473
 545.000       0.4717
 546.000       0.7886
 547.000      54.2765
 548.000      55.8178
 549.000      54.1573
 550.000      53.9163
 551.000      54.7670
 552.000      55.2982
 553.000      54.3028
 554.000      54.2348
 555.000      52.0291
 556.000      54.9544
 557.000      53.8424
 558.000      55.3194
 559.000      54.0581
 560.000      54.8196
 561.000      54.8034
 562.000      53.3504
 563.000      54.2646
 564.000      54.7014
 565.000      55.2987
 566.000      54.4181
 567.000      54.9463
 568.000      54.8559
 569.000      54.3783
 570.000      55.6577
 571.000      56.4263
 572.000      55.0996
 573.000      53.9247
 574.000      54.7692
 575.000      54.6021
 576.000      54.8040
 577.000      55.7314
 578.000      55.6372
 579.000      54.8477
 580.000      54.4312
 581.000      51.9905
 582.000      55.0321
 583.000      54.0299
 584.000      53.9424
 585.000      53.7811
 586.000      53.1307
 587.000      55.4403
 588.000      54.0936
 589.000      54.6382
 590.000      55.3123
 591.000      54.8511
 592.000      54.8235
 593.000      53.4536
 594.000      55.0063
 595.000      53.3774
 596.000      56.0801
 597.000       0.5442
 598.000      55.0245
 599.000      54.9967
 600.000      54.5502
 601.000      54.6158
 602.000      54.9069
 603.000      54.6228
 604.000      55.1793
 605.000      54.5741
 606.000      54.4365
 607.000      54.9290
 608.000      54.6506
 609.000      54.5087
 610.000      54.2971
 611.000      55.0307
 612.000      55.9121
 613.000      54.5364
 614.000      54.9101
 615.000      55.2098
 616.000      53.9887
 617.000      54.8926
 618.000      53.7000
 619.000      54.7532
 620.000      55.9188
 621.000      54.7013
 622.000      55.1191
 623.000      54.8260
 624.000      54.9994
 625.000      55.2122
 626.000      55.0881
 627.000      55.1038
 628.000      55.2433
 629.000      54.5317
 630.000      54.6338
 631.000      54.2100
 632.000      54.1846
 633.000      55.5132
 634.000      54.5238
 635.000      53.6426
 636.000      55.5306
 637.000      54.3900
 638.000      54.3768
 639.000      54.9293
 640.000      55.0902
 641.000      54.3466
 642.000      54.8051
 643.000      54.5251
 644.000      54.4198
 645.000      54.3182
 646.000      54.1455
 647.000      54.8735
 648.000      55.2654
 649.000      55.1865
 650.000      55.3190
 651.000      54.6475
 652.000      54.9596
 653.000      54.5499
