#Res        AtomicFlx
   1.000       5.5842
   2.000       3.3935
   3.000       3.3892
   4.000       2.3555
   5.000       2.1101
   6.000       1.5390
   7.000       1.2607
   8.000       1.9769
   9.000       1.8649
  10.000       1.5803
  11.000       1.2705
  12.000       1.0442
  13.000       0.7799
  14.000       1.0323
  15.000       1.2277
  16.000       0.7097
  17.000       0.9144
  18.000       0.6744
  19.000       0.5304
  20.000       0.5117
  21.000       0.5763
  22.000       0.7435
  23.000       0.7338
  24.000       0.9850
  25.000       0.5967
  26.000       0.5533
  27.000       1.0673
  28.000       0.8391
  29.000       0.8063
  30.000       0.5928
  31.000       0.6752
  32.000       0.7309
  33.000       0.9604
  34.000       0.6901
  35.000       0.8521
  36.000       1.0264
  37.000       0.8075
  38.000       0.8895
  39.000       0.7921
  40.000       0.8160
  41.000       0.8606
  42.000       0.6863
  43.000       0.8614
  44.000       1.3314
  45.000       0.7403
  46.000       0.6301
  47.000       0.8728
  48.000       1.0052
  49.000       0.7890
  50.000       0.7572
  51.000       1.1909
  52.000       1.2700
  53.000       0.7587
  54.000       0.7350
  55.000       0.8461
  56.000       0.6612
  57.000       0.9945
  58.000       0.8883
  59.000       0.6634
  60.000       0.8679
  61.000       0.6943
  62.000       0.8063
  63.000       0.6429
  64.000       0.7392
  65.000       0.5343
  66.000       1.0082
  67.000       0.9118
  68.000       0.7104
  69.000       0.7162
  70.000       0.8929
  71.000       0.6395
  72.000       0.6835
  73.000       0.7965
  74.000       0.8503
  75.000       0.9243
  76.000       0.7933
  77.000       1.7957
  78.000       1.7788
  79.000       1.2237
  80.000       1.0884
  81.000       1.0663
  82.000       1.3765
  83.000       1.1207
  84.000       1.0778
  85.000       0.6207
  86.000       0.8632
  87.000       0.6741
  88.000       1.0086
  89.000       0.7257
  90.000       0.8078
  91.000       0.7964
  92.000       0.9123
  93.000       0.8341
  94.000       0.7372
  95.000       1.2837
  96.000       1.0078
  97.000       1.0390
  98.000       0.7554
  99.000       0.7741
 100.000       1.2712
 101.000       1.2671
 102.000       0.8425
 103.000       0.7825
 104.000       1.0639
 105.000       0.7082
 106.000       0.6245
 107.000       0.6962
 108.000       0.6105
 109.000       0.6981
 110.000       0.8818
 111.000       0.5824
 112.000       0.7493
 113.000       0.9109
 114.000       0.7059
 115.000       0.7459
 116.000       1.4579
 117.000       1.1906
 118.000       1.4727
 119.000       1.7034
 120.000       0.8775
 121.000       0.8285
 122.000       0.8152
 123.000       1.1721
 124.000       1.2313
 125.000       1.1317
 126.000       1.9944
 127.000       1.3876
 128.000       1.7168
 129.000       1.3679
 130.000       1.3375
 131.000       2.3564
 132.000       2.0110
 133.000       2.0302
 134.000       1.1385
 135.000       1.3741
 136.000       1.6447
 137.000       2.9354
 138.000       3.7762
 139.000       3.9855
 140.000       4.3187
 141.000       5.5771
 142.000       6.4112
 143.000       5.1130
 144.000       5.9444
 145.000       6.3448
 146.000       4.5646
 147.000       5.2236
 148.000       4.2656
 149.000       1.8966
 150.000       1.3964
 151.000       1.0122
 152.000       0.8113
 153.000       0.7678
 154.000       1.1478
 155.000       0.9653
 156.000       0.7109
 157.000       1.0872
 158.000       1.0032
 159.000       1.6995
 160.000       1.5410
 161.000       1.5286
 162.000       1.7064
 163.000       1.3587
 164.000       1.8981
 165.000       2.4034
 166.000       1.7915
 167.000       1.0774
 168.000       2.2695
 169.000       1.1315
 170.000       1.2700
 171.000       1.8131
 172.000       1.9400
 173.000       1.5663
 174.000       1.1909
 175.000       0.9902
 176.000       1.3753
 177.000       1.0388
 178.000       2.0740
 179.000       1.8899
 180.000       0.9041
 181.000       1.2172
 182.000       1.4500
 183.000       0.6773
 184.000       0.9334
 185.000       1.3418
 186.000       1.1382
 187.000       0.8765
 188.000       0.8109
 189.000       0.8009
 190.000       0.8679
 191.000       0.8194
 192.000       1.0539
 193.000       1.3185
 194.000       0.8319
 195.000       1.0214
 196.000       1.8104
 197.000       1.6945
 198.000       1.1194
 199.000       1.7369
 200.000       1.9550
 201.000       1.2000
 202.000       1.1623
 203.000       1.3240
 204.000       1.9971
 205.000       1.1782
 206.000       1.0697
 207.000       1.9316
 208.000       1.2662
 209.000       1.0146
 210.000       1.2589
 211.000       1.2051
 212.000       1.6545
 213.000       0.8175
 214.000       1.0591
 215.000       0.9920
 216.000       0.8643
 217.000       1.0164
 218.000       0.8751
 219.000       0.8752
 220.000       0.8330
 221.000       1.0384
 222.000       1.0434
 223.000       0.8572
 224.000       0.8208
 225.000       0.9715
 226.000       0.9490
 227.000       1.0589
 228.000       0.9594
 229.000       0.7869
 230.000       0.8401
 231.000       2.2499
 232.000       1.7721
 233.000       0.7980
 234.000       0.9771
 235.000       1.2639
 236.000       1.1429
 237.000       0.7070
 238.000       0.9551
 239.000       1.6805
 240.000       1.0853
 241.000       1.3469
 242.000       1.4168
 243.000       1.7232
 244.000       1.2777
 245.000       1.3581
 246.000       1.4840
 247.000       1.4412
 248.000       1.2422
 249.000       0.8237
 250.000       1.0307
 251.000       0.8263
 252.000       0.9879
 253.000       0.8162
 254.000       0.6822
 255.000       0.6726
 256.000       0.6275
 257.000       0.5476
 258.000       0.6408
 259.000       0.5791
 260.000       0.9234
 261.000       0.4776
 262.000       0.6680
 263.000       0.4808
 264.000       0.5798
 265.000       0.5766
 266.000       0.8624
 267.000       0.6477
 268.000       0.6623
 269.000       0.6992
 270.000       0.8930
 271.000       0.7439
 272.000       1.0287
 273.000       0.7273
 274.000       0.9441
 275.000       1.5703
 276.000       0.8719
 277.000       1.7066
 278.000       1.3637
 279.000       1.3902
 280.000       1.5861
 281.000       1.4736
 282.000       1.1796
 283.000       1.6645
 284.000       1.6994
 285.000       0.9425
 286.000       0.7225
 287.000       1.2198
 288.000       0.8397
 289.000       0.6862
 290.000       0.7690
 291.000       0.8622
 292.000       0.6718
 293.000       0.5076
 294.000       0.5748
 295.000       1.2651
 296.000       0.5983
 297.000       0.5387
 298.000       1.1231
 299.000       0.8461
 300.000       0.6951
 301.000       0.6520
 302.000       1.3052
 303.000       0.8567
 304.000       0.7738
 305.000       1.0195
 306.000       0.7067
 307.000       0.9421
 308.000       1.1376
 309.000       0.7290
 310.000       0.8721
 311.000       1.1390
 312.000       0.9629
 313.000       1.3377
 314.000       1.5730
 315.000       1.7113
 316.000       1.4949
 317.000       1.4292
 318.000       1.3704
 319.000       1.0569
 320.000       1.0826
 321.000       1.4430
 322.000       1.2419
 323.000       1.1173
 324.000       2.0119
 325.000       1.2358
 326.000       1.1566
 327.000       1.0009
 328.000       0.9339
 329.000       0.8440
 330.000       0.9084
 331.000       0.9544
 332.000       0.9550
 333.000       0.7917
 334.000       0.7628
 335.000       1.0111
 336.000       0.6880
 337.000       1.0645
 338.000       0.7792
 339.000       1.1202
 340.000       0.8395
 341.000       1.2099
 342.000       1.0593
 343.000       1.0225
 344.000       0.9218
 345.000       0.7240
 346.000       0.8063
 347.000       1.1156
 348.000       1.0150
 349.000       0.6591
 350.000       0.7756
 351.000       0.7072
 352.000       0.6399
 353.000       0.6235
 354.000       0.8351
 355.000       0.7939
 356.000       0.8609
 357.000       0.8066
 358.000       0.8151
 359.000       0.9275
 360.000       0.5262
 361.000       0.8103
 362.000       0.4926
 363.000       0.5861
 364.000       0.5928
 365.000       0.7520
 366.000       0.5909
 367.000       0.5588
 368.000       0.8472
 369.000       1.1194
 370.000       0.6647
 371.000       0.9602
 372.000       0.8048
 373.000       0.9179
 374.000       0.7196
 375.000       0.8185
 376.000       0.9502
 377.000       1.0089
 378.000       1.1469
 379.000       1.3647
 380.000       1.1732
 381.000       2.0542
 382.000       1.5807
 383.000       1.4239
 384.000       1.5487
 385.000       2.3915
 386.000       2.2593
 387.000       1.7198
 388.000       1.3804
 389.000       1.6000
 390.000       1.1288
 391.000       0.9884
 392.000       0.9456
 393.000       0.7869
 394.000       0.8568
 395.000       0.9749
 396.000       0.9975
 397.000       0.8036
 398.000       0.9303
 399.000       1.2064
 400.000       1.6056
 401.000       0.7242
 402.000       0.7788
 403.000       1.2266
 404.000       1.0596
 405.000       0.9316
 406.000       1.3375
 407.000       0.8813
 408.000       1.2116
 409.000       0.8534
 410.000       0.7695
 411.000       0.8349
 412.000       0.9706
 413.000       0.8338
 414.000       1.1165
 415.000       1.2095
 416.000       1.2147
 417.000       1.3329
 418.000       1.2658
 419.000       1.5327
 420.000       1.4760
 421.000       1.0591
 422.000       1.0912
 423.000       0.7432
 424.000       0.8248
 425.000       0.7371
 426.000       0.7815
 427.000       0.8077
 428.000       0.8286
 429.000       0.7210
 430.000       0.6296
 431.000       0.7546
 432.000       1.0767
 433.000       0.6569
 434.000       0.6611
 435.000       0.8027
 436.000       0.7198
 437.000       0.8436
 438.000       0.8149
 439.000       1.2438
 440.000       1.8229
 441.000       0.9816
 442.000       0.7591
 443.000       1.0111
 444.000       0.9686
 445.000       1.0693
 446.000       0.9384
 447.000       0.8327
 448.000       2.0662
 449.000       0.8034
 450.000       0.9892
 451.000       1.5247
 452.000       1.4405
 453.000       1.3017
 454.000       1.6815
 455.000       1.4422
 456.000       2.1390
 457.000       1.4118
 458.000       1.0317
 459.000       0.9174
 460.000       1.2333
 461.000       1.2210
 462.000       0.9507
 463.000       1.3974
 464.000       1.2930
 465.000       0.6657
 466.000       0.6498
 467.000       0.8934
 468.000       0.8040
 469.000       0.9739
 470.000       0.8918
 471.000       0.8026
 472.000       1.2622
 473.000       0.7293
 474.000       0.7525
 475.000       0.9766
 476.000       1.1779
 477.000       0.7794
 478.000       1.1634
 479.000       0.9564
 480.000       1.0865
 481.000       1.9848
 482.000       1.7103
 483.000       1.6657
 484.000       1.9442
 485.000       2.7063
 486.000       3.0521
 487.000       3.1981
 488.000       2.7579
 489.000       2.7422
 490.000       1.3792
 491.000       1.9793
 492.000       2.5057
 493.000       1.3117
 494.000       2.0772
 495.000       1.6573
 496.000       1.6866
 497.000       2.3337
 498.000       2.7176
 499.000       1.5075
 500.000       1.6443
 501.000       1.6216
 502.000       1.5195
 503.000       0.9087
 504.000       1.5503
 505.000       1.0950
 506.000       1.0783
 507.000       0.7767
 508.000       0.9373
 509.000       1.1775
 510.000       1.1614
 511.000       1.7038
 512.000       1.2565
 513.000       1.0888
 514.000       1.0549
 515.000       0.8591
 516.000       1.0400
 517.000       0.8245
 518.000       1.0806
 519.000       1.1398
 520.000       1.2756
 521.000       1.5881
 522.000       1.7224
 523.000       1.9666
 524.000       2.0764
 525.000       1.8386
 526.000       2.4570
 527.000       2.2525
 528.000       2.1740
 529.000       2.3544
 530.000       2.5548
 531.000       2.2522
 532.000       1.6965
 533.000       2.0463
 534.000       2.4884
 535.000       2.9198
 536.000       2.2401
 537.000       2.9297
 538.000       3.2710
 539.000       3.4690
 540.000       3.8555
 541.000       5.8629
 542.000       7.5674
 543.000       8.9326
 544.000       0.8278
 545.000       0.4672
 546.000       0.4496
 547.000      53.9422
 548.000      54.6806
 549.000      56.0254
 550.000      53.6028
 551.000      54.8581
 552.000      54.8260
 553.000      55.3181
 554.000      55.1064
 555.000      54.1218
 556.000      55.6105
 557.000      54.0791
 558.000      53.8419
 559.000      55.0753
 560.000      54.2131
 561.000      52.3201
 562.000      54.2513
 563.000      53.9377
 564.000      54.6587
 565.000      53.4990
 566.000      53.4007
 567.000      54.2561
 568.000      55.3341
 569.000      55.4114
 570.000      53.9013
 571.000      55.0646
 572.000      55.8730
 573.000      53.9973
 574.000      54.3731
 575.000      54.9049
 576.000      53.4800
 577.000      56.3581
 578.000      55.3175
 579.000      55.7557
 580.000      54.5865
 581.000      55.5749
 582.000      55.4778
 583.000      54.5910
 584.000      53.6818
 585.000      53.1358
 586.000      52.8170
 587.000      55.5364
 588.000      55.3257
 589.000      55.4809
 590.000      55.0106
 591.000      55.0431
 592.000      54.0002
 593.000      55.0297
 594.000      54.0713
 595.000      53.9381
 596.000      54.6886
 597.000       0.5558
 598.000      54.5967
 599.000      54.5687
 600.000      55.2605
 601.000      53.4897
 602.000      54.7964
 603.000      53.9579
 604.000      54.7204
 605.000      55.2557
 606.000      54.4948
 607.000      54.4635
 608.000      54.9739
 609.000      55.0590
 610.000      53.9690
 611.000      54.4252
 612.000      54.1091
 613.000      55.3008
 614.000      55.2509
 615.000      55.0669
 616.000      54.3175
 617.000      55.3338
 618.000      55.2804
 619.000      54.0531
 620.000      54.8410
 621.000      55.1172
 622.000      54.6295
 623.000      55.0391
 624.000      54.7505
 625.000      55.0930
 626.000      54.3609
 627.000      53.8955
 628.000      54.4512
 629.000      54.2994
 630.000      54.3410
 631.000      55.3748
 632.000      54.6850
 633.000      53.4364
 634.000      55.2784
 635.000      54.5176
 636.000      54.3583
 637.000      55.3064
 638.000      54.5838
 639.000      55.2165
 640.000      55.7934
 641.000      55.1384
 642.000      55.2003
 643.000      55.3026
 644.000      53.9972
 645.000      54.9344
 646.000      54.9507
 647.000      54.8199
 648.000      54.7556
 649.000      54.5379
 650.000      55.2327
 651.000      55.2199
 652.000      55.8699
 653.000      55.1436
