#Res        AtomicFlx
   1.000       1.4797
   2.000       1.2777
   3.000       1.5497
   4.000       1.1108
   5.000       1.3816
   6.000       1.4688
   7.000       1.1381
   8.000       1.3619
   9.000       1.4122
  10.000       1.2148
  11.000       1.0866
  12.000       1.1861
  13.000       1.2792
  14.000       1.2649
  15.000       1.6576
  16.000       1.7027
  17.000       1.2868
  18.000       1.6197
  19.000       1.8616
  20.000       1.9361
  21.000       2.2757
  22.000       2.7529
  23.000       2.9196
  24.000       3.2230
  25.000       4.5970
  26.000       4.3945
  27.000       2.9707
  28.000       2.0299
  29.000       1.4103
  30.000       1.1674
  31.000       1.0590
  32.000       1.4711
  33.000       1.0470
  34.000       0.9220
  35.000       0.9585
  36.000       0.9102
  37.000       0.7987
  38.000       0.8527
  39.000       0.8428
  40.000       0.7154
  41.000       0.7423
  42.000       0.8208
  43.000       0.7222
  44.000       0.6381
  45.000       0.6314
  46.000       0.6765
  47.000       0.6359
  48.000       0.6630
  49.000       1.0542
  50.000       1.2534
  51.000       1.0647
  52.000       0.8981
  53.000       1.0465
  54.000       0.9362
  55.000       0.8412
  56.000       0.9139
  57.000       0.7974
  58.000       0.8524
  59.000       1.0384
  60.000       1.0636
  61.000       0.9681
  62.000       1.0325
  63.000       1.1667
  64.000       1.3820
  65.000       1.2041
  66.000       0.8684
  67.000       0.9009
  68.000       0.9476
  69.000       0.8566
  70.000       0.7890
  71.000       0.8442
  72.000       0.8525
  73.000       0.8135
  74.000       0.8338
  75.000       0.8912
  76.000       0.9168
  77.000       0.8025
  78.000       0.7108
  79.000       0.7025
  80.000       0.6552
  81.000       0.5614
  82.000       0.5639
  83.000       0.6050
  84.000       0.6179
  85.000       0.6193
  86.000       0.6225
  87.000       0.6287
  88.000       0.6672
  89.000       0.7079
  90.000       0.7301
  91.000       0.7211
  92.000       1.1313
  93.000       0.9011
  94.000       0.8487
  95.000       0.8248
  96.000       0.7631
  97.000       0.7087
  98.000       0.7799
  99.000       0.7724
 100.000       0.6713
 101.000       0.8069
 102.000       0.8884
 103.000       0.8022
 104.000       0.8216
 105.000       0.9571
 106.000       0.9358
 107.000       0.7675
 108.000       0.7940
 109.000       0.7336
 110.000       0.6189
 111.000       0.6410
 112.000       0.6261
 113.000       0.5587
 114.000       0.5311
 115.000       0.5560
 116.000       0.5266
 117.000       0.4922
 118.000       0.5299
 119.000       0.5459
 120.000       0.5990
 121.000       0.6204
 122.000       0.5599
 123.000       0.6574
 124.000       1.0626
 125.000       0.8282
 126.000       0.8024
 127.000       0.8308
 128.000       0.6992
 129.000       0.6930
 130.000       0.7459
 131.000       0.7187
 132.000       0.6671
 133.000       0.7228
 134.000       0.7281
 135.000       0.6991
 136.000       0.7345
 137.000       0.7945
 138.000       0.8063
 139.000       0.8813
 140.000       1.0632
 141.000       1.2600
 142.000       1.4651
 143.000       1.4223
 144.000       1.0981
 145.000       1.0484
 146.000       0.9387
 147.000       1.1850
 148.000       1.2911
 149.000       1.3497
 150.000       1.5756
 151.000       2.0100
 152.000       2.5771
 153.000       3.3825
 154.000       3.8540
 155.000       3.3385
 156.000       3.3461
 157.000       2.6199
 158.000       1.9114
 159.000       1.7332
 160.000       1.7092
 161.000       1.3624
 162.000       1.1945
 163.000       1.4769
 164.000       1.4733
 165.000       1.2059
 166.000       1.1084
 167.000       1.0259
 168.000       0.8942
 169.000       0.9929
 170.000       1.0173
 171.000       0.9573
 172.000       0.9510
 173.000       0.9026
 174.000       1.2497
 175.000       1.4217
 176.000       1.2557
 177.000       1.1026
 178.000       1.1824
 179.000       1.0674
 180.000       1.2089
 181.000       1.4822
 182.000       1.8550
 183.000       1.9086
 184.000       2.0813
 185.000       1.8049
 186.000       2.1427
 187.000       2.1557
 188.000       1.4427
 189.000       1.1150
 190.000       0.9338
 191.000       0.9604
 192.000       0.8916
 193.000       0.8266
 194.000       0.8806
 195.000       0.8959
 196.000       0.8140
 197.000       0.7625
 198.000       0.8203
 199.000       0.8197
 200.000       0.7465
 201.000       0.7142
 202.000       0.7834
 203.000       0.7528
 204.000       0.6736
 205.000       0.6910
 206.000       0.7770
 207.000       0.7388
 208.000       0.7286
 209.000       0.8859
 210.000       1.0316
 211.000       1.0123
 212.000       1.1225
 213.000       1.1798
 214.000       0.9320
 215.000       0.8353
 216.000       0.9866
 217.000       1.1183
 218.000       0.8339
 219.000       0.8272
 220.000       0.9619
 221.000       0.8758
 222.000       0.6840
 223.000       0.7661
 224.000       0.8415
 225.000       0.8267
 226.000       0.7366
 227.000       0.8375
 228.000       0.9265
 229.000       0.8145
 230.000       0.7893
 231.000       0.9418
 232.000       0.9478
 233.000       0.8661
 234.000       1.0000
 235.000       1.0992
 236.000       0.9900
 237.000       1.2873
 238.000       1.5534
 239.000       1.3009
 240.000       1.3664
 241.000       1.9405
 242.000       1.2056
 243.000       1.2207
 244.000       1.4104
 245.000       1.4656
 246.000       1.4209
 247.000       1.4526
 248.000       1.5438
 249.000       1.5610
 250.000       1.5704
 251.000       1.6128
 252.000       1.8412
 253.000       1.9964
 254.000       1.8672
 255.000       1.7675
 256.000       1.7561
 257.000       1.2929
 258.000       1.3341
 259.000       1.5306
 260.000       1.3104
 261.000       1.2728
 262.000       1.1746
 263.000       0.9628
 264.000       0.9137
 265.000       0.9002
 266.000       0.8634
 267.000       0.7823
 268.000       0.8483
 269.000       0.8525
 270.000       0.7884
 271.000       0.7794
 272.000       0.6680
 273.000       1.0839
 274.000       1.3117
 275.000       0.9065
 276.000       0.6198
 277.000       0.6201
 278.000       0.6396
 279.000       0.8802
 280.000       0.8631
 281.000       1.1207
 282.000       0.8053
 283.000       0.7684
 284.000       0.9950
 285.000       0.9877
 286.000       0.8024
 287.000       0.8193
 288.000       0.9011
 289.000       0.8712
 290.000       0.9505
 291.000       1.0142
 292.000       1.0213
 293.000       0.8563
 294.000       0.8369
 295.000       0.7471
 296.000       0.8284
 297.000       0.8342
 298.000       0.7762
 299.000       0.7691
 300.000       0.8686
 301.000       0.8031
 302.000       0.6889
 303.000       0.7847
 304.000       0.8994
 305.000       0.8248
 306.000       0.7404
 307.000       0.9463
 308.000       1.0117
 309.000       0.8225
 310.000       0.8680
 311.000       1.0396
 312.000       1.0004
 313.000       0.7847
 314.000       0.8553
 315.000       0.9525
 316.000       0.8763
 317.000       0.7852
 318.000       0.8878
 319.000       0.8639
 320.000       0.9049
 321.000       1.0062
 322.000       0.9389
 323.000       0.9055
 324.000       0.9705
 325.000       0.9171
 326.000       0.8965
 327.000       1.0112
 328.000       1.0117
 329.000       0.8867
 330.000       1.0070
 331.000       1.3117
 332.000       1.2587
 333.000       1.0411
 334.000       1.4392
 335.000       1.7754
 336.000       1.5858
 337.000       1.7386
 338.000       2.2874
 339.000       2.4214
 340.000       2.4036
 341.000       2.8466
 342.000       3.3380
 343.000       3.3983
 344.000       3.5313
 345.000       4.2742
 346.000       3.9804
 347.000       4.7857
 348.000       4.8760
 349.000       4.7136
 350.000       4.4405
 351.000       3.4131
 352.000       3.4405
 353.000       3.2230
 354.000       3.7959
 355.000       3.4480
 356.000       2.6130
 357.000       3.0225
 358.000       3.5690
 359.000       3.0733
 360.000       2.7829
 361.000       3.5559
 362.000       3.7547
 363.000       3.3328
 364.000       3.5876
 365.000       4.2487
 366.000       4.2269
 367.000       4.1475
 368.000       4.0881
 369.000       4.3749
 370.000       3.9527
 371.000       3.3538
 372.000       3.7545
 373.000       3.8962
 374.000       3.1567
 375.000       3.0217
 376.000       2.3013
 377.000       2.1746
 378.000       2.3150
 379.000       1.6501
 380.000       1.7142
 381.000       1.8249
 382.000       1.6104
 383.000       1.3136
 384.000       1.1931
 385.000       1.6051
 386.000       1.6725
 387.000       1.5545
 388.000       1.8579
 389.000       1.7130
 390.000       1.6839
 391.000       1.6333
 392.000       1.3742
 393.000       1.0282
 394.000       1.0100
 395.000       1.0205
 396.000       0.8990
 397.000       0.9220
 398.000       0.9665
 399.000       0.9704
 400.000       1.0189
 401.000       1.0222
 402.000       1.0169
 403.000       1.0935
 404.000       1.2645
 405.000       1.2527
 406.000       1.1253
 407.000       1.2087
 408.000       1.0980
 409.000       0.9561
 410.000       0.8944
 411.000       0.8694
 412.000       0.8037
 413.000       0.7582
 414.000       0.7371
 415.000       0.7393
 416.000       0.6744
 417.000       0.6315
 418.000       0.6311
 419.000       0.6161
 420.000       0.5867
 421.000       0.5771
 422.000       0.5784
 423.000       0.5789
 424.000       0.5831
 425.000       0.5615
 426.000       0.5525
 427.000       0.5861
 428.000       0.6220
 429.000       0.7032
 430.000       0.8145
 431.000       0.6899
 432.000       0.6288
 433.000       0.7069
 434.000       0.6643
 435.000       0.6226
 436.000       0.6585
 437.000       0.7385
 438.000       0.7548
 439.000       0.7687
 440.000       0.8964
 441.000       0.9679
 442.000       0.9880
 443.000       1.4023
 444.000       1.5156
 445.000       1.5879
 446.000       2.0583
 447.000       2.4294
 448.000       3.0669
 449.000       1.8625
 450.000       1.2372
 451.000       1.1059
 452.000       1.0023
 453.000       1.0257
 454.000       0.9578
 455.000       0.8056
 456.000       0.8463
 457.000       0.9052
 458.000       0.7922
 459.000       0.7342
 460.000       0.8193
 461.000       0.8474
 462.000       0.7441
 463.000       0.7511
 464.000       0.8413
 465.000       0.8485
 466.000       0.8144
 467.000       0.7955
 468.000       0.7760
 469.000       0.8389
 470.000       0.9459
 471.000       0.9027
 472.000       1.0251
 473.000       0.9400
 474.000       0.8138
 475.000       0.7996
 476.000       0.8005
 477.000       0.7497
 478.000       0.7146
 479.000       0.8051
 480.000       0.8808
 481.000       0.8649
 482.000       0.8724
 483.000       0.8475
 484.000       0.8940
 485.000       1.1498
 486.000       1.1537
 487.000       0.9373
 488.000       0.7816
 489.000       0.6069
 490.000       0.5709
 491.000       0.6112
 492.000       0.5955
 493.000       0.5083
 494.000       0.5324
 495.000       0.6129
 496.000       0.6259
 497.000       0.6234
 498.000       0.6976
 499.000       0.7503
 500.000       0.7425
 501.000       0.7015
 502.000       0.7502
 503.000       0.7687
 504.000       0.7449
 505.000       0.7304
 506.000       0.7792
 507.000       0.7849
 508.000       0.8483
 509.000       0.8298
 510.000       0.7315
 511.000       0.7595
 512.000       0.8817
 513.000       0.8857
 514.000       0.9129
 515.000       1.0547
 516.000       1.2762
 517.000       1.2880
 518.000       1.4353
 519.000       1.4886
 520.000       1.3777
 521.000       1.3642
 522.000       0.9856
 523.000       0.9631
 524.000       0.9131
 525.000       0.8684
 526.000       0.7367
 527.000       0.7546
 528.000       0.8238
 529.000       0.7684
 530.000       0.7094
 531.000       0.8646
 532.000       1.0329
 533.000       0.9593
 534.000       0.7655
 535.000       0.9229
 536.000       1.2090
 537.000       1.0437
 538.000       0.7968
 539.000       1.2039
 540.000       1.3796
 541.000       0.9676
 542.000       0.9425
 543.000       1.5377
 544.000       1.4919
 545.000       0.8522
 546.000       1.3417
 547.000       1.9119
 548.000       1.5354
 549.000       1.1221
 550.000       1.8476
 551.000       2.2544
 552.000       1.7584
 553.000       1.5808
 554.000       1.6120
 555.000       1.5251
 556.000       1.3247
 557.000       1.1559
 558.000       1.3626
 559.000       1.3542
 560.000       1.4218
 561.000       2.1361
 562.000       2.3897
 563.000       1.9682
 564.000       1.8369
 565.000       1.7238
 566.000       1.6977
 567.000       1.6892
 568.000       1.5057
 569.000       1.2305
 570.000       1.4626
 571.000       1.5121
 572.000       1.5132
 573.000       1.5596
 574.000       1.3862
 575.000       1.4646
 576.000       1.4517
 577.000       1.2280
 578.000       1.0401
 579.000       1.1907
 580.000       1.1764
 581.000       0.9525
 582.000       1.0751
 583.000       1.2298
 584.000       1.0434
 585.000       0.9024
 586.000       1.0426
 587.000       1.0707
 588.000       0.9219
 589.000       0.7833
 590.000       0.8588
 591.000       0.9463
 592.000       0.8443
 593.000       0.7791
 594.000       1.0246
 595.000       1.1413
 596.000       1.0677
 597.000       1.1727
 598.000       1.4578
 599.000       1.5108
 600.000       1.5629
 601.000       1.8696
 602.000       2.1514
 603.000       2.1953
 604.000       2.2891
 605.000       2.6625
 616.000       1.5608
