#Res        AtomicFlx
   1.000       4.4820
   2.000       4.1107
   3.000       4.2603
   4.000       4.5900
   5.000       5.4187
   6.000       5.6155
   7.000       4.5329
   8.000       3.6948
   9.000       3.7128
  10.000       2.8638
  11.000       1.7832
  12.000       1.9148
  13.000       1.6801
  14.000       2.1909
  15.000       2.7209
  16.000       2.7329
  17.000       2.8106
  18.000       3.1927
  19.000       3.4519
  20.000       3.5611
  21.000       3.6897
  22.000       4.0004
  23.000       4.3356
  24.000       4.4261
  25.000       4.7269
  26.000       3.7340
  27.000       2.3549
  28.000       1.6857
  29.000       1.4561
  30.000       1.3651
  31.000       1.3487
  32.000       1.8143
  33.000       1.3358
  34.000       1.1851
  35.000       1.2151
  36.000       1.1191
  37.000       0.8967
  38.000       0.8829
  39.000       0.9447
  40.000       0.8293
  41.000       0.6666
  42.000       0.7312
  43.000       0.7885
  44.000       0.7240
  45.000       0.6532
  46.000       0.7070
  47.000       0.8163
  48.000       0.9619
  49.000       1.0000
  50.000       0.9166
  51.000       0.9727
  52.000       1.0566
  53.000       1.0870
  54.000       1.0158
  55.000       1.0858
  56.000       1.1552
  57.000       1.1852
  58.000       1.2496
  59.000       1.3561
  60.000       1.3579
  61.000       1.4462
  62.000       1.5857
  63.000       2.3193
  64.000       3.1537
  65.000       2.8075
  66.000       1.7503
  67.000       1.3809
  68.000       1.7849
  69.000       1.7968
  70.000       1.2181
  71.000       1.1609
  72.000       1.3156
  73.000       1.1240
  74.000       0.9568
  75.000       0.9987
  76.000       0.9574
  77.000       0.9686
  78.000       0.7468
  79.000       0.6683
  80.000       0.6127
  81.000       0.5503
  82.000       0.5776
  83.000       0.5853
  84.000       0.5493
  85.000       0.5144
  86.000       0.5754
  87.000       0.6285
  88.000       0.6418
  89.000       0.7018
  90.000       0.7924
  91.000       0.8431
  92.000       0.8643
  93.000       0.8904
  94.000       0.8494
  95.000       0.7792
  96.000       0.7115
  97.000       0.7573
  98.000       0.8261
  99.000       0.7082
 100.000       0.7185
 101.000       0.8927
 102.000       0.9499
 103.000       0.9194
 104.000       0.9508
 105.000       1.0742
 106.000       1.0284
 107.000       0.8253
 108.000       0.8396
 109.000       0.7778
 110.000       0.6422
 111.000       0.6630
 112.000       0.6876
 113.000       0.6243
 114.000       0.5621
 115.000       0.6270
 116.000       0.6548
 117.000       0.6220
 118.000       0.6062
 119.000       0.6337
 120.000       0.6957
 121.000       0.6615
 122.000       0.6957
 123.000       0.7425
 124.000       0.6723
 125.000       0.6232
 126.000       0.6435
 127.000       0.7084
 128.000       0.7037
 129.000       0.6919
 130.000       0.7731
 131.000       0.8125
 132.000       0.7946
 133.000       0.8266
 134.000       0.8720
 135.000       0.9044
 136.000       0.8978
 137.000       0.9313
 138.000       0.9950
 139.000       1.0498
 140.000       1.1746
 141.000       1.2914
 142.000       1.4108
 143.000       1.4671
 144.000       1.2571
 145.000       1.2555
 146.000       1.2187
 147.000       1.4064
 148.000       1.4846
 149.000       1.4938
 150.000       1.5955
 151.000       1.8615
 152.000       2.1366
 153.000       2.6825
 154.000       3.0542
 155.000       3.0344
 156.000       2.6754
 157.000       2.2358
 158.000       1.8475
 159.000       1.7282
 160.000       1.8055
 161.000       1.5755
 162.000       1.4896
 163.000       1.7049
 164.000       1.7323
 165.000       1.5611
 166.000       1.4758
 167.000       1.3762
 168.000       1.1952
 169.000       1.2694
 170.000       1.2744
 171.000       1.1243
 172.000       1.0377
 173.000       1.1053
 174.000       1.1650
 175.000       1.1251
 176.000       0.9896
 177.000       0.9880
 178.000       1.0963
 179.000       1.1191
 180.000       1.2429
 181.000       1.6710
 182.000       1.6070
 183.000       1.5896
 184.000       1.7958
 185.000       1.8244
 186.000       1.8082
 187.000       1.4194
 188.000       1.3777
 189.000       1.4759
 190.000       1.1280
 191.000       1.0849
 192.000       1.0411
 193.000       0.9893
 194.000       0.9456
 195.000       0.9343
 196.000       0.8694
 197.000       0.8244
 198.000       0.8511
 199.000       0.8657
 200.000       0.7959
 201.000       0.7423
 202.000       0.8137
 203.000       0.8145
 204.000       0.7650
 205.000       0.7822
 206.000       0.9057
 207.000       0.9684
 208.000       1.0370
 209.000       1.2638
 210.000       1.5526
 211.000       1.6734
 212.000       1.3787
 213.000       1.4914
 214.000       1.2929
 215.000       1.0756
 216.000       1.1239
 217.000       1.1086
 218.000       0.9001
 219.000       0.9368
 220.000       0.9315
 221.000       0.8018
 222.000       0.7613
 223.000       0.8062
 224.000       0.8674
 225.000       0.9402
 226.000       0.9528
 227.000       1.0386
 228.000       1.1077
 229.000       1.0574
 230.000       1.0464
 231.000       1.1210
 232.000       1.1631
 233.000       1.1150
 234.000       1.1272
 235.000       1.1793
 236.000       1.1465
 237.000       1.2031
 238.000       1.2742
 239.000       1.3119
 240.000       1.3229
 241.000       1.3312
 242.000       1.2694
 243.000       1.1715
 244.000       1.2320
 245.000       1.2608
 246.000       1.1465
 247.000       1.1573
 248.000       1.2545
 249.000       1.1911
 250.000       1.1313
 251.000       1.2363
 252.000       1.4515
 253.000       1.5500
 254.000       1.5698
 255.000       1.6802
 256.000       1.8037
 257.000       1.6486
 258.000       1.6892
 259.000       1.6616
 260.000       1.3632
 261.000       1.1782
 262.000       1.1377
 263.000       1.1519
 264.000       1.0845
 265.000       0.9311
 266.000       0.9979
 267.000       1.0166
 268.000       0.9087
 269.000       0.8687
 270.000       0.8416
 271.000       0.8819
 272.000       0.8640
 273.000       0.7884
 274.000       0.7811
 275.000       0.6178
 276.000       0.6477
 277.000       0.5266
 278.000       0.5910
 279.000       0.6641
 280.000       0.6485
 281.000       0.6284
 282.000       0.6164
 283.000       0.7106
 284.000       1.1357
 285.000       0.8830
 286.000       0.8043
 287.000       0.9286
 288.000       1.0283
 289.000       0.9980
 290.000       1.1001
 291.000       1.1775
 292.000       1.1856
 293.000       1.0752
 294.000       0.9880
 295.000       0.8856
 296.000       0.8917
 297.000       0.9941
 298.000       0.8594
 299.000       0.7646
 300.000       0.8741
 301.000       0.8848
 302.000       0.7743
 303.000       0.8430
 304.000       0.9162
 305.000       0.8528
 306.000       0.8395
 307.000       1.0648
 308.000       1.1029
 309.000       0.9902
 310.000       1.0640
 311.000       1.1297
 312.000       1.0953
 313.000       1.0444
 314.000       1.0573
 315.000       1.0833
 316.000       1.0702
 317.000       1.0303
 318.000       1.0720
 319.000       1.1011
 320.000       1.1718
 321.000       1.2053
 322.000       1.1448
 323.000       1.1659
 324.000       1.2694
 325.000       1.1845
 326.000       1.1804
 327.000       1.3120
 328.000       1.2615
 329.000       1.0767
 330.000       1.3339
 331.000       1.5456
 332.000       1.4159
 333.000       1.5402
 334.000       2.0922
 335.000       2.3409
 336.000       2.2609
 337.000       2.7595
 338.000       3.3005
 339.000       3.3733
 340.000       3.5451
 341.000       4.1903
 342.000       4.6233
 343.000       4.8809
 344.000       5.4965
 345.000       6.0765
 346.000       5.7554
 347.000       6.7339
 348.000       7.7743
 349.000       7.6977
 350.000       7.0106
 351.000       6.5133
 352.000       5.9237
 353.000       4.9087
 354.000       4.4832
 355.000       3.6793
 356.000       2.8109
 357.000       3.2780
 358.000       4.0595
 359.000       3.8008
 360.000       3.5739
 361.000       4.4265
 362.000       4.8777
 363.000       4.6476
 364.000       4.9964
 365.000       5.9514
 366.000       6.3325
 367.000       5.6445
 368.000       5.4769
 369.000       5.6499
 370.000       5.1237
 371.000       4.2314
 372.000       4.1620
 373.000       4.3844
 374.000       3.7143
 375.000       3.2683
 376.000       2.4473
 377.000       2.1342
 378.000       1.9694
 379.000       1.5227
 380.000       1.7882
 381.000       1.7603
 382.000       1.5228
 383.000       1.4746
 384.000       1.2654
 385.000       1.2723
 386.000       1.3842
 387.000       1.3942
 388.000       1.4596
 389.000       1.5621
 390.000       1.6465
 391.000       1.1116
 392.000       1.0181
 393.000       1.0638
 394.000       1.0108
 395.000       1.0157
 396.000       1.0008
 397.000       1.1015
 398.000       1.1531
 399.000       1.1266
 400.000       1.1669
 401.000       1.2644
 402.000       1.2402
 403.000       1.1712
 404.000       1.4245
 405.000       1.5458
 406.000       1.4244
 407.000       1.4999
 408.000       1.3310
 409.000       1.2472
 410.000       1.1600
 411.000       1.0983
 412.000       1.0568
 413.000       0.9904
 414.000       0.9473
 415.000       0.9381
 416.000       0.8992
 417.000       0.8471
 418.000       0.8256
 419.000       0.8327
 420.000       0.8018
 421.000       0.7475
 422.000       0.7561
 423.000       0.7950
 424.000       0.7443
 425.000       0.6808
 426.000       0.7564
 427.000       0.7462
 428.000       0.6536
 429.000       0.6920
 430.000       0.7364
 431.000       0.6806
 432.000       0.6332
 433.000       0.7005
 434.000       0.6741
 435.000       0.6653
 436.000       0.7215
 437.000       0.7979
 438.000       0.8364
 439.000       0.8634
 440.000       0.9900
 441.000       1.0604
 442.000       1.1065
 443.000       1.4269
 444.000       1.5843
 445.000       1.5884
 446.000       1.9056
 447.000       2.1319
 448.000       2.5593
 449.000       1.7469
 450.000       1.5315
 451.000       1.3077
 452.000       1.1981
 453.000       1.2386
 454.000       1.1356
 455.000       0.8714
 456.000       0.9040
 457.000       1.0066
 458.000       0.8565
 459.000       0.7307
 460.000       0.8536
 461.000       0.9038
 462.000       0.7864
 463.000       0.8029
 464.000       0.9119
 465.000       0.8839
 466.000       0.9521
 467.000       0.9609
 468.000       0.9289
 469.000       0.8885
 470.000       0.9367
 471.000       0.9987
 472.000       1.0524
 473.000       1.0325
 474.000       0.9454
 475.000       0.9196
 476.000       0.9678
 477.000       0.9414
 478.000       0.8668
 479.000       0.8855
 480.000       0.9968
 481.000       1.0084
 482.000       0.9247
 483.000       1.0029
 484.000       0.9562
 485.000       0.9664
 486.000       0.9452
 487.000       0.7641
 488.000       0.8241
 489.000       0.7442
 490.000       0.6689
 491.000       0.6999
 492.000       0.6369
 493.000       0.5633
 494.000       0.5757
 495.000       0.6225
 496.000       0.6244
 497.000       0.5743
 498.000       0.6396
 499.000       0.7298
 500.000       0.7312
 501.000       0.7580
 502.000       0.8872
 503.000       1.0424
 504.000       1.0126
 505.000       0.9868
 506.000       1.0347
 507.000       1.0747
 508.000       1.2115
 509.000       1.0918
 510.000       0.8462
 511.000       0.9132
 512.000       1.1063
 513.000       1.1513
 514.000       1.1151
 515.000       1.1786
 516.000       1.5729
 517.000       1.7115
 518.000       1.7341
 519.000       1.6809
 520.000       1.5409
 521.000       1.5415
 522.000       1.3334
 523.000       1.1330
 524.000       1.1346
 525.000       0.9810
 526.000       0.8438
 527.000       0.9583
 528.000       0.9793
 529.000       0.8042
 530.000       0.7416
 531.000       0.8768
 532.000       0.9460
 533.000       0.8919
 534.000       0.7702
 535.000       0.8123
 536.000       0.9186
 537.000       0.8875
 538.000       0.8125
 539.000       0.8748
 540.000       0.9271
 541.000       0.8621
 542.000       0.8543
 543.000       0.9483
 544.000       0.9811
 545.000       0.9399
 546.000       1.0218
 547.000       1.1099
 548.000       1.1128
 549.000       1.5942
 550.000       2.3925
 551.000       2.6222
 552.000       2.2027
 553.000       2.0464
 554.000       1.6927
 555.000       1.5494
 556.000       1.4491
 557.000       1.5001
 558.000       1.5177
 559.000       1.5052
 560.000       1.8391
 561.000       2.3910
 562.000       3.0138
 563.000       4.1580
 564.000       3.7969
 565.000       5.2762
 566.000       6.3943
 567.000       6.8974
 568.000       4.8206
 569.000       3.1265
 570.000       2.2089
 571.000       1.7644
 572.000       1.6256
 573.000       1.6044
 574.000       1.4984
 575.000       1.6636
 576.000       1.7631
 577.000       1.4683
 578.000       1.1884
 579.000       1.3901
 580.000       1.3844
 581.000       1.1176
 582.000       1.1740
 583.000       1.1492
 584.000       1.0217
 585.000       0.9986
 586.000       0.9777
 587.000       0.9220
 588.000       0.9184
 589.000       0.8145
 590.000       0.8428
 591.000       0.9094
 592.000       0.8488
 593.000       0.7822
 594.000       0.9787
 595.000       1.0854
 596.000       1.0624
 597.000       1.1357
 598.000       1.2692
 599.000       1.3507
 600.000       1.4591
 601.000       1.6185
 602.000       1.7508
 603.000       1.8808
 604.000       2.1270
 605.000       2.4790
 616.000       0.9795
