#Res        AtomicFlx
   1.000       1.2934
   2.000       1.1528
   3.000       1.3227
   4.000       1.1379
   5.000       1.3897
   6.000       1.6859
   7.000       1.2845
   8.000       1.3908
   9.000       1.4548
  10.000       1.2138
  11.000       1.0873
  12.000       1.0919
  13.000       1.1800
  14.000       1.2330
  15.000       1.4067
  16.000       1.2346
  17.000       0.9998
  18.000       1.1420
  19.000       1.2654
  20.000       1.1926
  21.000       1.1768
  22.000       1.3698
  23.000       1.5017
  24.000       1.5608
  25.000       1.6773
  26.000       2.0518
  27.000       2.1217
  28.000       1.5971
  29.000       1.4468
  30.000       1.4980
  31.000       1.2443
  32.000       1.3396
  33.000       1.1355
  34.000       0.9624
  35.000       0.9293
  36.000       0.8532
  37.000       0.7167
  38.000       0.6497
  39.000       0.6147
  40.000       0.6123
  41.000       0.5667
  42.000       0.6074
  43.000       0.6153
  44.000       0.5165
  45.000       0.5583
  46.000       0.6141
  47.000       0.8962
  48.000       0.7894
  49.000       1.3058
  50.000       1.1320
  51.000       1.0242
  52.000       1.2707
  53.000       0.8851
  54.000       0.8026
  55.000       0.8383
  56.000       0.9625
  57.000       0.9193
  58.000       1.0108
  59.000       1.1935
  60.000       1.2037
  61.000       1.1871
  62.000       1.2041
  63.000       1.2578
  64.000       1.4171
  65.000       1.3005
  66.000       1.0244
  67.000       0.9814
  68.000       1.0843
  69.000       0.9810
  70.000       0.8554
  71.000       0.8547
  72.000       0.8724
  73.000       0.7915
  74.000       0.7311
  75.000       0.7536
  76.000       0.7547
  77.000       0.6772
  78.000       0.6149
  79.000       0.6005
  80.000       0.5708
  81.000       0.4994
  82.000       0.4952
  83.000       0.5242
  84.000       0.5051
  85.000       0.4755
  86.000       0.5067
  87.000       0.5822
  88.000       0.5754
  89.000       0.6067
  90.000       0.7088
  91.000       0.7127
  92.000       0.7395
  93.000       0.7228
  94.000       0.7227
  95.000       0.7198
  96.000       0.6870
  97.000       0.7448
  98.000       0.7901
  99.000       0.6914
 100.000       0.7150
 101.000       0.8972
 102.000       0.9188
 103.000       0.8302
 104.000       0.8840
 105.000       1.0069
 106.000       0.9898
 107.000       0.8296
 108.000       0.8452
 109.000       0.7977
 110.000       0.6706
 111.000       0.6904
 112.000       0.7324
 113.000       0.6865
 114.000       0.6239
 115.000       0.6551
 116.000       0.6727
 117.000       0.6370
 118.000       0.6174
 119.000       0.6262
 120.000       0.6854
 121.000       0.7097
 122.000       0.6881
 123.000       0.7376
 124.000       0.8006
 125.000       0.8263
 126.000       0.7509
 127.000       0.6892
 128.000       0.6958
 129.000       0.7112
 130.000       0.7326
 131.000       0.7187
 132.000       0.7022
 133.000       0.7353
 134.000       0.7592
 135.000       0.7533
 136.000       0.7716
 137.000       0.8195
 138.000       0.8949
 139.000       0.9523
 140.000       1.0853
 141.000       1.2169
 142.000       1.3163
 143.000       1.3548
 144.000       1.0957
 145.000       1.1363
 146.000       1.1458
 147.000       1.3779
 148.000       1.3681
 149.000       1.4019
 150.000       1.5106
 151.000       1.8313
 152.000       2.1094
 153.000       2.6068
 154.000       3.1884
 155.000       3.0951
 156.000       2.8847
 157.000       2.3367
 158.000       1.8841
 159.000       1.7700
 160.000       1.9388
 161.000       1.7084
 162.000       1.4897
 163.000       1.7522
 164.000       1.8466
 165.000       1.5863
 166.000       1.3871
 167.000       1.2528
 168.000       1.0717
 169.000       1.1294
 170.000       1.1864
 171.000       1.0539
 172.000       0.9357
 173.000       1.0425
 174.000       1.1801
 175.000       1.1755
 176.000       1.0220
 177.000       1.0035
 178.000       1.1575
 179.000       1.1456
 180.000       1.2680
 181.000       1.6299
 182.000       1.8568
 183.000       1.7287
 184.000       1.8706
 185.000       1.7568
 186.000       1.9922
 187.000       1.4101
 188.000       1.3132
 189.000       1.1356
 190.000       1.0379
 191.000       1.0424
 192.000       1.0148
 193.000       0.9531
 194.000       0.9302
 195.000       0.8933
 196.000       0.7898
 197.000       0.7716
 198.000       0.7948
 199.000       0.7492
 200.000       0.6776
 201.000       0.6794
 202.000       0.7441
 203.000       0.7050
 204.000       0.6738
 205.000       0.6982
 206.000       0.8391
 207.000       0.8720
 208.000       1.0460
 209.000       1.1740
 210.000       1.6338
 211.000       1.7268
 212.000       1.8283
 213.000       1.9451
 214.000       1.6311
 215.000       1.3647
 216.000       1.3623
 217.000       1.2876
 218.000       1.1849
 219.000       0.9549
 220.000       0.8567
 221.000       0.8996
 222.000       0.8804
 223.000       0.7485
 224.000       0.7498
 225.000       0.7433
 226.000       0.7613
 227.000       0.7966
 228.000       0.7893
 229.000       0.7687
 230.000       0.7926
 231.000       0.8755
 232.000       0.8946
 233.000       0.8727
 234.000       0.9377
 235.000       1.0331
 236.000       1.0121
 237.000       1.0384
 238.000       1.1310
 239.000       1.1771
 240.000       1.1729
 241.000       1.2691
 242.000       1.4350
 243.000       1.2936
 244.000       1.3297
 245.000       1.4053
 246.000       1.2396
 247.000       1.1513
 248.000       1.2963
 249.000       1.2629
 250.000       1.1270
 251.000       1.2369
 252.000       1.2990
 253.000       1.7527
 254.000       1.9965
 255.000       1.6794
 256.000       1.7532
 257.000       1.4838
 258.000       1.5919
 259.000       1.8562
 260.000       1.6504
 261.000       1.5921
 262.000       1.4612
 263.000       1.1800
 264.000       1.1528
 265.000       1.1408
 266.000       1.0017
 267.000       0.9003
 268.000       0.9663
 269.000       0.9202
 270.000       0.7659
 271.000       0.7630
 272.000       0.8508
 273.000       0.9318
 274.000       0.8146
 275.000       0.6870
 276.000       0.5442
 277.000       0.6121
 278.000       0.6129
 279.000       0.6924
 280.000       0.6856
 281.000       0.8937
 282.000       0.5630
 283.000       0.6469
 284.000       0.8462
 285.000       0.8007
 286.000       0.6418
 287.000       0.6472
 288.000       0.7897
 289.000       0.8724
 290.000       0.8788
 291.000       1.0197
 292.000       0.9982
 293.000       0.9366
 294.000       0.8054
 295.000       0.7090
 296.000       0.7523
 297.000       0.8645
 298.000       0.7819
 299.000       0.7295
 300.000       0.8681
 301.000       0.8264
 302.000       0.7069
 303.000       0.7447
 304.000       0.8028
 305.000       0.7369
 306.000       0.7128
 307.000       0.8686
 308.000       0.8576
 309.000       0.7795
 310.000       0.8364
 311.000       0.8772
 312.000       0.8434
 313.000       0.8054
 314.000       0.8596
 315.000       0.9346
 316.000       0.8987
 317.000       0.9079
 318.000       1.0252
 319.000       1.0325
 320.000       1.0170
 321.000       1.1111
 322.000       1.1066
 323.000       1.0303
 324.000       1.1060
 325.000       1.1433
 326.000       1.0978
 327.000       1.0962
 328.000       1.0871
 329.000       0.9596
 330.000       1.1832
 331.000       1.3686
 332.000       1.2519
 333.000       1.3198
 334.000       1.8444
 335.000       2.0931
 336.000       2.0460
 337.000       2.4762
 338.000       2.9293
 339.000       3.0723
 340.000       3.2829
 341.000       3.8594
 342.000       4.2579
 343.000       4.2224
 344.000       4.6113
 345.000       5.0316
 346.000       4.9879
 347.000       5.5500
 348.000       5.2499
 349.000       5.1378
 350.000       5.0075
 351.000       4.7684
 352.000       5.6187
 353.000       5.5626
 354.000       6.2687
 355.000       5.6433
 356.000       4.4912
 357.000       5.0645
 358.000       5.5440
 359.000       4.5774
 360.000       4.3522
 361.000       5.3897
 362.000       5.4233
 363.000       4.8239
 364.000       5.5561
 365.000       6.4494
 366.000       6.4434
 367.000       6.7295
 368.000       6.9878
 369.000       7.6131
 370.000       7.3473
 371.000       7.1719
 372.000       7.7123
 373.000       6.8693
 374.000       4.8977
 375.000       4.1968
 376.000       3.2226
 377.000       3.2204
 378.000       2.9041
 379.000       1.6158
 380.000       1.7376
 381.000       1.7172
 382.000       1.4500
 383.000       1.3960
 384.000       1.3198
 385.000       1.3581
 386.000       1.4043
 387.000       1.4018
 388.000       1.6083
 389.000       1.4902
 390.000       1.6014
 391.000       1.8713
 392.000       1.0212
 393.000       1.0558
 394.000       0.9101
 395.000       0.8292
 396.000       0.7834
 397.000       0.8792
 398.000       0.9354
 399.000       0.8430
 400.000       0.8468
 401.000       0.9775
 402.000       1.0034
 403.000       0.9460
 404.000       1.0314
 405.000       1.1766
 406.000       1.1819
 407.000       1.2992
 408.000       1.1833
 409.000       1.0844
 410.000       1.0448
 411.000       0.9512
 412.000       0.8586
 413.000       0.8357
 414.000       0.8092
 415.000       0.7606
 416.000       0.7044
 417.000       0.6756
 418.000       0.6361
 419.000       0.6220
 420.000       0.6259
 421.000       0.5996
 422.000       0.5573
 423.000       0.5518
 424.000       0.5683
 425.000       0.5386
 426.000       0.5422
 427.000       0.5059
 428.000       0.6525
 429.000       0.8276
 430.000       0.8603
 431.000       0.5779
 432.000       0.6971
 433.000       1.0351
 434.000       1.0891
 435.000       0.9148
 436.000       0.7920
 437.000       0.8687
 438.000       0.9517
 439.000       0.9312
 440.000       0.9590
 441.000       1.0567
 442.000       1.1042
 443.000       1.4739
 444.000       1.4366
 445.000       1.5866
 446.000       1.9383
 447.000       2.2182
 448.000       2.9982
 449.000       1.8216
 450.000       1.5244
 451.000       1.3504
 452.000       1.3033
 453.000       1.2765
 454.000       1.0938
 455.000       0.9464
 456.000       0.9433
 457.000       0.9977
 458.000       0.9088
 459.000       0.8184
 460.000       0.9249
 461.000       1.0138
 462.000       0.8588
 463.000       0.8471
 464.000       1.0075
 465.000       0.9487
 466.000       0.9334
 467.000       1.0394
 468.000       1.1313
 469.000       1.0372
 470.000       1.0232
 471.000       1.1264
 472.000       1.1913
 473.000       1.2584
 474.000       1.1280
 475.000       1.0978
 476.000       1.1361
 477.000       1.0661
 478.000       0.9682
 479.000       1.0203
 480.000       1.1107
 481.000       1.0463
 482.000       1.0128
 483.000       1.0816
 484.000       1.1106
 485.000       1.2185
 486.000       1.3214
 487.000       1.2624
 488.000       1.0159
 489.000       0.7742
 490.000       0.7538
 491.000       0.7456
 492.000       0.6902
 493.000       0.5910
 494.000       0.5781
 495.000       0.6022
 496.000       0.5980
 497.000       0.5568
 498.000       0.6004
 499.000       0.6636
 500.000       0.6650
 501.000       0.6803
 502.000       0.8155
 503.000       0.8792
 504.000       0.8256
 505.000       0.7955
 506.000       0.8794
 507.000       0.8785
 508.000       0.9728
 509.000       0.9666
 510.000       0.8113
 511.000       0.9011
 512.000       1.0268
 513.000       1.0016
 514.000       0.9419
 515.000       1.1828
 516.000       1.2617
 517.000       1.1342
 518.000       1.1753
 519.000       1.3248
 520.000       1.5594
 521.000       1.5293
 522.000       1.0987
 523.000       1.1000
 524.000       1.0667
 525.000       0.9690
 526.000       0.8120
 527.000       1.0028
 528.000       1.0752
 529.000       0.7995
 530.000       0.7825
 531.000       0.9540
 532.000       1.0241
 533.000       0.8764
 534.000       0.7476
 535.000       0.8426
 536.000       1.0018
 537.000       0.9475
 538.000       0.8093
 539.000       1.0093
 540.000       1.1735
 541.000       1.0341
 542.000       0.9736
 543.000       1.2632
 544.000       1.3004
 545.000       1.0732
 546.000       1.3439
 547.000       1.5854
 548.000       1.3376
 549.000       1.4036
 550.000       2.0051
 551.000       2.0589
 552.000       1.9490
 553.000       1.8074
 554.000       1.9049
 555.000       1.7462
 556.000       1.6762
 557.000       1.7667
 558.000       1.8838
 559.000       1.8691
 560.000       2.2055
 561.000       2.9570
 562.000       3.1801
 563.000       3.9444
 564.000       3.6451
 565.000       3.5218
 566.000       3.1909
 567.000       3.2859
 568.000       2.8301
 569.000       2.0804
 570.000       2.0562
 571.000       1.7582
 572.000       1.6819
 573.000       1.7615
 574.000       1.6696
 575.000       1.7657
 576.000       1.8565
 577.000       1.5790
 578.000       1.3750
 579.000       1.5182
 580.000       1.3693
 581.000       1.1297
 582.000       1.3453
 583.000       1.2830
 584.000       1.0421
 585.000       1.2111
 586.000       1.2908
 587.000       1.0515
 588.000       1.0241
 589.000       0.9049
 590.000       0.9114
 591.000       0.9398
 592.000       0.8655
 593.000       0.8179
 594.000       0.9495
 595.000       1.0367
 596.000       0.9907
 597.000       1.0458
 598.000       1.1958
 599.000       1.2900
 600.000       1.3250
 601.000       1.4937
 602.000       1.7036
 603.000       1.7997
 604.000       1.9304
 605.000       2.1454
 616.000       1.3712
