#Res        AtomicFlx
   1.000      17.7651
   2.000      15.4604
   3.000      13.4269
   4.000      10.9973
   5.000       9.7538
   6.000       8.9967
   7.000       7.2080
   8.000       5.3817
   9.000       4.6489
  10.000       2.8876
  11.000       2.0329
  12.000       1.8081
  13.000       1.6623
  14.000       1.5766
  15.000       1.9336
  16.000       2.0627
  17.000       1.8964
  18.000       2.1520
  19.000       2.5940
  20.000       2.8230
  21.000       2.8419
  22.000       3.2587
  23.000       3.7299
  24.000       3.9198
  25.000       4.1993
  26.000       3.8513
  27.000       3.1765
  28.000       2.5146
  29.000       2.0071
  30.000       1.5293
  31.000       1.3584
  32.000       1.8181
  33.000       1.4367
  34.000       1.1865
  35.000       1.1158
  36.000       1.0846
  37.000       0.9258
  38.000       0.8754
  39.000       0.8522
  40.000       0.7775
  41.000       0.6990
  42.000       0.6939
  43.000       0.6945
  44.000       0.5949
  45.000       0.5807
  46.000       0.5808
  47.000       0.6467
  48.000       0.6804
  49.000       0.7013
  50.000       0.6557
  51.000       0.6868
  52.000       0.6258
  53.000       0.7361
  54.000       0.7320
  55.000       0.7795
  56.000       0.8120
  57.000       0.8442
  58.000       0.9536
  59.000       1.0511
  60.000       1.0508
  61.000       1.0917
  62.000       1.1825
  63.000       1.0319
  64.000       1.1539
  65.000       1.0835
  66.000       0.8610
  67.000       0.8635
  68.000       0.9145
  69.000       0.8481
  70.000       0.7685
  71.000       0.8213
  72.000       0.8417
  73.000       0.7885
  74.000       0.7651
  75.000       0.7844
  76.000       0.8115
  77.000       0.7582
  78.000       0.7306
  79.000       0.6509
  80.000       0.6467
  81.000       0.5730
  82.000       0.5081
  83.000       0.5371
  84.000       0.5418
  85.000       0.5060
  86.000       0.5069
  87.000       0.5680
  88.000       0.6172
  89.000       0.6117
  90.000       0.7407
  91.000       0.8351
  92.000       0.8252
  93.000       0.8570
  94.000       0.8708
  95.000       0.8527
  96.000       0.8353
  97.000       0.7742
  98.000       0.8123
  99.000       0.7549
 100.000       0.7518
 101.000       0.9377
 102.000       0.9408
 103.000       0.8725
 104.000       0.9501
 105.000       1.2001
 106.000       1.1487
 107.000       0.8809
 108.000       0.8871
 109.000       0.8525
 110.000       0.7235
 111.000       0.7264
 112.000       0.7224
 113.000       0.6831
 114.000       0.6653
 115.000       0.6699
 116.000       0.6497
 117.000       0.6247
 118.000       0.6520
 119.000       0.6438
 120.000       0.6287
 121.000       0.6463
 122.000       0.6518
 123.000       0.6054
 124.000       0.6053
 125.000       0.6390
 126.000       0.6344
 127.000       0.6081
 128.000       0.5543
 129.000       0.5572
 130.000       0.5799
 131.000       0.5962
 132.000       0.5754
 133.000       0.6105
 134.000       0.6137
 135.000       0.6190
 136.000       0.7108
 137.000       0.7872
 138.000       0.8118
 139.000       0.8641
 140.000       1.1885
 141.000       1.3972
 142.000       1.4615
 143.000       1.1929
 144.000       0.8548
 145.000       0.8330
 146.000       0.8293
 147.000       1.0092
 148.000       1.0643
 149.000       1.0848
 150.000       1.2737
 151.000       1.5700
 152.000       1.7958
 153.000       2.2099
 154.000       2.5829
 155.000       2.3876
 156.000       2.3991
 157.000       1.9577
 158.000       1.4933
 159.000       1.3682
 160.000       1.4041
 161.000       1.1851
 162.000       1.0659
 163.000       1.2787
 164.000       1.3079
 165.000       1.1271
 166.000       0.9989
 167.000       0.8990
 168.000       0.7608
 169.000       0.7877
 170.000       0.8094
 171.000       0.7387
 172.000       0.6759
 173.000       0.7307
 174.000       0.8444
 175.000       0.8693
 176.000       0.7684
 177.000       0.7516
 178.000       0.8202
 179.000       0.7872
 180.000       0.8587
 181.000       1.0634
 182.000       1.0843
 183.000       1.0153
 184.000       1.1827
 185.000       1.1092
 186.000       0.8986
 187.000       1.0058
 188.000       0.9409
 189.000       0.9347
 190.000       0.8559
 191.000       0.8790
 192.000       0.7798
 193.000       0.6884
 194.000       0.7020
 195.000       0.6840
 196.000       0.6385
 197.000       0.6277
 198.000       0.6741
 199.000       0.6768
 200.000       0.6585
 201.000       0.6460
 202.000       0.6872
 203.000       0.6955
 204.000       0.7082
 205.000       0.7132
 206.000       0.7723
 207.000       0.8790
 208.000       0.9140
 209.000       1.0244
 210.000       1.7908
 211.000       1.9452
 212.000       1.3050
 213.000       1.3459
 214.000       1.1661
 215.000       0.8792
 216.000       0.7992
 217.000       0.8573
 218.000       0.7048
 219.000       0.7597
 220.000       0.8746
 221.000       0.7985
 222.000       0.6579
 223.000       0.7102
 224.000       0.8177
 225.000       0.7715
 226.000       0.6980
 227.000       0.7870
 228.000       0.8303
 229.000       0.7335
 230.000       0.7226
 231.000       0.8309
 232.000       0.8169
 233.000       0.7562
 234.000       0.8426
 235.000       0.8972
 236.000       0.8430
 237.000       1.0128
 238.000       1.1685
 239.000       1.0624
 240.000       1.1745
 241.000       1.6378
 242.000       1.0605
 243.000       1.1408
 244.000       1.4012
 245.000       1.3009
 246.000       1.0442
 247.000       1.0902
 248.000       1.2402
 249.000       1.1328
 250.000       1.0320
 251.000       1.1242
 252.000       1.3574
 253.000       1.8004
 254.000       1.7735
 255.000       1.7072
 256.000       1.5711
 257.000       1.2591
 258.000       1.1931
 259.000       1.4679
 260.000       1.2676
 261.000       1.2459
 262.000       1.1617
 263.000       0.9506
 264.000       0.9385
 265.000       0.9353
 266.000       0.8139
 267.000       0.7739
 268.000       0.8076
 269.000       0.7217
 270.000       0.6717
 271.000       0.7169
 272.000       0.6968
 273.000       0.6778
 274.000       0.6885
 275.000       0.6138
 276.000       0.5643
 277.000       0.6461
 278.000       0.8346
 279.000       1.2064
 280.000       1.0366
 281.000       1.2100
 282.000       0.6120
 283.000       0.7022
 284.000       0.9725
 285.000       0.9067
 286.000       0.7425
 287.000       0.8639
 288.000       1.0296
 289.000       1.0082
 290.000       1.2394
 291.000       1.2225
 292.000       1.1098
 293.000       0.9948
 294.000       0.9388
 295.000       0.9382
 296.000       0.8320
 297.000       0.8118
 298.000       0.7750
 299.000       0.6348
 300.000       0.6721
 301.000       0.7201
 302.000       0.5896
 303.000       0.6592
 304.000       0.8088
 305.000       0.8305
 306.000       0.8286
 307.000       0.9646
 308.000       0.9687
 309.000       0.8788
 310.000       0.9501
 311.000       0.9178
 312.000       0.8422
 313.000       0.7749
 314.000       0.8004
 315.000       0.8223
 316.000       0.7712
 317.000       0.7567
 318.000       0.8393
 319.000       0.8350
 320.000       0.8280
 321.000       0.8736
 322.000       0.9106
 323.000       0.9022
 324.000       0.8637
 325.000       0.8455
 326.000       0.8629
 327.000       0.8519
 328.000       0.8282
 329.000       0.8234
 330.000       0.8507
 331.000       0.9183
 332.000       0.9121
 333.000       0.8961
 334.000       1.0365
 335.000       1.1929
 336.000       1.1841
 337.000       1.3130
 338.000       1.5515
 339.000       1.6884
 340.000       1.8246
 341.000       2.0647
 342.000       2.3266
 343.000       2.4258
 344.000       2.7060
 345.000       3.0400
 346.000       3.0495
 347.000       3.5620
 348.000       3.4198
 349.000       3.6378
 350.000       3.8639
 351.000       3.6650
 352.000       4.1407
 353.000       3.9966
 354.000       4.6345
 355.000       3.8300
 356.000       2.9439
 357.000       3.6146
 358.000       3.8736
 359.000       2.9529
 360.000       3.1161
 361.000       4.0305
 362.000       3.6743
 363.000       3.2714
 364.000       4.2601
 365.000       4.8327
 366.000       4.5003
 367.000       4.6132
 368.000       4.6195
 369.000       4.3803
 370.000       3.7692
 371.000       3.4561
 372.000       3.5526
 373.000       3.4385
 374.000       3.0004
 375.000       3.2129
 376.000       2.0608
 377.000       2.4987
 378.000       2.3450
 379.000       1.3709
 380.000       1.3423
 381.000       1.4364
 382.000       1.1374
 383.000       1.0645
 384.000       0.9392
 385.000       0.9932
 386.000       1.0310
 387.000       0.9781
 388.000       1.0637
 389.000       1.2342
 390.000       1.1588
 391.000       0.9537
 392.000       0.7924
 393.000       0.7633
 394.000       0.8257
 395.000       1.0145
 396.000       0.7086
 397.000       0.6798
 398.000       0.7161
 399.000       0.6847
 400.000       0.6954
 401.000       0.7320
 402.000       0.7518
 403.000       0.8212
 404.000       0.8955
 405.000       0.9297
 406.000       0.9582
 407.000       1.0323
 408.000       0.9399
 409.000       0.7948
 410.000       0.7813
 411.000       0.7729
 412.000       0.6883
 413.000       0.6709
 414.000       0.6833
 415.000       0.6842
 416.000       0.6191
 417.000       0.5937
 418.000       0.6380
 419.000       0.6476
 420.000       0.5965
 421.000       0.5713
 422.000       0.5933
 423.000       0.6136
 424.000       0.5852
 425.000       0.5313
 426.000       0.5691
 427.000       0.5817
 428.000       0.5394
 429.000       0.6380
 430.000       0.6689
 431.000       0.6066
 432.000       0.7019
 433.000       0.8209
 434.000       0.7821
 435.000       0.7776
 436.000       0.7799
 437.000       0.8395
 438.000       0.8446
 439.000       0.8739
 440.000       0.9184
 441.000       0.8893
 442.000       0.9415
 443.000       1.2523
 444.000       1.4033
 445.000       1.5420
 446.000       1.8915
 447.000       2.1506
 448.000       2.6336
 449.000       1.7060
 450.000       1.5534
 451.000       1.4740
 452.000       1.6079
 453.000       1.3391
 454.000       0.9800
 455.000       0.9651
 456.000       0.9625
 457.000       0.9180
 458.000       0.7999
 459.000       0.7497
 460.000       0.8158
 461.000       0.8458
 462.000       0.7017
 463.000       0.6874
 464.000       0.8075
 465.000       0.7770
 466.000       0.7280
 467.000       0.7405
 468.000       0.7311
 469.000       0.7090
 470.000       0.7352
 471.000       0.7227
 472.000       0.7312
 473.000       0.7568
 474.000       0.7000
 475.000       0.7082
 476.000       0.7569
 477.000       0.7433
 478.000       0.7211
 479.000       0.7622
 480.000       0.8348
 481.000       0.8166
 482.000       0.8219
 483.000       0.9842
 484.000       0.9388
 485.000       0.9530
 486.000       0.9521
 487.000       0.8164
 488.000       0.8702
 489.000       0.7206
 490.000       0.6475
 491.000       0.7170
 492.000       0.7307
 493.000       0.6071
 494.000       0.6114
 495.000       0.7392
 496.000       0.7467
 497.000       0.6562
 498.000       0.7436
 499.000       0.9207
 500.000       0.8988
 501.000       0.9656
 502.000       1.0818
 503.000       0.9928
 504.000       0.9463
 505.000       0.9867
 506.000       1.0536
 507.000       1.0558
 508.000       1.1122
 509.000       1.0251
 510.000       0.8877
 511.000       0.9594
 512.000       1.0096
 513.000       0.9722
 514.000       0.9807
 515.000       1.0850
 516.000       1.1695
 517.000       1.1463
 518.000       1.2025
 519.000       1.1912
 520.000       1.3905
 521.000       1.6135
 522.000       1.1467
 523.000       1.1568
 524.000       1.1626
 525.000       1.0427
 526.000       0.9522
 527.000       1.1224
 528.000       1.1496
 529.000       0.8250
 530.000       0.7948
 531.000       0.9656
 532.000       1.0053
 533.000       0.9077
 534.000       0.7931
 535.000       0.8685
 536.000       0.9723
 537.000       0.9239
 538.000       0.8538
 539.000       0.9579
 540.000       1.0698
 541.000       0.9989
 542.000       0.9713
 543.000       1.0641
 544.000       1.0627
 545.000       1.1030
 546.000       1.1417
 547.000       1.1585
 548.000       1.1475
 549.000       1.3412
 550.000       1.5300
 551.000       1.4404
 552.000       1.3938
 553.000       1.3682
 554.000       1.1623
 555.000       1.2119
 556.000       1.0726
 557.000       1.1869
 558.000       1.2163
 559.000       1.1191
 560.000       1.4032
 561.000       1.3560
 562.000       2.1232
 563.000       2.3350
 564.000       2.8965
 565.000       3.0579
 566.000       2.4969
 567.000       2.8115
 568.000       2.4923
 569.000       1.7836
 570.000       1.6858
 571.000       1.3782
 572.000       1.2994
 573.000       1.4370
 574.000       1.2508
 575.000       1.4196
 576.000       1.5848
 577.000       1.5031
 578.000       1.1973
 579.000       1.2945
 580.000       1.4698
 581.000       1.2831
 582.000       1.0705
 583.000       1.2952
 584.000       1.3834
 585.000       1.2059
 586.000       1.2589
 587.000       1.1285
 588.000       0.9220
 589.000       0.9111
 590.000       0.9378
 591.000       0.9959
 592.000       0.9158
 593.000       1.0444
 594.000       1.2596
 595.000       1.2469
 596.000       1.1951
 597.000       1.4233
 598.000       1.6321
 599.000       1.6003
 600.000       1.6410
 601.000       1.9985
 602.000       2.1780
 603.000       2.0994
 604.000       2.3374
 605.000       2.7962
 616.000       1.7501
