#Res        AtomicFlx
   1.000       0.9662
   2.000       0.5843
   3.000       1.1171
   4.000       0.6728
   5.000       1.0316
   6.000       1.2617
   7.000       1.2274
   8.000       1.1705
   9.000       0.8748
  10.000       0.8332
  11.000       0.6824
  12.000       0.7529
  13.000       0.5419
  14.000       0.4959
  15.000       0.6807
  16.000       0.5100
  17.000       0.4852
  18.000       0.5741
  19.000       0.6579
  20.000       0.6107
  21.000       0.9445
  22.000       0.6965
  23.000       0.5889
  24.000       1.1471
  25.000       1.8116
  26.000       1.7387
  27.000       0.6962
  28.000       0.8323
  29.000       1.7404
  30.000       1.0373
  31.000       0.8881
  32.000       1.7829
  33.000       2.1688
  34.000       0.8662
  35.000       1.0407
  36.000       0.9212
  37.000       1.0767
  38.000       1.2508
  39.000       0.8930
  40.000       1.1403
  41.000       1.1816
  42.000       0.6789
  43.000       0.6406
  44.000       1.8032
  45.000       0.8271
  46.000       0.6868
  47.000       0.7891
  48.000       1.1257
  49.000       1.1904
  50.000       0.8311
  51.000       0.5324
  52.000       0.6709
  53.000       0.5652
  54.000       0.7257
  55.000       0.8496
  56.000       0.6078
  57.000       0.8730
  58.000       0.5524
  59.000       0.6626
  60.000       0.6523
  61.000       0.6621
  62.000       0.5445
  63.000       0.8485
  64.000       1.3489
  65.000       0.9002
  66.000       0.9089
  67.000       1.0355
  68.000       0.6205
  69.000       1.0525
  70.000       0.9207
  71.000       0.6845
  72.000       1.0143
  73.000       0.9876
  74.000       2.4765
  75.000       1.6454
  76.000       1.0958
  77.000       1.0567
  78.000       1.2774
  79.000       1.3392
  80.000       1.0102
  81.000       0.6400
  82.000       0.7478
  83.000       0.6392
  84.000       1.1007
  85.000       0.6640
  86.000       1.0818
  87.000       1.0423
  88.000       0.7212
  89.000       0.8730
  90.000       0.6443
  91.000       0.6732
  92.000       0.7533
  93.000       0.7552
  94.000       0.5526
  95.000       0.8411
  96.000       0.9475
  97.000       0.9445
  98.000       0.6007
  99.000       0.6681
 100.000       0.6911
 101.000       0.6979
 102.000       0.5738
 103.000       0.7862
 104.000       0.5845
 105.000       0.8780
 106.000       0.9677
 107.000       0.5832
 108.000       0.6619
 109.000       0.9151
 110.000       0.6897
 111.000       0.6677
 112.000       0.9668
 113.000       0.9832
 114.000       1.7518
 115.000       1.2439
 116.000       0.8514
 117.000       0.9094
 118.000       1.0107
 119.000       1.1531
 120.000       1.8047
 121.000       1.7214
 122.000       1.6643
 123.000       1.0945
 124.000       1.2257
 125.000       1.0285
 126.000       1.2711
 127.000       1.5894
 128.000       2.4874
 129.000       2.5478
 130.000       1.9909
 131.000       2.8956
 132.000       3.6553
 133.000       5.0855
 134.000       4.7255
 135.000       3.7082
 136.000       4.0616
 137.000       3.9708
 138.000       3.1957
 139.000       4.0822
 140.000       4.4540
 141.000       4.1862
 142.000       4.1382
 143.000       4.1179
 144.000       3.9343
 145.000       3.6134
 146.000       2.9802
 147.000       2.5786
 148.000       3.0295
 149.000       2.3488
 150.000       1.7255
 151.000       1.4773
 152.000       1.3101
 153.000       1.6251
 154.000       1.9049
 155.000       1.5163
 156.000       1.9152
 157.000       1.6828
 158.000       2.3867
 159.000       2.2782
 160.000       3.3962
 161.000       3.4212
 162.000       3.3940
 163.000       1.8008
 164.000       1.2746
 165.000       1.0134
 166.000       1.0122
 167.000       1.2560
 168.000       1.0606
 169.000       0.7841
 170.000       0.8913
 171.000       1.5949
 172.000       1.0216
 173.000       1.0265
 174.000       0.7829
 175.000       1.0208
 176.000       1.1622
 177.000       1.2560
 178.000       1.4410
 179.000       2.4878
 180.000       2.5152
 181.000       2.9648
 182.000       2.2764
 183.000       2.2990
 184.000       1.6664
 185.000       1.4084
 186.000       1.6086
 187.000       1.1293
 188.000       0.7695
 189.000       1.2369
 190.000       0.7669
 191.000       0.9056
 192.000       0.9264
 193.000       0.5866
 194.000       0.5594
 195.000       0.6982
 196.000       0.5665
 197.000       0.7495
 198.000       0.5991
 199.000       0.6268
 200.000       0.8212
 201.000       0.9142
 202.000       0.8101
 203.000       0.7077
 204.000       0.9400
 205.000       0.6105
 206.000       0.7201
 207.000       0.9326
 208.000       1.8492
 209.000       0.7985
 210.000       1.1265
 211.000       1.5298
 212.000       0.7800
 213.000       0.8200
 214.000       0.7079
 215.000       1.3293
 216.000       0.8006
 217.000       0.7200
 218.000       1.6410
 219.000       0.9557
 220.000       0.8537
 221.000       0.8811
 222.000       0.8543
 223.000       1.5547
 224.000       0.7662
 225.000       0.9802
 226.000       0.8477
 227.000       0.8329
 228.000       1.0364
 229.000       0.7713
 230.000       0.9780
 231.000       0.8720
 232.000       1.1053
 233.000       0.9484
 234.000       0.9788
 235.000       0.7528
 236.000       1.2173
 237.000       1.0579
 238.000       0.9112
 239.000       1.1870
 240.000       0.7820
 241.000       0.8192
 242.000       1.7575
 243.000       1.0536
 244.000       0.7351
 245.000       0.9952
 246.000       1.2408
 247.000       1.7048
 248.000       0.9727
 249.000       1.2264
 250.000       1.1323
 251.000       1.1157
 252.000       1.5319
 253.000       1.9763
 254.000       1.6534
 255.000       1.2452
 256.000       1.5019
 257.000       1.7469
 258.000       1.3864
 259.000       0.9580
 260.000       1.6653
 261.000       0.7896
 262.000       0.8929
 263.000       0.6675
 264.000       0.7242
 265.000       0.6845
 266.000       0.6936
 267.000       0.7782
 268.000       0.6590
 269.000       1.0357
 270.000       0.6496
 271.000       0.9771
 272.000       0.9562
 273.000       0.7761
 274.000       0.5655
 275.000       0.6349
 276.000       0.7437
 277.000       0.9359
 278.000       0.5889
 279.000       0.5113
 280.000       0.7224
 281.000       0.6230
 282.000       0.5333
 283.000       0.6738
 284.000       0.5963
 285.000       0.5682
 286.000       0.5910
 287.000       0.7277
 288.000       1.4530
 289.000       1.1656
 290.000       1.4511
 291.000       1.2704
 292.000       1.1120
 293.000       0.8041
 294.000       1.1411
 295.000       2.1523
 296.000       0.8458
 297.000       0.6085
 298.000       0.7354
 299.000       0.8897
 300.000       0.6421
 301.000       0.6465
 302.000       1.1366
 303.000       0.6225
 304.000       0.5496
 305.000       0.7346
 306.000       0.6873
 307.000       0.6032
 308.000       0.5599
 309.000       0.8352
 310.000       0.9460
 311.000       0.7413
 312.000       0.6771
 313.000       1.0684
 314.000       0.7880
 315.000       0.8034
 316.000       1.0065
 317.000       0.7434
 318.000       0.9233
 319.000       0.9437
 320.000       0.6793
 321.000       0.7429
 322.000       1.0231
 323.000       0.8553
 324.000       1.0174
 325.000       0.8690
 326.000       1.1423
 327.000       1.0224
 328.000       1.2363
 329.000       1.3136
 330.000       1.0944
 331.000       1.1040
 332.000       1.8327
 333.000       1.1134
 334.000       0.9842
 335.000       1.1726
 336.000       2.3535
 337.000       1.0688
 338.000       1.0427
 339.000       0.8019
 340.000       1.0475
 341.000       0.8049
 342.000       0.7461
 343.000       0.8760
 344.000       0.8397
 345.000       0.9738
 346.000       0.7930
 347.000       1.0168
 348.000       0.8629
 349.000       0.9876
 350.000       1.1309
 351.000       1.1818
 352.000       1.1082
 353.000       1.0281
 354.000       1.2948
 355.000       0.8322
 356.000       0.7751
 357.000       1.1022
 358.000       0.7877
 359.000       0.6848
 360.000       1.0347
 361.000       0.9095
 362.000       0.6433
 363.000       0.6105
 364.000       1.0529
 365.000       0.7916
 366.000       1.0183
 367.000       0.6640
 368.000       0.9189
 369.000       1.0487
 370.000       0.5950
 371.000       0.8206
 372.000       0.5492
 373.000       0.7376
 374.000       0.6059
 375.000       0.6581
 376.000       0.6263
 377.000       0.7590
 378.000       0.7293
 379.000       0.7936
 380.000       0.6009
 381.000       0.9379
 382.000       0.7966
 383.000       0.5680
 384.000       0.6913
 385.000       1.2556
 386.000       0.8977
 387.000       0.8961
 388.000       1.1256
 389.000       1.2648
 390.000       0.9730
 391.000       1.4164
 392.000       1.8627
 393.000       2.5902
 394.000       0.9659
 395.000       1.2792
 396.000       1.3905
 397.000       1.3911
 398.000       0.8766
 399.000       0.8579
 400.000       1.3667
 401.000       0.8182
 402.000       0.6971
 403.000       0.8773
 404.000       0.7040
 405.000       0.8040
 406.000       0.7271
 407.000       0.9347
 408.000       0.7877
 409.000       0.6749
 410.000       1.0554
 411.000       1.2070
 412.000       1.0651
 413.000       0.7186
 414.000       0.9627
 415.000       0.8319
 416.000       0.8369
 417.000       0.7930
 418.000       0.7898
 419.000       0.8348
 420.000       0.8948
 421.000       0.8027
 422.000       1.0644
 423.000       1.2856
 424.000       1.2052
 425.000       1.1692
 426.000       1.1361
 427.000       1.1182
 428.000       1.1876
 429.000       1.0600
 430.000       1.2495
 431.000       1.1921
 432.000       0.8546
 433.000       0.9602
 434.000       1.0136
 435.000       1.4138
 436.000       0.8621
 437.000       1.0252
 438.000       0.7762
 439.000       0.8141
 440.000       0.9392
 441.000       0.7509
 442.000       0.8547
 443.000       0.9885
 444.000       0.9437
 445.000       0.8476
 446.000       0.9179
 447.000       0.8661
 448.000       1.0368
 449.000       0.9148
 450.000       1.2001
 451.000       1.1689
 452.000       1.2226
 453.000       0.9192
 454.000       1.0659
 455.000       1.7192
 456.000       1.1135
 457.000       0.9882
 458.000       0.8582
 459.000       1.3427
 460.000       1.1204
 461.000       0.9574
 462.000       1.2649
 463.000       1.7164
 464.000       1.1329
 465.000       1.2868
 466.000       1.4837
 467.000       2.1067
 468.000       1.4191
 469.000       1.1700
 470.000       1.0208
 471.000       1.3419
 472.000       1.2556
 473.000       1.1245
 474.000       0.9948
 475.000       1.2150
 476.000       0.7687
 477.000       0.7439
 478.000       1.1816
 479.000       1.8383
 480.000       1.0904
 481.000       1.1578
 482.000       1.0188
 483.000       0.9694
 484.000       1.0734
 485.000       1.0363
 486.000       1.7554
 487.000       1.0707
 488.000       0.7716
 489.000       1.0224
 490.000       0.9706
 491.000       1.1211
 492.000       1.1096
 493.000       1.1925
 494.000       1.3953
 495.000       1.4278
 496.000       1.3413
 497.000       2.1999
 498.000       1.9289
 499.000       2.6610
 500.000       2.0168
 501.000       2.9305
 502.000       2.8746
 503.000       3.6227
 504.000       2.1088
 505.000       2.4119
 506.000       1.4550
 507.000       1.4777
 508.000       1.4353
 509.000       2.2886
 510.000       1.2470
 511.000       1.2416
 512.000       1.1986
 513.000       1.4632
 514.000       0.9344
 515.000       1.5179
 516.000       1.4436
 517.000       1.1058
 518.000       0.9356
 519.000       1.3364
 520.000       0.8945
 521.000       0.7383
 522.000       1.0015
 523.000       1.2985
 524.000       1.0146
 525.000       0.8565
 526.000       0.8168
 527.000       1.3969
 528.000       0.9499
 529.000       0.9247
 530.000       1.7083
 531.000       1.6825
 532.000       1.3049
 533.000       1.6758
 534.000       1.8914
 535.000       2.4523
 536.000       1.9596
 537.000       2.6045
 538.000       2.6487
 539.000       3.4063
 540.000       2.9834
 541.000       2.4787
 542.000       2.8148
 543.000       3.0812
 544.000       2.5312
 545.000       2.1328
 546.000       2.6813
 547.000       2.1852
 548.000       1.6486
 549.000       1.9404
 550.000       2.7389
 551.000       2.6977
 552.000       4.4750
 553.000       6.1626
 554.000       5.6544
 555.000       7.7382
 556.000       2.7925
 557.000       3.8183
 558.000       2.4640
 559.000       4.1248
 560.000      52.1863
 561.000       0.4591
 562.000       1.3057
 563.000      51.8343
 564.000      51.1563
 565.000      51.7033
 566.000      50.9931
 567.000      51.3192
 568.000      50.8518
 569.000      51.3818
 570.000      53.1947
 571.000      52.4366
 572.000      51.4915
 573.000      51.6887
 574.000      51.5054
 575.000      51.1761
 576.000      52.3780
 577.000      50.9195
 578.000      51.4837
 579.000      51.0399
 580.000      52.1736
 581.000      49.9876
 582.000      52.9633
 583.000      51.6272
 584.000      51.7276
 585.000      51.5345
 586.000      51.0162
 587.000      52.4903
 588.000      50.8070
 589.000      51.1189
 590.000      51.0028
 591.000      48.8750
 592.000      51.6730
 593.000      51.2515
 594.000      52.2130
 595.000      51.8265
 596.000      50.1104
 597.000      51.1537
 598.000      51.2805
 599.000      51.4759
 600.000      51.1285
 601.000      52.9182
 602.000      49.5082
 603.000      51.5718
 604.000      52.4452
 605.000       0.5792
 606.000      52.4450
 607.000      53.2189
 608.000      53.1405
 609.000      52.8077
 610.000      51.6618
 611.000      52.2261
 612.000      52.8413
 613.000      52.5575
 614.000      52.1831
 615.000      51.8919
 616.000      52.6300
 617.000      22.6131
 618.000      53.1281
 619.000      52.2752
 620.000      52.1930
 621.000      52.8565
 622.000      53.6250
 623.000      53.0824
 624.000      52.8212
 625.000      52.3947
 626.000      53.6563
 627.000      53.2614
 628.000      52.2659
 629.000      53.1719
 630.000      52.7415
 631.000      52.1162
 632.000      53.4559
 633.000      52.9203
 634.000      52.8575
 635.000      52.8875
 636.000      52.0193
 637.000      53.2282
 638.000      52.7500
 639.000      52.5729
 640.000      53.1482
 641.000      53.9106
 642.000      53.2000
 643.000      52.8859
 644.000      52.7484
 645.000      52.9117
 646.000      52.9836
 647.000      52.7253
 648.000      52.3597
 649.000      52.7734
 650.000      52.8784
 651.000      53.4136
