#Res        AtomicFlx
   1.000       4.6280
   2.000       3.6710
   3.000       3.9676
   4.000       1.7946
   5.000       2.0846
   6.000       1.8082
   7.000       1.4927
   8.000       1.5055
   9.000       1.4756
  10.000       0.9629
  11.000       0.8728
  12.000       1.2293
  13.000       0.8391
  14.000       0.6578
  15.000       0.7646
  16.000       0.6660
  17.000       0.8286
  18.000       0.6736
  19.000       0.7062
  20.000       0.5920
  21.000       0.9045
  22.000       0.7301
  23.000       0.6439
  24.000       1.2135
  25.000       1.1802
  26.000       1.5045
  27.000       0.6988
  28.000       0.8326
  29.000       1.7345
  30.000       1.0979
  31.000       1.1083
  32.000       2.4063
  33.000       2.0891
  34.000       0.8912
  35.000       1.0453
  36.000       0.9341
  37.000       1.0141
  38.000       1.1741
  39.000       0.9456
  40.000       1.0755
  41.000       1.2849
  42.000       0.7694
  43.000       0.6547
  44.000       1.9331
  45.000       0.8993
  46.000       0.7017
  47.000       0.7697
  48.000       1.1354
  49.000       1.1256
  50.000       0.8063
  51.000       0.5518
  52.000       0.6724
  53.000       0.6219
  54.000       1.0029
  55.000       0.8280
  56.000       0.9783
  57.000       1.0356
  58.000       1.1204
  59.000       1.0643
  60.000       0.8103
  61.000       1.0429
  62.000       0.6750
  63.000       0.9763
  64.000       1.6997
  65.000       1.3817
  66.000       1.0225
  67.000       1.2182
  68.000       0.7897
  69.000       0.9058
  70.000       1.1084
  71.000       0.8353
  72.000       1.1090
  73.000       1.0555
  74.000       2.2234
  75.000       1.9980
  76.000       1.3490
  77.000       1.5807
  78.000       1.3096
  79.000       1.6055
  80.000       0.8775
  81.000       0.6858
  82.000       0.8082
  83.000       0.6624
  84.000       1.0728
  85.000       0.6859
  86.000       1.0274
  87.000       1.0205
  88.000       0.8339
  89.000       0.8691
  90.000       0.6416
  91.000       0.7413
  92.000       0.9231
  93.000       0.7666
  94.000       0.6086
  95.000       1.0385
  96.000       1.1274
  97.000       0.8668
  98.000       0.7545
  99.000       0.8053
 100.000       0.7498
 101.000       0.7696
 102.000       0.8548
 103.000       0.7955
 104.000       0.5999
 105.000       0.8671
 106.000       0.6804
 107.000       0.6656
 108.000       0.6602
 109.000       1.0214
 110.000       0.7418
 111.000       0.8164
 112.000       1.0702
 113.000       1.3684
 114.000       2.2855
 115.000       1.6402
 116.000       1.1402
 117.000       1.1130
 118.000       0.8585
 119.000       1.1250
 120.000       2.4582
 121.000       1.5923
 122.000       2.8138
 123.000       3.1564
 124.000       4.5603
 125.000       6.6748
 126.000       6.6247
 127.000       5.1462
 128.000       5.6905
 129.000       4.0902
 130.000       2.1740
 131.000       3.3664
 132.000       2.7358
 133.000       3.3358
 134.000       2.7532
 135.000       2.7254
 136.000       2.7305
 137.000       3.4991
 138.000       2.8553
 139.000       2.4239
 140.000       3.3928
 141.000       3.6445
 142.000       2.5703
 143.000       2.4364
 144.000       2.8937
 145.000       2.1096
 146.000       1.5698
 147.000       1.2386
 148.000       1.1372
 149.000       1.1429
 150.000       1.2154
 151.000       0.9701
 152.000       1.1042
 153.000       1.3341
 154.000       1.5641
 155.000       1.1433
 156.000       1.4320
 157.000       1.1801
 158.000       1.9276
 159.000       1.7527
 160.000       2.4680
 161.000       2.7027
 162.000       2.4642
 163.000       1.2796
 164.000       0.9424
 165.000       0.8525
 166.000       0.9153
 167.000       1.0977
 168.000       1.1315
 169.000       0.7796
 170.000       0.9185
 171.000       1.6012
 172.000       1.2870
 173.000       0.8257
 174.000       0.8161
 175.000       0.9043
 176.000       1.2241
 177.000       1.2217
 178.000       1.5172
 179.000       1.8955
 180.000       1.6218
 181.000       1.2588
 182.000       1.3144
 183.000       2.3818
 184.000       1.9417
 185.000       1.0659
 186.000       1.4450
 187.000       0.9670
 188.000       0.8445
 189.000       1.2036
 190.000       0.7816
 191.000       0.8301
 192.000       0.8790
 193.000       0.6337
 194.000       0.6239
 195.000       0.7689
 196.000       0.6312
 197.000       0.8003
 198.000       0.6689
 199.000       0.6271
 200.000       0.9555
 201.000       0.7915
 202.000       0.8978
 203.000       0.7299
 204.000       1.0068
 205.000       0.9460
 206.000       0.9643
 207.000       1.0427
 208.000       1.6852
 209.000       0.8567
 210.000       1.3279
 211.000       1.7004
 212.000       0.8100
 213.000       0.8414
 214.000       0.8170
 215.000       1.3682
 216.000       0.8912
 217.000       0.8208
 218.000       1.2900
 219.000       1.0853
 220.000       0.7225
 221.000       0.8553
 222.000       0.8265
 223.000       1.2369
 224.000       0.7673
 225.000       0.6362
 226.000       0.8241
 227.000       0.8330
 228.000       0.8880
 229.000       0.6757
 230.000       1.0779
 231.000       0.9963
 232.000       1.1018
 233.000       0.9191
 234.000       1.4132
 235.000       0.8420
 236.000       1.2511
 237.000       1.1949
 238.000       0.9222
 239.000       1.1005
 240.000       0.6937
 241.000       0.7665
 242.000       1.8044
 243.000       1.0948
 244.000       0.6691
 245.000       0.9056
 246.000       1.2738
 247.000       2.2837
 248.000       0.8617
 249.000       1.0264
 250.000       1.0360
 251.000       1.0798
 252.000       1.4247
 253.000       2.4630
 254.000       1.7374
 255.000       1.5626
 256.000       1.6334
 257.000       1.8062
 258.000       1.5787
 259.000       1.0489
 260.000       1.7531
 261.000       0.9104
 262.000       0.8738
 263.000       0.6863
 264.000       0.8594
 265.000       0.6910
 266.000       0.6753
 267.000       0.7199
 268.000       0.6084
 269.000       0.9332
 270.000       0.6873
 271.000       1.0946
 272.000       0.5861
 273.000       1.0464
 274.000       0.8865
 275.000       1.2639
 276.000       1.0324
 277.000       0.7791
 278.000       0.6869
 279.000       0.5919
 280.000       0.8103
 281.000       0.8145
 282.000       0.6871
 283.000       1.0437
 284.000       0.7507
 285.000       0.8578
 286.000       1.2211
 287.000       1.1469
 288.000       1.8373
 289.000       1.6343
 290.000       2.1796
 291.000       1.7687
 292.000       1.5044
 293.000       1.4219
 294.000       1.4592
 295.000       2.2921
 296.000       1.0026
 297.000       0.7774
 298.000       0.7847
 299.000       0.9572
 300.000       0.7076
 301.000       0.5892
 302.000       1.1545
 303.000       0.6633
 304.000       0.5811
 305.000       0.7968
 306.000       0.6873
 307.000       0.6144
 308.000       0.5337
 309.000       0.7518
 310.000       0.9156
 311.000       0.6592
 312.000       0.5817
 313.000       1.0401
 314.000       0.7360
 315.000       0.7160
 316.000       0.7985
 317.000       0.6723
 318.000       0.8450
 319.000       0.9653
 320.000       0.5865
 321.000       0.6834
 322.000       0.8919
 323.000       0.7423
 324.000       0.9091
 325.000       0.7448
 326.000       0.9394
 327.000       0.8577
 328.000       1.1379
 329.000       1.2478
 330.000       1.0213
 331.000       1.0460
 332.000       2.2023
 333.000       1.0841
 334.000       0.8825
 335.000       1.1209
 336.000       1.8959
 337.000       1.0275
 338.000       0.9307
 339.000       0.7629
 340.000       0.9703
 341.000       0.7580
 342.000       0.7147
 343.000       0.7541
 344.000       0.7381
 345.000       0.6909
 346.000       0.7300
 347.000       0.9609
 348.000       0.7675
 349.000       0.8873
 350.000       1.0336
 351.000       1.1052
 352.000       0.9893
 353.000       1.0481
 354.000       1.3071
 355.000       1.5419
 356.000       1.0200
 357.000       1.0467
 358.000       0.8760
 359.000       0.7177
 360.000       0.9445
 361.000       1.0313
 362.000       0.6384
 363.000       0.6493
 364.000       1.0013
 365.000       0.8746
 366.000       1.0229
 367.000       0.7644
 368.000       0.7636
 369.000       1.0187
 370.000       0.6129
 371.000       0.9377
 372.000       0.6209
 373.000       0.7788
 374.000       0.7090
 375.000       1.1730
 376.000       0.6878
 377.000       0.7751
 378.000       0.7031
 379.000       0.9808
 380.000       0.6596
 381.000       0.8035
 382.000       0.7622
 383.000       1.0192
 384.000       0.8136
 385.000       0.8980
 386.000       0.9532
 387.000       1.2821
 388.000       1.1615
 389.000       1.2961
 390.000       1.3481
 391.000       2.7631
 392.000       2.6549
 393.000       2.1842
 394.000       1.2662
 395.000       1.7512
 396.000       1.8335
 397.000       1.3113
 398.000       1.3708
 399.000       1.0766
 400.000       1.3317
 401.000       0.9134
 402.000       0.7365
 403.000       0.9008
 404.000       0.7142
 405.000       0.7712
 406.000       0.6937
 407.000       0.8331
 408.000       0.7633
 409.000       0.6502
 410.000       1.0240
 411.000       1.1868
 412.000       1.1284
 413.000       0.7028
 414.000       0.9546
 415.000       0.8231
 416.000       0.8936
 417.000       0.8970
 418.000       0.7992
 419.000       1.0392
 420.000       0.8162
 421.000       0.6759
 422.000       0.8939
 423.000       0.8473
 424.000       1.1389
 425.000       0.9200
 426.000       1.3063
 427.000       1.1043
 428.000       1.2808
 429.000       1.1370
 430.000       1.3148
 431.000       1.4283
 432.000       1.3792
 433.000       1.5899
 434.000       1.6341
 435.000       1.9739
 436.000       0.9578
 437.000       0.8454
 438.000       0.9725
 439.000       0.8947
 440.000       0.9360
 441.000       0.6940
 442.000       0.9951
 443.000       1.0949
 444.000       1.1318
 445.000       0.8794
 446.000       1.0285
 447.000       0.9696
 448.000       1.1273
 449.000       1.1491
 450.000       1.3706
 451.000       1.2509
 452.000       1.1043
 453.000       1.0214
 454.000       1.8617
 455.000       2.2963
 456.000       1.2614
 457.000       1.2387
 458.000       1.3328
 459.000       1.5001
 460.000       1.3685
 461.000       1.3860
 462.000       1.3487
 463.000       1.9926
 464.000       1.4822
 465.000       1.4854
 466.000       1.2950
 467.000       1.6796
 468.000       1.1896
 469.000       1.2331
 470.000       1.2268
 471.000       1.3726
 472.000       1.3915
 473.000       1.2522
 474.000       1.4992
 475.000       1.1834
 476.000       0.7813
 477.000       0.8330
 478.000       1.2396
 479.000       1.1458
 480.000       0.9677
 481.000       0.9165
 482.000       0.9350
 483.000       0.8801
 484.000       0.9011
 485.000       1.0981
 486.000       1.5788
 487.000       1.0361
 488.000       0.9521
 489.000       1.0805
 490.000       0.9766
 491.000       1.3613
 492.000       1.0122
 493.000       1.0625
 494.000       1.3058
 495.000       1.4789
 496.000       1.2333
 497.000       1.9706
 498.000       1.3356
 499.000       1.6087
 500.000       1.5837
 501.000       1.7787
 502.000       2.3021
 503.000       2.5816
 504.000       2.1411
 505.000       2.0406
 506.000       1.1659
 507.000       1.3925
 508.000       1.5412
 509.000       1.5465
 510.000       1.1055
 511.000       1.3261
 512.000       1.2300
 513.000       1.2257
 514.000       0.8803
 515.000       1.5126
 516.000       1.2869
 517.000       1.3725
 518.000       0.9833
 519.000       1.3180
 520.000       1.1551
 521.000       1.0874
 522.000       1.0695
 523.000       1.2818
 524.000       1.0032
 525.000       1.0005
 526.000       0.8598
 527.000       1.3893
 528.000       1.0460
 529.000       1.0707
 530.000       1.7996
 531.000       1.8777
 532.000       1.7406
 533.000       1.9189
 534.000       2.0377
 535.000       2.5054
 536.000       2.2147
 537.000       3.2164
 538.000       3.1533
 539.000       3.8040
 540.000       3.6273
 541.000       3.1871
 542.000       3.6926
 543.000       3.5618
 544.000       2.8118
 545.000       2.9076
 546.000       3.8317
 547.000       3.0143
 548.000       2.6579
 549.000       3.4614
 550.000       4.4268
 551.000       5.2909
 552.000       5.3934
 553.000       7.7993
 554.000       5.8711
 555.000       8.2979
 556.000       1.9765
 557.000       3.0789
 558.000       1.5724
 559.000       3.0364
 560.000      51.3697
 561.000       0.6663
 562.000       0.5419
 563.000      52.2732
 564.000      51.9609
 565.000      52.8256
 566.000      51.8949
 567.000      51.7628
 568.000      52.0526
 569.000      52.6020
 570.000      51.3837
 571.000      52.0982
 572.000      52.0931
 573.000      52.5109
 574.000      51.1843
 575.000      51.4225
 576.000      51.8328
 577.000      50.2451
 578.000      51.7544
 579.000      52.0635
 580.000      51.4349
 581.000      51.5340
 582.000      51.2411
 583.000      51.2891
 584.000      52.7113
 585.000      51.8399
 586.000      50.7155
 587.000      52.0759
 588.000      52.4860
 589.000      52.1973
 590.000      51.7994
 591.000      52.1918
 592.000      51.7143
 593.000      50.9551
 594.000      51.1963
 595.000      52.7978
 596.000      51.1949
 597.000      52.4625
 598.000      51.4097
 599.000      52.6316
 600.000      51.7404
 601.000      52.1386
 602.000      51.6006
 603.000      51.0674
 604.000      51.8348
 605.000       0.6281
 606.000      52.8743
 607.000      53.0937
 608.000      53.2579
 609.000      53.0201
 610.000      52.0755
 611.000      52.3576
 612.000      52.3608
 613.000      53.2118
 614.000      52.4714
 615.000      52.5360
 616.000      52.6130
 617.000      52.8036
 618.000      53.0049
 619.000      52.2463
 620.000      52.4335
 621.000      52.5161
 622.000      52.7375
 623.000      53.0126
 624.000      53.0693
 625.000      52.9112
 626.000      52.6084
 627.000      52.7722
 628.000      53.0515
 629.000      52.4149
 630.000      52.5474
 631.000      52.4979
 632.000      53.0558
 633.000      52.7932
 634.000      52.3513
 635.000      52.5544
 636.000      53.0624
 637.000      53.1037
 638.000      53.3877
 639.000      51.9806
 640.000      52.9263
 641.000      53.4484
 642.000      53.2528
 643.000      53.2709
 644.000      52.7849
 645.000      52.8769
 646.000      52.9738
 647.000      52.9570
 648.000      52.6505
 649.000      52.4403
 650.000      52.8811
 651.000      52.9049
