#Res        AtomicFlx
   1.000       2.9508
   2.000       2.2775
   3.000       3.1287
   4.000       2.5282
   5.000       1.8165
   6.000       1.6705
   7.000       1.5208
   8.000       1.4697
   9.000       1.2547
  10.000       1.1308
  11.000       0.9086
  12.000       1.0956
  13.000       0.8245
  14.000       0.6228
  15.000       0.7654
  16.000       0.6472
  17.000       0.6487
  18.000       0.6260
  19.000       0.6879
  20.000       0.5967
  21.000       0.8334
  22.000       0.6612
  23.000       0.6068
  24.000       1.0757
  25.000       1.1165
  26.000       1.8179
  27.000       0.7015
  28.000       0.7304
  29.000       1.5175
  30.000       1.0202
  31.000       0.9334
  32.000       1.7852
  33.000       2.1643
  34.000       0.8468
  35.000       0.9877
  36.000       0.9255
  37.000       1.0983
  38.000       1.2457
  39.000       0.9503
  40.000       1.0735
  41.000       1.1885
  42.000       0.7773
  43.000       0.7160
  44.000       1.7594
  45.000       0.9108
  46.000       0.7759
  47.000       0.8739
  48.000       1.1605
  49.000       1.2300
  50.000       1.0796
  51.000       0.6671
  52.000       0.7731
  53.000       0.7426
  54.000       1.1730
  55.000       1.0078
  56.000       0.7945
  57.000       1.1417
  58.000       1.1734
  59.000       1.1068
  60.000       0.8004
  61.000       1.1053
  62.000       0.7151
  63.000       0.9634
  64.000       1.2606
  65.000       1.0320
  66.000       1.1270
  67.000       1.3017
  68.000       0.8879
  69.000       1.0797
  70.000       1.3112
  71.000       1.0137
  72.000       1.0583
  73.000       1.1606
  74.000       2.4041
  75.000       1.6014
  76.000       1.2652
  77.000       1.4287
  78.000       1.2429
  79.000       1.8110
  80.000       1.1288
  81.000       0.6439
  82.000       0.8343
  83.000       0.7016
  84.000       0.9898
  85.000       0.6309
  86.000       1.2094
  87.000       1.1208
  88.000       0.8017
  89.000       1.0975
  90.000       0.9628
  91.000       0.8856
  92.000       0.9692
  93.000       0.9489
  94.000       0.7199
  95.000       1.1098
  96.000       0.9967
  97.000       1.0669
  98.000       1.0488
  99.000       0.7408
 100.000       0.7874
 101.000       0.8680
 102.000       0.6730
 103.000       0.8955
 104.000       0.6796
 105.000       0.9518
 106.000       1.0440
 107.000       1.0026
 108.000       0.9300
 109.000       0.9590
 110.000       0.8822
 111.000       0.8019
 112.000       1.0826
 113.000       1.1866
 114.000       1.8841
 115.000       1.4536
 116.000       1.0366
 117.000       0.9123
 118.000       0.9501
 119.000       1.2599
 120.000       1.7714
 121.000       1.4494
 122.000       1.7488
 123.000       1.1388
 124.000       1.2806
 125.000       1.0464
 126.000       1.0944
 127.000       2.0937
 128.000       3.4140
 129.000       2.5289
 130.000       1.9538
 131.000       3.0071
 132.000       3.1961
 133.000       4.1288
 134.000       4.5585
 135.000       3.7841
 136.000       4.3850
 137.000       4.7991
 138.000       5.5834
 139.000       5.4461
 140.000       5.0223
 141.000       4.3828
 142.000       3.6854
 143.000       3.4586
 144.000       3.1924
 145.000       3.4665
 146.000       3.2002
 147.000       2.6314
 148.000       3.1009
 149.000       2.9501
 150.000       2.5893
 151.000       2.5447
 152.000       2.9629
 153.000       2.8352
 154.000       3.0701
 155.000       3.2455
 156.000       3.6017
 157.000       2.7929
 158.000       3.5228
 159.000       4.3716
 160.000       3.9076
 161.000       3.9139
 162.000       3.6052
 163.000       1.8353
 164.000       0.9124
 165.000       0.9157
 166.000       0.9111
 167.000       1.0788
 168.000       1.0053
 169.000       0.8567
 170.000       0.8063
 171.000       1.4403
 172.000       0.9873
 173.000       1.1353
 174.000       0.8376
 175.000       0.8481
 176.000       1.1534
 177.000       1.1261
 178.000       1.2808
 179.000       1.5391
 180.000       1.7202
 181.000       1.0828
 182.000       1.2604
 183.000       1.6239
 184.000       2.0102
 185.000       1.0852
 186.000       1.6390
 187.000       1.6422
 188.000       0.9569
 189.000       1.2956
 190.000       0.9077
 191.000       1.1608
 192.000       1.0916
 193.000       0.7223
 194.000       0.6745
 195.000       0.8281
 196.000       0.6931
 197.000       0.8773
 198.000       0.8158
 199.000       0.7706
 200.000       0.9920
 201.000       1.0064
 202.000       0.9782
 203.000       0.8655
 204.000       1.1339
 205.000       1.1669
 206.000       0.9901
 207.000       1.2618
 208.000       1.7086
 209.000       0.9060
 210.000       1.3583
 211.000       1.8461
 212.000       1.0559
 213.000       1.0733
 214.000       0.9962
 215.000       1.4932
 216.000       1.1756
 217.000       1.2976
 218.000       1.5581
 219.000       1.0870
 220.000       1.2856
 221.000       1.4545
 222.000       1.1262
 223.000       1.2869
 224.000       0.8000
 225.000       0.8766
 226.000       0.8961
 227.000       0.8106
 228.000       0.7587
 229.000       0.7353
 230.000       1.0711
 231.000       0.8583
 232.000       1.0746
 233.000       0.9546
 234.000       1.0181
 235.000       0.7631
 236.000       1.1828
 237.000       1.1619
 238.000       1.0311
 239.000       1.3958
 240.000       0.8814
 241.000       0.8512
 242.000       1.4915
 243.000       1.1206
 244.000       0.7840
 245.000       1.0675
 246.000       1.2943
 247.000       1.8554
 248.000       0.9040
 249.000       1.1481
 250.000       1.0862
 251.000       1.1309
 252.000       1.5083
 253.000       2.2385
 254.000       1.6471
 255.000       1.6012
 256.000       1.5352
 257.000       1.7773
 258.000       1.5812
 259.000       1.0303
 260.000       1.7357
 261.000       0.8601
 262.000       0.8217
 263.000       0.6664
 264.000       0.8712
 265.000       0.6720
 266.000       0.6755
 267.000       0.7559
 268.000       0.6265
 269.000       0.9052
 270.000       0.6956
 271.000       1.0344
 272.000       0.7598
 273.000       0.9265
 274.000       0.7317
 275.000       1.1474
 276.000       0.8965
 277.000       0.7775
 278.000       0.7017
 279.000       0.6525
 280.000       1.0214
 281.000       0.7826
 282.000       0.6829
 283.000       1.0085
 284.000       0.8509
 285.000       0.8162
 286.000       1.4077
 287.000       1.1353
 288.000       1.6275
 289.000       2.0671
 290.000       2.1284
 291.000       1.3249
 292.000       1.4119
 293.000       0.9474
 294.000       0.9404
 295.000       1.9446
 296.000       0.9358
 297.000       0.7088
 298.000       0.7601
 299.000       0.9586
 300.000       0.7243
 301.000       0.6143
 302.000       1.1347
 303.000       0.6942
 304.000       0.6157
 305.000       0.8558
 306.000       0.6715
 307.000       0.6194
 308.000       0.5413
 309.000       0.7349
 310.000       0.9128
 311.000       0.6459
 312.000       0.5663
 313.000       0.9973
 314.000       0.7200
 315.000       0.7047
 316.000       0.6976
 317.000       0.6870
 318.000       0.8842
 319.000       0.9474
 320.000       0.7457
 321.000       0.9742
 322.000       1.2326
 323.000       1.0446
 324.000       1.3121
 325.000       1.8183
 326.000       1.8157
 327.000       1.5140
 328.000       1.5215
 329.000       1.6111
 330.000       1.1650
 331.000       1.2119
 332.000       2.2147
 333.000       1.1936
 334.000       0.9432
 335.000       1.1499
 336.000       2.1891
 337.000       0.9898
 338.000       0.9301
 339.000       0.7768
 340.000       0.8970
 341.000       0.7860
 342.000       0.7325
 343.000       0.8585
 344.000       0.9101
 345.000       0.7019
 346.000       0.8920
 347.000       1.3418
 348.000       1.0115
 349.000       1.1320
 350.000       1.3176
 351.000       1.5463
 352.000       1.4109
 353.000       1.2701
 354.000       1.4409
 355.000       1.1471
 356.000       0.9548
 357.000       1.3760
 358.000       0.9176
 359.000       0.7763
 360.000       1.1294
 361.000       1.0685
 362.000       0.6649
 363.000       0.7050
 364.000       1.0231
 365.000       0.8047
 366.000       1.0554
 367.000       0.6959
 368.000       0.9597
 369.000       0.8879
 370.000       0.6308
 371.000       0.9606
 372.000       0.7889
 373.000       1.0308
 374.000       0.9264
 375.000       1.1581
 376.000       0.9535
 377.000       1.0659
 378.000       0.8841
 379.000       0.9724
 380.000       0.6788
 381.000       0.9176
 382.000       0.8341
 383.000       0.9018
 384.000       0.8337
 385.000       1.0000
 386.000       1.0139
 387.000       1.1666
 388.000       1.2169
 389.000       1.4216
 390.000       1.6305
 391.000       2.9773
 392.000       2.8939
 393.000       2.1967
 394.000       1.4325
 395.000       1.7627
 396.000       2.0542
 397.000       1.6664
 398.000       1.5258
 399.000       1.2529
 400.000       2.4263
 401.000       0.9717
 402.000       0.8696
 403.000       1.0136
 404.000       0.7659
 405.000       0.8212
 406.000       0.7851
 407.000       0.8815
 408.000       0.7735
 409.000       0.6695
 410.000       1.0229
 411.000       1.0943
 412.000       1.1877
 413.000       0.6663
 414.000       0.9078
 415.000       0.8075
 416.000       0.9882
 417.000       0.8195
 418.000       0.6791
 419.000       0.8181
 420.000       0.7875
 421.000       0.6733
 422.000       0.9207
 423.000       1.0696
 424.000       0.8108
 425.000       0.9960
 426.000       1.1338
 427.000       1.0998
 428.000       1.2119
 429.000       1.0592
 430.000       1.4507
 431.000       1.3263
 432.000       1.6373
 433.000       1.9072
 434.000       1.8469
 435.000       1.9703
 436.000       0.9189
 437.000       0.8182
 438.000       0.9870
 439.000       0.9617
 440.000       1.0572
 441.000       0.9072
 442.000       1.0674
 443.000       1.1382
 444.000       1.2492
 445.000       1.1040
 446.000       1.0141
 447.000       0.9260
 448.000       1.1897
 449.000       1.6302
 450.000       1.4524
 451.000       1.3316
 452.000       1.6519
 453.000       1.2771
 454.000       1.8880
 455.000       2.3726
 456.000       1.5587
 457.000       1.4835
 458.000       1.3532
 459.000       1.6413
 460.000       1.7218
 461.000       1.5483
 462.000       1.6978
 463.000       2.4869
 464.000       2.5367
 465.000       2.3933
 466.000       1.9932
 467.000       2.5747
 468.000       1.4914
 469.000       1.5192
 470.000       1.5352
 471.000       1.5070
 472.000       1.4569
 473.000       1.1790
 474.000       1.4226
 475.000       1.2976
 476.000       0.8505
 477.000       1.1125
 478.000       1.2198
 479.000       1.3024
 480.000       0.9912
 481.000       1.0722
 482.000       1.0477
 483.000       0.9117
 484.000       1.0974
 485.000       1.1071
 486.000       1.7473
 487.000       1.0731
 488.000       0.8482
 489.000       1.0511
 490.000       0.9559
 491.000       1.1392
 492.000       1.0352
 493.000       1.1255
 494.000       1.2723
 495.000       1.3212
 496.000       1.3639
 497.000       1.9252
 498.000       1.2493
 499.000       1.2816
 500.000       1.2734
 501.000       1.3444
 502.000       1.8559
 503.000       2.6554
 504.000       1.4507
 505.000       1.7775
 506.000       1.1742
 507.000       1.0456
 508.000       1.0922
 509.000       1.0834
 510.000       0.8939
 511.000       1.0428
 512.000       0.9736
 513.000       1.0529
 514.000       0.7992
 515.000       1.4368
 516.000       1.2147
 517.000       1.2301
 518.000       1.0005
 519.000       1.4286
 520.000       0.7427
 521.000       0.7121
 522.000       0.9733
 523.000       1.1807
 524.000       0.8180
 525.000       0.8786
 526.000       0.8047
 527.000       1.2847
 528.000       1.1468
 529.000       0.8662
 530.000       1.6890
 531.000       1.3584
 532.000       1.5607
 533.000       1.5141
 534.000       1.5786
 535.000       2.1916
 536.000       1.5768
 537.000       2.1986
 538.000       2.0738
 539.000       2.8024
 540.000       2.3732
 541.000       2.0252
 542.000       2.2611
 543.000       2.3993
 544.000       1.7724
 545.000       1.8518
 546.000       2.2270
 547.000       1.8151
 548.000       1.4252
 549.000       1.7693
 550.000       2.3831
 551.000       2.3933
 552.000       8.6945
 553.000      12.0161
 554.000       7.4394
 555.000      10.0155
 556.000       2.9571
 557.000       3.1256
 558.000       4.7548
 559.000       7.1228
 560.000      52.1039
 561.000       0.5797
 562.000       1.4884
 563.000      52.3698
 564.000      52.2583
 565.000      50.7721
 566.000      52.6627
 567.000      51.6535
 568.000      52.5209
 569.000      50.7192
 570.000      51.0275
 571.000      50.3236
 572.000      51.6170
 573.000      51.2013
 574.000      52.5653
 575.000      51.4243
 576.000      52.2045
 577.000      51.6328
 578.000      52.3732
 579.000      50.5675
 580.000      53.4332
 581.000      51.2744
 582.000      51.5657
 583.000      52.3041
 584.000      51.2073
 585.000      51.0387
 586.000      51.2289
 587.000      50.8914
 588.000      52.0235
 589.000      52.7427
 590.000      51.3593
 591.000      50.3219
 592.000      51.3147
 593.000      50.0298
 594.000      52.1686
 595.000      50.9157
 596.000      51.6350
 597.000      51.5471
 598.000      53.2683
 599.000      52.3034
 600.000      50.9329
 601.000      51.5599
 602.000      52.2158
 603.000      49.9029
 604.000      51.3207
 605.000       0.6282
 606.000      53.5662
 607.000      52.3099
 608.000      52.5895
 609.000      52.6591
 610.000      53.0492
 611.000      52.9122
 612.000      53.3201
 613.000      52.0057
 614.000      53.0755
 615.000      52.9528
 616.000      52.1841
 617.000      52.5624
 618.000      53.3152
 619.000      53.2914
 620.000      52.8507
 621.000      52.5009
 622.000      52.9497
 623.000      53.0188
 624.000      53.0572
 625.000      52.9501
 626.000      52.8736
 627.000      51.7969
 628.000      52.9122
 629.000      51.9243
 630.000      52.4431
 631.000      53.0301
 632.000      52.9735
 633.000      53.7609
 634.000      52.7176
 635.000      52.9176
 636.000      53.3248
 637.000      52.8318
 638.000      52.8202
 639.000      52.6640
 640.000      52.5275
 641.000      52.8863
 642.000      52.0523
 643.000      52.7225
 644.000      52.8852
 645.000      22.9522
 646.000      53.2273
 647.000      52.8295
 648.000      52.1973
 649.000      52.6467
 650.000      53.2996
 651.000      53.3827
