#Res        AtomicFlx
   1.000       3.5077
   2.000       1.4985
   3.000       1.4590
   4.000       0.9446
   5.000       1.3090
   6.000       1.5095
   7.000       1.3650
   8.000       1.3548
   9.000       1.0436
  10.000       0.7891
  11.000       0.8110
  12.000       1.1117
  13.000       0.7173
  14.000       0.6219
  15.000       0.7384
  16.000       0.6255
  17.000       0.6204
  18.000       0.6315
  19.000       0.6641
  20.000       0.5325
  21.000       0.7501
  22.000       0.6118
  23.000       0.5671
  24.000       0.9531
  25.000       0.8973
  26.000       1.5158
  27.000       0.6492
  28.000       0.6310
  29.000       1.0588
  30.000       0.9104
  31.000       0.6766
  32.000       1.1325
  33.000       2.0003
  34.000       0.7666
  35.000       0.8545
  36.000       0.8614
  37.000       1.1252
  38.000       1.1980
  39.000       0.8543
  40.000       1.0610
  41.000       1.6275
  42.000       0.8470
  43.000       0.7473
  44.000       1.9444
  45.000       0.9991
  46.000       0.8635
  47.000       0.9204
  48.000       1.2468
  49.000       1.3082
  50.000       1.0790
  51.000       0.6635
  52.000       0.7784
  53.000       0.7193
  54.000       1.0299
  55.000       0.9718
  56.000       0.9929
  57.000       1.0041
  58.000       0.9257
  59.000       0.9007
  60.000       0.7816
  61.000       0.9752
  62.000       0.6991
  63.000       0.9573
  64.000       1.6174
  65.000       1.1769
  66.000       1.1867
  67.000       1.2440
  68.000       0.8824
  69.000       0.9580
  70.000       1.1558
  71.000       0.7939
  72.000       0.8273
  73.000       1.0454
  74.000       2.9786
  75.000       3.0312
  76.000       1.7380
  77.000       2.1616
  78.000       1.6930
  79.000       1.7447
  80.000       1.0405
  81.000       0.7107
  82.000       0.8358
  83.000       0.7025
  84.000       0.9521
  85.000       0.6681
  86.000       1.0435
  87.000       1.1440
  88.000       0.8176
  89.000       1.0912
  90.000       1.0086
  91.000       1.0513
  92.000       0.9320
  93.000       1.0303
  94.000       0.7557
  95.000       1.1537
  96.000       0.9940
  97.000       0.9972
  98.000       0.7950
  99.000       0.7466
 100.000       0.7086
 101.000       0.8885
 102.000       0.6036
 103.000       0.8008
 104.000       0.5989
 105.000       0.6122
 106.000       0.7316
 107.000       0.8551
 108.000       0.6925
 109.000       1.0054
 110.000       0.7293
 111.000       0.7571
 112.000       0.9933
 113.000       0.9641
 114.000       1.7459
 115.000       1.1929
 116.000       0.8662
 117.000       0.8461
 118.000       0.8127
 119.000       0.9168
 120.000       1.0973
 121.000       1.2352
 122.000       1.6615
 123.000       1.1546
 124.000       1.3276
 125.000       1.0410
 126.000       1.1525
 127.000       2.0690
 128.000       2.9273
 129.000       2.4063
 130.000       1.9143
 131.000       3.0059
 132.000       2.5065
 133.000       2.4134
 134.000       1.8168
 135.000       2.2019
 136.000       2.7570
 137.000       3.1876
 138.000       2.7061
 139.000       2.9962
 140.000       4.1374
 141.000       4.0073
 142.000       4.4217
 143.000       5.5966
 144.000       6.1240
 145.000       6.6955
 146.000       5.5814
 147.000       4.5958
 148.000       6.8518
 149.000       5.5910
 150.000       3.8459
 151.000       2.8951
 152.000       3.7892
 153.000       4.4549
 154.000       5.1782
 155.000       5.5776
 156.000       4.9901
 157.000       4.6481
 158.000       5.0471
 159.000       3.5519
 160.000       4.5011
 161.000       3.4439
 162.000       2.9515
 163.000       1.3435
 164.000       0.8315
 165.000       0.8033
 166.000       0.7835
 167.000       1.1201
 168.000       1.0345
 169.000       0.7848
 170.000       0.8755
 171.000       1.5106
 172.000       1.2895
 173.000       1.3783
 174.000       1.1736
 175.000       1.2736
 176.000       1.2231
 177.000       1.7333
 178.000       1.5649
 179.000       2.0761
 180.000       2.1194
 181.000       1.6093
 182.000       1.7720
 183.000       1.8544
 184.000       1.7139
 185.000       1.8700
 186.000       1.8277
 187.000       1.2945
 188.000       1.3790
 189.000       1.4272
 190.000       0.9690
 191.000       1.1025
 192.000       0.9624
 193.000       0.7473
 194.000       0.6635
 195.000       0.8115
 196.000       0.7305
 197.000       0.8939
 198.000       0.7793
 199.000       0.7810
 200.000       1.1445
 201.000       0.9165
 202.000       1.0499
 203.000       1.1046
 204.000       1.1794
 205.000       1.1352
 206.000       1.1588
 207.000       1.5077
 208.000       2.3249
 209.000       1.8663
 210.000       1.6151
 211.000       2.6077
 212.000       1.7972
 213.000       1.1924
 214.000       0.8512
 215.000       1.4935
 216.000       0.9819
 217.000       0.9891
 218.000       1.9622
 219.000       1.0736
 220.000       1.0687
 221.000       1.1748
 222.000       1.0035
 223.000       1.1073
 224.000       0.7054
 225.000       0.9860
 226.000       0.8402
 227.000       0.7745
 228.000       0.7575
 229.000       0.7149
 230.000       0.9559
 231.000       0.8161
 232.000       1.1115
 233.000       0.9864
 234.000       1.3310
 235.000       0.8217
 236.000       1.3205
 237.000       1.2868
 238.000       1.0182
 239.000       1.3511
 240.000       0.8418
 241.000       0.8632
 242.000       1.8143
 243.000       1.0855
 244.000       0.7473
 245.000       0.9742
 246.000       1.3560
 247.000       1.4539
 248.000       0.9048
 249.000       1.2253
 250.000       1.1207
 251.000       1.0848
 252.000       1.5304
 253.000       1.9945
 254.000       1.7544
 255.000       1.6761
 256.000       1.7082
 257.000       1.6690
 258.000       1.4794
 259.000       1.0008
 260.000       1.6369
 261.000       1.0256
 262.000       1.2153
 263.000       0.6630
 264.000       0.7167
 265.000       0.6796
 266.000       0.6901
 267.000       0.7546
 268.000       0.5999
 269.000       0.8052
 270.000       0.6478
 271.000       1.0523
 272.000       0.6826
 273.000       0.8528
 274.000       0.6855
 275.000       1.1197
 276.000       0.9068
 277.000       1.1055
 278.000       0.7167
 279.000       0.6626
 280.000       0.8694
 281.000       0.8163
 282.000       0.7988
 283.000       1.0011
 284.000       0.7551
 285.000       0.8036
 286.000       0.9354
 287.000       1.0587
 288.000       1.6416
 289.000       1.7208
 290.000       1.5696
 291.000       1.3059
 292.000       1.1497
 293.000       1.1425
 294.000       1.5347
 295.000       2.2248
 296.000       0.9578
 297.000       0.7856
 298.000       0.8066
 299.000       1.0855
 300.000       0.7478
 301.000       0.6489
 302.000       1.0883
 303.000       0.6688
 304.000       0.5835
 305.000       0.8364
 306.000       0.6812
 307.000       0.6073
 308.000       0.5280
 309.000       0.7323
 310.000       0.9162
 311.000       0.6457
 312.000       0.5840
 313.000       1.0269
 314.000       0.7302
 315.000       0.7395
 316.000       0.8252
 317.000       0.6552
 318.000       0.8754
 319.000       0.8504
 320.000       0.6957
 321.000       0.8442
 322.000       1.0384
 323.000       0.8494
 324.000       1.1461
 325.000       1.5620
 326.000       1.3542
 327.000       1.1035
 328.000       1.2683
 329.000       1.3738
 330.000       1.0839
 331.000       1.1555
 332.000       2.2105
 333.000       1.1256
 334.000       0.9288
 335.000       1.0263
 336.000       1.7492
 337.000       0.8037
 338.000       0.8875
 339.000       0.6990
 340.000       0.8311
 341.000       0.7086
 342.000       0.6852
 343.000       0.7812
 344.000       0.7279
 345.000       0.6445
 346.000       0.7321
 347.000       1.0255
 348.000       0.7559
 349.000       0.9024
 350.000       1.0368
 351.000       1.2475
 352.000       1.1710
 353.000       0.9707
 354.000       1.1995
 355.000       0.8149
 356.000       0.7458
 357.000       1.0469
 358.000       0.8131
 359.000       0.7849
 360.000       1.0891
 361.000       0.8898
 362.000       0.6154
 363.000       0.6608
 364.000       1.0262
 365.000       0.7481
 366.000       0.9346
 367.000       0.6736
 368.000       0.7831
 369.000       0.7718
 370.000       0.7431
 371.000       0.9516
 372.000       0.9218
 373.000       0.9758
 374.000       0.7272
 375.000       0.9819
 376.000       0.8392
 377.000       1.1497
 378.000       1.0841
 379.000       0.9853
 380.000       0.7576
 381.000       1.1782
 382.000       0.8520
 383.000       1.0272
 384.000       0.9102
 385.000       1.0180
 386.000       1.0216
 387.000       1.2804
 388.000       1.1132
 389.000       1.2171
 390.000       1.3339
 391.000       1.6793
 392.000       2.0629
 393.000       1.9204
 394.000       1.2410
 395.000       1.6328
 396.000       1.8614
 397.000       1.5087
 398.000       1.4228
 399.000       1.2182
 400.000       1.9693
 401.000       0.9677
 402.000       0.8255
 403.000       1.0288
 404.000       0.8429
 405.000       1.1081
 406.000       0.8700
 407.000       1.0294
 408.000       0.9875
 409.000       0.8703
 410.000       1.1884
 411.000       1.3065
 412.000       1.1455
 413.000       0.8327
 414.000       1.1170
 415.000       0.9815
 416.000       1.0752
 417.000       0.9335
 418.000       0.9099
 419.000       1.5766
 420.000       0.8366
 421.000       0.8088
 422.000       1.0504
 423.000       1.0564
 424.000       0.9084
 425.000       1.0780
 426.000       1.1825
 427.000       1.0430
 428.000       1.1275
 429.000       0.9961
 430.000       1.3068
 431.000       1.3375
 432.000       1.2790
 433.000       1.2688
 434.000       1.7838
 435.000       1.7821
 436.000       0.9906
 437.000       0.8835
 438.000       0.8771
 439.000       0.8287
 440.000       0.9458
 441.000       0.6698
 442.000       0.9587
 443.000       1.0819
 444.000       1.0267
 445.000       0.8515
 446.000       1.0304
 447.000       0.9619
 448.000       1.0846
 449.000       1.1959
 450.000       1.4069
 451.000       1.2855
 452.000       1.3699
 453.000       1.1926
 454.000       1.8736
 455.000       2.8736
 456.000       1.6439
 457.000       1.0525
 458.000       1.6751
 459.000       1.7077
 460.000       1.3286
 461.000       1.0664
 462.000       1.4420
 463.000       1.9836
 464.000       1.6091
 465.000       1.5826
 466.000       1.5758
 467.000       2.0802
 468.000       1.5632
 469.000       1.5509
 470.000       1.5705
 471.000       1.7379
 472.000       1.5646
 473.000       1.3841
 474.000       1.6411
 475.000       1.4588
 476.000       0.8831
 477.000       0.8949
 478.000       2.0567
 479.000       2.0909
 480.000       0.9665
 481.000       1.0160
 482.000       0.9257
 483.000       0.8263
 484.000       1.0469
 485.000       1.0042
 486.000       1.7129
 487.000       1.0493
 488.000       0.7898
 489.000       0.9420
 490.000       0.9586
 491.000       1.0983
 492.000       0.9298
 493.000       1.1338
 494.000       1.2271
 495.000       1.2629
 496.000       1.2335
 497.000       1.8224
 498.000       1.2577
 499.000       1.3223
 500.000       1.4164
 501.000       1.5494
 502.000       2.0807
 503.000       2.5813
 504.000       2.0938
 505.000       1.9660
 506.000       1.2315
 507.000       1.1820
 508.000       1.2062
 509.000       1.2510
 510.000       1.0024
 511.000       1.1128
 512.000       1.0590
 513.000       1.1366
 514.000       0.8215
 515.000       1.8757
 516.000       1.2943
 517.000       1.2397
 518.000       0.8693
 519.000       1.2271
 520.000       0.7605
 521.000       0.7481
 522.000       1.1029
 523.000       1.2254
 524.000       0.8883
 525.000       0.9977
 526.000       0.9303
 527.000       1.3685
 528.000       1.1274
 529.000       1.3798
 530.000       2.0223
 531.000       2.0410
 532.000       2.0853
 533.000       2.5841
 534.000       2.6250
 535.000       3.1818
 536.000       3.2425
 537.000       4.1816
 538.000       4.2303
 539.000       4.9573
 540.000       4.4362
 541.000       3.7938
 542.000       4.3813
 543.000       4.7470
 544.000       4.0135
 545.000       3.5523
 546.000       4.3061
 547.000       3.9101
 548.000       3.1376
 549.000       3.6368
 550.000       4.7820
 551.000       5.3272
 552.000       4.1523
 553.000       6.0028
 554.000       6.3183
 555.000       9.3754
 556.000       3.7952
 557.000       5.1412
 558.000       7.8001
 559.000      11.1539
 560.000      51.5318
 561.000       0.5193
 562.000      51.7557
 563.000      52.6714
 564.000      52.0483
 565.000      51.8571
 566.000      51.2995
 567.000      52.1640
 568.000      50.9281
 569.000      52.5388
 570.000      51.0166
 571.000      51.5870
 572.000      49.2789
 573.000      51.9682
 574.000      50.4938
 575.000      51.4800
 576.000      52.3671
 577.000      50.6612
 578.000      50.8121
 579.000      51.1423
 580.000      49.1062
 581.000      51.6621
 582.000      50.8685
 583.000      51.7567
 584.000      51.0534
 585.000      51.1862
 586.000      51.0773
 587.000      51.4861
 588.000      50.1623
 589.000      51.5166
 590.000      50.1340
 591.000      51.6554
 592.000      50.7932
 593.000      52.2226
 594.000      51.4596
 595.000      50.7326
 596.000      51.0324
 597.000      51.5795
 598.000      51.3678
 599.000      50.0170
 600.000      51.5902
 601.000      51.4420
 602.000      50.9872
 603.000      49.8190
 604.000      52.0725
 605.000       0.6017
 606.000      52.9647
 607.000      52.6543
 608.000      52.9754
 609.000      53.0817
 610.000      52.1052
 611.000      52.3320
 612.000      52.5633
 613.000      52.6238
 614.000      53.3135
 615.000      52.5353
 616.000      53.3147
 617.000      52.6444
 618.000      53.7324
 619.000      53.1203
 620.000      53.0747
 621.000      53.1089
 622.000      52.1790
 623.000      52.3592
 624.000      52.0893
 625.000      52.8613
 626.000      52.8774
 627.000      53.1935
 628.000      52.4448
 629.000      53.4895
 630.000      53.0784
 631.000      52.8592
 632.000      52.3559
 633.000      52.4462
 634.000      52.7870
 635.000      53.4680
 636.000      52.5614
 637.000      52.7019
 638.000      52.5882
 639.000      53.0150
 640.000      52.8753
 641.000      52.4945
 642.000      52.7929
 643.000      52.5869
 644.000      52.3141
 645.000      51.4111
 646.000      51.9505
 647.000      52.7111
 648.000      52.6791
 649.000      52.5934
 650.000      53.1779
 651.000      52.5147
