#Res        AtomicFlx
   1.000       3.5256
   2.000       1.8512
   3.000       1.7575
   4.000       1.1548
   5.000       1.6563
   6.000       1.6988
   7.000       1.6271
   8.000       1.4134
   9.000       1.2577
  10.000       0.8968
  11.000       0.8075
  12.000       0.9015
  13.000       0.6960
  14.000       0.5888
  15.000       0.6775
  16.000       0.5576
  17.000       0.5844
  18.000       0.6215
  19.000       0.6696
  20.000       0.5596
  21.000       0.7436
  22.000       0.5949
  23.000       0.5533
  24.000       0.9375
  25.000       0.9609
  26.000       1.6889
  27.000       0.6168
  28.000       0.6147
  29.000       0.8534
  30.000       0.7625
  31.000       0.6334
  32.000       1.0245
  33.000       1.4419
  34.000       0.7371
  35.000       0.7898
  36.000       0.7761
  37.000       0.9855
  38.000       1.0995
  39.000       0.7684
  40.000       0.9904
  41.000       1.4714
  42.000       0.6964
  43.000       0.5999
  44.000       1.7422
  45.000       0.8391
  46.000       0.6631
  47.000       0.7318
  48.000       1.1257
  49.000       1.0608
  50.000       0.7370
  51.000       0.5432
  52.000       0.6831
  53.000       0.6125
  54.000       0.9846
  55.000       0.9302
  56.000       0.9696
  57.000       1.0413
  58.000       0.9794
  59.000       1.0866
  60.000       0.7095
  61.000       0.9550
  62.000       0.6736
  63.000       0.8676
  64.000       0.9617
  65.000       0.9721
  66.000       0.9444
  67.000       1.1508
  68.000       0.7395
  69.000       0.8100
  70.000       1.1287
  71.000       0.7484
  72.000       0.9932
  73.000       0.9385
  74.000       2.4063
  75.000       1.7300
  76.000       1.4805
  77.000       1.6201
  78.000       1.4113
  79.000       1.4408
  80.000       0.9283
  81.000       0.6122
  82.000       0.7307
  83.000       0.5664
  84.000       0.8238
  85.000       0.5423
  86.000       0.7394
  87.000       0.9503
  88.000       0.6896
  89.000       0.9764
  90.000       0.7750
  91.000       0.7270
  92.000       0.9315
  93.000       0.9669
  94.000       0.6301
  95.000       1.0800
  96.000       0.9031
  97.000       1.0237
  98.000       0.9496
  99.000       0.7237
 100.000       0.9416
 101.000       0.9258
 102.000       0.5636
 103.000       0.7624
 104.000       0.5576
 105.000       0.8201
 106.000       0.9456
 107.000       0.7975
 108.000       0.8883
 109.000       0.9892
 110.000       0.7273
 111.000       0.6738
 112.000       0.9508
 113.000       1.0871
 114.000       1.7637
 115.000       1.4703
 116.000       0.8973
 117.000       0.9697
 118.000       0.9458
 119.000       0.9804
 120.000       1.6402
 121.000       0.9821
 122.000       1.8589
 123.000       1.6029
 124.000       1.8367
 125.000       1.6362
 126.000       1.5181
 127.000       2.3654
 128.000       3.3150
 129.000       1.5884
 130.000       1.0428
 131.000       1.0066
 132.000       0.9470
 133.000       1.1805
 134.000       1.5955
 135.000       1.3593
 136.000       1.6034
 137.000       1.6501
 138.000       1.8823
 139.000       3.1819
 140.000       3.2125
 141.000       3.4145
 142.000       3.7342
 143.000       4.2306
 144.000       4.4349
 145.000       2.8443
 146.000       2.4308
 147.000       1.3025
 148.000       1.3525
 149.000       1.0914
 150.000       0.8714
 151.000       0.8517
 152.000       1.0328
 153.000       0.9077
 154.000       0.8941
 155.000       0.8993
 156.000       1.0914
 157.000       1.4207
 158.000       1.5014
 159.000       1.1713
 160.000       1.5749
 161.000       1.7168
 162.000       1.3446
 163.000       1.3504
 164.000       1.0142
 165.000       0.8711
 166.000       0.9702
 167.000       1.1678
 168.000       1.1918
 169.000       0.8181
 170.000       0.7540
 171.000       1.8038
 172.000       0.9945
 173.000       1.0018
 174.000       0.7667
 175.000       0.9404
 176.000       1.0960
 177.000       1.1672
 178.000       1.1295
 179.000       1.4005
 180.000       1.6644
 181.000       1.1714
 182.000       1.1805
 183.000       1.6035
 184.000       1.9590
 185.000       1.0093
 186.000       1.6888
 187.000       1.4596
 188.000       1.0360
 189.000       1.2531
 190.000       0.8387
 191.000       1.0376
 192.000       1.0443
 193.000       0.6848
 194.000       0.6082
 195.000       0.8834
 196.000       0.7288
 197.000       0.9497
 198.000       0.9306
 199.000       0.7826
 200.000       1.0447
 201.000       1.0238
 202.000       0.9874
 203.000       0.9560
 204.000       1.2563
 205.000       1.2728
 206.000       1.0715
 207.000       1.2906
 208.000       2.0335
 209.000       1.1744
 210.000       1.9537
 211.000       2.1871
 212.000       1.2235
 213.000       1.2972
 214.000       1.2268
 215.000       1.7993
 216.000       1.1239
 217.000       1.1805
 218.000       1.7494
 219.000       1.1044
 220.000       1.2129
 221.000       1.3052
 222.000       1.0259
 223.000       1.3558
 224.000       0.7400
 225.000       0.9035
 226.000       0.8748
 227.000       0.8039
 228.000       0.7080
 229.000       0.7338
 230.000       1.1688
 231.000       0.9826
 232.000       1.0237
 233.000       0.9872
 234.000       0.9861
 235.000       0.6949
 236.000       1.0341
 237.000       1.3017
 238.000       0.9384
 239.000       1.2671
 240.000       0.7058
 241.000       0.7162
 242.000       1.2772
 243.000       0.9891
 244.000       0.6576
 245.000       0.8858
 246.000       1.1929
 247.000       1.2790
 248.000       0.7095
 249.000       1.0178
 250.000       0.9027
 251.000       0.9581
 252.000       1.3499
 253.000       1.8492
 254.000       1.6702
 255.000       1.3340
 256.000       1.4816
 257.000       1.7460
 258.000       1.3223
 259.000       0.9225
 260.000       1.6269
 261.000       0.7414
 262.000       0.7982
 263.000       0.5867
 264.000       0.7349
 265.000       0.6223
 266.000       0.6180
 267.000       0.6463
 268.000       0.5764
 269.000       0.8890
 270.000       0.7572
 271.000       1.2785
 272.000       0.7724
 273.000       0.9761
 274.000       0.6601
 275.000       1.1359
 276.000       0.7683
 277.000       0.6279
 278.000       0.6261
 279.000       0.5901
 280.000       1.0302
 281.000       0.7687
 282.000       0.6810
 283.000       1.2184
 284.000       0.7835
 285.000       0.8555
 286.000       1.4525
 287.000       1.0821
 288.000       1.5670
 289.000       1.1408
 290.000       1.3645
 291.000       1.3880
 292.000       1.3352
 293.000       1.0349
 294.000       1.1924
 295.000       2.0289
 296.000       0.9292
 297.000       0.6484
 298.000       0.7591
 299.000       0.9583
 300.000       0.6938
 301.000       0.6620
 302.000       1.0643
 303.000       0.6482
 304.000       0.5982
 305.000       0.7510
 306.000       0.6563
 307.000       0.5826
 308.000       0.5003
 309.000       0.7291
 310.000       0.8788
 311.000       0.6151
 312.000       0.5400
 313.000       0.9649
 314.000       0.6766
 315.000       0.6469
 316.000       0.6488
 317.000       0.6453
 318.000       0.7319
 319.000       0.6789
 320.000       0.5623
 321.000       0.6861
 322.000       0.7100
 323.000       0.6805
 324.000       0.8917
 325.000       0.8331
 326.000       1.0050
 327.000       0.8246
 328.000       0.9346
 329.000       1.2133
 330.000       1.0178
 331.000       0.9773
 332.000       2.1069
 333.000       0.9626
 334.000       0.7773
 335.000       0.8800
 336.000       1.2229
 337.000       0.6324
 338.000       0.7208
 339.000       0.5976
 340.000       0.7053
 341.000       0.6168
 342.000       0.5730
 343.000       0.6537
 344.000       0.6126
 345.000       0.5609
 346.000       0.6654
 347.000       0.9218
 348.000       0.7279
 349.000       1.0680
 350.000       0.9400
 351.000       0.9514
 352.000       1.1450
 353.000       0.8709
 354.000       1.1840
 355.000       0.7361
 356.000       0.6697
 357.000       1.0702
 358.000       0.8654
 359.000       0.7053
 360.000       0.9498
 361.000       0.8729
 362.000       0.5786
 363.000       0.5717
 364.000       0.9923
 365.000       0.7904
 366.000       0.9323
 367.000       0.6564
 368.000       0.7871
 369.000       0.7766
 370.000       0.6765
 371.000       1.0433
 372.000       0.7260
 373.000       0.9827
 374.000       1.0430
 375.000       1.3455
 376.000       0.9048
 377.000       1.0228
 378.000       0.9568
 379.000       1.0915
 380.000       0.6632
 381.000       0.8874
 382.000       0.8013
 383.000       0.9857
 384.000       0.8099
 385.000       1.0559
 386.000       1.0387
 387.000       1.3231
 388.000       1.2526
 389.000       1.6359
 390.000       1.9875
 391.000       3.4350
 392.000       2.8874
 393.000       3.5136
 394.000       1.7884
 395.000       1.9411
 396.000       2.0055
 397.000       1.5922
 398.000       1.5673
 399.000       1.1755
 400.000       1.3652
 401.000       0.8683
 402.000       0.7928
 403.000       0.8856
 404.000       0.6856
 405.000       0.8537
 406.000       0.7584
 407.000       0.8466
 408.000       0.8098
 409.000       0.7259
 410.000       1.0770
 411.000       1.1612
 412.000       1.2269
 413.000       0.7423
 414.000       1.0101
 415.000       0.8792
 416.000       0.9686
 417.000       0.8675
 418.000       0.7273
 419.000       0.8149
 420.000       0.8024
 421.000       0.7137
 422.000       0.8603
 423.000       0.8992
 424.000       0.9541
 425.000       1.1098
 426.000       1.2134
 427.000       1.2466
 428.000       1.1592
 429.000       1.2410
 430.000       2.3257
 431.000       1.4108
 432.000       0.8701
 433.000       1.1058
 434.000       1.9243
 435.000       1.8365
 436.000       0.8292
 437.000       0.7926
 438.000       0.9192
 439.000       0.8265
 440.000       0.8802
 441.000       0.7739
 442.000       0.8953
 443.000       1.0540
 444.000       1.0157
 445.000       0.7769
 446.000       0.8982
 447.000       0.8277
 448.000       0.9799
 449.000       1.2031
 450.000       1.2593
 451.000       1.0751
 452.000       1.1748
 453.000       0.8967
 454.000       1.7371
 455.000       2.1623
 456.000       1.1248
 457.000       1.0162
 458.000       1.3733
 459.000       1.4477
 460.000       0.9759
 461.000       1.0857
 462.000       1.2430
 463.000       1.7370
 464.000       1.1562
 465.000       1.3232
 466.000       1.1708
 467.000       1.6902
 468.000       1.2727
 469.000       1.3203
 470.000       1.2599
 471.000       1.2802
 472.000       1.2891
 473.000       1.2672
 474.000       1.4338
 475.000       1.0429
 476.000       0.7017
 477.000       0.7800
 478.000       1.1588
 479.000       0.9624
 480.000       0.8051
 481.000       0.8291
 482.000       0.7617
 483.000       0.7221
 484.000       0.7707
 485.000       0.8841
 486.000       1.6320
 487.000       0.9820
 488.000       0.7277
 489.000       0.9246
 490.000       0.8810
 491.000       1.0234
 492.000       0.9379
 493.000       1.1439
 494.000       1.2321
 495.000       1.2261
 496.000       1.5617
 497.000       1.7992
 498.000       1.2916
 499.000       1.5698
 500.000       1.3432
 501.000       1.4039
 502.000       2.2929
 503.000       2.8569
 504.000       1.9341
 505.000       1.8801
 506.000       1.1879
 507.000       1.0243
 508.000       1.0521
 509.000       1.0631
 510.000       0.8841
 511.000       1.0820
 512.000       0.9618
 513.000       1.0673
 514.000       0.7496
 515.000       1.2130
 516.000       1.2311
 517.000       0.9940
 518.000       0.7441
 519.000       0.8975
 520.000       0.6883
 521.000       0.6557
 522.000       0.9427
 523.000       0.9714
 524.000       0.8583
 525.000       0.8959
 526.000       0.7847
 527.000       1.2351
 528.000       1.0275
 529.000       0.9331
 530.000       1.5609
 531.000       1.7489
 532.000       1.5338
 533.000       1.4752
 534.000       1.4955
 535.000       1.9011
 536.000       1.7594
 537.000       2.4364
 538.000       2.3578
 539.000       3.2442
 540.000       2.9773
 541.000       2.4176
 542.000       3.0835
 543.000       3.0192
 544.000       2.1660
 545.000       2.4868
 546.000       3.0537
 547.000       2.4261
 548.000       2.1166
 549.000       2.7301
 550.000       3.3961
 551.000       3.9987
 552.000       2.0225
 553.000       3.1139
 554.000       6.1465
 555.000       9.2553
 556.000       1.1428
 557.000       1.7275
 558.000       3.8079
 559.000       6.1938
 560.000      52.6283
 561.000       0.5046
 562.000      50.8026
 563.000      50.6933
 564.000      51.3321
 565.000      51.2498
 566.000      51.3206
 567.000      50.1626
 568.000      51.0006
 569.000      51.2187
 570.000      49.3341
 571.000      50.6812
 572.000      51.0085
 573.000      53.0323
 574.000      50.6310
 575.000      50.5368
 576.000      51.7270
 577.000      52.3789
 578.000      50.7521
 579.000      51.3511
 580.000      50.3172
 581.000      51.8086
 582.000      52.3488
 583.000      49.4509
 584.000      49.5835
 585.000      51.7999
 586.000      50.3498
 587.000      50.6183
 588.000      51.6213
 589.000      50.3928
 590.000      50.9286
 591.000      52.0981
 592.000      49.3939
 593.000      49.2993
 594.000      49.0826
 595.000      51.8566
 596.000      51.8533
 597.000      42.6644
 598.000      51.4295
 599.000      50.6180
 600.000      51.6379
 601.000      51.9791
 602.000      52.0909
 603.000      51.3751
 604.000      51.7317
 605.000       0.5696
 606.000      53.0230
 607.000      53.1779
 608.000      52.5711
 609.000      52.9849
 610.000      52.9861
 611.000      52.1033
 612.000      52.9484
 613.000      52.7404
 614.000      53.0008
 615.000      52.5700
 616.000      52.7795
 617.000      52.8522
 618.000      52.8897
 619.000      52.9838
 620.000      52.3369
 621.000      52.5873
 622.000      53.4991
 623.000      53.1926
 624.000      53.7361
 625.000      53.0635
 626.000      52.9146
 627.000      52.7157
 628.000      51.9337
 629.000      52.3412
 630.000      53.3834
 631.000      51.4330
 632.000      52.8384
 633.000      53.3178
 634.000      53.1450
 635.000      53.4794
 636.000      53.1174
 637.000      52.3240
 638.000      52.9858
 639.000      53.0752
 640.000      52.6851
 641.000      52.9116
 642.000      53.1303
 643.000      53.0475
 644.000      53.0456
 645.000      52.3640
 646.000      52.4947
 647.000      52.7353
 648.000      52.7148
 649.000      52.8766
 650.000      52.6921
 651.000      52.3776
