#Res        AtomicFlx
   1.000       2.3676
   2.000       2.0825
   3.000       1.4222
   4.000       0.9850
   5.000       1.4089
   6.000       1.0943
   7.000       0.9749
   8.000       0.8642
   9.000       0.8126
  10.000       0.6546
  11.000       0.6107
  12.000       0.6752
  13.000       0.5743
  14.000       0.4865
  15.000       0.5258
  16.000       0.5666
  17.000       0.5270
  18.000       0.5342
  19.000       0.4808
  20.000       0.5578
  21.000       0.5788
  22.000       0.6122
  23.000       0.5075
  24.000       0.6097
  25.000       0.7174
  26.000       0.6396
  27.000       0.5376
  28.000       0.5573
  29.000       0.6164
  30.000       0.5520
  31.000       0.6133
  32.000       0.7056
  33.000       0.6727
  34.000       0.6287
  35.000       0.7313
  36.000       0.6900
  37.000       0.7047
  38.000       0.6918
  39.000       0.6217
  40.000       0.6320
  41.000       0.6693
  42.000       0.5858
  43.000       0.5209
  44.000       0.5711
  45.000       0.5936
  46.000       0.5763
  47.000       0.5464
  48.000       0.5777
  49.000       0.6678
  50.000       0.7262
  51.000       0.5865
  52.000       0.5252
  53.000       0.5713
  54.000       0.5705
  55.000       0.5698
  56.000       0.5901
  57.000       0.5460
  58.000       0.5520
  59.000       0.6203
  60.000       0.6251
  61.000       0.6506
  62.000       0.6557
  63.000       0.6724
  64.000       0.7305
  65.000       0.9527
  66.000       0.7895
  67.000       0.8250
  68.000       0.9063
  69.000       0.9152
  70.000       1.0286
  71.000       1.0682
  72.000       0.8398
  73.000       0.9504
  74.000       1.4842
  75.000       1.4886
  76.000       1.0724
  77.000       0.9641
  78.000       0.8414
  79.000       0.7851
  80.000       0.7732
  81.000       0.7440
  82.000       0.7122
  83.000       0.6782
  84.000       0.6314
  85.000       0.6717
  86.000       0.6726
  87.000       0.6573
  88.000       0.5869
  89.000       0.6326
  90.000       0.7178
  91.000       0.6452
  92.000       0.6352
  93.000       0.7469
  94.000       0.7329
  95.000       0.6150
  96.000       0.6393
  97.000       0.6021
  98.000       0.5877
  99.000       0.5826
 100.000       0.5569
 101.000       0.5244
 102.000       0.4893
 103.000       0.4895
 104.000       0.4760
 105.000       0.4750
 106.000       0.5114
 107.000       0.4938
 108.000       0.4864
 109.000       0.5737
 110.000       0.6625
 111.000       0.6229
 112.000       0.7450
 113.000       0.8240
 114.000       0.9173
 115.000       0.8509
 116.000       0.6483
 117.000       0.6559
 118.000       0.6598
 119.000       0.7790
 120.000       0.7458
 121.000       0.9042
 122.000       1.0855
 123.000       1.2483
 124.000       1.5817
 125.000       1.4847
 126.000       1.0033
 127.000       1.1754
 128.000       1.4110
 129.000       1.3993
 130.000       1.0463
 131.000       1.1415
 132.000       2.4057
 133.000       2.5831
 134.000       2.8854
 135.000       3.0622
 136.000       3.9103
 137.000       4.5313
 138.000       6.0717
 139.000       6.3581
 140.000       5.5803
 141.000       4.8606
 142.000       3.3808
 143.000       2.8566
 144.000       2.3557
 145.000       2.3690
 146.000       2.1283
 147.000       1.4321
 148.000       1.1057
 149.000       1.2321
 150.000       1.1738
 151.000       0.8757
 152.000       0.8714
 153.000       1.1165
 154.000       1.1251
 155.000       0.7343
 156.000       0.7756
 157.000       1.0498
 158.000       1.7139
 159.000       1.8628
 160.000       2.2036
 161.000       1.9726
 162.000       1.3671
 163.000       1.0359
 164.000       0.7342
 165.000       0.6368
 166.000       0.5476
 167.000       0.5979
 168.000       0.6687
 169.000       0.6290
 170.000       0.5552
 171.000       0.6766
 172.000       0.7325
 173.000       0.7373
 174.000       0.6696
 175.000       0.7122
 176.000       0.9849
 177.000       0.9390
 178.000       0.9390
 179.000       0.9900
 180.000       0.9898
 181.000       0.9442
 182.000       1.2559
 183.000       1.5040
 184.000       1.5427
 185.000       1.3823
 186.000       1.2000
 187.000       1.0256
 188.000       0.8984
 189.000       0.8119
 190.000       0.7833
 191.000       0.7064
 192.000       0.6499
 193.000       0.6294
 194.000       0.5447
 195.000       0.5600
 196.000       0.6113
 197.000       0.6000
 198.000       0.6268
 199.000       0.6058
 200.000       0.6646
 201.000       0.7405
 202.000       0.7385
 203.000       0.7127
 204.000       0.8121
 205.000       0.9240
 206.000       0.8982
 207.000       0.9199
 208.000       1.2903
 209.000       1.5414
 210.000       1.3700
 211.000       1.3042
 212.000       1.1558
 213.000       0.8611
 214.000       0.8482
 215.000       0.7872
 216.000       0.6762
 217.000       0.7103
 218.000       0.7576
 219.000       0.6986
 220.000       0.6314
 221.000       0.6736
 222.000       0.7147
 223.000       0.7370
 224.000       0.6507
 225.000       0.5845
 226.000       0.6676
 227.000       0.6701
 228.000       0.6006
 229.000       0.5998
 230.000       0.6618
 231.000       0.6463
 232.000       0.6659
 233.000       0.7415
 234.000       0.8100
 235.000       0.7800
 236.000       0.8701
 237.000       0.9764
 238.000       0.7632
 239.000       0.8121
 240.000       0.7599
 241.000       0.6564
 242.000       0.7459
 243.000       0.7211
 244.000       0.6152
 245.000       0.6460
 246.000       0.7169
 247.000       0.6702
 248.000       0.6388
 249.000       0.6848
 250.000       0.7032
 251.000       0.7406
 252.000       0.8358
 253.000       1.0215
 254.000       1.0407
 255.000       0.8151
 256.000       0.8774
 257.000       1.0936
 258.000       0.8642
 259.000       0.8233
 260.000       0.7826
 261.000       0.6413
 262.000       0.6208
 263.000       0.6563
 264.000       0.5977
 265.000       0.5537
 266.000       0.5763
 267.000       0.5801
 268.000       0.5307
 269.000       0.5239
 270.000       0.5528
 271.000       0.5492
 272.000       0.5195
 273.000       0.5190
 274.000       0.6297
 275.000       0.6336
 276.000       0.6229
 277.000       0.8300
 278.000       0.7339
 279.000       0.5973
 280.000       0.5484
 281.000       0.5623
 282.000       0.5836
 283.000       0.5852
 284.000       0.6639
 285.000       0.7105
 286.000       0.9343
 287.000       0.8451
 288.000       0.9290
 289.000       0.8526
 290.000       1.0363
 291.000       1.0589
 292.000       1.1064
 293.000       0.8597
 294.000       0.7873
 295.000       0.6845
 296.000       0.6322
 297.000       0.5808
 298.000       0.5648
 299.000       0.5747
 300.000       0.4851
 301.000       0.4971
 302.000       0.5478
 303.000       0.5033
 304.000       0.4603
 305.000       0.4978
 306.000       0.5216
 307.000       0.4823
 308.000       0.4641
 309.000       0.5103
 310.000       0.5264
 311.000       0.5252
 312.000       0.5346
 313.000       0.5554
 314.000       0.5584
 315.000       0.4823
 316.000       0.5084
 317.000       0.5284
 318.000       0.5688
 319.000       0.5852
 320.000       0.5897
 321.000       0.5950
 322.000       0.6107
 323.000       0.6626
 324.000       0.7200
 325.000       0.7601
 326.000       0.7956
 327.000       0.8860
 328.000       0.8752
 329.000       0.8738
 330.000       0.7415
 331.000       0.8480
 332.000       0.8387
 333.000       0.6884
 334.000       0.6793
 335.000       0.7106
 336.000       0.7821
 337.000       0.8077
 338.000       0.6742
 339.000       0.5872
 340.000       0.6079
 341.000       0.6453
 342.000       0.5678
 343.000       0.5285
 344.000       0.5676
 345.000       0.5569
 346.000       0.5784
 347.000       0.5622
 348.000       0.6060
 349.000       0.6411
 350.000       0.6762
 351.000       0.7884
 352.000       0.8319
 353.000       0.8905
 354.000       0.8352
 355.000       0.7237
 356.000       0.6531
 357.000       0.6624
 358.000       0.6150
 359.000       0.5476
 360.000       0.5496
 361.000       0.5754
 362.000       0.5286
 363.000       0.4898
 364.000       0.5467
 365.000       0.6000
 366.000       0.5759
 367.000       0.5344
 368.000       0.5924
 369.000       0.6510
 370.000       0.6687
 371.000       0.6699
 372.000       0.7005
 373.000       0.7889
 374.000       0.7680
 375.000       0.5825
 376.000       0.6291
 377.000       0.7551
 378.000       0.6977
 379.000       0.7199
 380.000       0.7951
 381.000       0.8490
 382.000       0.8948
 383.000       1.0279
 384.000       1.1225
 385.000       1.1736
 386.000       1.4456
 387.000       2.2331
 388.000       2.0835
 389.000       2.0737
 390.000       2.1975
 391.000       2.3463
 392.000       2.2091
 393.000       1.8609
 394.000       1.6372
 395.000       1.6898
 396.000       1.4939
 397.000       1.2201
 398.000       1.1692
 399.000       1.0296
 400.000       0.9358
 401.000       0.9157
 402.000       0.8109
 403.000       0.7713
 404.000       0.8330
 405.000       0.7855
 406.000       0.7069
 407.000       0.7369
 408.000       0.7790
 409.000       0.7186
 410.000       0.6808
 411.000       0.7971
 412.000       0.7710
 413.000       0.7031
 414.000       0.8029
 415.000       0.8210
 416.000       0.7512
 417.000       0.8556
 418.000       0.9319
 419.000       0.9999
 420.000       0.9701
 421.000       0.9233
 422.000       0.8441
 423.000       0.7294
 424.000       0.7169
 425.000       0.7295
 426.000       0.7754
 427.000       0.7611
 428.000       0.7693
 429.000       0.8353
 430.000       0.8935
 431.000       0.8338
 432.000       0.8846
 433.000       0.9908
 434.000       0.9789
 435.000       0.9653
 436.000       0.8922
 437.000       0.8404
 438.000       0.6488
 439.000       0.6357
 440.000       0.7190
 441.000       0.6426
 442.000       0.5643
 443.000       0.6359
 444.000       0.6669
 445.000       0.6829
 446.000       0.6995
 447.000       0.7070
 448.000       0.7041
 449.000       0.7043
 450.000       0.7538
 451.000       0.7989
 452.000       0.8570
 453.000       0.8660
 454.000       0.8562
 455.000       1.0571
 456.000       0.9900
 457.000       0.8024
 458.000       0.8916
 459.000       1.0130
 460.000       0.9330
 461.000       0.8377
 462.000       0.9591
 463.000       1.0998
 464.000       1.0560
 465.000       1.1353
 466.000       1.1932
 467.000       1.2909
 468.000       1.1603
 469.000       1.2009
 470.000       1.1195
 471.000       1.0235
 472.000       0.8739
 473.000       0.7507
 474.000       0.8116
 475.000       0.8001
 476.000       0.6556
 477.000       0.6821
 478.000       0.8700
 479.000       0.6972
 480.000       0.6525
 481.000       0.6425
 482.000       0.6505
 483.000       0.6432
 484.000       0.5807
 485.000       0.5855
 486.000       0.6425
 487.000       0.6389
 488.000       0.6182
 489.000       0.6471
 490.000       0.7205
 491.000       0.7258
 492.000       0.7667
 493.000       0.8191
 494.000       0.9131
 495.000       0.9957
 496.000       0.9486
 497.000       1.1743
 498.000       1.0319
 499.000       0.9554
 500.000       0.9748
 501.000       0.9735
 502.000       1.2128
 503.000       1.7605
 504.000       1.1581
 505.000       1.1962
 506.000       1.0104
 507.000       1.1094
 508.000       1.2479
 509.000       1.1776
 510.000       0.9946
 511.000       1.0376
 512.000       1.0881
 513.000       0.9960
 514.000       0.9689
 515.000       1.0092
 516.000       0.9776
 517.000       0.9867
 518.000       1.0166
 519.000       0.9909
 520.000       0.9780
 521.000       0.9627
 522.000       0.8572
 523.000       0.7827
 524.000       0.8441
 525.000       0.8906
 526.000       1.2509
 527.000       1.3603
 528.000       1.2151
 529.000       1.1755
 530.000       1.4027
 531.000       1.4333
 532.000       1.2909
 533.000       1.6263
 534.000       1.9899
 535.000       1.9933
 536.000       2.0026
 537.000       2.7120
 538.000       3.2219
 539.000       3.4592
 540.000       3.6094
 541.000       3.4069
 542.000       3.5046
 543.000       2.9795
 544.000       2.4407
 545.000       2.5899
 546.000       2.6686
 547.000       2.1398
 548.000       2.0100
 549.000       2.5171
 550.000       2.8146
 551.000       3.1685
 555.000      50.9218
