#Res        AtomicFlx
   1.000       2.4703
   2.000       2.2499
   3.000       1.5591
   4.000       1.2226
   5.000       1.6205
   6.000       1.4386
   7.000       1.4409
   8.000       1.3017
   9.000       1.2058
  10.000       1.0068
  11.000       0.9374
  12.000       1.0003
  13.000       0.8779
  14.000       0.7099
  15.000       0.7398
  16.000       0.7991
  17.000       0.7026
  18.000       0.6523
  19.000       0.5381
  20.000       0.5737
  21.000       0.6332
  22.000       0.6466
  23.000       0.5183
  24.000       0.5745
  25.000       0.6710
  26.000       0.6097
  27.000       0.5606
  28.000       0.5831
  29.000       0.5876
  30.000       0.5785
  31.000       0.6095
  32.000       0.6436
  33.000       0.6664
  34.000       0.6764
  35.000       0.8175
  36.000       0.8020
  37.000       0.7883
  38.000       0.7886
  39.000       0.7036
  40.000       0.7394
  41.000       0.7963
  42.000       0.7231
  43.000       0.6554
  44.000       0.7343
  45.000       0.7828
  46.000       0.7291
  47.000       0.7108
  48.000       0.8878
  49.000       1.0738
  50.000       1.0226
  51.000       0.7866
  52.000       0.7180
  53.000       0.7911
  54.000       0.8244
  55.000       0.6796
  56.000       0.6346
  57.000       0.7375
  58.000       0.7669
  59.000       0.7314
  60.000       0.6840
  61.000       0.7445
  62.000       0.8372
  63.000       0.7994
  64.000       0.8243
  65.000       1.0692
  66.000       0.9789
  67.000       0.9924
  68.000       1.0989
  69.000       1.0227
  70.000       0.8176
  71.000       0.8177
  72.000       0.7592
  73.000       0.8640
  74.000       1.3478
  75.000       2.9200
  76.000       1.7235
  77.000       1.6149
  78.000       1.1188
  79.000       1.0219
  80.000       0.8031
  81.000       0.8529
  82.000       0.8080
  83.000       0.8125
  84.000       0.7725
  85.000       0.8207
  86.000       0.7804
  87.000       0.8363
  88.000       0.7613
  89.000       0.8243
  90.000       0.8515
  91.000       0.8569
  92.000       0.8657
  93.000       0.8713
  94.000       0.7997
  95.000       0.8219
  96.000       0.8513
  97.000       0.7809
  98.000       0.7091
  99.000       0.7024
 100.000       0.7471
 101.000       0.7193
 102.000       0.6712
 103.000       0.6424
 104.000       0.5705
 105.000       0.5942
 106.000       0.6246
 107.000       0.5336
 108.000       0.5236
 109.000       0.6350
 110.000       0.6324
 111.000       0.5941
 112.000       0.7486
 113.000       0.8536
 114.000       0.9850
 115.000       0.8104
 116.000       0.6086
 117.000       0.6657
 118.000       0.5966
 119.000       0.6524
 120.000       0.8878
 121.000       1.1346
 122.000       2.7393
 123.000       3.8649
 124.000       5.0031
 125.000       4.7913
 126.000       3.7919
 127.000       3.7090
 128.000       2.8325
 129.000       1.9599
 130.000       1.3306
 131.000       1.0424
 132.000       0.9576
 133.000       0.8303
 134.000       1.0859
 135.000       1.2710
 136.000       1.6413
 137.000       1.8884
 138.000       1.6350
 139.000       1.7440
 140.000       2.4192
 141.000       2.3610
 142.000       2.4851
 143.000       2.4676
 144.000       2.4044
 145.000       2.0524
 146.000       1.3873
 147.000       1.0785
 148.000       0.7840
 149.000       0.9021
 150.000       1.1150
 151.000       0.9364
 152.000       0.9973
 153.000       1.3887
 154.000       1.6168
 155.000       1.9720
 156.000       2.8853
 157.000       3.3307
 158.000       4.0576
 159.000       3.2227
 160.000       3.3479
 161.000       2.2531
 162.000       1.9334
 163.000       1.7995
 164.000       1.2152
 165.000       0.7421
 166.000       0.5836
 167.000       0.7328
 168.000       1.0846
 169.000       0.7844
 170.000       0.7987
 171.000       1.1309
 172.000       1.6473
 173.000       1.5017
 174.000       1.5992
 175.000       1.9907
 176.000       2.2889
 177.000       2.3235
 178.000       2.0444
 179.000       2.3137
 180.000       1.9908
 181.000       1.5092
 182.000       1.5149
 183.000       1.6377
 184.000       1.5954
 185.000       2.0202
 186.000       1.4244
 187.000       1.2427
 188.000       1.4559
 189.000       1.3478
 190.000       1.0835
 191.000       0.9635
 192.000       1.0164
 193.000       0.9300
 194.000       0.7428
 195.000       0.7808
 196.000       0.8510
 197.000       0.7676
 198.000       0.7100
 199.000       0.7494
 200.000       0.7752
 201.000       0.7498
 202.000       0.7610
 203.000       0.7827
 204.000       0.8293
 205.000       0.8141
 206.000       0.7906
 207.000       0.9128
 208.000       1.0581
 209.000       1.0656
 210.000       1.2113
 211.000       1.2192
 212.000       0.9022
 213.000       0.8391
 214.000       0.9074
 215.000       0.8406
 216.000       0.7163
 217.000       0.7017
 218.000       0.7216
 219.000       0.6593
 220.000       0.6730
 221.000       0.7550
 222.000       0.7383
 223.000       0.7109
 224.000       0.6304
 225.000       0.6022
 226.000       0.6668
 227.000       0.6446
 228.000       0.5893
 229.000       0.6120
 230.000       0.6960
 231.000       0.6581
 232.000       0.6842
 233.000       0.7217
 234.000       0.7706
 235.000       0.8627
 236.000       0.9198
 237.000       0.9271
 238.000       0.8263
 239.000       0.9637
 240.000       0.9485
 241.000       0.8060
 242.000       0.8605
 243.000       0.8163
 244.000       0.7377
 245.000       0.7106
 246.000       0.7753
 247.000       0.7525
 248.000       0.6598
 249.000       0.7559
 250.000       0.8261
 251.000       0.8887
 252.000       0.9948
 253.000       1.1534
 254.000       1.0897
 255.000       0.8551
 256.000       0.9274
 257.000       1.2310
 258.000       0.9121
 259.000       0.8653
 260.000       0.7904
 261.000       0.6879
 262.000       0.6833
 263.000       0.6823
 264.000       0.6315
 265.000       0.6152
 266.000       0.6254
 267.000       0.5998
 268.000       0.5598
 269.000       0.5903
 270.000       0.5802
 271.000       0.6049
 272.000       0.6144
 273.000       0.8268
 274.000       1.3343
 275.000       0.8442
 276.000       1.3757
 277.000       0.7656
 278.000       0.8318
 279.000       0.7722
 280.000       0.7232
 281.000       0.6858
 282.000       0.7450
 283.000       0.8107
 284.000       0.8268
 285.000       0.8063
 286.000       0.9158
 287.000       0.8880
 288.000       0.9254
 289.000       0.8650
 290.000       0.9293
 291.000       1.0031
 292.000       1.1720
 293.000       0.9292
 294.000       0.8248
 295.000       0.8315
 296.000       0.8709
 297.000       0.7592
 298.000       0.6766
 299.000       0.7004
 300.000       0.6237
 301.000       0.6160
 302.000       0.6335
 303.000       0.6183
 304.000       0.5587
 305.000       0.5668
 306.000       0.5977
 307.000       0.5521
 308.000       0.5217
 309.000       0.5757
 310.000       0.5782
 311.000       0.5782
 312.000       0.6208
 313.000       0.6160
 314.000       0.5511
 315.000       0.5115
 316.000       0.5549
 317.000       0.5785
 318.000       0.5975
 319.000       0.6347
 320.000       0.6364
 321.000       0.5961
 322.000       0.5780
 323.000       0.6293
 324.000       0.6851
 325.000       0.6855
 326.000       0.7474
 327.000       0.8627
 328.000       0.8374
 329.000       0.8615
 330.000       0.7437
 331.000       0.7732
 332.000       0.7705
 333.000       0.6888
 334.000       0.6777
 335.000       0.7377
 336.000       0.8249
 337.000       0.9220
 338.000       0.7739
 339.000       0.6533
 340.000       0.6348
 341.000       0.6577
 342.000       0.5799
 343.000       0.5303
 344.000       0.5716
 345.000       0.5202
 346.000       0.5535
 347.000       0.5626
 348.000       0.5292
 349.000       0.5004
 350.000       0.5079
 351.000       0.5666
 352.000       0.6346
 353.000       0.7323
 354.000       0.7343
 355.000       0.5707
 356.000       0.5634
 357.000       0.5937
 358.000       0.5073
 359.000       0.4456
 360.000       0.4719
 361.000       0.4801
 362.000       0.4279
 363.000       0.4182
 364.000       0.4468
 365.000       0.4815
 366.000       0.5154
 367.000       0.4714
 368.000       0.4800
 369.000       0.5934
 370.000       0.6878
 371.000       0.6206
 372.000       0.7312
 373.000       0.7394
 374.000       0.6159
 375.000       0.6133
 376.000       0.6496
 377.000       0.6590
 378.000       0.6434
 379.000       0.6488
 380.000       0.6505
 381.000       0.6540
 382.000       0.7053
 383.000       0.7603
 384.000       0.7733
 385.000       0.7949
 386.000       0.8642
 387.000       0.9720
 388.000       0.9936
 389.000       1.0871
 390.000       1.2902
 391.000       1.6395
 392.000       1.4760
 393.000       1.2902
 394.000       1.0311
 395.000       1.0859
 396.000       1.1284
 397.000       1.0272
 398.000       0.8735
 399.000       0.8577
 400.000       0.8675
 401.000       0.7909
 402.000       0.7018
 403.000       0.7533
 404.000       0.8048
 405.000       0.7867
 406.000       0.7990
 407.000       0.8343
 408.000       0.8659
 409.000       0.8597
 410.000       0.8511
 411.000       0.8802
 412.000       0.9001
 413.000       0.8939
 414.000       0.9633
 415.000       1.0364
 416.000       0.8586
 417.000       0.9138
 418.000       1.0922
 419.000       1.3579
 420.000       1.1534
 421.000       0.8465
 422.000       0.9486
 423.000       0.9176
 424.000       0.7496
 425.000       0.8554
 426.000       0.9842
 427.000       0.8059
 428.000       0.8045
 429.000       1.0125
 430.000       1.0240
 431.000       0.8861
 432.000       1.1978
 433.000       1.4143
 434.000       1.1508
 435.000       0.9023
 436.000       0.8421
 437.000       0.7811
 438.000       0.6901
 439.000       0.7301
 440.000       0.6636
 441.000       0.6484
 442.000       0.7191
 443.000       0.7436
 444.000       0.7328
 445.000       0.7921
 446.000       0.9186
 447.000       0.9299
 448.000       0.8815
 449.000       0.9111
 450.000       1.0454
 451.000       1.0743
 452.000       1.0348
 453.000       1.0235
 454.000       0.9375
 455.000       1.0201
 456.000       0.9968
 457.000       0.8640
 458.000       0.8389
 459.000       0.9112
 460.000       0.8885
 461.000       0.8350
 462.000       0.9073
 463.000       1.0858
 464.000       1.1240
 465.000       1.2186
 466.000       1.1368
 467.000       1.1142
 468.000       1.1193
 469.000       1.0424
 470.000       1.1718
 471.000       1.1908
 472.000       1.0090
 473.000       0.8824
 474.000       0.9249
 475.000       0.9687
 476.000       0.8192
 477.000       0.8129
 478.000       0.9670
 479.000       0.9258
 480.000       0.8365
 481.000       0.8776
 482.000       0.8187
 483.000       0.7789
 484.000       0.7053
 485.000       0.6685
 486.000       0.7071
 487.000       0.6824
 488.000       0.6476
 489.000       0.6928
 490.000       0.7432
 491.000       0.7294
 492.000       0.7781
 493.000       0.8707
 494.000       1.0022
 495.000       1.0465
 496.000       0.9917
 497.000       1.2755
 498.000       1.2791
 499.000       1.9046
 500.000       1.5865
 501.000       1.8963
 502.000       2.3741
 503.000       2.8030
 504.000       2.2997
 505.000       2.3821
 506.000       2.0028
 507.000       1.9365
 508.000       1.9941
 509.000       1.7725
 510.000       1.5076
 511.000       1.5829
 512.000       1.5653
 513.000       1.3908
 514.000       1.2623
 515.000       1.3304
 516.000       1.4157
 517.000       1.4237
 518.000       1.4125
 519.000       1.6160
 520.000       1.5350
 521.000       1.7958
 522.000       1.5523
 523.000       0.8897
 524.000       0.7938
 525.000       1.1040
 526.000       1.3056
 527.000       1.0871
 528.000       0.9732
 529.000       1.6007
 530.000       1.9876
 531.000       1.8927
 532.000       1.9168
 533.000       2.7562
 534.000       3.1009
 535.000       2.8465
 536.000       3.1334
 537.000       3.9669
 538.000       4.4640
 539.000       4.7967
 540.000       4.7562
 541.000       4.3292
 542.000       4.4464
 543.000       4.2907
 544.000       3.7724
 545.000       3.7178
 546.000       3.9656
 547.000       3.6364
 548.000       3.2884
 549.000       3.5420
 550.000       3.7386
 551.000       3.8882
 555.000      38.3277
