#Res        AtomicFlx
   1.000       2.6947
   2.000       2.5652
   3.000       3.2358
   4.000       2.1116
   5.000       1.9721
   6.000       1.4369
   7.000       1.3144
   8.000       1.1774
   9.000       0.9822
  10.000       0.8892
  11.000       0.8841
  12.000       0.7886
  13.000       0.6748
  14.000       0.6655
  15.000       0.7347
  16.000       0.6990
  17.000       0.5773
  18.000       0.5832
  19.000       0.5026
  20.000       0.6196
  21.000       0.7136
  22.000       0.8941
  23.000       0.7303
  24.000       0.8564
  25.000       1.0475
  26.000       0.6745
  27.000       0.6509
  28.000       0.7069
  29.000       0.7162
  30.000       0.6099
  31.000       0.6561
  32.000       0.7326
  33.000       0.7275
  34.000       0.6978
  35.000       0.8411
  36.000       0.8201
  37.000       0.8054
  38.000       0.7955
  39.000       0.6915
  40.000       0.7412
  41.000       0.7878
  42.000       0.6910
  43.000       0.6319
  44.000       0.7738
  45.000       0.8135
  46.000       0.7582
  47.000       0.7756
  48.000       0.9659
  49.000       1.1332
  50.000       1.0175
  51.000       0.6852
  52.000       0.6127
  53.000       0.6760
  54.000       0.6641
  55.000       0.5513
  56.000       0.5364
  57.000       0.5625
  58.000       0.6088
  59.000       0.5790
  60.000       0.5296
  61.000       0.5808
  62.000       0.5977
  63.000       0.6015
  64.000       0.6720
  65.000       0.8417
  66.000       0.7558
  67.000       0.6727
  68.000       0.7060
  69.000       0.7010
  70.000       0.6749
  71.000       0.7106
  72.000       0.6394
  73.000       0.7427
  74.000       1.1335
  75.000       1.2570
  76.000       1.0911
  77.000       1.1165
  78.000       0.8618
  79.000       0.7322
  80.000       0.6843
  81.000       0.6172
  82.000       0.5867
  83.000       0.6023
  84.000       0.5902
  85.000       0.6105
  86.000       0.5849
  87.000       0.6117
  88.000       0.5894
  89.000       0.5958
  90.000       0.6540
  91.000       0.6117
  92.000       0.5865
  93.000       0.6321
  94.000       0.6104
  95.000       0.6217
  96.000       0.6264
  97.000       0.5786
  98.000       0.6201
  99.000       0.6332
 100.000       0.5976
 101.000       0.5373
 102.000       0.5476
 103.000       0.5590
 104.000       0.5377
 105.000       0.5365
 106.000       0.5775
 107.000       0.5693
 108.000       0.5758
 109.000       0.6125
 110.000       0.6739
 111.000       0.7368
 112.000       0.8615
 113.000       1.2247
 114.000       1.6373
 115.000       1.7602
 116.000       1.2536
 117.000       1.2802
 118.000       1.4253
 119.000       1.5772
 120.000       1.1912
 121.000       1.0832
 122.000       1.1588
 123.000       1.6795
 124.000       1.8115
 125.000       1.5261
 126.000       2.0905
 127.000       2.6357
 128.000       1.8703
 129.000       1.8831
 130.000       1.1858
 131.000       1.5157
 132.000       1.7028
 133.000       1.5926
 134.000       1.8598
 135.000       2.4521
 136.000       3.5639
 137.000       3.9966
 138.000       3.4976
 139.000       3.7725
 140.000       4.9922
 141.000       5.1820
 142.000       4.7781
 143.000       4.1267
 144.000       4.3722
 145.000       3.7356
 146.000       3.4790
 147.000       2.6788
 148.000       2.1437
 149.000       2.2633
 150.000       2.2721
 151.000       1.7012
 152.000       2.2713
 153.000       2.7336
 154.000       3.6681
 155.000       3.0197
 156.000       4.6031
 157.000       4.9953
 158.000       5.6302
 159.000       5.1078
 160.000       3.7174
 161.000       4.0579
 162.000       2.6851
 163.000       1.9114
 164.000       1.3759
 165.000       0.8683
 166.000       1.1581
 167.000       0.9218
 168.000       0.8200
 169.000       0.8050
 170.000       0.7195
 171.000       0.9039
 172.000       0.8626
 173.000       0.8436
 174.000       0.8007
 175.000       0.8725
 176.000       1.0720
 177.000       1.0430
 178.000       0.9130
 179.000       1.0114
 180.000       0.9737
 181.000       0.7883
 182.000       0.9435
 183.000       1.0514
 184.000       0.9326
 185.000       0.9923
 186.000       0.9311
 187.000       0.8191
 188.000       0.8007
 189.000       0.8225
 190.000       0.7764
 191.000       0.6983
 192.000       0.7409
 193.000       0.7389
 194.000       0.6407
 195.000       0.6878
 196.000       0.7726
 197.000       0.7278
 198.000       0.7022
 199.000       0.6768
 200.000       0.7208
 201.000       0.6713
 202.000       0.6563
 203.000       0.6999
 204.000       0.7640
 205.000       0.7303
 206.000       0.6882
 207.000       0.8771
 208.000       1.0341
 209.000       0.9571
 210.000       1.0796
 211.000       1.1831
 212.000       0.9855
 213.000       0.9148
 214.000       1.5071
 215.000       0.9498
 216.000       0.7717
 217.000       0.7077
 218.000       0.8168
 219.000       0.7354
 220.000       0.5998
 221.000       0.6794
 222.000       0.7524
 223.000       0.7523
 224.000       0.6661
 225.000       0.6629
 226.000       0.7369
 227.000       0.7411
 228.000       0.6803
 229.000       0.6930
 230.000       0.7923
 231.000       0.8166
 232.000       0.8139
 233.000       0.9113
 234.000       1.0893
 235.000       1.1830
 236.000       1.1907
 237.000       1.2850
 238.000       1.1543
 239.000       1.1868
 240.000       0.9884
 241.000       0.8800
 242.000       0.9453
 243.000       0.8941
 244.000       0.7841
 245.000       0.7934
 246.000       0.8450
 247.000       0.7810
 248.000       0.7038
 249.000       0.7810
 250.000       0.8435
 251.000       0.8802
 252.000       1.0033
 253.000       1.1902
 254.000       1.0929
 255.000       0.8403
 256.000       0.9200
 257.000       1.2118
 258.000       0.9218
 259.000       0.9076
 260.000       0.8258
 261.000       0.6715
 262.000       0.6799
 263.000       0.7230
 264.000       0.6394
 265.000       0.6043
 266.000       0.6430
 267.000       0.6120
 268.000       0.5662
 269.000       0.6115
 270.000       0.5617
 271.000       0.5167
 272.000       0.6120
 273.000       0.6708
 274.000       0.7606
 275.000       0.7056
 276.000       0.6870
 277.000       0.5557
 278.000       0.5917
 279.000       0.5627
 280.000       0.5328
 281.000       0.5155
 282.000       0.5290
 283.000       0.5987
 284.000       0.6119
 285.000       0.6492
 286.000       0.7247
 287.000       0.7301
 288.000       0.7863
 289.000       0.7691
 290.000       1.0094
 291.000       1.0298
 292.000       1.0053
 293.000       0.8697
 294.000       0.8502
 295.000       0.8594
 296.000       0.8524
 297.000       0.7416
 298.000       0.6656
 299.000       0.6976
 300.000       0.5741
 301.000       0.5595
 302.000       0.6188
 303.000       0.5796
 304.000       0.5236
 305.000       0.5965
 306.000       0.6146
 307.000       0.5613
 308.000       0.5457
 309.000       0.5919
 310.000       0.6123
 311.000       0.6162
 312.000       0.6328
 313.000       0.7066
 314.000       0.7111
 315.000       0.6376
 316.000       0.6602
 317.000       0.7489
 318.000       0.8788
 319.000       0.8263
 320.000       0.7689
 321.000       0.8741
 322.000       0.9474
 323.000       0.8761
 324.000       0.9071
 325.000       1.0558
 326.000       1.0507
 327.000       1.0691
 328.000       0.9930
 329.000       0.9578
 330.000       0.8493
 331.000       0.9010
 332.000       0.9117
 333.000       0.8319
 334.000       0.7828
 335.000       0.8188
 336.000       0.9549
 337.000       1.0480
 338.000       0.8439
 339.000       0.7212
 340.000       0.7332
 341.000       0.7659
 342.000       0.6766
 343.000       0.6658
 344.000       0.7483
 345.000       0.9316
 346.000       1.0499
 347.000       1.0095
 348.000       0.9674
 349.000       1.0221
 350.000       1.1951
 351.000       1.2121
 352.000       1.0634
 353.000       1.0184
 354.000       0.9327
 355.000       0.9529
 356.000       0.9129
 357.000       0.8846
 358.000       0.7490
 359.000       0.7894
 360.000       0.8121
 361.000       0.6967
 362.000       0.6096
 363.000       0.5985
 364.000       0.6271
 365.000       0.6369
 366.000       0.5939
 367.000       0.5150
 368.000       0.5580
 369.000       0.6146
 370.000       0.6147
 371.000       0.5300
 372.000       0.5862
 373.000       0.5166
 374.000       0.4735
 375.000       0.4964
 376.000       0.5193
 377.000       0.5496
 378.000       0.5368
 379.000       0.5709
 380.000       0.5600
 381.000       0.5959
 382.000       0.6459
 383.000       0.6888
 384.000       0.7193
 385.000       0.7300
 386.000       0.7908
 387.000       0.8333
 388.000       0.8864
 389.000       1.0129
 390.000       1.1605
 391.000       1.4218
 392.000       1.5959
 393.000       1.3705
 394.000       1.0555
 395.000       1.3016
 396.000       1.3118
 397.000       0.9934
 398.000       0.8377
 399.000       0.8502
 400.000       0.8101
 401.000       0.7167
 402.000       0.6775
 403.000       0.7020
 404.000       0.6936
 405.000       0.6832
 406.000       0.6989
 407.000       0.6819
 408.000       0.7170
 409.000       0.7531
 410.000       0.7044
 411.000       0.7416
 412.000       0.7618
 413.000       0.7453
 414.000       0.7848
 415.000       0.7472
 416.000       0.6499
 417.000       0.6837
 418.000       0.7073
 419.000       0.7500
 420.000       0.7179
 421.000       0.6964
 422.000       0.7322
 423.000       0.6913
 424.000       0.6856
 425.000       0.7132
 426.000       0.7565
 427.000       0.7158
 428.000       0.7889
 429.000       0.8032
 430.000       0.7341
 431.000       0.8384
 432.000       1.1584
 433.000       0.9465
 434.000       1.1054
 435.000       0.8987
 436.000       0.7752
 437.000       0.6594
 438.000       0.5979
 439.000       0.6668
 440.000       0.6347
 441.000       0.6094
 442.000       0.6477
 443.000       0.6469
 444.000       0.6727
 445.000       0.6976
 446.000       0.7693
 447.000       0.7834
 448.000       0.7915
 449.000       0.8671
 450.000       0.9101
 451.000       0.9454
 452.000       0.9540
 453.000       0.9672
 454.000       0.9534
 455.000       1.1128
 456.000       1.0272
 457.000       0.7688
 458.000       0.8418
 459.000       0.9808
 460.000       0.8835
 461.000       0.6998
 462.000       0.8319
 463.000       1.0888
 464.000       1.0280
 465.000       1.0613
 466.000       1.2338
 467.000       1.1171
 468.000       0.9671
 469.000       1.0986
 470.000       1.2991
 471.000       1.4686
 472.000       1.3978
 473.000       1.0204
 474.000       1.2218
 475.000       1.3626
 476.000       1.0470
 477.000       1.0355
 478.000       1.4763
 479.000       1.3064
 480.000       0.9578
 481.000       1.0595
 482.000       1.0189
 483.000       0.9419
 484.000       0.8319
 485.000       0.7731
 486.000       0.8556
 487.000       0.8328
 488.000       0.7914
 489.000       0.8755
 490.000       0.8966
 491.000       0.8556
 492.000       0.9315
 493.000       1.0628
 494.000       1.0799
 495.000       1.1897
 496.000       1.3065
 497.000       1.6054
 498.000       1.5869
 499.000       1.2509
 500.000       1.3166
 501.000       1.3839
 502.000       1.7251
 503.000       1.7413
 504.000       1.2770
 505.000       1.3120
 506.000       1.0040
 507.000       1.0968
 508.000       1.2310
 509.000       1.1199
 510.000       0.8945
 511.000       0.9388
 512.000       0.9753
 513.000       0.8442
 514.000       0.7975
 515.000       0.7908
 516.000       0.7580
 517.000       0.7561
 518.000       0.7488
 519.000       0.6903
 520.000       0.6254
 521.000       0.6136
 522.000       0.6535
 523.000       0.6590
 524.000       0.6664
 525.000       0.6601
 526.000       0.7581
 527.000       0.8386
 528.000       0.7697
 529.000       0.8743
 530.000       1.0772
 531.000       1.1999
 532.000       1.2193
 533.000       1.5558
 534.000       1.8930
 535.000       2.0465
 536.000       2.2708
 537.000       2.9134
 538.000       3.0255
 539.000       3.5378
 540.000       3.1237
 541.000       2.5797
 542.000       2.7536
 543.000       2.8929
 544.000       2.3764
 545.000       2.1141
 546.000       2.5490
 547.000       2.5836
 548.000       2.1414
 549.000       2.3120
 550.000       2.6952
 551.000       3.1112
 555.000      51.6390
