#Res        AtomicFlx
   1.000       2.3416
   2.000       1.5156
   3.000       1.0305
   4.000       0.8989
   5.000       1.3354
   6.000       1.0735
   7.000       1.0061
   8.000       0.8568
   9.000       0.8348
  10.000       0.6838
  11.000       0.5915
  12.000       0.6401
  13.000       0.5694
  14.000       0.4841
  15.000       0.5047
  16.000       0.5297
  17.000       0.4863
  18.000       0.5061
  19.000       0.4841
  20.000       0.5810
  21.000       0.6611
  22.000       0.6445
  23.000       0.5205
  24.000       0.6045
  25.000       0.6248
  26.000       0.5866
  27.000       0.5769
  28.000       0.6583
  29.000       0.6708
  30.000       0.6582
  31.000       0.7180
  32.000       0.7754
  33.000       0.7901
  34.000       0.8077
  35.000       0.9312
  36.000       0.8838
  37.000       0.9104
  38.000       0.9249
  39.000       0.8034
  40.000       0.8118
  41.000       0.8899
  42.000       0.7838
  43.000       0.6654
  44.000       0.7318
  45.000       0.7779
  46.000       0.7198
  47.000       0.6766
  48.000       0.6767
  49.000       0.8378
  50.000       0.9893
  51.000       0.6842
  52.000       0.5766
  53.000       0.6110
  54.000       0.6053
  55.000       0.5724
  56.000       0.5902
  57.000       0.6321
  58.000       0.6138
  59.000       0.5906
  60.000       0.6057
  61.000       0.7000
  62.000       0.6807
  63.000       0.6691
  64.000       0.7810
  65.000       0.8665
  66.000       0.7820
  67.000       0.7962
  68.000       0.9060
  69.000       0.8221
  70.000       0.8615
  71.000       0.8870
  72.000       0.7747
  73.000       0.8876
  74.000       1.8090
  75.000       3.3239
  76.000       1.7835
  77.000       1.7315
  78.000       1.0317
  79.000       0.8382
  80.000       0.7308
  81.000       0.7043
  82.000       0.6594
  83.000       0.6940
  84.000       0.7251
  85.000       0.7110
  86.000       0.6909
  87.000       0.7446
  88.000       0.7133
  89.000       0.6774
  90.000       0.6615
  91.000       0.6705
  92.000       0.6688
  93.000       0.6709
  94.000       0.6479
  95.000       0.6350
  96.000       0.6934
  97.000       0.6740
  98.000       0.5914
  99.000       0.6430
 100.000       0.6908
 101.000       0.6228
 102.000       0.5844
 103.000       0.6041
 104.000       0.5973
 105.000       0.5905
 106.000       0.6328
 107.000       0.6189
 108.000       0.6229
 109.000       0.6815
 110.000       0.7296
 111.000       0.7494
 112.000       0.8904
 113.000       0.8766
 114.000       1.1558
 115.000       1.0834
 116.000       1.0796
 117.000       1.0366
 118.000       1.1996
 119.000       1.4401
 120.000       1.2535
 121.000       1.4151
 122.000       1.3657
 123.000       1.2983
 124.000       1.4718
 125.000       1.4104
 126.000       1.6680
 127.000       2.4467
 128.000       2.1100
 129.000       2.0241
 130.000       1.9740
 131.000       2.6087
 132.000       3.2207
 133.000       3.2235
 134.000       3.0460
 135.000       3.0310
 136.000       3.6806
 137.000       4.2730
 138.000       3.7610
 139.000       3.7762
 140.000       4.8937
 141.000       4.7993
 142.000       4.1871
 143.000       3.9307
 144.000       3.9421
 145.000       4.4566
 146.000       4.3988
 147.000       3.7338
 148.000       3.8000
 149.000       4.4376
 150.000       4.1855
 151.000       3.4286
 152.000       3.9075
 153.000       4.8331
 154.000       5.9774
 155.000       5.7967
 156.000       5.2970
 157.000       5.7042
 158.000       5.0579
 159.000       5.4263
 160.000       5.6384
 161.000       4.2433
 162.000       2.7552
 163.000       1.9662
 164.000       1.4877
 165.000       1.1561
 166.000       0.9475
 167.000       1.1867
 168.000       1.2635
 169.000       0.9740
 170.000       1.0993
 171.000       1.5627
 172.000       1.6645
 173.000       1.8074
 174.000       1.9872
 175.000       2.3435
 176.000       2.0723
 177.000       1.6484
 178.000       1.4325
 179.000       1.8195
 180.000       1.6151
 181.000       1.2344
 182.000       1.5518
 183.000       1.3976
 184.000       1.1215
 185.000       1.1235
 186.000       0.9835
 187.000       0.8535
 188.000       0.8814
 189.000       0.8423
 190.000       0.7818
 191.000       0.7033
 192.000       0.7162
 193.000       0.7209
 194.000       0.6331
 195.000       0.6263
 196.000       0.6901
 197.000       0.6670
 198.000       0.6080
 199.000       0.6066
 200.000       0.6826
 201.000       0.6757
 202.000       0.6193
 203.000       0.6505
 204.000       0.7376
 205.000       0.7247
 206.000       0.7031
 207.000       0.8378
 208.000       0.9251
 209.000       0.9129
 210.000       0.9775
 211.000       0.9887
 212.000       0.8143
 213.000       0.7429
 214.000       0.8582
 215.000       0.8052
 216.000       0.6918
 217.000       0.6143
 218.000       0.6949
 219.000       0.6842
 220.000       0.6017
 221.000       0.6209
 222.000       0.6921
 223.000       0.7468
 224.000       0.6686
 225.000       0.6411
 226.000       0.7612
 227.000       0.7975
 228.000       0.7084
 229.000       0.7368
 230.000       0.8572
 231.000       0.8579
 232.000       0.8438
 233.000       0.9237
 234.000       1.0038
 235.000       1.0605
 236.000       1.0719
 237.000       1.0972
 238.000       1.1688
 239.000       1.2136
 240.000       1.1554
 241.000       0.9721
 242.000       1.0633
 243.000       1.0793
 244.000       0.9411
 245.000       0.8838
 246.000       0.9933
 247.000       0.9663
 248.000       0.8487
 249.000       0.8883
 250.000       0.9994
 251.000       1.0450
 252.000       1.1504
 253.000       1.3106
 254.000       1.2643
 255.000       1.0166
 256.000       1.0513
 257.000       1.3748
 258.000       1.0591
 259.000       0.9870
 260.000       0.8975
 261.000       0.7814
 262.000       0.7475
 263.000       0.7405
 264.000       0.6680
 265.000       0.6245
 266.000       0.6202
 267.000       0.6063
 268.000       0.5331
 269.000       0.5183
 270.000       0.5464
 271.000       0.5205
 272.000       0.4601
 273.000       0.5186
 274.000       0.7710
 275.000       0.8082
 276.000       1.0398
 277.000       0.7259
 278.000       0.6274
 279.000       0.5938
 280.000       0.5826
 281.000       0.5818
 282.000       0.6703
 283.000       0.6770
 284.000       0.6224
 285.000       0.6700
 286.000       0.7104
 287.000       0.7134
 288.000       0.9548
 289.000       0.9459
 290.000       0.9512
 291.000       0.9202
 292.000       0.9181
 293.000       0.7970
 294.000       0.7263
 295.000       0.6822
 296.000       0.6468
 297.000       0.6209
 298.000       0.6008
 299.000       0.5803
 300.000       0.5085
 301.000       0.5579
 302.000       0.6028
 303.000       0.5314
 304.000       0.4917
 305.000       0.5934
 306.000       0.6255
 307.000       0.5610
 308.000       0.5558
 309.000       0.6447
 310.000       0.6783
 311.000       0.6820
 312.000       0.7082
 313.000       0.7376
 314.000       0.7362
 315.000       0.7177
 316.000       0.7650
 317.000       0.8664
 318.000       0.9246
 319.000       0.9325
 320.000       0.9685
 321.000       1.0505
 322.000       1.1230
 323.000       1.1556
 324.000       1.2005
 325.000       1.2929
 326.000       1.4038
 327.000       1.4568
 328.000       1.4070
 329.000       1.3660
 330.000       1.1777
 331.000       1.2254
 332.000       1.1979
 333.000       1.0111
 334.000       0.9174
 335.000       0.8901
 336.000       0.9279
 337.000       0.9698
 338.000       0.9174
 339.000       0.9412
 340.000       0.9525
 341.000       0.8967
 342.000       0.8616
 343.000       0.9503
 344.000       1.1131
 345.000       1.1827
 346.000       1.2253
 347.000       1.4519
 348.000       1.4822
 349.000       1.6196
 350.000       1.9613
 351.000       2.0840
 352.000       2.1659
 353.000       2.0424
 354.000       1.5766
 355.000       1.2610
 356.000       1.0681
 357.000       1.2948
 358.000       1.2553
 359.000       0.9388
 360.000       0.8353
 361.000       0.8849
 362.000       0.8273
 363.000       0.6875
 364.000       0.6749
 365.000       0.6871
 366.000       0.6609
 367.000       0.5800
 368.000       0.5831
 369.000       0.5848
 370.000       0.5941
 371.000       0.5411
 372.000       0.5404
 373.000       0.5369
 374.000       0.5127
 375.000       0.5107
 376.000       0.5256
 377.000       0.5354
 378.000       0.5563
 379.000       0.5984
 380.000       0.5918
 381.000       0.6513
 382.000       0.7377
 383.000       0.7706
 384.000       0.8084
 385.000       0.8981
 386.000       1.0653
 387.000       1.1396
 388.000       1.1950
 389.000       1.3023
 390.000       1.8073
 391.000       2.2424
 392.000       1.7292
 393.000       1.6788
 394.000       1.3159
 395.000       1.5106
 396.000       1.4273
 397.000       1.0855
 398.000       0.9538
 399.000       0.9098
 400.000       0.8825
 401.000       0.8287
 402.000       0.7419
 403.000       0.7441
 404.000       0.7843
 405.000       0.7168
 406.000       0.6800
 407.000       0.7226
 408.000       0.7423
 409.000       0.6977
 410.000       0.6838
 411.000       0.7570
 412.000       0.7464
 413.000       0.7022
 414.000       0.7640
 415.000       0.8162
 416.000       0.7156
 417.000       0.7746
 418.000       0.8366
 419.000       1.0177
 420.000       1.0110
 421.000       0.8986
 422.000       0.9412
 423.000       0.9307
 424.000       0.8780
 425.000       0.8776
 426.000       0.9751
 427.000       0.9546
 428.000       0.9298
 429.000       1.0327
 430.000       0.9943
 431.000       0.9119
 432.000       1.2484
 433.000       1.4168
 434.000       1.2344
 435.000       1.1188
 436.000       0.9684
 437.000       0.8360
 438.000       0.7708
 439.000       0.7353
 440.000       0.7016
 441.000       0.7358
 442.000       0.7342
 443.000       0.7204
 444.000       0.7603
 445.000       0.8191
 446.000       0.8556
 447.000       0.8592
 448.000       0.8479
 449.000       0.8804
 450.000       0.9754
 451.000       1.0254
 452.000       1.0333
 453.000       1.0329
 454.000       1.0068
 455.000       1.0410
 456.000       1.0559
 457.000       0.9561
 458.000       0.9003
 459.000       1.0004
 460.000       1.1028
 461.000       0.9148
 462.000       1.1351
 463.000       1.4865
 464.000       1.4165
 465.000       1.4700
 466.000       1.5112
 467.000       1.4644
 468.000       1.4313
 469.000       1.2871
 470.000       1.1574
 471.000       1.0895
 472.000       1.1556
 473.000       0.9304
 474.000       0.8193
 475.000       0.8976
 476.000       0.7993
 477.000       0.7387
 478.000       0.8059
 479.000       0.8466
 480.000       0.7495
 481.000       0.7390
 482.000       0.7891
 483.000       0.7777
 484.000       0.6868
 485.000       0.6901
 486.000       0.7788
 487.000       0.7520
 488.000       0.7040
 489.000       0.7588
 490.000       0.8350
 491.000       0.8139
 492.000       0.7970
 493.000       0.9037
 494.000       1.0669
 495.000       1.1074
 496.000       1.0366
 497.000       1.3179
 498.000       1.2015
 499.000       1.1976
 500.000       1.3521
 501.000       1.4141
 502.000       1.7325
 503.000       2.1885
 504.000       1.6075
 505.000       1.5535
 506.000       1.3107
 507.000       1.3909
 508.000       1.4654
 509.000       1.3346
 510.000       1.1248
 511.000       1.1633
 512.000       1.1809
 513.000       1.0584
 514.000       1.0356
 515.000       1.0250
 516.000       1.0051
 517.000       1.0955
 518.000       1.0850
 519.000       1.0011
 520.000       0.9852
 521.000       0.8943
 522.000       0.8835
 523.000       0.8352
 524.000       0.8456
 525.000       0.8310
 526.000       0.9037
 527.000       1.0551
 528.000       1.0178
 529.000       1.1124
 530.000       1.3758
 531.000       1.5762
 532.000       1.6048
 533.000       1.8600
 534.000       2.1957
 535.000       2.3735
 536.000       2.4686
 537.000       3.3042
 538.000       3.6632
 539.000       3.9143
 540.000       3.6930
 541.000       3.0830
 542.000       3.2089
 543.000       3.1457
 544.000       2.6210
 545.000       2.4469
 546.000       2.7456
 547.000       2.5320
 548.000       2.1600
 549.000       2.3514
 550.000       2.6659
 551.000       3.7623
 555.000      48.9701
