#Res        AtomicFlx
   1.000       1.7304
   2.000       1.3348
   3.000       1.3836
   4.000       1.0762
   5.000       1.2003
   6.000       1.1543
   7.000       1.0123
   8.000       1.1560
   9.000       1.1821
  10.000       1.0307
  11.000       1.0321
  12.000       1.0924
  13.000       1.1875
  14.000       1.5367
  15.000       1.7361
  16.000       1.3541
  17.000       1.3883
  18.000       2.2404
  19.000       1.7321
  20.000       2.0179
  21.000       2.4058
  22.000       2.3035
  23.000       2.3890
  24.000       2.7911
  25.000       3.9965
  26.000       3.1972
  27.000       1.9085
  28.000       1.2371
  29.000       1.0694
  30.000       0.9971
  31.000       0.8546
  32.000       1.1747
  33.000       0.8986
  34.000       0.8178
  35.000       0.7267
  36.000       0.6286
  37.000       0.5591
  38.000       0.5970
  39.000       0.5857
  40.000       0.5160
  41.000       0.5299
  42.000       0.6206
  43.000       0.6014
  44.000       0.4979
  45.000       0.5929
  46.000       0.6673
  47.000       0.7146
  48.000       0.6793
  49.000       0.8290
  50.000       0.9610
  51.000       0.9482
  52.000       0.7314
  53.000       0.7394
  54.000       0.7527
  55.000       0.8217
  56.000       0.8722
  57.000       0.8607
  58.000       0.9598
  59.000       1.0994
  60.000       1.1242
  61.000       1.2267
  62.000       1.4834
  63.000       1.8429
  64.000       2.1612
  65.000       1.8010
  66.000       1.1795
  67.000       1.1197
  68.000       1.1684
  69.000       1.0753
  70.000       0.9261
  71.000       0.9792
  72.000       1.0416
  73.000       0.9071
  74.000       0.7728
  75.000       0.7567
  76.000       0.7538
  77.000       0.7794
  78.000       0.7121
  79.000       0.5865
  80.000       0.5488
  81.000       0.4637
  82.000       0.4515
  83.000       0.4732
  84.000       0.4616
  85.000       0.4230
  86.000       0.4403
  87.000       0.4965
  88.000       0.5051
  89.000       0.5089
  90.000       0.5168
  91.000       0.5731
  92.000       0.6245
  93.000       0.6587
  94.000       0.6454
  95.000       0.6362
  96.000       0.5882
  97.000       0.6507
  98.000       0.7042
  99.000       0.6021
 100.000       0.6425
 101.000       0.7774
 102.000       0.7939
 103.000       0.7508
 104.000       0.7916
 105.000       0.8863
 106.000       0.8707
 107.000       0.7191
 108.000       0.7522
 109.000       0.7145
 110.000       0.6187
 111.000       0.6146
 112.000       0.6556
 113.000       0.6381
 114.000       0.6072
 115.000       0.6110
 116.000       0.6367
 117.000       0.6271
 118.000       0.6387
 119.000       0.6418
 120.000       0.6187
 121.000       0.6481
 122.000       0.7712
 123.000       0.7388
 124.000       0.6593
 125.000       0.5873
 126.000       0.5886
 127.000       0.6271
 128.000       0.6118
 129.000       0.6020
 130.000       0.6284
 131.000       0.6567
 132.000       0.6427
 133.000       0.6611
 134.000       0.6962
 135.000       0.7307
 136.000       0.7504
 137.000       0.7755
 138.000       0.8299
 139.000       0.8805
 140.000       1.1247
 141.000       1.3380
 142.000       1.5070
 143.000       1.4118
 144.000       1.0479
 145.000       1.1155
 146.000       1.0669
 147.000       1.1334
 148.000       1.2362
 149.000       1.2856
 150.000       1.6154
 151.000       1.7995
 152.000       2.1414
 153.000       2.7392
 154.000       2.8645
 155.000       2.5376
 156.000       2.3144
 157.000       1.8741
 158.000       1.6039
 159.000       1.7515
 160.000       1.9587
 161.000       1.6475
 162.000       1.4307
 163.000       1.6929
 164.000       1.8285
 165.000       1.5647
 166.000       1.3202
 167.000       1.1261
 168.000       1.0239
 169.000       1.1282
 170.000       1.0981
 171.000       0.9331
 172.000       0.8876
 173.000       1.0009
 174.000       1.1136
 175.000       1.0962
 176.000       0.9594
 177.000       0.9404
 178.000       1.1471
 179.000       1.1368
 180.000       1.2958
 181.000       1.5649
 182.000       1.6581
 183.000       1.7268
 184.000       1.9819
 185.000       1.9431
 186.000       2.3171
 187.000       1.7093
 188.000       1.6593
 189.000       1.6313
 190.000       1.0245
 191.000       0.9585
 192.000       0.8642
 193.000       0.7797
 194.000       0.7772
 195.000       0.7485
 196.000       0.6839
 197.000       0.6695
 198.000       0.7090
 199.000       0.6930
 200.000       0.6424
 201.000       0.6367
 202.000       0.6815
 203.000       0.6237
 204.000       0.5595
 205.000       0.6214
 206.000       0.6810
 207.000       0.6032
 208.000       0.6192
 209.000       0.7636
 210.000       0.8060
 211.000       0.7615
 212.000       0.7618
 213.000       0.8277
 214.000       0.6549
 215.000       0.5603
 216.000       0.6613
 217.000       0.7024
 218.000       0.5915
 219.000       0.5641
 220.000       0.6432
 221.000       0.6370
 222.000       0.6217
 223.000       0.6657
 224.000       0.7431
 225.000       0.7779
 226.000       0.7360
 227.000       0.7529
 228.000       0.7874
 229.000       0.7497
 230.000       0.7460
 231.000       0.8217
 232.000       0.8435
 233.000       0.8199
 234.000       0.8790
 235.000       0.9546
 236.000       0.9268
 237.000       0.9547
 238.000       1.0342
 239.000       1.0694
 240.000       1.0655
 241.000       1.1551
 242.000       1.1651
 243.000       1.6722
 244.000       1.2540
 245.000       1.2158
 246.000       1.1507
 247.000       1.1559
 248.000       1.2949
 249.000       1.3712
 250.000       1.2844
 251.000       1.3953
 252.000       1.4798
 253.000       1.7440
 254.000       1.6125
 255.000       1.6349
 256.000       1.6560
 257.000       1.5655
 258.000       1.7043
 259.000       2.0803
 260.000       1.8486
 261.000       1.8100
 262.000       1.5682
 263.000       1.2662
 264.000       1.2674
 265.000       1.2740
 266.000       1.0348
 267.000       0.8766
 268.000       0.9861
 269.000       0.9717
 270.000       0.7731
 271.000       0.7914
 272.000       0.9838
 273.000       0.9706
 274.000       0.7396
 275.000       0.6172
 276.000       0.5014
 277.000       0.5028
 278.000       0.5149
 279.000       0.4858
 280.000       0.5102
 281.000       0.4915
 282.000       0.4706
 283.000       0.4478
 284.000       0.5014
 285.000       0.4762
 286.000       0.5028
 287.000       0.5831
 288.000       0.7084
 289.000       0.7030
 290.000       0.7911
 291.000       0.8366
 292.000       0.8505
 293.000       0.7073
 294.000       0.6866
 295.000       0.5769
 296.000       0.6622
 297.000       0.7040
 298.000       0.6141
 299.000       0.6009
 300.000       0.6999
 301.000       0.7042
 302.000       0.6155
 303.000       0.6328
 304.000       0.7222
 305.000       0.7083
 306.000       0.6487
 307.000       0.7609
 308.000       0.8182
 309.000       0.7802
 310.000       0.8029
 311.000       0.8103
 312.000       0.7956
 313.000       0.7831
 314.000       0.8116
 315.000       0.8332
 316.000       0.8167
 317.000       0.8244
 318.000       0.9022
 319.000       0.9143
 320.000       0.9268
 321.000       1.0199
 322.000       1.0074
 323.000       0.9818
 324.000       1.0469
 325.000       1.0229
 326.000       1.0711
 327.000       1.1366
 328.000       1.0701
 329.000       0.9729
 330.000       1.1403
 331.000       1.2306
 332.000       1.1488
 333.000       1.1885
 334.000       1.5300
 335.000       1.7291
 336.000       1.7177
 337.000       2.0286
 338.000       2.4060
 339.000       2.5509
 340.000       2.7240
 341.000       3.1373
 342.000       3.5232
 343.000       3.6913
 344.000       4.0124
 345.000       4.6262
 346.000       4.3978
 347.000       5.0708
 348.000       4.9176
 349.000       4.6399
 350.000       4.8399
 351.000       3.7899
 352.000       3.6722
 353.000       3.3519
 354.000       3.9306
 355.000       3.5789
 356.000       2.8005
 357.000       3.0822
 358.000       3.7127
 359.000       3.3981
 360.000       3.0641
 361.000       3.7458
 362.000       4.1076
 363.000       3.7595
 364.000       3.9117
 365.000       4.6134
 366.000       4.9486
 367.000       4.7839
 368.000       4.6602
 369.000       4.7684
 370.000       4.3547
 371.000       3.7189
 372.000       3.8536
 373.000       3.9383
 374.000       3.2294
 375.000       2.8359
 376.000       2.1237
 377.000       1.8932
 378.000       2.0079
 379.000       1.3157
 380.000       1.4987
 381.000       1.5480
 382.000       1.2931
 383.000       1.2289
 384.000       1.1280
 385.000       1.1402
 386.000       1.1234
 387.000       1.0685
 388.000       1.0894
 389.000       1.0815
 390.000       0.8204
 391.000       0.7828
 392.000       0.7894
 393.000       0.8635
 394.000       0.8016
 395.000       0.7537
 396.000       0.7507
 397.000       0.8281
 398.000       0.8515
 399.000       0.8076
 400.000       0.8231
 401.000       0.8827
 402.000       0.8728
 403.000       0.8951
 404.000       0.9882
 405.000       0.9900
 406.000       0.9901
 407.000       1.0990
 408.000       1.0898
 409.000       1.2081
 410.000       1.0573
 411.000       0.9533
 412.000       0.8439
 413.000       0.8671
 414.000       0.7710
 415.000       0.7006
 416.000       0.6870
 417.000       0.6230
 418.000       0.5988
 419.000       0.6258
 420.000       0.5942
 421.000       0.5459
 422.000       0.5478
 423.000       0.5608
 424.000       0.5383
 425.000       0.4991
 426.000       0.4781
 427.000       0.4817
 428.000       0.5352
 429.000       0.5480
 430.000       0.6102
 431.000       0.5751
 432.000       0.5344
 433.000       0.6700
 434.000       0.6414
 435.000       0.6443
 436.000       0.7211
 437.000       0.7522
 438.000       0.7680
 439.000       0.8668
 440.000       1.0227
 441.000       1.0407
 442.000       1.0723
 443.000       1.6347
 444.000       1.7939
 445.000       1.8825
 446.000       2.1725
 447.000       2.3365
 448.000       2.7397
 449.000       1.8949
 450.000       1.5156
 451.000       1.3309
 452.000       1.0987
 453.000       1.1416
 454.000       1.1466
 455.000       0.9185
 456.000       0.8814
 457.000       0.9915
 458.000       0.9224
 459.000       0.7832
 460.000       0.8661
 461.000       0.9343
 462.000       0.8368
 463.000       0.7926
 464.000       0.8637
 465.000       0.8828
 466.000       0.8373
 467.000       0.9457
 468.000       0.9911
 469.000       0.8916
 470.000       0.9239
 471.000       1.0183
 472.000       1.0863
 473.000       1.1205
 474.000       0.9843
 475.000       0.9881
 476.000       1.1027
 477.000       1.0109
 478.000       0.8749
 479.000       1.0898
 480.000       1.1356
 481.000       0.9647
 482.000       1.1160
 483.000       1.3752
 484.000       1.2658
 485.000       1.5782
 486.000       1.8809
 487.000       1.5192
 488.000       1.2839
 489.000       0.8660
 490.000       0.8423
 491.000       0.8688
 492.000       0.7108
 493.000       0.5557
 494.000       0.6258
 495.000       0.6197
 496.000       0.5826
 497.000       0.5352
 498.000       0.5966
 499.000       0.6758
 500.000       0.6326
 501.000       0.6166
 502.000       0.7471
 503.000       0.8628
 504.000       0.8034
 505.000       0.7843
 506.000       0.8777
 507.000       0.9075
 508.000       0.9812
 509.000       0.8770
 510.000       0.7528
 511.000       0.8054
 512.000       0.8331
 513.000       0.7649
 514.000       0.8125
 515.000       0.9111
 516.000       0.9698
 517.000       1.0090
 518.000       1.2600
 519.000       1.3181
 520.000       1.3191
 521.000       1.2826
 522.000       1.0644
 523.000       0.9589
 524.000       0.9181
 525.000       0.8573
 526.000       0.7799
 527.000       0.8496
 528.000       0.8989
 529.000       0.7477
 530.000       0.6800
 531.000       0.7933
 532.000       0.9239
 533.000       0.8506
 534.000       0.7515
 535.000       0.8253
 536.000       0.9969
 537.000       1.0271
 538.000       0.9451
 539.000       1.0505
 540.000       1.2818
 541.000       1.2432
 542.000       1.1173
 543.000       1.3522
 544.000       1.4991
 545.000       1.2676
 546.000       1.4567
 547.000       1.7261
 548.000       1.5381
 549.000       1.6163
 550.000       2.3017
 551.000       2.3936
 552.000       2.1597
 553.000       1.9734
 554.000       2.2772
 555.000       2.0070
 556.000       1.6599
 557.000       1.7691
 558.000       1.5259
 559.000       1.5375
 560.000       1.8573
 561.000       2.2441
 562.000       3.6612
 563.000       4.1455
 564.000       4.4975
 565.000       5.1500
 566.000       6.1639
 567.000       6.7723
 568.000       4.7594
 569.000       3.2740
 570.000       2.6665
 571.000       2.2242
 572.000       1.9480
 573.000       2.1402
 574.000       1.9955
 575.000       2.2791
 576.000       2.3981
 577.000       2.1121
 578.000       1.6873
 579.000       1.7835
 580.000       1.7665
 581.000       1.4031
 582.000       1.2858
 583.000       1.3671
 584.000       1.2947
 585.000       1.3664
 586.000       1.4627
 587.000       1.2579
 588.000       1.2116
 589.000       0.9706
 590.000       1.0482
 591.000       0.9715
 592.000       0.8665
 593.000       0.7411
 594.000       0.9285
 595.000       1.0437
 596.000       1.0007
 597.000       1.0592
 598.000       1.2542
 599.000       1.3732
 600.000       1.4366
 601.000       1.6312
 602.000       1.8706
 603.000       2.0081
 604.000       2.1553
 605.000       2.4993
 624.000       1.7974
