#Res        AtomicFlx
   1.000       1.5257
   2.000       1.2621
   3.000       1.6287
   4.000       1.1954
   5.000       1.5406
   6.000       1.6549
   7.000       1.3765
   8.000       1.6041
   9.000       1.7270
  10.000       1.4634
  11.000       1.3366
  12.000       1.9731
  13.000       2.2188
  14.000       1.7738
  15.000       3.7689
  16.000       4.6137
  17.000       4.1510
  18.000       4.4296
  19.000       3.9438
  20.000       4.5458
  21.000       3.4395
  22.000       3.3322
  23.000       3.3070
  24.000       3.7299
  25.000       3.4069
  26.000       2.7208
  27.000       2.6943
  28.000       1.5748
  29.000       1.1182
  30.000       0.9397
  31.000       0.8105
  32.000       0.9698
  33.000       0.8489
  34.000       0.7926
  35.000       0.7738
  36.000       0.6823
  37.000       0.5766
  38.000       0.5888
  39.000       0.5371
  40.000       0.4835
  41.000       0.4834
  42.000       0.5254
  43.000       0.4991
  44.000       0.4481
  45.000       0.4991
  46.000       0.5937
  47.000       0.9398
  48.000       0.6720
  49.000       0.8525
  50.000       0.9239
  51.000       0.9357
  52.000       0.8988
  53.000       0.9341
  54.000       0.9243
  55.000       1.0731
  56.000       1.0950
  57.000       0.9109
  58.000       0.9657
  59.000       1.1356
  60.000       1.1635
  61.000       1.0166
  62.000       1.0795
  63.000       1.0649
  64.000       1.1679
  65.000       1.1284
  66.000       1.0230
  67.000       1.0079
  68.000       1.1259
  69.000       0.9962
  70.000       0.8606
  71.000       0.8679
  72.000       0.9147
  73.000       0.8166
  74.000       0.7589
  75.000       0.8467
  76.000       0.8618
  77.000       0.7979
  78.000       0.7032
  79.000       0.6300
  80.000       0.5918
  81.000       0.5178
  82.000       0.4753
  83.000       0.4986
  84.000       0.4866
  85.000       0.4456
  86.000       0.4763
  87.000       0.5468
  88.000       0.5484
  89.000       0.5834
  90.000       0.6134
  91.000       0.7066
  92.000       0.7284
  93.000       0.8024
  94.000       0.7245
  95.000       0.6837
  96.000       0.6152
  97.000       0.6527
  98.000       0.7054
  99.000       0.6165
 100.000       0.6424
 101.000       0.7684
 102.000       0.8234
 103.000       0.7900
 104.000       0.8373
 105.000       0.9730
 106.000       0.9304
 107.000       0.7677
 108.000       0.7976
 109.000       0.7179
 110.000       0.5930
 111.000       0.6178
 112.000       0.6024
 113.000       0.5483
 114.000       0.5163
 115.000       0.5384
 116.000       0.5370
 117.000       0.5165
 118.000       0.4873
 119.000       0.5200
 120.000       0.6124
 121.000       0.6372
 122.000       0.6310
 123.000       0.5995
 124.000       0.7195
 125.000       0.7227
 126.000       0.6829
 127.000       0.6263
 128.000       0.6260
 129.000       0.6866
 130.000       0.6935
 131.000       0.6430
 132.000       0.6650
 133.000       0.7042
 134.000       0.6950
 135.000       0.6977
 136.000       0.7020
 137.000       0.7414
 138.000       0.7900
 139.000       0.7990
 140.000       0.9821
 141.000       1.1377
 142.000       1.1953
 143.000       1.2260
 144.000       0.9610
 145.000       0.9961
 146.000       1.0309
 147.000       1.2658
 148.000       1.5731
 149.000       1.7798
 150.000       1.7787
 151.000       1.9044
 152.000       2.2492
 153.000       3.0884
 154.000       3.5757
 155.000       3.1049
 156.000       2.9644
 157.000       2.1939
 158.000       1.7235
 159.000       1.6143
 160.000       1.7265
 161.000       1.4349
 162.000       1.2880
 163.000       1.5625
 164.000       1.5871
 165.000       1.3498
 166.000       1.2591
 167.000       1.2056
 168.000       0.9808
 169.000       1.0565
 170.000       1.0811
 171.000       0.9310
 172.000       0.8228
 173.000       0.8990
 174.000       1.0046
 175.000       0.9967
 176.000       0.8687
 177.000       0.8501
 178.000       0.9685
 179.000       0.9321
 180.000       1.0400
 181.000       1.3497
 182.000       1.3714
 183.000       1.2866
 184.000       1.4888
 185.000       1.6267
 186.000       1.7238
 187.000       1.3714
 188.000       1.1431
 189.000       0.9781
 190.000       0.8437
 191.000       0.8607
 192.000       0.8635
 193.000       0.8063
 194.000       0.8026
 195.000       0.7895
 196.000       0.7013
 197.000       0.6747
 198.000       0.7157
 199.000       0.7307
 200.000       0.6732
 201.000       0.6393
 202.000       0.7019
 203.000       0.6946
 204.000       0.6461
 205.000       0.6798
 206.000       0.7420
 207.000       0.7509
 208.000       0.8135
 209.000       1.0962
 210.000       1.1035
 211.000       0.9706
 212.000       0.8197
 213.000       0.8962
 214.000       0.7637
 215.000       0.6916
 216.000       0.8601
 217.000       1.0036
 218.000       0.8295
 219.000       0.7262
 220.000       0.7478
 221.000       0.7662
 222.000       0.7315
 223.000       0.7617
 224.000       0.8115
 225.000       0.8646
 226.000       0.8457
 227.000       0.8230
 228.000       0.8276
 229.000       0.8036
 230.000       0.8009
 231.000       0.8640
 232.000       0.8921
 233.000       0.8680
 234.000       0.9189
 235.000       0.9847
 236.000       0.9562
 237.000       0.9779
 238.000       1.0538
 239.000       1.0997
 240.000       1.0874
 241.000       1.1538
 242.000       1.2189
 243.000       1.1734
 244.000       1.1526
 245.000       1.1342
 246.000       1.0500
 247.000       1.0675
 248.000       1.1618
 249.000       1.1132
 250.000       1.0455
 251.000       1.1177
 252.000       1.2013
 253.000       1.1871
 254.000       1.2420
 255.000       1.3005
 256.000       1.4469
 257.000       1.2830
 258.000       1.2080
 259.000       1.3788
 260.000       1.2231
 261.000       1.1042
 262.000       1.0191
 263.000       0.9398
 264.000       0.8860
 265.000       0.8264
 266.000       0.7797
 267.000       0.7579
 268.000       0.8021
 269.000       0.7595
 270.000       0.6411
 271.000       0.6916
 272.000       0.7183
 273.000       0.6417
 274.000       0.5581
 275.000       0.4928
 276.000       0.4512
 277.000       0.4342
 278.000       0.4764
 279.000       0.4850
 280.000       0.5791
 281.000       0.5561
 282.000       0.4676
 283.000       0.4559
 284.000       0.5454
 285.000       0.5172
 286.000       0.5328
 287.000       0.6491
 288.000       0.6536
 289.000       0.6943
 290.000       0.8555
 291.000       0.9900
 292.000       0.9128
 293.000       0.7794
 294.000       0.7645
 295.000       0.6488
 296.000       0.7063
 297.000       0.7051
 298.000       0.6223
 299.000       0.6109
 300.000       0.7163
 301.000       0.7226
 302.000       0.5986
 303.000       0.6088
 304.000       0.7456
 305.000       0.7243
 306.000       0.6311
 307.000       0.8398
 308.000       0.9393
 309.000       0.8393
 310.000       0.8757
 311.000       1.0428
 312.000       0.9724
 313.000       0.8795
 314.000       0.9728
 315.000       0.9416
 316.000       0.9055
 317.000       0.9206
 318.000       0.9765
 319.000       0.9906
 320.000       1.0245
 321.000       1.1156
 322.000       1.1187
 323.000       1.0211
 324.000       1.0886
 325.000       1.1019
 326.000       0.9894
 327.000       0.9787
 328.000       1.0992
 329.000       0.9168
 330.000       0.9825
 331.000       1.2801
 332.000       1.1981
 333.000       1.1559
 334.000       1.6545
 335.000       1.9053
 336.000       1.7771
 337.000       2.1725
 338.000       2.6494
 339.000       2.7075
 340.000       2.8604
 341.000       3.4292
 342.000       3.8390
 343.000       3.9428
 344.000       4.2597
 345.000       5.3396
 346.000       5.4647
 347.000       6.9290
 348.000       7.4839
 349.000       6.4936
 350.000       5.3846
 351.000       4.3174
 352.000       4.2496
 353.000       3.5880
 354.000       4.2438
 355.000       3.7949
 356.000       2.9060
 357.000       3.0954
 358.000       3.7886
 359.000       3.5327
 360.000       3.0739
 361.000       3.7283
 362.000       4.1798
 363.000       3.7999
 364.000       3.8267
 365.000       4.5467
 366.000       4.7656
 367.000       4.6077
 368.000       4.2293
 369.000       4.4538
 370.000       4.1869
 371.000       3.4965
 372.000       3.6340
 373.000       3.7882
 374.000       3.1081
 375.000       2.7884
 376.000       2.0566
 377.000       1.8687
 378.000       1.8892
 379.000       1.4049
 380.000       1.7483
 381.000       1.9153
 382.000       1.6491
 383.000       1.6299
 384.000       1.3003
 385.000       1.2201
 386.000       1.3715
 387.000       1.2813
 388.000       1.9869
 389.000       1.1868
 390.000       1.4403
 391.000       1.4783
 392.000       0.9482
 393.000       0.9730
 394.000       1.0135
 395.000       0.9249
 396.000       0.7516
 397.000       0.8022
 398.000       0.9180
 399.000       1.0056
 400.000       0.9848
 401.000       0.9275
 402.000       0.9837
 403.000       1.2205
 404.000       1.3117
 405.000       1.0633
 406.000       1.0850
 407.000       1.1817
 408.000       1.1310
 409.000       0.9920
 410.000       0.9496
 411.000       0.9158
 412.000       0.8334
 413.000       0.7820
 414.000       0.7652
 415.000       0.7711
 416.000       0.7352
 417.000       0.6750
 418.000       0.6750
 419.000       0.6854
 420.000       0.6592
 421.000       0.6208
 422.000       0.5972
 423.000       0.6072
 424.000       0.6120
 425.000       0.5432
 426.000       0.4859
 427.000       0.4867
 428.000       0.4859
 429.000       0.4777
 430.000       0.4776
 431.000       0.4703
 432.000       0.5142
 433.000       0.5374
 434.000       0.5174
 435.000       0.5264
 436.000       0.5855
 437.000       0.6137
 438.000       0.6706
 439.000       0.7644
 440.000       0.8796
 441.000       0.9482
 442.000       1.0605
 443.000       1.5537
 444.000       1.6275
 445.000       1.5419
 446.000       1.8747
 447.000       2.6314
 448.000       3.0081
 449.000       2.2412
 450.000       1.9052
 451.000       2.1268
 452.000       1.7937
 453.000       1.2390
 454.000       1.1467
 455.000       0.8900
 456.000       0.8327
 457.000       0.9480
 458.000       0.8269
 459.000       0.6726
 460.000       0.7875
 461.000       0.8809
 462.000       0.7432
 463.000       0.7390
 464.000       0.8748
 465.000       0.8353
 466.000       0.8508
 467.000       0.8974
 468.000       0.9567
 469.000       0.9135
 470.000       0.8553
 471.000       0.9071
 472.000       0.9724
 473.000       0.9806
 474.000       0.8918
 475.000       0.8702
 476.000       1.0741
 477.000       1.0870
 478.000       0.9060
 479.000       1.1856
 480.000       1.4529
 481.000       1.2705
 482.000       1.1622
 483.000       1.8695
 484.000       2.0127
 485.000       1.8889
 486.000       1.2264
 487.000       1.0668
 488.000       0.9570
 489.000       0.7186
 490.000       0.6918
 491.000       0.6718
 492.000       0.5987
 493.000       0.5422
 494.000       0.5934
 495.000       0.6276
 496.000       0.6264
 497.000       0.5696
 498.000       0.6511
 499.000       0.7511
 500.000       0.7009
 501.000       0.6747
 502.000       0.8739
 503.000       0.8828
 504.000       0.8452
 505.000       0.8130
 506.000       0.9216
 507.000       0.9694
 508.000       1.1277
 509.000       0.9659
 510.000       0.7252
 511.000       0.7879
 512.000       0.9350
 513.000       1.0390
 514.000       0.9687
 515.000       0.9750
 516.000       1.4082
 517.000       1.5269
 518.000       1.5249
 519.000       1.4985
 520.000       1.3770
 521.000       1.3966
 522.000       1.1742
 523.000       1.1182
 524.000       1.1243
 525.000       0.9144
 526.000       0.8186
 527.000       1.0283
 528.000       0.9560
 529.000       0.7103
 530.000       0.7036
 531.000       0.8115
 532.000       0.8857
 533.000       0.7705
 534.000       0.8201
 535.000       0.9743
 536.000       0.9121
 537.000       0.7852
 538.000       0.8574
 539.000       0.9702
 540.000       0.8664
 541.000       0.7570
 542.000       0.9245
 543.000       1.0215
 544.000       0.9033
 545.000       0.8832
 546.000       1.0353
 547.000       1.0619
 548.000       1.0294
 549.000       1.1389
 550.000       1.3267
 551.000       1.3828
 552.000       1.4348
 553.000       1.6121
 554.000       1.8818
 555.000       2.0112
 556.000       1.7816
 557.000       1.9176
 558.000       1.7596
 559.000       1.5578
 560.000       1.5724
 561.000       1.7414
 562.000       2.6348
 563.000       2.9979
 564.000       3.8759
 565.000       4.5609
 566.000       6.3009
 567.000       7.0953
 568.000       5.3690
 569.000       4.2676
 570.000       3.1335
 571.000       2.3547
 572.000       2.1123
 573.000       2.1644
 574.000       1.8866
 575.000       2.0683
 576.000       2.1996
 577.000       1.9398
 578.000       1.5801
 579.000       1.6029
 580.000       1.5176
 581.000       1.2298
 582.000       1.1407
 583.000       1.1768
 584.000       1.0403
 585.000       0.9444
 586.000       0.9261
 587.000       0.8502
 588.000       0.8307
 589.000       0.7187
 590.000       0.7590
 591.000       0.8296
 592.000       0.8051
 593.000       0.7222
 594.000       0.8887
 595.000       1.0051
 596.000       0.9795
 597.000       1.0454
 598.000       1.2420
 599.000       1.3611
 600.000       1.4270
 601.000       1.6361
 602.000       1.8600
 603.000       1.9420
 604.000       2.1648
 605.000       4.3986
 624.000       0.9012
