#Res        AtomicFlx
   1.000       3.0931
   2.000       2.5436
   3.000       3.0500
   4.000       3.3644
   5.000       2.2164
   6.000       2.2501
   7.000       1.6830
   8.000       1.8274
   9.000       2.0185
  10.000       1.7318
  11.000       1.2789
  12.000       1.3558
  13.000       1.5946
  14.000       1.9078
  15.000       2.4037
  16.000       2.1400
  17.000       1.9351
  18.000       2.4867
  19.000       2.9435
  20.000       2.8047
  21.000       2.8121
  22.000       3.6757
  23.000       4.1267
  24.000       3.9930
  25.000       3.7970
  26.000       4.3161
  27.000       3.9265
  28.000       2.6788
  29.000       2.2261
  30.000       1.7821
  31.000       1.3823
  32.000       1.8153
  33.000       1.4577
  34.000       1.2162
  35.000       1.2756
  36.000       1.1308
  37.000       0.7922
  38.000       0.8931
  39.000       1.0202
  40.000       0.7408
  41.000       0.6486
  42.000       0.8130
  43.000       0.8716
  44.000       0.7454
  45.000       0.8946
  46.000       1.1715
  47.000       1.4971
  48.000       1.2692
  49.000       1.5917
  50.000       2.4136
  51.000       2.0118
  52.000       1.1175
  53.000       1.1055
  54.000       1.1269
  55.000       1.3682
  56.000       1.4385
  57.000       1.2447
  58.000       1.2340
  59.000       1.5407
  60.000       1.5825
  61.000       1.4144
  62.000       1.5792
  63.000       1.5077
  64.000       1.3332
  65.000       1.1950
  66.000       1.0341
  67.000       1.1240
  68.000       1.2023
  69.000       1.1048
  70.000       0.9902
  71.000       1.1489
  72.000       1.2213
  73.000       1.0861
  74.000       1.0568
  75.000       1.0246
  76.000       1.0125
  77.000       1.0151
  78.000       1.0787
  79.000       0.9256
  80.000       0.8043
  81.000       0.7034
  82.000       0.6065
  83.000       0.6495
  84.000       0.6521
  85.000       0.6204
  86.000       0.5918
  87.000       0.6882
  88.000       0.7299
  89.000       0.7661
  90.000       0.7770
  91.000       0.8476
  92.000       0.9309
  93.000       1.0421
  94.000       1.0785
  95.000       1.0620
  96.000       1.0182
  97.000       1.0482
  98.000       1.0772
  99.000       0.9005
 100.000       0.9076
 101.000       1.1585
 102.000       1.1478
 103.000       1.0055
 104.000       1.1096
 105.000       1.3180
 106.000       1.2627
 107.000       1.0470
 108.000       1.0982
 109.000       1.0380
 110.000       0.8274
 111.000       0.8214
 112.000       0.8959
 113.000       0.8408
 114.000       0.7372
 115.000       0.7213
 116.000       0.8101
 117.000       0.7832
 118.000       0.7232
 119.000       0.7755
 120.000       0.8132
 121.000       0.8027
 122.000       0.8486
 123.000       0.8208
 124.000       0.7617
 125.000       0.7827
 126.000       0.8966
 127.000       0.8660
 128.000       0.7769
 129.000       0.8192
 130.000       0.8884
 131.000       0.8803
 132.000       0.8441
 133.000       0.8702
 134.000       0.8749
 135.000       0.8986
 136.000       0.9132
 137.000       0.9588
 138.000       0.9682
 139.000       1.0524
 140.000       1.1946
 141.000       1.3152
 142.000       1.4095
 143.000       1.4475
 144.000       1.2073
 145.000       1.2126
 146.000       1.2091
 147.000       1.3457
 148.000       1.4555
 149.000       1.4552
 150.000       1.6187
 151.000       1.9500
 152.000       2.2602
 153.000       2.9794
 154.000       3.4344
 155.000       3.1035
 156.000       3.0022
 157.000       2.4214
 158.000       1.9103
 159.000       1.7054
 160.000       1.8392
 161.000       1.6340
 162.000       1.4718
 163.000       1.6967
 164.000       1.8090
 165.000       1.6101
 166.000       1.4697
 167.000       1.3435
 168.000       1.2303
 169.000       1.3357
 170.000       1.2764
 171.000       1.1094
 172.000       1.0763
 173.000       1.1619
 174.000       1.1683
 175.000       1.0790
 176.000       0.9696
 177.000       1.0196
 178.000       1.1286
 179.000       1.1899
 180.000       1.2396
 181.000       1.5183
 182.000       1.3926
 183.000       1.3455
 184.000       1.4716
 185.000       1.3017
 186.000       1.3565
 187.000       1.3206
 188.000       1.2171
 189.000       1.1002
 190.000       1.0009
 191.000       0.9936
 192.000       0.9680
 193.000       0.9022
 194.000       0.8636
 195.000       0.8034
 196.000       0.7445
 197.000       0.7440
 198.000       0.7557
 199.000       0.7476
 200.000       0.7214
 201.000       0.7140
 202.000       0.7902
 203.000       0.8115
 204.000       0.9141
 205.000       0.9823
 206.000       1.1400
 207.000       1.2461
 208.000       1.5934
 209.000       1.8868
 210.000       2.9215
 211.000       2.8769
 212.000       2.0072
 213.000       1.6812
 214.000       1.4915
 215.000       1.0856
 216.000       1.0214
 217.000       0.9965
 218.000       0.9098
 219.000       1.0561
 220.000       1.1424
 221.000       1.0423
 222.000       0.9896
 223.000       1.4174
 224.000       1.5288
 225.000       1.4476
 226.000       1.3793
 227.000       1.2943
 228.000       1.2984
 229.000       1.2347
 230.000       1.1784
 231.000       1.1794
 232.000       1.1792
 233.000       1.1089
 234.000       1.1329
 235.000       1.1646
 236.000       1.1042
 237.000       1.1533
 238.000       1.2032
 239.000       1.2379
 240.000       1.2514
 241.000       1.3492
 242.000       1.3828
 243.000       1.3282
 244.000       1.5036
 245.000       1.6351
 246.000       1.7712
 247.000       1.5722
 248.000       1.9690
 249.000       1.8718
 250.000       1.5775
 251.000       1.7220
 252.000       1.8532
 253.000       1.7968
 254.000       1.6097
 255.000       1.5911
 256.000       1.7691
 257.000       1.5047
 258.000       1.3536
 259.000       1.6898
 260.000       1.6682
 261.000       1.7752
 262.000       1.6986
 263.000       1.2682
 264.000       1.2159
 265.000       1.3861
 266.000       1.2163
 267.000       0.9410
 268.000       1.0695
 269.000       1.0870
 270.000       0.9010
 271.000       0.9627
 272.000       1.0331
 273.000       1.0446
 274.000       0.9622
 275.000       0.9025
 276.000       0.8083
 277.000       0.7496
 278.000       1.1737
 279.000       1.3070
 280.000       1.1045
 281.000       1.2805
 282.000       0.6432
 283.000       0.7159
 284.000       0.8737
 285.000       0.7038
 286.000       0.7240
 287.000       0.9177
 288.000       0.9516
 289.000       0.9268
 290.000       1.0812
 291.000       1.0415
 292.000       1.0694
 293.000       0.9662
 294.000       0.9021
 295.000       0.7867
 296.000       0.8600
 297.000       0.9550
 298.000       0.7660
 299.000       0.7277
 300.000       0.9274
 301.000       0.9337
 302.000       0.7175
 303.000       0.9020
 304.000       1.1597
 305.000       1.1119
 306.000       1.0468
 307.000       1.3862
 308.000       1.4934
 309.000       1.4213
 310.000       1.4357
 311.000       1.4157
 312.000       1.3640
 313.000       1.3103
 314.000       1.2593
 315.000       1.1705
 316.000       1.0712
 317.000       1.1085
 318.000       1.1159
 319.000       1.0875
 320.000       1.1757
 321.000       1.2793
 322.000       1.2280
 323.000       1.2659
 324.000       1.3596
 325.000       1.2866
 326.000       1.3190
 327.000       1.5334
 328.000       1.5289
 329.000       1.3719
 330.000       1.5088
 331.000       1.7300
 332.000       1.7267
 333.000       1.6803
 334.000       2.0649
 335.000       2.3978
 336.000       2.4618
 337.000       2.6568
 338.000       3.1308
 339.000       3.4144
 340.000       3.5583
 341.000       3.9438
 342.000       4.4565
 343.000       4.7272
 344.000       4.8283
 345.000       5.4649
 346.000       5.1496
 347.000       5.9811
 348.000       6.2885
 349.000       5.7482
 350.000       5.3059
 351.000       4.2186
 352.000       4.2464
 353.000       3.7599
 354.000       4.4822
 355.000       3.9564
 356.000       3.2136
 357.000       3.5766
 358.000       4.1848
 359.000       3.9817
 360.000       3.8682
 361.000       4.5829
 362.000       4.8694
 363.000       4.7200
 364.000       5.1211
 365.000       5.7265
 366.000       5.8613
 367.000       6.0564
 368.000       5.9527
 369.000       6.2985
 370.000       5.6815
 371.000       4.9687
 372.000       5.3854
 373.000       5.3188
 374.000       4.4148
 375.000       4.0759
 376.000       3.1672
 377.000       2.7423
 378.000       2.6935
 379.000       1.9768
 380.000       2.3041
 381.000       2.5823
 382.000       2.5068
 383.000       2.0408
 384.000       2.0906
 385.000       2.1552
 386.000       3.3951
 387.000       2.3636
 388.000       2.4091
 389.000       2.6376
 390.000       2.3163
 391.000       3.2925
 392.000       1.7279
 393.000       1.3645
 394.000       1.2778
 395.000       1.1284
 396.000       1.0580
 397.000       1.1281
 398.000       1.2468
 399.000       1.1876
 400.000       1.1436
 401.000       1.2009
 402.000       1.2753
 403.000       1.2870
 404.000       1.3598
 405.000       1.4155
 406.000       1.3845
 407.000       1.4483
 408.000       1.3017
 409.000       1.1650
 410.000       1.0940
 411.000       1.1104
 412.000       1.0570
 413.000       0.9710
 414.000       0.9614
 415.000       0.9952
 416.000       0.9376
 417.000       0.8513
 418.000       0.8736
 419.000       0.9194
 420.000       0.8843
 421.000       0.8483
 422.000       0.8579
 423.000       0.8949
 424.000       0.8408
 425.000       0.6856
 426.000       0.6479
 427.000       0.7264
 428.000       0.6711
 429.000       0.7582
 430.000       0.8733
 431.000       0.6742
 432.000       0.7279
 433.000       0.9899
 434.000       0.8495
 435.000       0.8291
 436.000       0.9635
 437.000       1.1368
 438.000       0.9909
 439.000       1.0702
 440.000       1.2040
 441.000       1.1542
 442.000       1.3391
 443.000       1.5514
 444.000       1.6042
 445.000       1.7738
 446.000       2.3276
 447.000       2.7043
 448.000       3.2470
 449.000       2.0805
 450.000       1.5147
 451.000       1.3587
 452.000       1.3406
 453.000       1.2769
 454.000       1.1211
 455.000       1.0137
 456.000       1.0373
 457.000       1.0683
 458.000       0.9434
 459.000       0.8296
 460.000       0.9241
 461.000       0.9615
 462.000       0.8236
 463.000       0.8045
 464.000       0.9220
 465.000       0.8993
 466.000       0.8653
 467.000       0.9338
 468.000       1.0166
 469.000       0.9837
 470.000       0.9749
 471.000       1.0251
 472.000       1.0842
 473.000       1.1013
 474.000       0.9452
 475.000       0.9488
 476.000       1.0790
 477.000       0.9772
 478.000       0.8304
 479.000       0.9794
 480.000       1.0115
 481.000       0.8533
 482.000       0.8732
 483.000       1.0511
 484.000       1.1118
 485.000       1.2776
 486.000       1.5610
 487.000       1.2648
 488.000       1.0543
 489.000       0.9058
 490.000       0.9019
 491.000       0.9046
 492.000       0.8480
 493.000       0.7695
 494.000       0.8100
 495.000       0.8133
 496.000       0.7690
 497.000       0.6749
 498.000       0.7912
 499.000       0.8830
 500.000       0.7957
 501.000       0.8166
 502.000       1.0868
 503.000       1.1354
 504.000       1.0517
 505.000       0.9990
 506.000       1.1920
 507.000       1.2716
 508.000       1.2833
 509.000       1.0787
 510.000       0.9172
 511.000       0.9906
 512.000       0.9860
 513.000       0.8956
 514.000       0.9200
 515.000       0.9925
 516.000       1.0900
 517.000       1.1286
 518.000       1.3249
 519.000       1.3448
 520.000       1.2822
 521.000       1.2725
 522.000       1.1688
 523.000       1.1279
 524.000       1.1958
 525.000       1.1325
 526.000       0.9210
 527.000       0.9868
 528.000       1.1143
 529.000       0.9003
 530.000       0.8042
 531.000       0.9569
 532.000       1.0475
 533.000       0.9690
 534.000       0.9115
 535.000       0.9359
 536.000       1.0097
 537.000       1.0216
 538.000       0.9636
 539.000       0.9490
 540.000       1.0324
 541.000       1.0737
 542.000       1.0213
 543.000       0.9823
 544.000       1.1056
 545.000       1.2165
 546.000       1.1541
 547.000       1.1477
 548.000       1.3021
 549.000       1.4079
 550.000       1.4389
 551.000       1.5045
 552.000       1.6886
 553.000       1.7462
 554.000       1.4973
 555.000       1.5005
 556.000       1.4424
 557.000       1.5427
 558.000       1.5051
 559.000       1.4428
 560.000       1.7783
 561.000       1.8942
 562.000       2.7534
 563.000       3.8371
 564.000       3.6244
 565.000       4.0943
 566.000       4.8248
 567.000       5.1223
 568.000       3.8108
 569.000       2.9703
 570.000       2.0274
 571.000       1.8017
 572.000       1.6642
 573.000       1.6608
 574.000       1.5488
 575.000       1.6566
 576.000       1.6850
 577.000       1.5575
 578.000       1.4060
 579.000       1.4164
 580.000       1.4396
 581.000       1.3532
 582.000       1.2774
 583.000       1.2893
 584.000       1.3028
 585.000       1.2495
 586.000       1.1969
 587.000       1.2003
 588.000       1.1798
 589.000       0.9995
 590.000       1.0855
 591.000       1.2117
 592.000       1.0840
 593.000       1.0461
 594.000       1.2744
 595.000       1.3704
 596.000       1.3009
 597.000       1.4041
 598.000       1.6654
 599.000       1.7498
 600.000       1.7994
 601.000       2.0160
 602.000       2.3099
 603.000       2.4025
 604.000       3.0651
 605.000       5.4677
 624.000       1.6876
