#Res        AtomicFlx
   1.000      14.5904
   2.000      12.3919
   3.000      10.2702
   4.000       8.2566
   5.000       5.7907
   6.000       5.5092
   7.000       5.2810
   8.000       5.2989
   9.000       3.8789
  10.000       2.0697
  11.000       1.7651
  12.000       1.8378
  13.000       1.6025
  14.000       1.4655
  15.000       1.7755
  16.000       1.8139
  17.000       1.6814
  18.000       1.8039
  19.000       2.0224
  20.000       1.9661
  21.000       2.0815
  22.000       2.6656
  23.000       3.0866
  24.000       3.1517
  25.000       3.6366
  26.000       3.3903
  27.000       2.5859
  28.000       1.8568
  29.000       1.5726
  30.000       1.3572
  31.000       1.3159
  32.000       1.6077
  33.000       1.2957
  34.000       1.0853
  35.000       1.0547
  36.000       0.9962
  37.000       0.8447
  38.000       0.7980
  39.000       0.8035
  40.000       0.7421
  41.000       0.6606
  42.000       0.7460
  43.000       0.7384
  44.000       0.6686
  45.000       0.6888
  46.000       0.7430
  47.000       0.8040
  48.000       0.8906
  49.000       1.0832
  50.000       1.0363
  51.000       0.9843
  52.000       1.2891
  53.000       1.1323
  54.000       1.0782
  55.000       1.4902
  56.000       1.6738
  57.000       1.4115
  58.000       1.5634
  59.000       1.9429
  60.000       1.8886
  61.000       1.7519
  62.000       2.0034
  63.000       1.8517
  64.000       1.8458
  65.000       1.6448
  66.000       1.4017
  67.000       1.4146
  68.000       1.4038
  69.000       1.2219
  70.000       1.1385
  71.000       1.1775
  72.000       1.0953
  73.000       0.9499
  74.000       0.9684
  75.000       1.0207
  76.000       0.9797
  77.000       0.8718
  78.000       0.7899
  79.000       0.7986
  80.000       0.7719
  81.000       0.6389
  82.000       0.6172
  83.000       0.7225
  84.000       0.6938
  85.000       0.6373
  86.000       0.6641
  87.000       0.7587
  88.000       0.7561
  89.000       0.7586
  90.000       0.7819
  91.000       0.8637
  92.000       0.9214
  93.000       0.9957
  94.000       0.9548
  95.000       0.8485
  96.000       0.7696
  97.000       0.8501
  98.000       0.8986
  99.000       0.8254
 100.000       0.9245
 101.000       1.0759
 102.000       1.1470
 103.000       1.4250
 104.000       1.8338
 105.000       1.8188
 106.000       1.2638
 107.000       1.1477
 108.000       1.4288
 109.000       1.1501
 110.000       0.9684
 111.000       0.9742
 112.000       0.9179
 113.000       0.8022
 114.000       0.7616
 115.000       0.7274
 116.000       0.6798
 117.000       0.6708
 118.000       0.6703
 119.000       0.6413
 120.000       0.6873
 121.000       0.7393
 122.000       0.7087
 123.000       0.6979
 124.000       0.7372
 125.000       0.7125
 126.000       0.7108
 127.000       0.7303
 128.000       0.7305
 129.000       0.7105
 130.000       0.7846
 131.000       0.8936
 132.000       0.8813
 133.000       0.8750
 134.000       0.9675
 135.000       1.0637
 136.000       1.0971
 137.000       1.1244
 138.000       1.2088
 139.000       1.2807
 140.000       1.3945
 141.000       1.5290
 142.000       1.7305
 143.000       1.6957
 144.000       1.4703
 145.000       1.4590
 146.000       1.4021
 147.000       1.5147
 148.000       1.7823
 149.000       1.8071
 150.000       1.9689
 151.000       2.4328
 152.000       2.6077
 153.000       3.0865
 154.000       3.5918
 155.000       3.6840
 156.000       3.7044
 157.000       3.0439
 158.000       2.4041
 159.000       2.1153
 160.000       2.2693
 161.000       1.9501
 162.000       1.8012
 163.000       2.2665
 164.000       2.3985
 165.000       1.9406
 166.000       1.7004
 167.000       1.5564
 168.000       1.2894
 169.000       1.3196
 170.000       1.3635
 171.000       1.2693
 172.000       1.1566
 173.000       1.2056
 174.000       1.2877
 175.000       1.3497
 176.000       1.2267
 177.000       1.1740
 178.000       1.2328
 179.000       1.2726
 180.000       1.3821
 181.000       1.7556
 182.000       1.9232
 183.000       1.6765
 184.000       1.8732
 185.000       1.7980
 186.000       1.4824
 187.000       1.3932
 188.000       1.6213
 189.000       1.3958
 190.000       1.3345
 191.000       1.4434
 192.000       1.2812
 193.000       1.0951
 194.000       1.1123
 195.000       1.0318
 196.000       0.8485
 197.000       0.8513
 198.000       0.9600
 199.000       0.8946
 200.000       0.7866
 201.000       0.8187
 202.000       0.9663
 203.000       0.9208
 204.000       0.7984
 205.000       0.8905
 206.000       1.0455
 207.000       1.0251
 208.000       1.0188
 209.000       1.2410
 210.000       1.3245
 211.000       1.2006
 212.000       1.1546
 213.000       1.2500
 214.000       1.1051
 215.000       1.0178
 216.000       1.1129
 217.000       1.3182
 218.000       1.2228
 219.000       1.0617
 220.000       1.0990
 221.000       1.2316
 222.000       1.2268
 223.000       1.1791
 224.000       1.1788
 225.000       1.1314
 226.000       1.0737
 227.000       1.1193
 228.000       1.0664
 229.000       1.0459
 230.000       1.1276
 231.000       1.2166
 232.000       1.2292
 233.000       1.2272
 234.000       1.3209
 235.000       1.3938
 236.000       1.3915
 237.000       1.4264
 238.000       1.4877
 239.000       1.5646
 240.000       1.5684
 241.000       1.5635
 242.000       1.4356
 243.000       1.3358
 244.000       1.5839
 245.000       1.5599
 246.000       1.2666
 247.000       1.3454
 248.000       1.5978
 249.000       1.5893
 250.000       1.4845
 251.000       1.6392
 252.000       1.8272
 253.000       2.0260
 254.000       1.9721
 255.000       1.8186
 256.000       1.9539
 257.000       1.7303
 258.000       1.5822
 259.000       1.6137
 260.000       1.5405
 261.000       1.3733
 262.000       1.4072
 263.000       1.3675
 264.000       1.2046
 265.000       1.1509
 266.000       1.1830
 267.000       1.1171
 268.000       1.0245
 269.000       0.9954
 270.000       0.9592
 271.000       0.8870
 272.000       0.7778
 273.000       0.7456
 274.000       0.7905
 275.000       0.7291
 276.000       0.6758
 277.000       0.6962
 278.000       1.2112
 279.000       1.7884
 280.000       1.4466
 281.000       1.5834
 282.000       0.7260
 283.000       0.7296
 284.000       0.7990
 285.000       0.7844
 286.000       0.7201
 287.000       0.8428
 288.000       0.9994
 289.000       0.9379
 290.000       1.0682
 291.000       1.1013
 292.000       1.0623
 293.000       0.9819
 294.000       0.9269
 295.000       0.8264
 296.000       0.9106
 297.000       0.9700
 298.000       0.8176
 299.000       0.7661
 300.000       0.8874
 301.000       0.8772
 302.000       0.7567
 303.000       0.7985
 304.000       0.9294
 305.000       0.8977
 306.000       0.8103
 307.000       0.9785
 308.000       1.0414
 309.000       0.9273
 310.000       0.9863
 311.000       1.1241
 312.000       1.0783
 313.000       0.9896
 314.000       1.0847
 315.000       1.1918
 316.000       1.2359
 317.000       1.1885
 318.000       1.2032
 319.000       1.3085
 320.000       1.3056
 321.000       1.3273
 322.000       1.3370
 323.000       1.3597
 324.000       1.4433
 325.000       1.4440
 326.000       1.4007
 327.000       1.5262
 328.000       1.6824
 329.000       1.5068
 330.000       1.3113
 331.000       1.4058
 332.000       1.7208
 333.000       1.6925
 334.000       2.0077
 335.000       2.4435
 336.000       2.8155
 337.000       3.0550
 338.000       3.4740
 339.000       3.9598
 340.000       4.3640
 341.000       4.6880
 342.000       5.1606
 343.000       5.6120
 344.000       6.0855
 345.000       6.3994
 346.000       5.9455
 347.000       6.1370
 348.000       5.5662
 349.000       5.4220
 350.000       5.2356
 351.000       4.7060
 352.000       5.0169
 353.000       4.6983
 354.000       5.5221
 355.000       5.2209
 356.000       4.1835
 357.000       4.7270
 358.000       5.5039
 359.000       5.0722
 360.000       4.9051
 361.000       5.8400
 362.000       6.3497
 363.000       6.1593
 364.000       6.6460
 365.000       7.4637
 366.000       7.7949
 367.000       8.3996
 368.000       8.3918
 369.000       8.4472
 370.000       7.4251
 371.000       6.6415
 372.000       6.9007
 373.000       6.5389
 374.000       5.6266
 375.000       5.3476
 376.000       4.0727
 377.000       3.9378
 378.000       3.9103
 379.000       2.6872
 380.000       2.7364
 381.000       3.1941
 382.000       3.4078
 383.000       2.9620
 384.000       2.7915
 385.000       2.6189
 386.000       2.3568
 387.000       2.3349
 388.000       2.8034
 389.000       1.8579
 390.000       1.5873
 391.000       1.5661
 392.000       1.2634
 393.000       1.2350
 394.000       1.2474
 395.000       1.1290
 396.000       1.0960
 397.000       1.2090
 398.000       1.3101
 399.000       1.2428
 400.000       1.2332
 401.000       1.3598
 402.000       1.3662
 403.000       1.4357
 404.000       1.5644
 405.000       1.5831
 406.000       1.5879
 407.000       1.6309
 408.000       1.5741
 409.000       1.4799
 410.000       1.4784
 411.000       1.3939
 412.000       1.2392
 413.000       1.2077
 414.000       1.2164
 415.000       1.1142
 416.000       0.9909
 417.000       0.9248
 418.000       0.9073
 419.000       0.8629
 420.000       0.7880
 421.000       0.7488
 422.000       0.7559
 423.000       0.7244
 424.000       0.6609
 425.000       0.6670
 426.000       0.6972
 427.000       0.6519
 428.000       0.5951
 429.000       0.7108
 430.000       0.7914
 431.000       0.6778
 432.000       0.7660
 433.000       0.9335
 434.000       0.7777
 435.000       0.7529
 436.000       0.8462
 437.000       0.8762
 438.000       0.8600
 439.000       0.9445
 440.000       1.0911
 441.000       1.1441
 442.000       1.1943
 443.000       1.5962
 444.000       1.8113
 445.000       1.9912
 446.000       2.2501
 447.000       2.4291
 448.000       2.7707
 449.000       2.0977
 450.000       1.8123
 451.000       1.6312
 452.000       1.3905
 453.000       1.4359
 454.000       1.4060
 455.000       1.0933
 456.000       1.0761
 457.000       1.2034
 458.000       1.1078
 459.000       0.9120
 460.000       1.0351
 461.000       1.1336
 462.000       0.9983
 463.000       0.9478
 464.000       1.1058
 465.000       1.1246
 466.000       1.0189
 467.000       1.1168
 468.000       1.2035
 469.000       1.1393
 470.000       1.1193
 471.000       1.1387
 472.000       1.2416
 473.000       1.3665
 474.000       1.2305
 475.000       1.2305
 476.000       1.3217
 477.000       1.2055
 478.000       1.0600
 479.000       1.2218
 480.000       1.2689
 481.000       1.0808
 482.000       1.1105
 483.000       1.2771
 484.000       1.2897
 485.000       1.2156
 486.000       1.2373
 487.000       1.0589
 488.000       0.9339
 489.000       0.7887
 490.000       0.7365
 491.000       0.8162
 492.000       0.7732
 493.000       0.7019
 494.000       0.6931
 495.000       0.7466
 496.000       0.7629
 497.000       0.7227
 498.000       0.7832
 499.000       0.8728
 500.000       0.8511
 501.000       0.8516
 502.000       1.0767
 503.000       1.3497
 504.000       1.3155
 505.000       1.1743
 506.000       1.2413
 507.000       1.1520
 508.000       1.2667
 509.000       1.1736
 510.000       0.9935
 511.000       1.0596
 512.000       1.1132
 513.000       1.0205
 514.000       1.0111
 515.000       1.1042
 516.000       1.1398
 517.000       1.1583
 518.000       1.3331
 519.000       1.3562
 520.000       1.2975
 521.000       1.2810
 522.000       1.1377
 523.000       1.2843
 524.000       1.3941
 525.000       1.2196
 526.000       1.0292
 527.000       1.1469
 528.000       1.1766
 529.000       0.9683
 530.000       0.8951
 531.000       1.0501
 532.000       1.0712
 533.000       0.9837
 534.000       0.8286
 535.000       0.8778
 536.000       0.9903
 537.000       0.9495
 538.000       0.8591
 539.000       0.9799
 540.000       1.0571
 541.000       0.9927
 542.000       1.0255
 543.000       1.1641
 544.000       1.1760
 545.000       1.1935
 546.000       1.3402
 547.000       1.3742
 548.000       1.4195
 549.000       1.4865
 550.000       1.7135
 551.000       1.8294
 552.000       1.8258
 553.000       1.8996
 554.000       1.8183
 555.000       2.0347
 556.000       1.7783
 557.000       1.8921
 558.000       1.7228
 559.000       1.6588
 560.000       2.1087
 561.000       2.4272
 562.000       3.1357
 563.000       3.2498
 564.000       3.8135
 565.000       3.2989
 566.000       2.8964
 567.000       3.4488
 568.000       3.4460
 569.000       2.9298
 570.000       2.8019
 571.000       2.5788
 572.000       2.1943
 573.000       2.3848
 574.000       2.0634
 575.000       2.1706
 576.000       2.1931
 577.000       2.0291
 578.000       1.7723
 579.000       1.8145
 580.000       1.8665
 581.000       1.6692
 582.000       1.5615
 583.000       1.6678
 584.000       1.7032
 585.000       1.6617
 586.000       1.7127
 587.000       1.6036
 588.000       1.3606
 589.000       1.0710
 590.000       1.0725
 591.000       1.1766
 592.000       1.1573
 593.000       1.1154
 594.000       1.3185
 595.000       1.5112
 596.000       1.6153
 597.000       1.5531
 598.000       1.6788
 599.000       1.9312
 600.000       2.0147
 601.000       2.0554
 602.000       2.3474
 603.000       2.5815
 604.000       2.7252
 605.000       3.0665
 624.000       0.9927
