#Res        AtomicFlx
   1.000       5.0121
   2.000       4.5073
   3.000       4.1279
   4.000       3.7668
   5.000       4.1649
   6.000       3.9051
   7.000       3.6222
   8.000       2.9937
   9.000       2.4094
  10.000       1.7547
  11.000       1.5486
  12.000       1.7508
  13.000       1.7667
  14.000       1.6415
  15.000       2.1487
  16.000       2.4850
  17.000       2.4068
  18.000       3.1658
  19.000       3.8528
  20.000       4.5675
  21.000       4.6155
  22.000       5.4015
  23.000       5.9573
  24.000       6.0837
  25.000       5.6703
  26.000       4.9610
  27.000       3.7843
  28.000       2.3713
  29.000       1.9681
  30.000       2.2491
  31.000       1.8349
  32.000       2.3783
  33.000       1.5812
  34.000       1.3061
  35.000       1.3123
  36.000       1.3295
  37.000       1.0087
  38.000       0.8942
  39.000       1.0657
  40.000       1.2166
  41.000       1.1234
  42.000       1.1383
  43.000       0.9173
  44.000       0.6410
  45.000       0.7697
  46.000       0.7172
  47.000       1.8937
  48.000       0.8466
  49.000       1.8933
  50.000       1.8175
  51.000       1.4679
  52.000       1.7722
  53.000       0.9347
  54.000       0.9473
  55.000       1.0852
  56.000       1.0940
  57.000       1.0324
  58.000       1.1341
  59.000       1.3081
  60.000       1.3078
  61.000       1.3469
  62.000       1.5349
  63.000       1.4021
  64.000       1.3227
  65.000       1.3030
  66.000       1.1208
  67.000       1.0782
  68.000       1.1347
  69.000       1.0566
  70.000       0.9220
  71.000       0.9681
  72.000       1.0128
  73.000       0.9195
  74.000       0.8534
  75.000       0.8602
  76.000       0.8132
  77.000       0.7288
  78.000       0.7368
  79.000       0.7518
  80.000       0.6491
  81.000       0.5661
  82.000       0.6359
  83.000       0.6973
  84.000       0.6393
  85.000       0.6298
  86.000       0.6865
  87.000       0.7494
  88.000       0.7160
  89.000       0.8081
  90.000       0.8422
  91.000       0.8266
  92.000       0.8700
  93.000       0.9643
  94.000       0.8361
  95.000       0.7828
  96.000       0.7450
  97.000       0.7891
  98.000       0.8486
  99.000       0.7688
 100.000       0.7837
 101.000       0.9402
 102.000       1.0076
 103.000       0.9697
 104.000       1.0137
 105.000       1.1193
 106.000       1.0060
 107.000       0.8542
 108.000       0.8940
 109.000       0.8407
 110.000       0.7201
 111.000       0.7394
 112.000       0.7662
 113.000       0.6980
 114.000       0.6296
 115.000       0.6554
 116.000       0.6936
 117.000       0.6398
 118.000       0.6008
 119.000       0.6358
 120.000       0.6816
 121.000       0.6828
 122.000       0.6640
 123.000       0.7255
 124.000       0.7042
 125.000       0.6712
 126.000       0.7324
 127.000       0.7613
 128.000       0.7159
 129.000       0.6727
 130.000       0.7579
 131.000       0.7888
 132.000       0.7355
 133.000       0.7632
 134.000       0.8211
 135.000       0.8685
 136.000       0.9018
 137.000       0.9313
 138.000       1.0018
 139.000       1.1044
 140.000       1.2994
 141.000       1.2945
 142.000       1.4231
 143.000       1.4970
 144.000       1.2679
 145.000       1.2929
 146.000       1.3178
 147.000       1.4788
 148.000       1.6512
 149.000       1.6877
 150.000       1.7982
 151.000       2.1081
 152.000       2.3629
 153.000       2.7915
 154.000       3.4396
 155.000       3.8554
 156.000       3.2403
 157.000       2.5564
 158.000       2.0852
 159.000       1.9636
 160.000       2.0858
 161.000       1.8409
 162.000       1.7286
 163.000       1.9858
 164.000       2.0961
 165.000       1.8838
 166.000       1.6905
 167.000       1.5142
 168.000       1.3502
 169.000       1.4074
 170.000       1.4015
 171.000       1.2208
 172.000       1.1518
 173.000       1.2758
 174.000       1.3111
 175.000       1.2203
 176.000       1.0786
 177.000       1.1221
 178.000       1.2596
 179.000       1.3767
 180.000       1.5833
 181.000       2.0003
 182.000       1.9343
 183.000       1.9174
 184.000       2.0590
 185.000       1.8363
 186.000       1.8878
 187.000       1.6284
 188.000       1.5691
 189.000       1.3581
 190.000       1.1991
 191.000       1.1776
 192.000       1.0707
 193.000       1.0007
 194.000       1.0438
 195.000       0.9832
 196.000       0.8689
 197.000       0.8909
 198.000       0.9502
 199.000       0.8716
 200.000       0.8157
 201.000       0.8785
 202.000       0.9486
 203.000       0.9155
 204.000       0.9026
 205.000       0.9845
 206.000       1.1705
 207.000       1.2077
 208.000       1.1929
 209.000       1.3353
 210.000       1.9104
 211.000       1.9989
 212.000       1.7043
 213.000       1.3563
 214.000       1.2576
 215.000       1.2911
 216.000       1.2014
 217.000       1.0839
 218.000       1.0749
 219.000       1.3350
 220.000       1.3916
 221.000       1.1307
 222.000       0.9288
 223.000       1.1434
 224.000       1.2431
 225.000       1.1094
 226.000       1.0226
 227.000       1.1646
 228.000       1.2162
 229.000       1.1152
 230.000       1.1096
 231.000       1.2292
 232.000       1.2354
 233.000       1.1983
 234.000       1.2976
 235.000       1.3578
 236.000       1.2386
 237.000       1.4083
 238.000       1.5252
 239.000       1.4778
 240.000       1.5225
 241.000       1.4923
 242.000       1.4760
 243.000       1.5119
 244.000       1.8219
 245.000       1.8861
 246.000       1.5724
 247.000       1.5439
 248.000       1.7560
 249.000       1.6872
 250.000       1.4281
 251.000       1.4901
 252.000       1.5810
 253.000       1.5031
 254.000       1.6091
 255.000       1.6525
 256.000       1.6638
 257.000       1.5294
 258.000       1.4594
 259.000       1.6479
 260.000       1.5273
 261.000       1.4340
 262.000       1.3645
 263.000       1.1712
 264.000       1.0868
 265.000       1.0334
 266.000       0.9393
 267.000       0.8882
 268.000       0.9199
 269.000       0.9771
 270.000       0.8689
 271.000       0.7662
 272.000       1.0504
 273.000       1.2218
 274.000       1.0778
 275.000       0.9059
 276.000       0.9651
 277.000       0.7124
 278.000       0.7807
 279.000       0.9016
 280.000       0.9806
 281.000       1.2352
 282.000       0.9447
 283.000       0.9203
 284.000       1.3223
 285.000       1.2652
 286.000       0.9704
 287.000       0.9756
 288.000       1.1338
 289.000       1.1899
 290.000       1.2459
 291.000       1.2727
 292.000       1.2151
 293.000       1.1205
 294.000       1.0055
 295.000       0.9645
 296.000       0.9820
 297.000       1.1254
 298.000       0.9731
 299.000       0.8613
 300.000       0.9893
 301.000       0.9875
 302.000       0.8035
 303.000       0.8288
 304.000       0.9459
 305.000       0.9529
 306.000       0.8309
 307.000       0.8926
 308.000       0.9554
 309.000       0.8599
 310.000       0.8636
 311.000       0.9934
 312.000       1.0252
 313.000       0.9376
 314.000       1.0040
 315.000       1.1183
 316.000       1.0682
 317.000       1.0250
 318.000       1.1285
 319.000       1.1744
 320.000       1.2114
 321.000       1.2542
 322.000       1.2723
 323.000       1.2887
 324.000       1.3004
 325.000       1.3265
 326.000       1.3434
 327.000       1.3654
 328.000       1.3649
 329.000       1.3544
 330.000       1.4233
 331.000       1.5099
 332.000       1.4064
 333.000       1.1876
 334.000       1.4473
 335.000       1.8768
 336.000       1.9257
 337.000       2.3957
 338.000       2.8601
 339.000       3.2695
 340.000       3.6305
 341.000       4.2166
 342.000       4.7501
 343.000       5.0122
 344.000       5.5584
 345.000       6.2056
 346.000       6.1852
 347.000       7.2551
 348.000       7.7306
 349.000       7.6571
 350.000       6.9209
 351.000       6.2604
 352.000       7.4087
 353.000       7.4423
 354.000       7.7114
 355.000       6.6483
 356.000       5.7247
 357.000       6.6580
 358.000       6.3688
 359.000       5.2985
 360.000       5.9029
 361.000       7.0582
 362.000       6.7007
 363.000       6.6643
 364.000       8.2019
 365.000       9.0761
 366.000       9.1633
 367.000       9.9862
 368.000       9.6812
 369.000       9.8398
 370.000      10.7614
 371.000       9.9929
 372.000       8.1015
 373.000       7.2083
 374.000       5.7097
 375.000       4.7559
 376.000       2.9941
 377.000       2.8613
 378.000       2.5007
 379.000       1.8858
 380.000       2.2371
 381.000       2.4500
 382.000       1.9579
 383.000       1.8212
 384.000       1.4860
 385.000       1.5655
 386.000       1.9882
 387.000       2.0584
 388.000       2.3823
 389.000       2.0738
 390.000       2.0079
 391.000       2.5051
 392.000       1.3640
 393.000       1.6663
 394.000       1.6411
 395.000       1.1997
 396.000       1.0831
 397.000       1.2676
 398.000       1.3757
 399.000       1.3602
 400.000       1.2384
 401.000       1.3879
 402.000       1.4747
 403.000       1.5155
 404.000       1.5121
 405.000       1.6303
 406.000       1.6247
 407.000       1.6910
 408.000       1.4821
 409.000       1.3125
 410.000       1.2152
 411.000       1.1572
 412.000       1.0579
 413.000       1.0151
 414.000       0.9606
 415.000       0.9284
 416.000       0.8942
 417.000       0.8094
 418.000       0.7931
 419.000       0.8107
 420.000       0.7388
 421.000       0.6716
 422.000       0.7075
 423.000       0.6994
 424.000       0.6180
 425.000       0.6180
 426.000       0.6977
 427.000       0.6585
 428.000       0.5783
 429.000       0.6877
 430.000       0.6370
 431.000       0.5741
 432.000       0.6885
 433.000       0.7423
 434.000       0.6768
 435.000       0.7090
 436.000       0.7229
 437.000       0.8101
 438.000       0.8620
 439.000       0.9006
 440.000       0.9914
 441.000       1.0136
 442.000       1.0599
 443.000       1.3528
 444.000       1.4503
 445.000       1.5767
 446.000       2.0585
 447.000       2.3835
 448.000       2.8367
 449.000       1.7930
 450.000       1.5780
 451.000       1.3469
 452.000       1.5054
 453.000       1.6028
 454.000       1.2369
 455.000       1.0360
 456.000       1.2503
 457.000       1.3617
 458.000       1.0940
 459.000       1.0136
 460.000       1.2737
 461.000       1.3301
 462.000       1.1148
 463.000       1.0784
 464.000       1.1594
 465.000       1.1475
 466.000       1.0509
 467.000       1.1411
 468.000       1.1761
 469.000       1.0639
 470.000       1.0765
 471.000       1.2488
 472.000       1.3394
 473.000       1.4006
 474.000       1.1635
 475.000       1.0910
 476.000       1.2118
 477.000       1.0961
 478.000       0.8638
 479.000       0.9610
 480.000       0.9829
 481.000       0.8032
 482.000       0.8339
 483.000       1.1142
 484.000       1.0427
 485.000       0.9547
 486.000       0.9940
 487.000       0.8899
 488.000       0.8046
 489.000       0.7692
 490.000       0.6871
 491.000       0.6539
 492.000       0.6442
 493.000       0.5964
 494.000       0.6062
 495.000       0.6354
 496.000       0.6398
 497.000       0.6231
 498.000       0.6940
 499.000       0.7486
 500.000       0.7352
 501.000       0.7520
 502.000       0.8755
 503.000       0.9104
 504.000       0.8952
 505.000       0.8836
 506.000       0.8828
 507.000       0.9025
 508.000       0.9669
 509.000       0.9381
 510.000       0.8752
 511.000       0.9197
 512.000       1.0041
 513.000       1.0713
 514.000       1.0769
 515.000       1.1031
 516.000       1.2987
 517.000       1.4947
 518.000       1.4791
 519.000       1.4044
 520.000       1.3229
 521.000       1.2818
 522.000       1.0942
 523.000       1.1070
 524.000       1.0644
 525.000       0.9395
 526.000       0.8451
 527.000       0.9046
 528.000       0.8755
 529.000       0.7343
 530.000       0.6974
 531.000       0.7796
 532.000       0.8546
 533.000       0.7662
 534.000       0.6834
 535.000       0.7299
 536.000       0.8438
 537.000       0.8036
 538.000       0.7174
 539.000       0.8325
 540.000       0.9336
 541.000       0.8695
 542.000       0.8549
 543.000       0.9937
 544.000       0.9969
 545.000       0.9284
 546.000       1.1774
 547.000       1.4323
 548.000       1.3877
 549.000       1.3892
 550.000       1.4750
 551.000       2.0021
 552.000       2.1254
 553.000       2.2427
 554.000       1.9767
 555.000       2.2376
 556.000       2.2356
 557.000       2.2992
 558.000       1.9756
 559.000       1.7912
 560.000       2.0278
 561.000       2.4487
 562.000       3.0894
 563.000       3.5266
 564.000       3.4328
 565.000       4.6586
 566.000       5.0443
 567.000       4.6733
 568.000       3.3656
 569.000       2.9261
 570.000       3.6053
 571.000       2.4030
 572.000       2.5071
 573.000       1.6119
 574.000       1.4172
 575.000       1.5107
 576.000       1.4927
 577.000       1.3783
 578.000       1.1616
 579.000       1.1361
 580.000       1.2105
 581.000       1.0888
 582.000       0.9733
 583.000       1.0258
 584.000       0.9992
 585.000       0.9144
 586.000       0.8764
 587.000       0.9267
 588.000       0.9378
 589.000       0.8041
 590.000       0.8470
 591.000       0.9357
 592.000       0.8781
 593.000       0.8198
 594.000       0.9317
 595.000       1.0378
 596.000       0.9895
 597.000       0.9999
 598.000       1.1373
 599.000       1.2043
 600.000       1.2164
 601.000       1.3274
 602.000       1.5009
 603.000       1.5713
 604.000       1.7082
 605.000       2.2331
 624.000       2.6485
