#Res        AtomicFlx
   1.000       3.4124
   2.000       2.3597
   3.000       1.9547
   4.000       2.1573
   5.000       1.8900
   6.000       1.6578
   7.000       1.4478
   8.000       1.7069
   9.000       1.7769
  10.000       1.9023
  11.000       1.5015
  12.000       1.3027
  13.000       1.5360
  14.000       2.2268
  15.000       2.0309
  16.000       1.9329
  17.000       1.7499
  18.000       2.3325
  19.000       2.1331
  20.000       2.1599
  21.000       2.2371
  22.000       2.9191
  23.000       3.5412
  24.000       2.9909
  25.000       2.4909
  26.000       3.3061
  27.000       3.3735
  28.000       3.8942
  29.000       3.1677
  30.000       2.6629
  31.000       2.6192
  32.000       3.6826
  33.000       2.4643
  34.000       2.4138
  35.000       2.0197
  36.000       2.3644
  37.000       1.7229
  38.000       1.9377
  39.000       1.8914
  40.000       1.5900
  41.000       1.4777
  42.000       1.6419
  43.000       1.2163
  44.000       1.4881
  45.000       1.3566
  46.000       1.2378
  47.000       0.8690
  48.000       1.2453
  49.000       1.6250
  50.000       1.5480
  51.000       1.2085
  52.000       1.1476
  53.000       1.9530
  54.000       1.1680
  55.000       0.9246
  56.000       1.3804
  57.000       1.1537
  58.000       1.0696
  59.000       1.4617
  60.000       1.1396
  61.000       1.2736
  62.000       1.3239
  63.000       1.1691
  64.000       1.6870
  65.000       1.7839
  66.000       1.2093
  67.000       1.2984
  68.000       1.3296
  69.000       1.0575
  70.000       1.1327
  71.000       1.3429
  72.000       1.1574
  73.000       1.0370
  74.000       1.0021
  75.000       1.0253
  76.000       1.0446
  77.000       1.3079
  78.000       0.7636
  79.000       0.9597
  80.000       0.7479
  81.000       0.8118
  82.000       0.9434
  83.000       0.9840
  84.000       0.8024
  85.000       0.7715
  86.000       1.1365
  87.000       0.8127
  88.000       0.8964
  89.000       0.9404
  90.000       1.2475
  91.000       0.9875
  92.000       1.1725
  93.000       1.2032
  94.000       1.9496
  95.000       0.8888
  96.000       0.9391
  97.000       1.1291
  98.000       0.9075
  99.000       1.0143
 100.000       0.7959
 101.000       1.0954
 102.000       1.0660
 103.000       1.0207
 104.000       1.0881
 105.000       1.1269
 106.000       1.0401
 107.000       1.0614
 108.000       1.3144
 109.000       0.8106
 110.000       0.8620
 111.000       0.7686
 112.000       1.2148
 113.000       0.7507
 114.000       0.7031
 115.000       1.0990
 116.000       1.1046
 117.000       0.8107
 118.000       0.7723
 119.000       1.0490
 120.000       0.9914
 121.000       0.9268
 122.000       0.7223
 123.000       0.9633
 124.000       1.0923
 125.000       1.1849
 126.000       1.2152
 127.000       0.9096
 128.000       1.0442
 129.000       1.0966
 130.000       1.0688
 131.000       0.9699
 132.000       1.0486
 133.000       1.2647
 134.000       1.0389
 135.000       1.1832
 136.000       1.2653
 137.000       1.6732
 138.000       1.0817
 139.000       1.1973
 140.000       1.4290
 141.000       1.6556
 142.000       1.7460
 143.000       1.4171
 144.000       1.2268
 145.000       1.0861
 146.000       1.0557
 147.000       1.3759
 148.000       1.8183
 149.000       1.5039
 150.000       1.7484
 151.000       2.4678
 152.000       2.7590
 153.000       3.7156
 154.000       3.8785
 155.000       4.4330
 156.000       3.4333
 157.000       2.6805
 158.000       2.3970
 159.000       2.1001
 160.000       2.4826
 161.000       2.1766
 162.000       1.4951
 163.000       1.9496
 164.000       2.7483
 165.000       1.6675
 166.000       1.2784
 167.000       1.1511
 168.000       1.0677
 169.000       1.1471
 170.000       1.2454
 171.000       0.9506
 172.000       0.8748
 173.000       1.0594
 174.000       1.6816
 175.000       1.1840
 176.000       0.9093
 177.000       0.9967
 178.000       1.0869
 179.000       1.2823
 180.000       1.2571
 181.000       1.5093
 182.000       1.3112
 183.000       1.5786
 184.000       1.6512
 185.000       1.6814
 186.000       1.5612
 187.000       1.9615
 188.000       1.5641
 189.000       1.6042
 190.000       1.2904
 191.000       1.5035
 192.000       1.2226
 193.000       1.0505
 194.000       1.3806
 195.000       1.4612
 196.000       1.0148
 197.000       1.1008
 198.000       1.1675
 199.000       1.3508
 200.000       1.1286
 201.000       1.0842
 202.000       1.1849
 203.000       1.3026
 204.000       1.4482
 205.000       1.4547
 206.000       1.8738
 207.000       1.3906
 208.000       1.7043
 209.000       1.9579
 210.000       2.4724
 211.000       1.8317
 212.000       2.1115
 213.000       2.3254
 214.000       1.6861
 215.000       1.7003
 216.000       1.7720
 217.000       2.0821
 218.000       1.4078
 219.000       1.9852
 220.000       2.6587
 221.000       1.7773
 222.000       1.4887
 223.000       2.1027
 224.000       1.8726
 225.000       1.7297
 226.000       1.2826
 227.000       1.5983
 228.000       1.3922
 229.000       1.1137
 230.000       1.3575
 231.000       1.1070
 232.000       1.2968
 233.000       1.2355
 234.000       1.1587
 235.000       1.2951
 236.000       1.0741
 237.000       1.0188
 238.000       1.2917
 239.000       1.2152
 240.000       1.2686
 241.000       2.1127
 242.000       1.0637
 243.000       1.0923
 244.000       1.3449
 245.000       1.5392
 246.000       0.9538
 247.000       1.2053
 248.000       1.3699
 249.000       1.1930
 250.000       1.0521
 251.000       1.4063
 252.000       1.4119
 253.000       1.3334
 254.000       1.5613
 255.000       1.3930
 256.000       1.5682
 257.000       1.5100
 258.000       1.4322
 259.000       1.3806
 260.000       1.4108
 261.000       1.1032
 262.000       1.2991
 263.000       1.0318
 264.000       1.0314
 265.000       1.2314
 266.000       1.0949
 267.000       0.9344
 268.000       0.8513
 269.000       0.9246
 270.000       1.1741
 271.000       0.9656
 272.000       1.1363
 273.000       1.3538
 274.000       0.9606
 275.000       1.2708
 276.000       0.9867
 277.000       1.0880
 278.000       0.8005
 279.000       1.1965
 280.000       0.8068
 281.000       0.8404
 282.000       0.9353
 283.000       0.9371
 284.000       1.2915
 285.000       1.4064
 286.000       1.3138
 287.000       1.4046
 288.000       1.9018
 289.000       1.5800
 290.000       1.4410
 291.000       1.6600
 292.000       2.1859
 293.000       1.6193
 294.000       1.5386
 295.000       1.2104
 296.000       1.2735
 297.000       1.5426
 298.000       1.3307
 299.000       0.9440
 300.000       1.1872
 301.000       1.5298
 302.000       1.2628
 303.000       0.9285
 304.000       1.2641
 305.000       1.2539
 306.000       1.0991
 307.000       0.8459
 308.000       1.4187
 309.000       1.0811
 310.000       0.8728
 311.000       1.0077
 312.000       1.3092
 313.000       1.2520
 314.000       0.9480
 315.000       1.2029
 316.000       1.0343
 317.000       1.0277
 318.000       1.1897
 319.000       0.9224
 320.000       1.1177
 321.000       1.0811
 322.000       0.9305
 323.000       1.0707
 324.000       1.5688
 325.000       1.0890
 326.000       1.1266
 327.000       1.6385
 328.000       1.2509
 329.000       1.4795
 330.000       1.4372
 331.000       1.5463
 332.000       1.1878
 333.000       1.7146
 334.000       1.5539
 335.000       1.6565
 336.000       1.4702
 337.000       1.9361
 338.000       2.3771
 339.000       2.1478
 340.000       2.3835
 341.000       2.7371
 342.000       3.1640
 343.000       3.1462
 344.000       3.6383
 345.000       4.7497
 346.000       4.1975
 347.000       5.1938
 348.000       5.8045
 349.000       4.5133
 350.000       5.8313
 351.000       3.7887
 352.000       3.8512
 353.000       3.9170
 354.000       4.5927
 355.000       3.7455
 356.000       2.4182
 357.000       3.0548
 358.000       3.6918
 359.000       3.3019
 360.000       2.6546
 361.000       3.5887
 362.000       4.2045
 363.000       3.2288
 364.000       3.4759
 365.000       3.9812
 366.000       4.0673
 367.000       4.0302
 368.000       3.8435
 369.000       3.8974
 370.000       3.5001
 371.000       3.0072
 372.000       3.2699
 373.000       3.6446
 374.000       2.6680
 375.000       2.4995
 376.000       2.0594
 377.000       1.9531
 378.000       1.9986
 379.000       1.4585
 380.000       1.9538
 381.000       1.9581
 382.000       1.3773
 383.000       1.3007
 384.000       1.2699
 385.000       1.3789
 386.000       1.5428
 387.000       1.9897
 388.000       2.2413
 389.000       1.7877
 390.000       2.0205
 391.000       1.2956
 392.000       1.1603
 393.000       0.9802
 394.000       1.1406
 395.000       0.9338
 396.000       0.9475
 397.000       0.9488
 398.000       1.0091
 399.000       1.1812
 400.000       0.8862
 401.000       1.0824
 402.000       0.9941
 403.000       1.1245
 404.000       1.1292
 405.000       1.3485
 406.000       1.3675
 407.000       1.3966
 408.000       1.2977
 409.000       1.1152
 410.000       1.1258
 411.000       1.3078
 412.000       1.0292
 413.000       1.0139
 414.000       1.0779
 415.000       1.1741
 416.000       0.9154
 417.000       0.9215
 418.000       1.1553
 419.000       1.1784
 420.000       1.1487
 421.000       1.3239
 422.000       1.1003
 423.000       1.4448
 424.000       1.0466
 425.000       1.1913
 426.000       1.0457
 427.000       1.1423
 428.000       1.1828
 429.000       1.4527
 430.000       1.0777
 431.000       1.1899
 432.000       1.1705
 433.000       1.2203
 434.000       0.7985
 435.000       0.8524
 436.000       0.9638
 437.000       1.0374
 438.000       0.9331
 439.000       1.1331
 440.000       1.4929
 441.000       1.3637
 442.000       1.3593
 443.000       2.2963
 444.000       1.9041
 445.000       1.9990
 446.000       2.1881
 447.000       2.4719
 448.000       4.2651
 449.000       2.2744
 450.000       2.4126
 451.000       2.6864
 452.000       2.5109
 453.000       2.1559
 454.000       1.7540
 455.000       1.6336
 456.000       1.5076
 457.000       1.7866
 458.000       1.4116
 459.000       1.2025
 460.000       1.4392
 461.000       1.1275
 462.000       1.0092
 463.000       1.0407
 464.000       1.4498
 465.000       1.1787
 466.000       0.7712
 467.000       1.2175
 468.000       1.1292
 469.000       1.0222
 470.000       1.0669
 471.000       1.1127
 472.000       1.1589
 473.000       0.8942
 474.000       0.7636
 475.000       1.4394
 476.000       1.0655
 477.000       0.8309
 478.000       1.1450
 479.000       1.0412
 480.000       0.9779
 481.000       0.9488
 482.000       1.1323
 483.000       1.2674
 484.000       1.1475
 485.000       1.5172
 486.000       1.3464
 487.000       1.5010
 488.000       1.3335
 489.000       1.0081
 490.000       1.1274
 491.000       1.2980
 492.000       0.9741
 493.000       0.7439
 494.000       0.7392
 495.000       1.0498
 496.000       0.8470
 497.000       0.6707
 498.000       0.9060
 499.000       1.2134
 500.000       0.7156
 501.000       0.7872
 502.000       0.8608
 503.000       1.2442
 504.000       0.9811
 505.000       1.1088
 506.000       0.7464
 507.000       0.9946
 508.000       1.3052
 509.000       1.5619
 510.000       0.8457
 511.000       0.9037
 512.000       1.5795
 513.000       1.1018
 514.000       1.2301
 515.000       1.2910
 516.000       2.1802
 517.000       2.1098
 518.000       1.9665
 519.000       1.4849
 520.000       2.0618
 521.000       1.7534
 522.000       1.1801
 523.000       1.5567
 524.000       1.4745
 525.000       1.2451
 526.000       0.8537
 527.000       0.9918
 528.000       1.0512
 529.000       0.8173
 530.000       0.7238
 531.000       1.0636
 532.000       1.0593
 533.000       0.9082
 534.000       0.7699
 535.000       0.7907
 536.000       1.2003
 537.000       1.1973
 538.000       1.2678
 539.000       1.2063
 540.000       1.1026
 541.000       1.0468
 542.000       1.5571
 543.000       1.3437
 544.000       1.1963
 545.000       1.3110
 546.000       1.8751
 547.000       1.1499
 548.000       1.2152
 549.000       1.2911
 550.000       1.5365
 551.000       1.4183
 552.000       1.6887
 553.000       1.7012
 554.000       1.2563
 555.000       1.2352
 556.000       1.1896
 557.000       1.3832
 558.000       1.8611
 559.000       1.7942
 560.000       2.2566
 561.000       2.9887
 562.000       3.4833
 563.000       4.9688
 564.000       4.1661
 565.000       2.9590
 566.000       1.9076
 567.000       2.1351
 568.000       2.6400
 569.000       1.6779
 570.000       2.0708
 571.000       1.7436
 572.000       1.6315
 573.000       1.3566
 574.000       1.2540
 575.000       1.1493
 576.000       1.4673
 577.000       1.2329
 578.000       1.1113
 579.000       1.3790
 580.000       1.2784
 581.000       1.2366
 582.000       1.3003
 583.000       1.2102
 584.000       1.3500
 585.000       1.4551
 586.000       1.2391
 587.000       1.1152
 588.000       1.3383
 589.000       1.1531
 590.000       1.1110
 591.000       1.3889
 592.000       1.1003
 593.000       0.9787
 594.000       1.0195
 595.000       1.1964
 596.000       1.4019
 597.000       1.1917
 598.000       1.7808
 599.000       1.9302
 600.000       1.6022
 601.000       2.2575
 602.000       2.6015
 603.000       2.4557
 604.000       2.5032
 605.000       4.5837
 606.000       6.8152
 607.000       1.4888
 608.000       1.2723
 609.000       1.4250
 610.000      55.9932
 611.000      56.4161
 612.000      51.6944
 613.000      54.0058
 614.000      56.2413
 615.000      56.0824
 616.000      56.4550
 617.000      53.9278
 618.000      53.8587
 619.000      55.4187
 620.000      53.3227
 621.000      55.9480
 622.000      56.4317
 623.000      54.8682
 624.000      51.2598
 625.000      52.4498
 626.000      55.0623
 627.000      52.8134
 628.000      52.3535
 629.000      54.2599
 630.000      54.4361
 631.000      55.8267
 632.000      55.4409
 633.000      54.2501
 634.000      56.3641
 635.000      55.0297
 636.000      52.5813
 637.000      54.6301
 638.000      56.8151
 639.000      54.7339
 640.000      55.1041
 641.000      56.9486
 642.000      53.9615
 643.000      55.5560
 644.000      53.8485
 645.000      55.1293
 646.000      58.0408
 647.000      55.7504
 648.000      54.4976
 649.000      54.8248
 650.000      55.2199
 651.000      56.2312
 652.000      54.0053
 653.000      56.7645
 654.000      55.9625
 655.000      52.3961
 656.000      54.8325
 657.000      52.9473
 658.000      54.6723
 659.000      52.5714
 660.000      53.8885
 661.000      54.9958
 662.000      54.5294
 663.000      53.5343
 664.000      54.8220
 665.000      54.5969
 666.000      56.5381
 667.000      55.6453
 668.000      56.8577
 669.000      57.0405
 670.000      55.2738
 671.000      54.6723
 672.000      56.0242
 673.000      55.5897
 674.000      55.0873
 675.000      53.5129
 676.000      54.9816
 677.000      54.4653
 678.000      54.9849
 679.000      54.1419
 680.000      54.9356
 681.000      53.2815
 682.000      56.5261
 683.000      56.9191
 684.000      52.0152
 685.000      56.1065
 686.000      55.1248
 687.000      56.6420
 688.000      54.4256
 689.000      56.9839
 690.000      55.9872
 691.000      55.3081
 692.000      56.2724
 693.000      58.0312
 694.000      53.2631
 695.000      55.2615
 696.000      56.2339
 697.000      58.3080
 698.000      55.5362
 699.000      55.7276
 700.000      54.8146
 701.000      54.6268
 702.000      56.2037
 703.000      57.1882
 704.000      54.1588
 705.000      56.3098
 706.000      52.9194
 707.000      54.6121
 708.000      54.7447
 709.000      54.2569
 710.000      56.8422
 711.000      54.9187
 712.000      56.4344
 713.000      54.4005
 714.000      55.9051
 715.000      54.3259
 716.000      53.2126
 717.000      56.4539
 718.000      55.1555
 719.000      61.6205
 720.000      60.9974
 721.000      60.9734
 722.000      48.2708
 723.000      60.2552
 724.000      60.5308
 725.000      61.1146
 726.000      60.1085
 727.000      61.5928
 728.000      61.1761
 729.000      61.5933
 730.000      61.7535
 731.000      60.9775
 732.000      60.7338
 733.000      60.8357
 734.000      61.0781
 735.000      61.2881
 736.000      61.6284
 737.000      61.7831
 738.000      61.4187
 739.000      61.6210
 740.000      61.7346
 741.000      60.6428
 742.000      60.6330
 743.000      60.3059
 744.000      60.5468
 745.000      61.0655
 746.000      61.7620
 747.000      61.7041
 748.000      60.5923
 749.000      61.4059
 750.000      61.4868
 751.000      61.2121
 752.000      60.4913
 753.000      60.9755
 754.000      61.5152
 755.000      61.6463
 756.000      61.8974
 757.000      60.3968
 758.000      61.7373
 759.000      62.0362
 760.000      61.3878
 761.000      60.7968
 762.000      61.3372
 763.000      61.9461
 764.000      60.9664
 765.000      60.5356
 766.000      61.3891
 767.000      61.6298
 768.000      61.8741
 769.000      62.0979
 770.000      61.6825
 771.000      61.4329
 772.000      61.7433
 773.000      61.2964
 774.000      60.9531
 775.000      60.4607
 776.000      61.1421
 777.000      61.3070
 778.000      61.5431
 779.000      61.0935
 780.000      61.9363
 781.000      61.9642
 782.000      60.4627
