#Res        AtomicFlx
   1.000       9.4838
   2.000       8.7633
   3.000       7.9536
   4.000       8.3420
   5.000       8.7510
   6.000       7.6127
   7.000       6.7649
   8.000       5.6918
   9.000       4.2495
  10.000       3.5511
  11.000       1.5407
  12.000       1.4253
  13.000       1.8155
  14.000       2.2294
  15.000       2.6554
  16.000       2.3150
  17.000       2.2213
  18.000       3.4610
  19.000       3.6102
  20.000       4.3079
  21.000       5.5247
  22.000       5.9794
  23.000       6.2949
  24.000       5.4182
  25.000       5.4496
  26.000       4.2886
  27.000       2.9147
  28.000       2.6406
  29.000       1.5536
  30.000       2.2119
  31.000       1.3298
  32.000       2.4441
  33.000       1.7760
  34.000       1.5191
  35.000       1.0690
  36.000       1.7934
  37.000       1.0387
  38.000       1.2507
  39.000       1.2160
  40.000       0.9123
  41.000       0.7573
  42.000       1.0347
  43.000       0.6580
  44.000       0.6991
  45.000       0.8249
  46.000       0.6867
  47.000       0.5322
  48.000       0.6918
  49.000       0.5449
  50.000       0.5798
  51.000       0.8088
  52.000       0.8259
  53.000       1.2902
  54.000       0.7278
  55.000       0.7292
  56.000       0.8564
  57.000       0.8309
  58.000       0.8955
  59.000       1.3185
  60.000       1.0166
  61.000       1.0775
  62.000       1.0471
  63.000       1.4018
  64.000       1.0681
  65.000       0.9773
  66.000       0.8824
  67.000       1.3079
  68.000       1.0963
  69.000       0.8150
  70.000       0.9341
  71.000       1.1637
  72.000       0.9412
  73.000       0.8587
  74.000       0.9894
  75.000       0.8246
  76.000       0.8725
  77.000       1.0327
  78.000       0.6181
  79.000       0.7715
  80.000       0.6195
  81.000       0.6644
  82.000       0.6893
  83.000       0.7544
  84.000       0.8165
  85.000       0.8277
  86.000       0.9704
  87.000       0.7058
  88.000       0.8659
  89.000       0.6892
  90.000       1.1192
  91.000       0.8602
  92.000       1.0076
  93.000       1.4219
  94.000       1.2779
  95.000       0.8005
  96.000       0.9176
  97.000       1.0143
  98.000       0.7321
  99.000       0.8271
 100.000       0.7885
 101.000       0.9657
 102.000       0.9557
 103.000       1.0216
 104.000       1.1199
 105.000       1.0878
 106.000       1.0350
 107.000       1.1378
 108.000       1.1623
 109.000       0.6875
 110.000       0.7635
 111.000       0.6766
 112.000       1.0956
 113.000       0.7223
 114.000       0.8396
 115.000       0.9594
 116.000       1.0965
 117.000       0.7221
 118.000       0.6423
 119.000       1.0172
 120.000       1.0572
 121.000       0.7583
 122.000       0.5776
 123.000       0.7870
 124.000       1.1042
 125.000       0.8880
 126.000       0.8814
 127.000       0.7661
 128.000       0.7729
 129.000       0.7772
 130.000       0.6931
 131.000       0.7279
 132.000       0.6665
 133.000       0.8848
 134.000       0.6987
 135.000       0.6460
 136.000       0.7568
 137.000       0.8555
 138.000       0.7913
 139.000       0.7807
 140.000       1.3867
 141.000       1.7881
 142.000       2.0071
 143.000       1.4246
 144.000       1.0623
 145.000       0.8986
 146.000       0.8074
 147.000       1.1514
 148.000       1.5572
 149.000       1.2454
 150.000       1.4319
 151.000       1.9714
 152.000       2.5364
 153.000       3.6062
 154.000       3.9845
 155.000       3.4710
 156.000       3.3363
 157.000       2.1896
 158.000       1.8855
 159.000       1.6257
 160.000       1.8116
 161.000       1.4174
 162.000       1.0518
 163.000       1.3127
 164.000       2.3146
 165.000       1.2919
 166.000       1.0546
 167.000       0.9304
 168.000       0.8653
 169.000       0.9641
 170.000       0.9158
 171.000       0.7462
 172.000       0.7029
 173.000       0.8970
 174.000       1.0877
 175.000       0.9951
 176.000       0.7548
 177.000       0.8335
 178.000       0.8584
 179.000       1.0551
 180.000       1.1127
 181.000       1.5676
 182.000       1.3428
 183.000       1.5294
 184.000       1.6764
 185.000       2.3445
 186.000       2.4502
 187.000       1.8346
 188.000       1.4679
 189.000       1.4813
 190.000       0.9313
 191.000       1.3744
 192.000       0.7912
 193.000       0.8181
 194.000       1.1466
 195.000       1.1330
 196.000       0.7063
 197.000       0.7271
 198.000       0.7235
 199.000       0.9854
 200.000       0.6703
 201.000       0.6541
 202.000       0.7050
 203.000       0.8579
 204.000       0.8491
 205.000       0.8674
 206.000       1.5412
 207.000       0.8200
 208.000       1.0409
 209.000       1.2206
 210.000       1.5219
 211.000       1.0015
 212.000       1.5147
 213.000       1.6883
 214.000       1.0046
 215.000       1.0100
 216.000       1.0325
 217.000       1.4543
 218.000       0.8720
 219.000       1.0938
 220.000       2.4732
 221.000       1.6318
 222.000       0.9362
 223.000       1.1956
 224.000       1.0755
 225.000       1.2161
 226.000       0.7398
 227.000       1.0323
 228.000       0.9106
 229.000       0.7989
 230.000       0.8153
 231.000       0.8773
 232.000       1.0432
 233.000       1.0951
 234.000       1.0198
 235.000       1.1430
 236.000       0.8884
 237.000       0.9459
 238.000       1.3033
 239.000       1.0471
 240.000       1.1290
 241.000       2.2044
 242.000       1.1931
 243.000       1.9587
 244.000       1.4553
 245.000       1.5842
 246.000       0.9443
 247.000       1.2419
 248.000       1.2936
 249.000       1.0699
 250.000       1.0774
 251.000       1.5426
 252.000       1.3329
 253.000       1.3298
 254.000       1.2296
 255.000       1.2832
 256.000       1.2806
 257.000       1.2318
 258.000       1.2156
 259.000       1.1819
 260.000       1.2651
 261.000       1.0416
 262.000       1.1797
 263.000       0.8643
 264.000       0.8511
 265.000       1.0019
 266.000       0.9196
 267.000       0.7559
 268.000       0.6918
 269.000       0.7395
 270.000       0.7851
 271.000       0.7835
 272.000       1.0152
 273.000       1.0138
 274.000       0.6635
 275.000       0.9954
 276.000       0.5226
 277.000       0.8401
 278.000       0.7827
 279.000       1.3143
 280.000       0.7555
 281.000       0.7900
 282.000       0.9508
 283.000       0.7429
 284.000       0.9733
 285.000       0.9558
 286.000       0.8215
 287.000       0.9160
 288.000       1.1569
 289.000       1.1282
 290.000       1.2775
 291.000       1.4332
 292.000       1.4453
 293.000       1.3197
 294.000       1.3117
 295.000       1.0916
 296.000       1.1727
 297.000       1.7044
 298.000       0.9994
 299.000       0.9033
 300.000       0.8647
 301.000       1.0772
 302.000       0.7802
 303.000       0.7710
 304.000       0.9873
 305.000       0.8941
 306.000       0.8648
 307.000       0.7172
 308.000       1.8200
 309.000       0.7486
 310.000       0.7367
 311.000       0.9866
 312.000       1.0629
 313.000       0.7996
 314.000       0.7799
 315.000       0.9914
 316.000       0.8340
 317.000       0.8180
 318.000       0.9282
 319.000       0.9727
 320.000       0.9049
 321.000       0.9621
 322.000       0.8601
 323.000       0.9722
 324.000       0.9280
 325.000       0.9041
 326.000       1.0020
 327.000       1.6154
 328.000       0.9124
 329.000       1.8290
 330.000       1.2091
 331.000       1.2323
 332.000       0.9000
 333.000       1.8007
 334.000       1.2895
 335.000       1.4235
 336.000       1.2781
 337.000       1.7259
 338.000       2.1772
 339.000       2.0200
 340.000       2.2616
 341.000       2.6554
 342.000       3.0597
 343.000       3.0100
 344.000       3.6035
 345.000       3.8026
 346.000       3.6606
 347.000       4.5708
 348.000       5.9745
 349.000       4.3883
 350.000       4.5527
 351.000       3.1058
 352.000       3.3215
 353.000       3.3182
 354.000       4.0101
 355.000       3.2731
 356.000       2.2552
 357.000       2.8264
 358.000       3.3112
 359.000       2.8924
 360.000       2.4941
 361.000       3.3845
 362.000       3.8639
 363.000       2.9746
 364.000       3.3670
 365.000       3.7988
 366.000       3.8249
 367.000       3.8619
 368.000       3.7629
 369.000       3.8202
 370.000       3.3970
 371.000       2.8259
 372.000       3.2059
 373.000       3.5558
 374.000       2.5916
 375.000       2.4274
 376.000       1.9521
 377.000       1.7724
 378.000       1.7381
 379.000       1.1648
 380.000       1.6427
 381.000       1.8651
 382.000       1.2517
 383.000       1.1067
 384.000       1.1940
 385.000       1.2640
 386.000       1.1727
 387.000       1.1434
 388.000       0.9356
 389.000       1.1860
 390.000       1.2128
 391.000       0.7416
 392.000       0.8338
 393.000       0.7188
 394.000       0.9054
 395.000       0.7457
 396.000       0.7017
 397.000       0.8098
 398.000       0.8423
 399.000       1.0001
 400.000       0.7366
 401.000       0.9338
 402.000       0.8182
 403.000       0.8538
 404.000       0.8544
 405.000       1.1268
 406.000       0.9951
 407.000       1.0604
 408.000       1.0512
 409.000       0.8398
 410.000       0.8273
 411.000       0.9848
 412.000       0.8229
 413.000       0.7745
 414.000       0.8378
 415.000       0.8472
 416.000       0.6409
 417.000       0.6375
 418.000       0.8733
 419.000       0.8392
 420.000       0.6809
 421.000       0.9452
 422.000       0.5792
 423.000       0.7112
 424.000       0.4981
 425.000       0.6664
 426.000       0.5333
 427.000       0.5436
 428.000       0.8126
 429.000       0.7503
 430.000       0.6588
 431.000       0.9060
 432.000       0.9731
 433.000       0.9319
 434.000       0.6537
 435.000       0.8464
 436.000       0.8766
 437.000       0.8333
 438.000       0.7609
 439.000       1.0424
 440.000       1.3610
 441.000       1.1089
 442.000       1.2334
 443.000       2.1193
 444.000       1.7474
 445.000       1.7375
 446.000       1.8834
 447.000       2.1091
 448.000       3.5829
 449.000       1.7393
 450.000       1.4283
 451.000       1.7405
 452.000       1.4517
 453.000       1.2163
 454.000       1.1247
 455.000       0.9821
 456.000       0.8323
 457.000       1.1694
 458.000       1.0807
 459.000       0.7394
 460.000       1.1187
 461.000       0.8841
 462.000       0.8175
 463.000       0.7760
 464.000       1.3397
 465.000       1.0853
 466.000       0.7047
 467.000       1.5545
 468.000       1.1345
 469.000       1.0884
 470.000       1.0065
 471.000       0.9472
 472.000       1.2030
 473.000       0.8561
 474.000       0.7039
 475.000       0.9602
 476.000       0.8892
 477.000       0.8422
 478.000       0.8877
 479.000       0.9107
 480.000       0.9861
 481.000       0.9462
 482.000       0.9917
 483.000       1.1370
 484.000       1.4161
 485.000       1.4883
 486.000       1.5379
 487.000       1.6706
 488.000       1.5558
 489.000       0.9446
 490.000       1.0801
 491.000       1.1126
 492.000       0.9544
 493.000       0.7403
 494.000       0.6615
 495.000       1.0589
 496.000       0.9443
 497.000       0.8114
 498.000       0.7487
 499.000       1.3363
 500.000       0.7908
 501.000       1.1228
 502.000       0.8910
 503.000       1.0727
 504.000       0.9203
 505.000       1.0768
 506.000       0.9138
 507.000       1.4242
 508.000       1.6817
 509.000       1.6212
 510.000       1.3009
 511.000       1.3315
 512.000       1.7924
 513.000       0.9420
 514.000       1.2614
 515.000       1.4250
 516.000       1.6190
 517.000       1.7952
 518.000       1.5090
 519.000       1.4040
 520.000       2.1951
 521.000       2.1574
 522.000       1.5153
 523.000       1.3260
 524.000       1.2337
 525.000       0.8594
 526.000       0.7980
 527.000       1.1978
 528.000       1.0707
 529.000       0.7120
 530.000       0.7952
 531.000       1.0182
 532.000       1.0869
 533.000       0.8378
 534.000       0.7150
 535.000       0.7598
 536.000       1.1121
 537.000       1.0995
 538.000       0.8160
 539.000       1.2644
 540.000       1.0984
 541.000       0.8972
 542.000       1.2978
 543.000       1.4296
 544.000       1.1253
 545.000       1.1437
 546.000       1.9477
 547.000       1.2315
 548.000       1.1734
 549.000       2.1422
 550.000       2.5776
 551.000       2.4906
 552.000       1.9615
 553.000       1.6820
 554.000       1.2640
 555.000       1.1671
 556.000       1.0988
 557.000       1.1826
 558.000       1.5055
 559.000       1.3618
 560.000       1.6368
 561.000       1.4377
 562.000       2.0691
 563.000       2.5345
 564.000       3.3126
 565.000       2.4346
 566.000       2.3177
 567.000       2.4319
 568.000       2.5106
 569.000       1.6342
 570.000       2.0318
 571.000       1.5711
 572.000       1.2828
 573.000       1.2894
 574.000       1.0374
 575.000       1.1830
 576.000       1.5200
 577.000       1.1189
 578.000       1.0139
 579.000       1.4171
 580.000       1.1942
 581.000       1.0599
 582.000       1.2061
 583.000       1.0801
 584.000       1.1663
 585.000       1.1560
 586.000       0.9935
 587.000       0.8679
 588.000       1.0240
 589.000       0.8278
 590.000       0.8957
 591.000       1.2294
 592.000       0.8633
 593.000       0.9064
 594.000       0.9705
 595.000       1.0473
 596.000       1.1801
 597.000       1.1815
 598.000       1.5304
 599.000       1.5863
 600.000       1.6065
 601.000       1.9108
 602.000       2.1534
 603.000       2.4666
 604.000       3.1695
 605.000       5.0762
 606.000       6.1207
 607.000       1.0992
 608.000       0.5022
 609.000       0.5090
 610.000      55.9884
 611.000      55.8988
 612.000      54.8974
 613.000      56.2410
 614.000      54.3158
 615.000      55.6397
 616.000      55.0603
 617.000      56.1458
 618.000      57.2931
 619.000      57.0695
 620.000      56.0086
 621.000      54.1340
 622.000      56.1012
 623.000      56.6963
 624.000      52.5193
 625.000      55.0014
 626.000      55.1931
 627.000      56.1816
 628.000      55.9415
 629.000      56.4916
 630.000      56.4194
 631.000      54.2140
 632.000      54.8578
 633.000      56.7863
 634.000      25.8145
 635.000      56.4510
 636.000      55.1023
 637.000      54.4838
 638.000      54.5943
 639.000      55.1988
 640.000      55.8392
 641.000      56.3632
 642.000      57.1222
 643.000      56.8721
 644.000      55.1663
 645.000      58.4411
 646.000      54.7413
 647.000      55.7130
 648.000      51.7157
 649.000      54.1110
 650.000      55.9434
 651.000      54.7313
 652.000      54.0209
 653.000      55.3725
 654.000      55.7091
 655.000      53.8734
 656.000      57.5294
 657.000      56.4001
 658.000      55.7694
 659.000      53.7209
 660.000      55.2971
 661.000      58.4800
 662.000      53.2168
 663.000      54.8171
 664.000      54.7427
 665.000      54.4885
 666.000      54.7128
 667.000      57.8206
 668.000      55.7570
 669.000      56.7458
 670.000      56.4229
 671.000      51.9928
 672.000      57.1592
 673.000      57.4292
 674.000      56.3496
 675.000      54.9787
 676.000      54.5399
 677.000      57.5452
 678.000      55.7523
 679.000      56.2208
 680.000      57.1984
 681.000      54.5276
 682.000      57.2041
 683.000      55.0812
 684.000      54.9373
 685.000      54.1738
 686.000      53.9805
 687.000      56.9306
 688.000      55.6510
 689.000      52.6714
 690.000      55.6096
 691.000      54.6383
 692.000      56.2978
 693.000      56.5528
 694.000      53.7041
 695.000      55.0430
 696.000      57.1506
 697.000      55.0212
 698.000      55.0185
 699.000      52.7894
 700.000      51.0074
 701.000      56.3386
 702.000      56.5004
 703.000      57.8437
 704.000      54.6594
 705.000      55.0748
 706.000      54.2699
 707.000      55.5498
 708.000      56.8033
 709.000      56.8903
 710.000      52.4802
 711.000      53.0073
 712.000      55.6257
 713.000      53.3428
 714.000      55.6145
 715.000      55.5031
 716.000      57.0856
 717.000      56.6815
 718.000      56.3486
 719.000      61.2395
 720.000      60.1117
 721.000      60.3159
 722.000      60.1380
 723.000      60.5900
 724.000      60.5722
 725.000      60.3164
 726.000      60.8204
 727.000      60.5893
 728.000      60.2140
 729.000      60.9667
 730.000      59.3402
 731.000      61.1837
 732.000      61.5266
 733.000      60.7857
 734.000      61.7092
 735.000      61.2955
 736.000      61.9026
 737.000      60.5751
 738.000      61.0747
 739.000      61.5079
 740.000      60.2413
 741.000      62.1097
 742.000      61.2693
 743.000      60.7105
 744.000      59.9479
 745.000      61.3234
 746.000      60.7778
 747.000      61.0200
 748.000      60.8638
 749.000      60.7739
 750.000      61.6097
 751.000      61.0975
 752.000      60.9123
 753.000      60.9129
 754.000      60.8165
 755.000      60.2337
 756.000      61.2855
 757.000      61.2581
 758.000      60.5660
 759.000      60.6818
 760.000      60.8869
 761.000      61.2188
 762.000      61.2337
 763.000      60.5541
 764.000      60.8942
 765.000      61.3632
 766.000      61.1082
 767.000      60.6690
 768.000      60.3149
 769.000      60.2958
 770.000      60.8689
 771.000      61.0007
 772.000      62.1323
 773.000      61.3128
 774.000      61.1058
 775.000      60.6222
 776.000      60.6155
 777.000      61.2391
 778.000      61.1560
 779.000      61.7907
 780.000      61.7694
 781.000      61.3676
 782.000      61.9317
