#Res        AtomicFlx
   1.000      15.6661
   2.000      13.0856
   3.000      11.0311
   4.000       8.5020
   5.000       7.0778
   6.000       5.0212
   7.000       4.7627
   8.000       4.1140
   9.000       3.6956
  10.000       2.4690
  11.000       1.5691
  12.000       1.3682
  13.000       1.3331
  14.000       1.9001
  15.000       1.6205
  16.000       1.8122
  17.000       1.6280
  18.000       2.1144
  19.000       2.1010
  20.000       2.5921
  21.000       2.6743
  22.000       3.0397
  23.000       3.4501
  24.000       4.5639
  25.000       3.9428
  26.000       4.4480
  27.000       3.2536
  28.000       3.5713
  29.000       1.3858
  30.000       1.8417
  31.000       0.8725
  32.000       1.2655
  33.000       0.9487
  34.000       1.1410
  35.000       0.8624
  36.000       0.8497
  37.000       0.7765
  38.000       1.0344
  39.000       0.8166
  40.000       0.7540
  41.000       0.6688
  42.000       1.1224
  43.000       0.6246
  44.000       0.6131
  45.000       0.6503
  46.000       0.9028
  47.000       0.9142
  48.000       1.2032
  49.000       1.3004
  50.000       1.2772
  51.000       1.1992
  52.000       2.2046
  53.000       1.7260
  54.000       1.1357
  55.000       0.9515
  56.000       1.5726
  57.000       1.1902
  58.000       1.2909
  59.000       1.2982
  60.000       1.2135
  61.000       1.4176
  62.000       1.1014
  63.000       1.0231
  64.000       1.1171
  65.000       1.1692
  66.000       1.0338
  67.000       1.4079
  68.000       1.3687
  69.000       1.0419
  70.000       1.2260
  71.000       1.4129
  72.000       1.1882
  73.000       1.0589
  74.000       1.2258
  75.000       0.9629
  76.000       0.9613
  77.000       1.1815
  78.000       0.7189
  79.000       0.8519
  80.000       0.6951
  81.000       0.9275
  82.000       0.7512
  83.000       0.9903
  84.000       0.9201
  85.000       0.8093
  86.000       0.9810
  87.000       0.7139
  88.000       0.7547
  89.000       0.6045
  90.000       0.8566
  91.000       0.8242
  92.000       0.9432
  93.000       0.8754
  94.000       1.5379
  95.000       0.7461
  96.000       0.8840
  97.000       1.0635
  98.000       0.8057
  99.000       0.8485
 100.000       0.7702
 101.000       1.0665
 102.000       1.0924
 103.000       1.3142
 104.000       1.3340
 105.000       1.2345
 106.000       1.1949
 107.000       1.2355
 108.000       1.1821
 109.000       0.7522
 110.000       0.7933
 111.000       0.6625
 112.000       0.9757
 113.000       0.7193
 114.000       0.7007
 115.000       1.0230
 116.000       1.1095
 117.000       0.7700
 118.000       0.7480
 119.000       1.0808
 120.000       1.4077
 121.000       0.9108
 122.000       0.7758
 123.000       1.0843
 124.000       0.7820
 125.000       0.9884
 126.000       0.8328
 127.000       0.8033
 128.000       0.7934
 129.000       0.8666
 130.000       0.8413
 131.000       0.7679
 132.000       0.8001
 133.000       1.0194
 134.000       0.7877
 135.000       1.0077
 136.000       0.9418
 137.000       1.1522
 138.000       0.8732
 139.000       1.0674
 140.000       1.2990
 141.000       1.7495
 142.000       1.7070
 143.000       1.4054
 144.000       1.1493
 145.000       1.1239
 146.000       0.9819
 147.000       1.5118
 148.000       1.6799
 149.000       1.5089
 150.000       1.6510
 151.000       2.1911
 152.000       2.6735
 153.000       3.7734
 154.000       3.8737
 155.000       3.5073
 156.000       3.3743
 157.000       2.3378
 158.000       1.8684
 159.000       1.5932
 160.000       1.9214
 161.000       1.3857
 162.000       1.1909
 163.000       1.6671
 164.000       2.1116
 165.000       1.7958
 166.000       1.2969
 167.000       1.1242
 168.000       1.1950
 169.000       1.1827
 170.000       1.0423
 171.000       0.8694
 172.000       0.8653
 173.000       1.1311
 174.000       1.0205
 175.000       1.0990
 176.000       0.8471
 177.000       0.9053
 178.000       0.9514
 179.000       1.2669
 180.000       1.6946
 181.000       2.5309
 182.000       1.9521
 183.000       2.1420
 184.000       2.0808
 185.000       2.1594
 186.000       2.2517
 187.000       1.3277
 188.000       1.2786
 189.000       1.3840
 190.000       0.9884
 191.000       1.4965
 192.000       0.9097
 193.000       1.1445
 194.000       1.0971
 195.000       0.9957
 196.000       0.7020
 197.000       0.7658
 198.000       0.7335
 199.000       0.9685
 200.000       0.7019
 201.000       0.6636
 202.000       0.7102
 203.000       1.0237
 204.000       0.7764
 205.000       0.7330
 206.000       1.6201
 207.000       0.7939
 208.000       1.0795
 209.000       0.9859
 210.000       1.3359
 211.000       0.7852
 212.000       1.3712
 213.000       1.3928
 214.000       0.8595
 215.000       1.0237
 216.000       0.8944
 217.000       1.3841
 218.000       0.8294
 219.000       0.9403
 220.000       1.1223
 221.000       1.3210
 222.000       0.8136
 223.000       1.1083
 224.000       1.1605
 225.000       1.1413
 226.000       0.8512
 227.000       1.4356
 228.000       1.0327
 229.000       0.8929
 230.000       1.0284
 231.000       0.9977
 232.000       1.1164
 233.000       1.1509
 234.000       1.0968
 235.000       1.2336
 236.000       1.0485
 237.000       1.0355
 238.000       1.3148
 239.000       1.1883
 240.000       1.2078
 241.000       2.1019
 242.000       1.2003
 243.000       1.5751
 244.000       1.5579
 245.000       1.6917
 246.000       1.0502
 247.000       1.2973
 248.000       1.3274
 249.000       1.2531
 250.000       1.0788
 251.000       1.4010
 252.000       1.3316
 253.000       1.3360
 254.000       1.6716
 255.000       1.5256
 256.000       1.6968
 257.000       1.6311
 258.000       1.5930
 259.000       1.5938
 260.000       1.4857
 261.000       1.2607
 262.000       1.2932
 263.000       1.0273
 264.000       1.1577
 265.000       1.0096
 266.000       1.0896
 267.000       0.8795
 268.000       0.8480
 269.000       0.8986
 270.000       0.9812
 271.000       1.0164
 272.000       1.3933
 273.000       1.1934
 274.000       0.8516
 275.000       1.0824
 276.000       0.6877
 277.000       0.8806
 278.000       0.8871
 279.000       1.1124
 280.000       0.7398
 281.000       0.7882
 282.000       0.9687
 283.000       0.7090
 284.000       0.8063
 285.000       0.9154
 286.000       0.7503
 287.000       0.7611
 288.000       1.0140
 289.000       0.9322
 290.000       1.1446
 291.000       1.4186
 292.000       1.4708
 293.000       1.3450
 294.000       1.0681
 295.000       0.9350
 296.000       1.1522
 297.000       1.5739
 298.000       1.0392
 299.000       0.8555
 300.000       0.9526
 301.000       1.1368
 302.000       0.9346
 303.000       0.8618
 304.000       1.1716
 305.000       1.1840
 306.000       1.1857
 307.000       0.9588
 308.000       1.8889
 309.000       0.9427
 310.000       1.0331
 311.000       1.1619
 312.000       1.2148
 313.000       1.1156
 314.000       0.9502
 315.000       1.1015
 316.000       0.9643
 317.000       0.9542
 318.000       1.2294
 319.000       1.0501
 320.000       1.0101
 321.000       1.1961
 322.000       0.9946
 323.000       1.0754
 324.000       1.1093
 325.000       1.0513
 326.000       1.1128
 327.000       1.7804
 328.000       1.3367
 329.000       2.0590
 330.000       1.3659
 331.000       1.4538
 332.000       1.1667
 333.000       1.8419
 334.000       1.4464
 335.000       1.6401
 336.000       1.5469
 337.000       1.8660
 338.000       2.3762
 339.000       2.2893
 340.000       2.6103
 341.000       2.8218
 342.000       3.2138
 343.000       3.3485
 344.000       3.6853
 345.000       4.4649
 346.000       3.7705
 347.000       4.5383
 348.000       4.9828
 349.000       4.2868
 350.000       5.4391
 351.000       3.5151
 352.000       3.5625
 353.000       3.4824
 354.000       4.3196
 355.000       3.8075
 356.000       2.5312
 357.000       3.2640
 358.000       3.9154
 359.000       3.4718
 360.000       2.9178
 361.000       3.9440
 362.000       4.7126
 363.000       3.5008
 364.000       3.8918
 365.000       4.4858
 366.000       4.5066
 367.000       4.4356
 368.000       4.3181
 369.000       4.3837
 370.000       3.9271
 371.000       3.2893
 372.000       3.6882
 373.000       4.1065
 374.000       3.0116
 375.000       2.7902
 376.000       2.3100
 377.000       2.0942
 378.000       2.4084
 379.000       1.4543
 380.000       2.0092
 381.000       2.2117
 382.000       1.6312
 383.000       1.4324
 384.000       1.4971
 385.000       1.5299
 386.000       1.5818
 387.000       1.7844
 388.000       1.6524
 389.000       1.8206
 390.000       2.1778
 391.000       1.3051
 392.000       1.2726
 393.000       1.0546
 394.000       1.1731
 395.000       0.9574
 396.000       1.0359
 397.000       1.0477
 398.000       1.0411
 399.000       1.1960
 400.000       0.8955
 401.000       1.1804
 402.000       0.9905
 403.000       1.1435
 404.000       1.0247
 405.000       1.2802
 406.000       1.1726
 407.000       1.1671
 408.000       1.2501
 409.000       0.9830
 410.000       1.0057
 411.000       1.0764
 412.000       0.9902
 413.000       0.9867
 414.000       0.9068
 415.000       0.9529
 416.000       0.8004
 417.000       0.7998
 418.000       0.9169
 419.000       0.9400
 420.000       0.7841
 421.000       1.0106
 422.000       0.6441
 423.000       0.9480
 424.000       0.5788
 425.000       0.7374
 426.000       0.5901
 427.000       0.5801
 428.000       0.6568
 429.000       0.6825
 430.000       0.7008
 431.000       0.8287
 432.000       0.9651
 433.000       1.0761
 434.000       0.7869
 435.000       0.9631
 436.000       1.0357
 437.000       1.0687
 438.000       0.9281
 439.000       1.1740
 440.000       1.4622
 441.000       1.1597
 442.000       1.2162
 443.000       2.2535
 444.000       1.6390
 445.000       1.7488
 446.000       1.8754
 447.000       2.3418
 448.000       3.5793
 449.000       1.9028
 450.000       1.3082
 451.000       1.7350
 452.000       1.1835
 453.000       1.1400
 454.000       1.2194
 455.000       1.0030
 456.000       0.7789
 457.000       1.3065
 458.000       1.1373
 459.000       0.7171
 460.000       1.0075
 461.000       0.8179
 462.000       0.8638
 463.000       0.7774
 464.000       1.2342
 465.000       1.1554
 466.000       0.7715
 467.000       1.5102
 468.000       1.2494
 469.000       0.9956
 470.000       1.0327
 471.000       0.9733
 472.000       1.0640
 473.000       1.0479
 474.000       0.7881
 475.000       1.0523
 476.000       0.9994
 477.000       1.1819
 478.000       0.8308
 479.000       0.9213
 480.000       1.2435
 481.000       0.9698
 482.000       0.9760
 483.000       0.9933
 484.000       1.2307
 485.000       1.4446
 486.000       1.7666
 487.000       1.8365
 488.000       1.5967
 489.000       0.9193
 490.000       1.1026
 491.000       1.3604
 492.000       1.0721
 493.000       0.8422
 494.000       0.9108
 495.000       1.5885
 496.000       0.9055
 497.000       0.9062
 498.000       1.0128
 499.000       1.5867
 500.000       0.8138
 501.000       0.9750
 502.000       1.2268
 503.000       1.7877
 504.000       1.1446
 505.000       1.2375
 506.000       0.9616
 507.000       1.2730
 508.000       1.3912
 509.000       2.0888
 510.000       1.2394
 511.000       1.1620
 512.000       1.6582
 513.000       1.2596
 514.000       1.3603
 515.000       1.3346
 516.000       1.9978
 517.000       2.2356
 518.000       2.0059
 519.000       1.4676
 520.000       2.2189
 521.000       2.0534
 522.000       1.4164
 523.000       1.4566
 524.000       1.4917
 525.000       1.0429
 526.000       0.9347
 527.000       1.3637
 528.000       1.1742
 529.000       0.8564
 530.000       0.9976
 531.000       1.2446
 532.000       1.1158
 533.000       0.9583
 534.000       0.9601
 535.000       1.0059
 536.000       1.2289
 537.000       0.9812
 538.000       1.2048
 539.000       1.4606
 540.000       1.1999
 541.000       1.1154
 542.000       1.5216
 543.000       1.6189
 544.000       1.3260
 545.000       1.3890
 546.000       1.9841
 547.000       1.1994
 548.000       1.1184
 549.000       1.3811
 550.000       1.6416
 551.000       1.6338
 552.000       1.8683
 553.000       1.9591
 554.000       1.7854
 555.000       1.8230
 556.000       1.6098
 557.000       1.6376
 558.000       1.7472
 559.000       1.1692
 560.000       1.9279
 561.000       2.2768
 562.000       3.0888
 563.000       6.0079
 564.000       5.8851
 565.000       6.9395
 566.000       4.4785
 567.000       5.3892
 568.000       5.6826
 569.000       4.4396
 570.000       3.7923
 571.000       2.9594
 572.000       2.1378
 573.000       1.8772
 574.000       1.5817
 575.000       2.0144
 576.000       2.1945
 577.000       3.0580
 578.000       1.9673
 579.000       1.9911
 580.000       1.3359
 581.000       1.4393
 582.000       1.2857
 583.000       1.1131
 584.000       1.2564
 585.000       1.0745
 586.000       0.9561
 587.000       0.9255
 588.000       1.0656
 589.000       0.8579
 590.000       0.9436
 591.000       1.2705
 592.000       0.9448
 593.000       1.0414
 594.000       1.1771
 595.000       1.2235
 596.000       1.3738
 597.000       1.3603
 598.000       1.7710
 599.000       1.6272
 600.000       1.6141
 601.000       2.0567
 602.000       2.2165
 603.000       2.3956
 604.000       2.1923
 605.000       3.5148
 606.000       5.2919
 607.000       1.2552
 608.000       0.8242
 609.000       0.6821
 610.000      55.9755
 611.000      55.7517
 612.000      55.4812
 613.000      56.2905
 614.000      55.1548
 615.000      56.5014
 616.000      53.0657
 617.000      52.2213
 618.000      55.3397
 619.000      56.2355
 620.000      56.2259
 621.000      56.3931
 622.000      51.6610
 623.000      52.8330
 624.000      56.7573
 625.000      54.1440
 626.000      47.2768
 627.000      54.3534
 628.000      55.4917
 629.000      54.6404
 630.000      55.6375
 631.000      55.3432
 632.000      55.7158
 633.000      56.0911
 634.000      56.7943
 635.000      56.1435
 636.000      56.2746
 637.000      55.3703
 638.000      56.9196
 639.000      55.0844
 640.000      56.4924
 641.000      54.9438
 642.000      55.3149
 643.000      56.2409
 644.000      57.0203
 645.000      55.9636
 646.000      54.7001
 647.000      57.4476
 648.000      55.7138
 649.000      54.6373
 650.000      54.4776
 651.000      55.7121
 652.000      53.5546
 653.000      54.2869
 654.000      55.1919
 655.000      52.1986
 656.000      55.8316
 657.000      56.1378
 658.000      56.6717
 659.000      54.9798
 660.000      54.7532
 661.000      55.9409
 662.000      56.7116
 663.000      56.2652
 664.000      57.0970
 665.000      56.1737
 666.000      54.7177
 667.000      52.6823
 668.000      55.0394
 669.000      54.8870
 670.000      57.2059
 671.000      55.1879
 672.000      56.9969
 673.000      55.4136
 674.000      55.7276
 675.000      56.5435
 676.000      56.9147
 677.000      55.6768
 678.000      53.6328
 679.000      55.3357
 680.000      53.3019
 681.000      55.4032
 682.000      56.4542
 683.000      55.4281
 684.000      57.1934
 685.000      57.1636
 686.000      49.7984
 687.000      51.4347
 688.000      56.3531
 689.000      54.2919
 690.000      55.8559
 691.000      53.2995
 692.000      54.9401
 693.000      54.9235
 694.000      56.0603
 695.000      56.4178
 696.000      54.8716
 697.000      57.6557
 698.000      53.8509
 699.000      56.6023
 700.000      56.9483
 701.000      54.7967
 702.000      55.3950
 703.000      56.4281
 704.000      55.6558
 705.000      55.8690
 706.000      53.0706
 707.000      55.8147
 708.000      56.5784
 709.000      54.7883
 710.000      57.7475
 711.000      55.7437
 712.000      54.9448
 713.000      56.5765
 714.000      55.4661
 715.000      56.3987
 716.000      56.2424
 717.000      55.3943
 718.000      56.2221
 719.000      61.6352
 720.000      61.0006
 721.000      61.6632
 722.000      61.4331
 723.000      61.3208
 724.000      60.8660
 725.000      59.5786
 726.000      62.0180
 727.000      61.0918
 728.000      60.6232
 729.000      61.4987
 730.000      61.1933
 731.000      61.1886
 732.000      61.1288
 733.000      62.3524
 734.000      61.1689
 735.000      61.3584
 736.000      61.5872
 737.000      61.2395
 738.000      61.1643
 739.000      60.8025
 740.000      60.3959
 741.000      61.1554
 742.000      61.3158
 743.000      61.3021
 744.000      61.9736
 745.000      61.4467
 746.000      61.0124
 747.000      60.8434
 748.000      60.8498
 749.000      61.9949
 750.000      61.0524
 751.000      60.5203
 752.000      60.9536
 753.000      60.2467
 754.000      61.0122
 755.000      61.4691
 756.000      61.0921
 757.000      61.4744
 758.000      60.9267
 759.000      61.3061
 760.000      60.9287
 761.000      60.7487
 762.000      62.4402
 763.000      61.4256
 764.000      61.3152
 765.000      60.6965
 766.000      61.8503
 767.000      60.5748
 768.000      60.2793
 769.000      60.9495
 770.000      60.4262
 771.000      61.4143
 772.000      59.9456
 773.000      61.0149
 774.000      61.4827
 775.000      60.3192
 776.000      60.1042
 777.000      61.7331
 778.000      60.8350
 779.000      60.9309
 780.000      61.4564
 781.000      60.8119
 782.000      60.8351
