#Res        AtomicFlx
   1.000       3.8403
   2.000       2.9160
   3.000       2.2998
   4.000       2.2090
   5.000       1.5115
   6.000       1.6787
   7.000       1.7205
   8.000       2.2440
   9.000       2.0551
  10.000       2.3827
  11.000       1.8059
  12.000       1.5041
  13.000       1.4178
  14.000       1.4511
  15.000       1.5087
  16.000       1.8237
  17.000       1.3290
  18.000       1.9714
  19.000       2.0421
  20.000       2.1057
  21.000       2.7678
  22.000       3.9049
  23.000       4.9075
  24.000       5.4225
  25.000       4.4562
  26.000       3.6403
  27.000       2.7963
  28.000       2.7830
  29.000       1.5294
  30.000       2.2412
  31.000       1.0339
  32.000       1.8615
  33.000       1.4289
  34.000       1.2355
  35.000       1.1061
  36.000       1.5267
  37.000       0.7869
  38.000       1.1105
  39.000       1.1339
  40.000       0.8363
  41.000       0.7209
  42.000       0.9648
  43.000       0.7230
  44.000       0.7047
  45.000       0.7999
  46.000       0.9028
  47.000       0.8494
  48.000       1.0913
  49.000       1.2232
  50.000       1.4942
  51.000       1.2515
  52.000       1.4050
  53.000       1.7784
  54.000       1.1915
  55.000       1.1007
  56.000       1.1636
  57.000       1.0575
  58.000       1.0277
  59.000       1.4853
  60.000       1.1231
  61.000       1.3369
  62.000       1.4382
  63.000       1.1017
  64.000       1.0407
  65.000       1.0481
  66.000       0.9038
  67.000       1.1881
  68.000       1.1626
  69.000       0.9176
  70.000       1.0014
  71.000       1.3165
  72.000       1.1011
  73.000       0.9118
  74.000       0.8715
  75.000       0.8713
  76.000       0.8971
  77.000       0.9257
  78.000       0.6991
  79.000       0.8570
  80.000       0.7307
  81.000       1.0851
  82.000       0.8628
  83.000       0.9843
  84.000       0.9312
  85.000       0.7877
  86.000       0.6962
  87.000       0.6786
  88.000       0.7607
  89.000       0.6154
  90.000       0.7133
  91.000       0.8341
  92.000       0.8770
  93.000       1.1083
  94.000       1.4856
  95.000       0.7366
  96.000       0.8972
  97.000       0.9933
  98.000       0.7318
  99.000       0.7791
 100.000       0.8049
 101.000       1.0095
 102.000       0.9445
 103.000       1.0399
 104.000       1.0978
 105.000       1.0710
 106.000       1.0193
 107.000       1.0687
 108.000       1.1605
 109.000       0.7255
 110.000       0.8250
 111.000       0.7234
 112.000       1.2712
 113.000       0.8108
 114.000       0.8953
 115.000       1.2964
 116.000       1.1570
 117.000       1.1623
 118.000       0.7441
 119.000       1.2500
 120.000       1.4424
 121.000       1.1215
 122.000       0.8942
 123.000       1.3127
 124.000       1.7613
 125.000       1.2337
 126.000       0.8255
 127.000       0.9121
 128.000       0.9353
 129.000       0.8340
 130.000       0.8419
 131.000       0.9068
 132.000       0.8172
 133.000       1.0233
 134.000       0.8958
 135.000       1.0332
 136.000       1.0843
 137.000       1.7768
 138.000       0.9261
 139.000       0.9568
 140.000       1.4388
 141.000       1.4163
 142.000       1.7581
 143.000       1.5019
 144.000       1.2069
 145.000       1.0810
 146.000       1.0325
 147.000       1.4987
 148.000       1.9725
 149.000       1.6532
 150.000       1.7137
 151.000       2.3822
 152.000       3.0276
 153.000       4.1413
 154.000       4.1940
 155.000       3.7382
 156.000       3.9990
 157.000       2.7370
 158.000       2.4641
 159.000       1.9345
 160.000       2.1956
 161.000       1.7134
 162.000       1.4735
 163.000       1.8913
 164.000       2.6331
 165.000       1.5559
 166.000       1.4813
 167.000       1.3072
 168.000       1.2279
 169.000       1.2811
 170.000       1.2794
 171.000       0.9888
 172.000       0.9303
 173.000       1.4106
 174.000       1.3455
 175.000       1.3340
 176.000       1.0533
 177.000       1.0605
 178.000       1.4444
 179.000       1.5738
 180.000       1.7008
 181.000       1.6861
 182.000       1.4040
 183.000       1.4326
 184.000       1.7424
 185.000       1.9717
 186.000       2.3777
 187.000       2.9659
 188.000       2.0754
 189.000       1.9194
 190.000       1.2837
 191.000       1.3162
 192.000       1.2769
 193.000       1.2500
 194.000       1.3234
 195.000       1.2442
 196.000       0.8676
 197.000       0.8365
 198.000       0.8763
 199.000       1.1048
 200.000       0.8357
 201.000       0.8269
 202.000       0.9232
 203.000       1.0902
 204.000       1.1685
 205.000       1.2508
 206.000       1.7691
 207.000       1.1384
 208.000       1.5559
 209.000       1.7148
 210.000       2.6747
 211.000       1.8847
 212.000       2.0932
 213.000       2.1763
 214.000       1.5514
 215.000       1.5200
 216.000       1.5089
 217.000       2.1143
 218.000       1.1582
 219.000       1.5465
 220.000       1.7276
 221.000       1.4847
 222.000       0.8785
 223.000       1.0724
 224.000       1.3605
 225.000       1.3499
 226.000       0.9519
 227.000       1.3521
 228.000       1.3008
 229.000       1.1705
 230.000       1.2168
 231.000       1.1870
 232.000       1.4433
 233.000       1.4287
 234.000       1.3493
 235.000       1.3451
 236.000       1.2031
 237.000       1.3180
 238.000       1.6013
 239.000       1.3632
 240.000       1.6270
 241.000       2.2899
 242.000       1.3461
 243.000       1.6318
 244.000       1.4678
 245.000       1.6365
 246.000       1.1079
 247.000       1.3093
 248.000       1.3234
 249.000       1.4846
 250.000       1.1496
 251.000       1.4083
 252.000       1.2381
 253.000       1.3232
 254.000       1.6734
 255.000       1.7218
 256.000       1.6644
 257.000       1.5532
 258.000       1.5050
 259.000       1.4452
 260.000       1.5280
 261.000       1.2227
 262.000       1.3302
 263.000       1.0034
 264.000       1.4609
 265.000       1.2119
 266.000       0.9919
 267.000       0.8387
 268.000       0.7685
 269.000       0.8257
 270.000       0.9112
 271.000       0.9704
 272.000       1.2510
 273.000       1.0547
 274.000       0.7924
 275.000       0.7799
 276.000       0.7490
 277.000       1.0358
 278.000       1.0665
 279.000       1.6427
 280.000       0.8958
 281.000       1.1541
 282.000       0.7951
 283.000       0.8401
 284.000       0.9871
 285.000       0.9205
 286.000       0.6676
 287.000       0.7550
 288.000       1.2031
 289.000       0.8263
 290.000       1.1040
 291.000       1.1221
 292.000       1.4532
 293.000       0.8900
 294.000       1.1032
 295.000       0.8062
 296.000       0.9711
 297.000       1.8851
 298.000       0.8596
 299.000       0.8626
 300.000       0.9573
 301.000       1.0765
 302.000       0.8176
 303.000       0.7575
 304.000       1.1149
 305.000       1.0263
 306.000       0.8142
 307.000       0.8748
 308.000       1.6744
 309.000       0.9240
 310.000       1.0725
 311.000       1.1648
 312.000       1.3539
 313.000       1.0477
 314.000       1.0164
 315.000       1.3074
 316.000       1.0413
 317.000       1.0507
 318.000       1.1462
 319.000       1.1457
 320.000       1.4202
 321.000       1.6733
 322.000       1.1573
 323.000       1.2373
 324.000       1.8859
 325.000       1.2362
 326.000       1.2128
 327.000       1.6341
 328.000       1.9117
 329.000       1.4668
 330.000       1.6172
 331.000       1.8667
 332.000       1.3421
 333.000       1.9105
 334.000       2.0119
 335.000       2.1022
 336.000       1.7684
 337.000       2.3941
 338.000       3.0017
 339.000       2.6115
 340.000       2.9558
 341.000       3.4095
 342.000       3.7747
 343.000       3.5888
 344.000       3.9644
 345.000       4.5521
 346.000       4.0966
 347.000       4.9099
 348.000       5.3919
 349.000       5.1497
 350.000       6.1479
 351.000       4.5515
 352.000       4.1079
 353.000       4.2121
 354.000       5.3750
 355.000       4.8653
 356.000       3.1449
 357.000       4.3847
 358.000       5.2641
 359.000       4.2515
 360.000       3.5059
 361.000       4.9213
 362.000       5.6860
 363.000       4.3356
 364.000       4.8626
 365.000       5.3186
 366.000       5.6065
 367.000       5.2060
 368.000       5.1394
 369.000       4.6436
 370.000       4.0871
 371.000       3.8913
 372.000       3.9294
 373.000       4.1569
 374.000       3.1891
 375.000       3.1894
 376.000       2.5038
 377.000       2.7623
 378.000       2.4033
 379.000       1.4676
 380.000       2.7819
 381.000       3.9627
 382.000       2.6131
 383.000       1.7090
 384.000       1.8927
 385.000       1.8304
 386.000       1.5174
 387.000       1.7968
 388.000       1.4402
 389.000       1.8077
 390.000       2.0438
 391.000       1.9016
 392.000       1.3604
 393.000       1.1689
 394.000       1.3147
 395.000       0.9851
 396.000       0.9469
 397.000       1.0954
 398.000       1.1929
 399.000       1.3656
 400.000       1.0513
 401.000       1.3387
 402.000       1.1702
 403.000       1.2352
 404.000       1.3042
 405.000       1.7635
 406.000       1.3537
 407.000       1.3866
 408.000       1.4165
 409.000       1.1831
 410.000       1.1051
 411.000       1.2931
 412.000       1.1554
 413.000       0.8966
 414.000       0.9771
 415.000       1.1781
 416.000       0.8955
 417.000       0.8379
 418.000       0.9931
 419.000       1.0017
 420.000       0.9304
 421.000       1.0515
 422.000       0.7150
 423.000       1.0509
 424.000       0.6990
 425.000       0.9040
 426.000       0.6505
 427.000       0.7174
 428.000       0.9212
 429.000       1.0608
 430.000       0.6742
 431.000       1.0967
 432.000       1.0146
 433.000       1.2276
 434.000       0.8108
 435.000       1.0593
 436.000       1.3640
 437.000       1.5770
 438.000       1.4221
 439.000       1.7029
 440.000       2.4542
 441.000       2.2402
 442.000       2.0620
 443.000       3.1479
 444.000       2.3390
 445.000       2.4884
 446.000       2.8773
 447.000       3.3259
 448.000       4.8451
 449.000       3.0404
 450.000       2.2774
 451.000       2.5378
 452.000       2.0971
 453.000       1.8145
 454.000       1.9677
 455.000       1.2916
 456.000       1.1111
 457.000       1.5661
 458.000       1.2614
 459.000       0.9139
 460.000       1.2547
 461.000       0.9552
 462.000       0.8923
 463.000       0.9479
 464.000       1.4485
 465.000       1.2206
 466.000       0.9122
 467.000       1.7827
 468.000       1.3525
 469.000       1.1421
 470.000       1.0920
 471.000       1.1612
 472.000       1.1651
 473.000       0.9848
 474.000       0.8651
 475.000       1.6038
 476.000       0.9940
 477.000       1.0653
 478.000       1.1447
 479.000       1.0382
 480.000       1.2047
 481.000       1.1936
 482.000       1.1485
 483.000       1.3016
 484.000       1.1686
 485.000       1.1051
 486.000       0.9227
 487.000       1.0562
 488.000       1.1450
 489.000       0.8493
 490.000       1.2520
 491.000       1.0748
 492.000       1.1203
 493.000       0.8420
 494.000       0.7924
 495.000       1.1399
 496.000       0.7921
 497.000       0.9133
 498.000       0.8634
 499.000       1.1667
 500.000       0.7780
 501.000       0.8618
 502.000       0.9279
 503.000       1.3094
 504.000       0.9917
 505.000       1.1175
 506.000       0.8605
 507.000       1.1816
 508.000       1.4632
 509.000       1.7048
 510.000       1.0900
 511.000       1.3327
 512.000       1.7363
 513.000       0.9697
 514.000       1.1521
 515.000       1.4465
 516.000       1.8281
 517.000       1.3306
 518.000       1.6964
 519.000       1.8348
 520.000       2.3180
 521.000       2.2869
 522.000       1.2949
 523.000       1.4981
 524.000       1.5255
 525.000       1.2431
 526.000       0.8908
 527.000       1.3387
 528.000       1.1423
 529.000       0.8921
 530.000       0.8343
 531.000       1.7509
 532.000       1.2896
 533.000       0.9530
 534.000       0.8047
 535.000       0.7814
 536.000       1.1870
 537.000       1.0098
 538.000       0.9392
 539.000       1.0141
 540.000       1.1699
 541.000       0.9531
 542.000       0.8227
 543.000       1.2622
 544.000       1.6884
 545.000       1.0306
 546.000       1.5833
 547.000       1.0472
 548.000       1.0222
 549.000       1.1752
 550.000       1.3467
 551.000       1.2293
 552.000       1.4870
 553.000       1.5229
 554.000       1.1949
 555.000       1.2285
 556.000       1.0965
 557.000       1.4032
 558.000       1.8193
 559.000       1.4338
 560.000       2.3147
 561.000       2.8745
 562.000       4.2869
 563.000       5.4854
 564.000       5.8000
 565.000       5.9650
 566.000       4.6529
 567.000       5.1688
 568.000       4.7503
 569.000       2.6813
 570.000       2.4109
 571.000       1.7667
 572.000       1.5238
 573.000       1.2502
 574.000       1.2434
 575.000       1.1201
 576.000       1.4973
 577.000       1.1890
 578.000       1.0908
 579.000       1.1260
 580.000       1.2097
 581.000       1.1640
 582.000       1.2150
 583.000       1.0839
 584.000       1.1462
 585.000       1.0848
 586.000       1.0048
 587.000       0.9080
 588.000       1.0512
 589.000       0.8803
 590.000       0.9024
 591.000       1.1758
 592.000       0.9044
 593.000       0.9569
 594.000       0.9621
 595.000       1.0232
 596.000       1.2819
 597.000       1.1019
 598.000       1.4178
 599.000       1.6899
 600.000       1.5617
 601.000       1.7431
 602.000       1.8732
 603.000       2.0576
 604.000       2.0908
 605.000       2.9544
 606.000       5.6471
 607.000       1.9023
 608.000      48.9626
 609.000       0.6893
 610.000      55.1102
 611.000      56.6225
 612.000      53.7052
 613.000      56.6350
 614.000      55.0381
 615.000      54.3915
 616.000      55.1438
 617.000      55.7146
 618.000      53.1819
 619.000      54.3107
 620.000      56.3788
 621.000      55.2700
 622.000      57.8354
 623.000      55.9961
 624.000      56.4022
 625.000      53.5409
 626.000      53.5878
 627.000      56.9817
 628.000      55.9585
 629.000      56.9037
 630.000      53.5532
 631.000      52.5093
 632.000      55.6975
 633.000      56.1103
 634.000      52.4136
 635.000      55.9476
 636.000      51.5806
 637.000      53.3813
 638.000      55.0142
 639.000      56.4057
 640.000      57.4586
 641.000      54.6920
 642.000      54.6051
 643.000      53.8126
 644.000      56.7814
 645.000      55.5542
 646.000      54.0283
 647.000      56.6856
 648.000      52.1274
 649.000      55.2311
 650.000      53.2043
 651.000      55.4298
 652.000      55.0249
 653.000      54.4397
 654.000      54.9365
 655.000      53.2508
 656.000      53.7567
 657.000      57.2949
 658.000      56.7362
 659.000      52.5536
 660.000      54.7930
 661.000      52.9546
 662.000      51.4400
 663.000      53.7749
 664.000      55.0325
 665.000      55.2789
 666.000      53.9867
 667.000      55.1221
 668.000      55.1855
 669.000      56.7860
 670.000      56.2812
 671.000      55.9595
 672.000      54.8183
 673.000      55.6887
 674.000      54.1677
 675.000      54.5762
 676.000      53.8760
 677.000      52.6692
 678.000      54.8886
 679.000      56.1382
 680.000      54.5593
 681.000      56.2819
 682.000      55.4480
 683.000      54.4202
 684.000      55.1390
 685.000      53.4311
 686.000      55.7219
 687.000      55.4343
 688.000      56.5927
 689.000      55.1060
 690.000      55.2355
 691.000      54.5299
 692.000      56.2627
 693.000      56.8682
 694.000      55.1749
 695.000      56.2825
 696.000      55.8012
 697.000      53.5725
 698.000      55.3174
 699.000      55.5856
 700.000      56.2861
 701.000      53.9808
 702.000      54.6224
 703.000      52.3287
 704.000      57.9566
 705.000      55.8218
 706.000      52.9079
 707.000      54.6373
 708.000      55.8929
 709.000      53.1532
 710.000      56.8267
 711.000      55.7329
 712.000      54.3700
 713.000      55.9942
 714.000      53.9335
 715.000      53.3600
 716.000      56.1098
 717.000      56.4803
 718.000      54.1849
 719.000      60.7261
 720.000      60.8786
 721.000      60.2709
 722.000      59.7549
 723.000      61.3105
 724.000      60.9747
 725.000      61.0466
 726.000      61.0740
 727.000      59.6860
 728.000      59.5621
 729.000      60.4894
 730.000      60.6329
 731.000      60.7649
 732.000      61.9754
 733.000      59.7537
 734.000      61.0175
 735.000      60.0857
 736.000      60.6424
 737.000      62.1536
 738.000      61.7233
 739.000      60.5967
 740.000      61.0871
 741.000      60.3555
 742.000      59.9889
 743.000      60.6374
 744.000      61.1420
 745.000      60.1055
 746.000      61.2720
 747.000      60.9915
 748.000      61.5604
 749.000      60.1318
 750.000      59.8786
 751.000      61.2430
 752.000      61.5608
 753.000      60.9294
 754.000      60.4871
 755.000      60.6682
 756.000      60.6371
 757.000      60.2585
 758.000      61.1774
 759.000      61.4109
 760.000      60.6018
 761.000      61.0868
 762.000      61.3719
 763.000      61.7093
 764.000      61.2288
 765.000      61.3498
 766.000      60.9311
 767.000      60.5646
 768.000      61.6959
 769.000      60.6912
 770.000      61.1622
 771.000      60.3219
 772.000      60.6857
 773.000      60.0656
 774.000      60.9077
 775.000      60.4351
 776.000      60.9720
 777.000      61.0597
 778.000      60.9022
 779.000      60.2328
 780.000      60.9228
 781.000      60.7797
 782.000      61.0046
