#Res        AtomicFlx
   1.000       4.6504
   2.000       2.2585
   3.000       2.0971
   4.000       1.0963
   5.000       1.4877
   6.000       1.6009
   7.000       1.5055
   8.000       1.3915
   9.000       1.1604
  10.000       0.7937
  11.000       0.8766
  12.000       1.0798
  13.000       0.7579
  14.000       0.6228
  15.000       0.7689
  16.000       0.6411
  17.000       0.6048
  18.000       0.6564
  19.000       0.7492
  20.000       0.5930
  21.000       1.0317
  22.000       0.7569
  23.000       0.6774
  24.000       1.1514
  25.000       1.2255
  26.000       0.9133
  27.000       0.6020
  28.000       0.6458
  29.000       0.7964
  30.000       0.7156
  31.000       0.6256
  32.000       0.7850
  33.000       1.3205
  34.000       0.7253
  35.000       0.7461
  36.000       0.6932
  37.000       0.7160
  38.000       0.8073
  39.000       0.6832
  40.000       0.9121
  41.000       1.4987
  42.000       0.7077
  43.000       0.6291
  44.000       1.7766
  45.000       0.8922
  46.000       0.7511
  47.000       0.8054
  48.000       1.1180
  49.000       1.2251
  50.000       0.8902
  51.000       0.5684
  52.000       0.6747
  53.000       0.6278
  54.000       0.9049
  55.000       0.8698
  56.000       0.7149
  57.000       0.7653
  58.000       0.5766
  59.000       0.8650
  60.000       0.6342
  61.000       0.7974
  62.000       0.7172
  63.000       1.0265
  64.000       1.2650
  65.000       1.0985
  66.000       1.1753
  67.000       1.2716
  68.000       1.0115
  69.000       1.0383
  70.000       1.2001
  71.000       0.8401
  72.000       1.1338
  73.000       1.0274
  74.000       2.5708
  75.000       2.1807
  76.000       1.3953
  77.000       1.5508
  78.000       1.5587
  79.000       1.7325
  80.000       1.0984
  81.000       0.6559
  82.000       0.7507
  83.000       0.5763
  84.000       0.8926
  85.000       0.5897
  86.000       0.8443
  87.000       0.9865
  88.000       0.7612
  89.000       1.0025
  90.000       0.8921
  91.000       0.7022
  92.000       0.9196
  93.000       0.7788
  94.000       0.6148
  95.000       1.0230
  96.000       1.0560
  97.000       0.7989
  98.000       0.8272
  99.000       0.7347
 100.000       0.6979
 101.000       0.9220
 102.000       0.6003
 103.000       0.7838
 104.000       0.5911
 105.000       0.9059
 106.000       0.9534
 107.000       0.8267
 108.000       0.6432
 109.000       0.9662
 110.000       0.6548
 111.000       0.6320
 112.000       0.9520
 113.000       0.8935
 114.000       1.5902
 115.000       1.1339
 116.000       0.7635
 117.000       0.7764
 118.000       0.6886
 119.000       0.8443
 120.000       1.2683
 121.000       1.1723
 122.000       1.5384
 123.000       1.1626
 124.000       1.4449
 125.000       1.2732
 126.000       1.2593
 127.000       2.1107
 128.000       3.6867
 129.000       1.6412
 130.000       1.3206
 131.000       1.5080
 132.000       1.0731
 133.000       1.4909
 134.000       2.2330
 135.000       3.2491
 136.000       3.4851
 137.000       5.1962
 138.000       6.4214
 139.000       5.6535
 140.000       5.0947
 141.000       4.8893
 142.000       3.2560
 143.000       2.9838
 144.000       3.6014
 145.000       3.0835
 146.000       2.2831
 147.000       1.7103
 148.000       2.1188
 149.000       2.0211
 150.000       1.7269
 151.000       1.0753
 152.000       1.9156
 153.000       2.1583
 154.000       2.2293
 155.000       1.6639
 156.000       1.8847
 157.000       1.7511
 158.000       2.0920
 159.000       1.7960
 160.000       1.7980
 161.000       1.9652
 162.000       1.9486
 163.000       1.2099
 164.000       0.8638
 165.000       0.7041
 166.000       0.7299
 167.000       1.1573
 168.000       1.1059
 169.000       0.7456
 170.000       0.8411
 171.000       1.7346
 172.000       1.5699
 173.000       1.7280
 174.000       0.9464
 175.000       0.9223
 176.000       1.3565
 177.000       1.5274
 178.000       0.9279
 179.000       1.4053
 180.000       1.3292
 181.000       0.9923
 182.000       1.2693
 183.000       2.2601
 184.000       2.5723
 185.000       2.2026
 186.000       2.3640
 187.000       1.6221
 188.000       1.7505
 189.000       1.3328
 190.000       0.8460
 191.000       1.0998
 192.000       0.9991
 193.000       0.6208
 194.000       0.5960
 195.000       0.7138
 196.000       0.6069
 197.000       0.9433
 198.000       0.7873
 199.000       0.6435
 200.000       0.9462
 201.000       0.9100
 202.000       1.0748
 203.000       0.9530
 204.000       1.2267
 205.000       1.1215
 206.000       1.3458
 207.000       1.5596
 208.000       2.0756
 209.000       1.3837
 210.000       2.0036
 211.000       2.4415
 212.000       1.2889
 213.000       1.1490
 214.000       1.0742
 215.000       1.5974
 216.000       1.1581
 217.000       1.3365
 218.000       1.6640
 219.000       1.4117
 220.000       1.2644
 221.000       1.1053
 222.000       1.0321
 223.000       1.3701
 224.000       0.7992
 225.000       0.7763
 226.000       0.8472
 227.000       0.8098
 228.000       0.8240
 229.000       0.7145
 230.000       0.9545
 231.000       0.7974
 232.000       1.0735
 233.000       0.8746
 234.000       0.8083
 235.000       0.7507
 236.000       1.1703
 237.000       0.9436
 238.000       1.1019
 239.000       1.3558
 240.000       0.7806
 241.000       0.7843
 242.000       1.7760
 243.000       1.0469
 244.000       0.6525
 245.000       0.8746
 246.000       1.2402
 247.000       0.8581
 248.000       0.6965
 249.000       0.9097
 250.000       0.8539
 251.000       0.9120
 252.000       1.4053
 253.000       2.2363
 254.000       1.5659
 255.000       1.0812
 256.000       1.3445
 257.000       1.6054
 258.000       1.2599
 259.000       0.8831
 260.000       1.7439
 261.000       0.7847
 262.000       0.8412
 263.000       0.6670
 264.000       0.8436
 265.000       0.6688
 266.000       0.6884
 267.000       0.7767
 268.000       0.5564
 269.000       0.9562
 270.000       1.4225
 271.000       0.9193
 272.000       0.5020
 273.000       0.6691
 274.000       0.4984
 275.000       0.5963
 276.000       0.6711
 277.000       0.7504
 278.000       0.9499
 279.000       0.7636
 280.000       1.1571
 281.000       0.9319
 282.000       0.8129
 283.000       1.0115
 284.000       0.8965
 285.000       0.9083
 286.000       1.1460
 287.000       1.0269
 288.000       1.7709
 289.000       2.0767
 290.000       1.7753
 291.000       1.3607
 292.000       1.4346
 293.000       1.1370
 294.000       0.9988
 295.000       1.4131
 296.000       1.0170
 297.000       0.7073
 298.000       0.7271
 299.000       1.0361
 300.000       0.7956
 301.000       0.5906
 302.000       1.0537
 303.000       0.6760
 304.000       0.5513
 305.000       0.7714
 306.000       0.6812
 307.000       0.6073
 308.000       0.5398
 309.000       0.8392
 310.000       0.9041
 311.000       0.6583
 312.000       0.5724
 313.000       1.0113
 314.000       0.7134
 315.000       0.7161
 316.000       0.9393
 317.000       0.6829
 318.000       0.8444
 319.000       0.9925
 320.000       0.6528
 321.000       0.8038
 322.000       0.9052
 323.000       0.8310
 324.000       1.0912
 325.000       1.1229
 326.000       1.2770
 327.000       1.0290
 328.000       1.0640
 329.000       1.2256
 330.000       1.0058
 331.000       0.9652
 332.000       1.9295
 333.000       1.0942
 334.000       0.8789
 335.000       1.1112
 336.000       1.8040
 337.000       1.0443
 338.000       0.9190
 339.000       0.6889
 340.000       0.8891
 341.000       0.7558
 342.000       0.7130
 343.000       0.6909
 344.000       0.6288
 345.000       0.5833
 346.000       0.6323
 347.000       0.7686
 348.000       0.6549
 349.000       0.7902
 350.000       0.8473
 351.000       1.1950
 352.000       0.9507
 353.000       0.8843
 354.000       1.0651
 355.000       0.7861
 356.000       0.6983
 357.000       0.9790
 358.000       0.7576
 359.000       0.7514
 360.000       1.0212
 361.000       0.8489
 362.000       0.5995
 363.000       0.6251
 364.000       1.0441
 365.000       0.7729
 366.000       1.0054
 367.000       0.6747
 368.000       1.1203
 369.000       0.9147
 370.000       0.7695
 371.000       1.1488
 372.000       0.8481
 373.000       0.9671
 374.000       0.9303
 375.000       1.3130
 376.000       0.9892
 377.000       0.8486
 378.000       1.1860
 379.000       1.0976
 380.000       0.8584
 381.000       1.0167
 382.000       0.8941
 383.000       0.9988
 384.000       0.9358
 385.000       1.0336
 386.000       1.0796
 387.000       1.2913
 388.000       1.1639
 389.000       1.2837
 390.000       1.6429
 391.000       1.9336
 392.000       2.1285
 393.000       2.7260
 394.000       1.2330
 395.000       1.4922
 396.000       1.6789
 397.000       1.5370
 398.000       1.4184
 399.000       1.1299
 400.000       1.9988
 401.000       0.8907
 402.000       0.7756
 403.000       0.9405
 404.000       0.6942
 405.000       0.7630
 406.000       0.6963
 407.000       0.8274
 408.000       0.7168
 409.000       0.5979
 410.000       0.9656
 411.000       0.9799
 412.000       0.8524
 413.000       0.6048
 414.000       0.9311
 415.000       0.8069
 416.000       0.9679
 417.000       0.7935
 418.000       0.7924
 419.000       1.1829
 420.000       0.7185
 421.000       0.6177
 422.000       0.8706
 423.000       0.7703
 424.000       0.7938
 425.000       0.9555
 426.000       0.9400
 427.000       0.9894
 428.000       1.2093
 429.000       1.0161
 430.000       1.2341
 431.000       1.0938
 432.000       1.2797
 433.000       1.4445
 434.000       1.0000
 435.000       1.4163
 436.000       0.8577
 437.000       1.0269
 438.000       1.0080
 439.000       1.0000
 440.000       0.9465
 441.000       0.7978
 442.000       0.8317
 443.000       1.0170
 444.000       0.9680
 445.000       0.9147
 446.000       1.1292
 447.000       0.9280
 448.000       0.8796
 449.000       0.8727
 450.000       1.3047
 451.000       1.5067
 452.000       2.6139
 453.000       1.1175
 454.000       1.2025
 455.000       2.2769
 456.000       1.4253
 457.000       0.8323
 458.000       1.3048
 459.000       1.4085
 460.000       1.3187
 461.000       1.2128
 462.000       1.8885
 463.000       2.3380
 464.000       1.8152
 465.000       1.9472
 466.000       1.9475
 467.000       1.7130
 468.000       1.4053
 469.000       1.6170
 470.000       1.2624
 471.000       1.4039
 472.000       1.4166
 473.000       1.4478
 474.000       1.3176
 475.000       1.1679
 476.000       0.8703
 477.000       0.7987
 478.000       1.0598
 479.000       1.1374
 480.000       0.9140
 481.000       0.8819
 482.000       0.9093
 483.000       0.9065
 484.000       1.0429
 485.000       1.1210
 486.000       1.2616
 487.000       1.9877
 488.000       1.1385
 489.000       0.9898
 490.000       1.0176
 491.000       1.2671
 492.000       1.0111
 493.000       1.0883
 494.000       1.4323
 495.000       1.4867
 496.000       1.1711
 497.000       1.8294
 498.000       1.2276
 499.000       1.0501
 500.000       1.2088
 501.000       1.3986
 502.000       2.0209
 503.000       2.6515
 504.000       2.0411
 505.000       1.7637
 506.000       1.1196
 507.000       1.0248
 508.000       1.0180
 509.000       1.1107
 510.000       0.9413
 511.000       1.0268
 512.000       1.0786
 513.000       1.2391
 514.000       0.9336
 515.000       1.7106
 516.000       1.5665
 517.000       1.5367
 518.000       1.2203
 519.000       1.7513
 520.000       1.2752
 521.000       1.1493
 522.000       1.3102
 523.000       1.3958
 524.000       1.0027
 525.000       1.0140
 526.000       0.9060
 527.000       1.4378
 528.000       1.3131
 529.000       1.1651
 530.000       1.8701
 531.000       1.8841
 532.000       1.5673
 533.000       1.7260
 534.000       1.9097
 535.000       2.4918
 536.000       1.9802
 537.000       3.1292
 538.000       2.6865
 539.000       3.4807
 540.000       3.0038
 541.000       2.6103
 542.000       2.9229
 543.000       2.9408
 544.000       2.1148
 545.000       2.1271
 546.000       2.5029
 547.000       2.0435
 548.000       1.7490
 549.000       2.1143
 550.000       2.7164
 551.000       3.1812
 552.000       1.1049
 553.000       3.2482
 554.000      51.6353
 555.000       0.5131
 556.000      50.6943
 557.000      51.5517
 558.000      50.4150
 559.000      51.9428
 560.000      50.4934
 561.000      50.3999
 562.000      51.3716
 563.000      51.2788
 564.000      51.7870
 565.000      50.4419
 566.000      50.8034
 567.000      52.1270
 568.000      49.3791
 569.000      51.5356
 570.000      51.6803
 571.000      52.2717
 572.000      50.3375
 573.000      50.9039
 574.000      51.9457
 575.000      50.8049
 576.000      52.1835
 577.000      51.4213
 578.000      52.2697
 579.000      52.1336
 580.000      50.9401
 581.000      50.3305
 582.000      52.0341
 583.000      51.2529
 584.000      51.2637
 585.000      50.0908
 586.000      51.9653
 587.000      50.6184
 588.000      50.6760
 589.000      52.1199
 590.000      52.9466
 591.000      51.2518
 592.000      52.7097
 593.000      49.8609
 594.000      50.8493
 595.000      48.5511
 596.000      49.7909
 597.000      50.4838
 598.000      51.2013
 599.000       0.6015
 600.000      52.4832
 601.000      52.7210
 602.000      53.5594
 603.000      52.6358
 604.000      52.4990
 605.000      52.5710
 606.000      52.5254
 607.000      52.3853
 608.000      53.0707
 609.000      52.5798
 610.000      52.1480
 611.000      53.1281
 612.000      52.3588
 613.000      52.2626
 614.000      52.3919
 615.000      52.8312
 616.000      52.8008
 617.000      52.3920
 618.000      52.4709
 619.000      52.7025
 620.000      52.6609
 621.000      53.1601
 622.000      52.4877
 623.000      52.6401
 624.000      52.4653
 625.000      52.7274
 626.000      53.3118
 627.000      52.4914
 628.000      52.6151
 629.000      53.2489
 630.000      52.8127
 631.000      52.8270
 632.000      52.4390
 633.000      52.3295
 634.000      52.3115
 635.000      52.7192
 636.000      52.9176
 637.000      52.8263
 638.000      52.8015
 639.000      52.9909
 640.000      51.8819
 641.000      52.0058
 642.000      53.0017
 643.000      52.7786
 644.000      53.0518
 645.000      52.8667
