#Res        AtomicFlx
   1.000       3.2952
   2.000       1.8657
   3.000       1.1708
   4.000       1.0553
   5.000       1.5370
   6.000       1.2235
   7.000       1.1501
   8.000       1.0676
   9.000       0.9411
  10.000       0.7723
  11.000       0.7494
  12.000       0.8086
  13.000       0.6804
  14.000       0.5595
  15.000       0.6469
  16.000       0.7757
  17.000       0.5802
  18.000       0.5858
  19.000       0.5429
  20.000       0.6919
  21.000       0.6836
  22.000       0.7308
  23.000       0.5709
  24.000       0.6537
  25.000       0.7570
  26.000       0.7110
  27.000       0.6189
  28.000       0.7542
  29.000       0.9532
  30.000       0.6865
  31.000       0.9959
  32.000       1.3043
  33.000       1.0547
  34.000       0.8620
  35.000       1.1180
  36.000       1.0484
  37.000       1.0686
  38.000       1.0702
  39.000       0.8832
  40.000       0.9620
  41.000       1.0178
  42.000       0.7219
  43.000       0.6057
  44.000       0.7869
  45.000       0.8636
  46.000       0.7241
  47.000       0.6673
  48.000       0.7726
  49.000       0.8173
  50.000       0.7642
  51.000       0.6444
  52.000       0.6207
  53.000       0.6851
  54.000       0.6654
  55.000       0.5851
  56.000       0.6352
  57.000       0.6905
  58.000       0.6520
  59.000       0.6272
  60.000       0.6935
  61.000       0.7398
  62.000       0.7863
  63.000       0.7425
  64.000       0.8506
  65.000       1.0425
  66.000       0.9008
  67.000       0.9460
  68.000       0.9945
  69.000       1.0465
  70.000       0.9501
  71.000       0.8023
  72.000       0.6850
  73.000       0.9839
  74.000       1.8309
  75.000       1.8825
  76.000       1.5898
  77.000       1.6773
  78.000       1.3231
  79.000       0.8277
  80.000       0.6316
  81.000       0.7068
  82.000       0.6833
  83.000       0.6801
  84.000       0.6758
  85.000       0.7189
  86.000       0.6806
  87.000       0.6745
  88.000       0.6506
  89.000       0.6723
  90.000       0.6646
  91.000       0.6621
  92.000       0.6867
  93.000       0.6570
  94.000       0.6777
  95.000       0.6799
  96.000       0.7008
  97.000       0.6305
  98.000       0.7540
  99.000       0.7345
 100.000       0.6276
 101.000       0.6034
 102.000       0.5952
 103.000       0.5622
 104.000       0.5455
 105.000       0.5718
 106.000       0.5781
 107.000       0.5445
 108.000       0.5723
 109.000       0.6501
 110.000       0.6751
 111.000       0.6863
 112.000       0.8695
 113.000       1.0116
 114.000       1.3158
 115.000       1.1311
 116.000       0.8087
 117.000       1.0222
 118.000       1.1185
 119.000       1.2241
 120.000       1.2270
 121.000       1.5095
 122.000       1.9665
 123.000       2.3745
 124.000       2.2558
 125.000       2.8569
 126.000       3.1569
 127.000       2.6308
 128.000       2.4802
 129.000       2.2699
 130.000       1.6248
 131.000       2.3225
 132.000       2.4973
 133.000       2.5748
 134.000       3.5567
 135.000       3.4804
 136.000       3.6182
 137.000       3.7385
 138.000       4.8062
 139.000       5.3258
 140.000       6.8200
 141.000       8.4816
 142.000       8.3224
 143.000       6.7559
 144.000       5.4232
 145.000       5.1982
 146.000       3.4199
 147.000       1.5439
 148.000       1.3289
 149.000       1.4107
 150.000       1.3981
 151.000       1.2247
 152.000       1.4256
 153.000       1.6851
 154.000       1.9984
 155.000       3.0350
 156.000       3.5848
 157.000       4.8539
 158.000       3.7007
 159.000       2.6433
 160.000       2.6444
 161.000       2.8265
 162.000       2.1826
 163.000       1.6274
 164.000       1.0564
 165.000       0.8311
 166.000       0.8641
 167.000       0.9262
 168.000       0.8995
 169.000       0.7069
 170.000       0.6979
 171.000       0.9881
 172.000       1.2575
 173.000       1.1732
 174.000       1.0267
 175.000       1.0340
 176.000       0.8806
 177.000       0.9093
 178.000       0.9030
 179.000       1.1200
 180.000       1.0973
 181.000       0.9316
 182.000       1.2975
 183.000       1.1448
 184.000       1.0352
 185.000       0.9554
 186.000       1.0943
 187.000       1.2742
 188.000       1.0575
 189.000       0.9738
 190.000       0.8386
 191.000       0.7542
 192.000       0.7802
 193.000       0.7511
 194.000       0.6389
 195.000       0.6755
 196.000       0.7661
 197.000       0.7291
 198.000       0.7128
 199.000       0.7719
 200.000       0.7856
 201.000       0.7581
 202.000       0.8091
 203.000       0.8400
 204.000       0.8122
 205.000       0.8702
 206.000       1.0271
 207.000       1.0682
 208.000       1.3549
 209.000       1.7598
 210.000       1.6484
 211.000       1.7294
 212.000       1.6541
 213.000       1.0857
 214.000       0.9848
 215.000       0.8731
 216.000       0.8092
 217.000       0.7628
 218.000       0.7500
 219.000       0.7067
 220.000       0.6629
 221.000       0.7021
 222.000       0.7223
 223.000       0.7373
 224.000       0.6407
 225.000       0.6343
 226.000       0.7279
 227.000       0.6995
 228.000       0.6224
 229.000       0.6832
 230.000       0.7735
 231.000       0.7427
 232.000       0.7442
 233.000       0.8631
 234.000       0.9560
 235.000       0.9470
 236.000       0.9910
 237.000       1.0793
 238.000       0.8368
 239.000       0.9055
 240.000       0.8694
 241.000       0.7968
 242.000       0.9013
 243.000       0.8606
 244.000       0.7707
 245.000       0.8338
 246.000       0.8739
 247.000       0.8768
 248.000       0.9138
 249.000       0.9662
 250.000       0.9449
 251.000       0.9114
 252.000       1.1496
 253.000       1.4644
 254.000       1.3292
 255.000       1.0703
 256.000       1.3437
 257.000       1.4588
 258.000       1.0720
 259.000       1.0005
 260.000       0.8213
 261.000       0.7205
 262.000       0.7605
 263.000       0.7223
 264.000       0.5904
 265.000       0.6092
 266.000       0.6543
 267.000       0.5746
 268.000       0.4911
 269.000       0.5783
 270.000       0.5708
 271.000       0.5006
 272.000       0.4723
 273.000       0.4837
 274.000       0.5772
 275.000       0.6353
 276.000       0.7633
 277.000       0.8262
 278.000       0.9043
 279.000       0.8007
 280.000       0.7381
 281.000       0.7489
 282.000       0.7711
 283.000       0.6786
 284.000       0.7273
 285.000       0.7625
 286.000       0.7764
 287.000       0.7721
 288.000       0.8834
 289.000       0.8670
 290.000       0.9279
 291.000       0.8861
 292.000       0.8915
 293.000       0.7402
 294.000       0.7253
 295.000       0.7074
 296.000       0.6735
 297.000       0.6131
 298.000       0.6204
 299.000       0.6149
 300.000       0.5213
 301.000       0.5565
 302.000       0.6116
 303.000       0.5374
 304.000       0.4760
 305.000       0.5406
 306.000       0.5897
 307.000       0.5240
 308.000       0.5069
 309.000       0.5975
 310.000       0.6028
 311.000       0.6021
 312.000       0.6225
 313.000       0.6517
 314.000       0.6344
 315.000       0.5749
 316.000       0.5953
 317.000       0.6508
 318.000       0.6545
 319.000       0.6672
 320.000       0.6975
 321.000       0.6651
 322.000       0.6548
 323.000       0.7182
 324.000       0.7639
 325.000       0.7789
 326.000       0.8434
 327.000       0.9179
 328.000       0.9236
 329.000       0.9447
 330.000       0.8436
 331.000       0.9699
 332.000       0.9808
 333.000       0.8145
 334.000       0.7796
 335.000       0.8011
 336.000       0.9881
 337.000       0.9671
 338.000       0.8440
 339.000       0.6916
 340.000       0.6561
 341.000       0.6627
 342.000       0.6098
 343.000       0.6146
 344.000       0.6423
 345.000       0.6209
 346.000       0.6779
 347.000       0.6733
 348.000       0.6621
 349.000       0.7082
 350.000       0.7472
 351.000       0.7505
 352.000       0.7799
 353.000       0.8827
 354.000       0.8983
 355.000       0.7401
 356.000       0.7073
 357.000       0.7273
 358.000       0.6492
 359.000       0.6071
 360.000       0.6301
 361.000       0.6321
 362.000       0.5581
 363.000       0.5451
 364.000       0.5888
 365.000       0.6012
 366.000       0.6108
 367.000       0.5811
 368.000       0.6106
 369.000       0.7197
 370.000       0.7616
 371.000       0.7472
 372.000       0.7797
 373.000       0.7869
 374.000       0.7823
 375.000       0.7415
 376.000       0.7153
 377.000       0.7443
 378.000       0.7327
 379.000       0.6896
 380.000       0.6958
 381.000       0.6952
 382.000       0.7005
 383.000       0.7495
 384.000       0.8102
 385.000       0.8527
 386.000       0.9799
 387.000       1.0235
 388.000       0.9802
 389.000       1.1325
 390.000       1.2393
 391.000       1.3234
 392.000       1.5179
 393.000       1.4030
 394.000       1.1236
 395.000       1.2969
 396.000       1.3928
 397.000       1.1314
 398.000       1.0334
 399.000       0.9659
 400.000       0.9278
 401.000       0.9139
 402.000       0.8354
 403.000       0.8073
 404.000       0.8370
 405.000       0.8001
 406.000       0.7864
 407.000       0.7861
 408.000       0.7789
 409.000       0.7384
 410.000       0.7320
 411.000       0.8014
 412.000       0.7892
 413.000       0.7295
 414.000       0.7946
 415.000       0.8369
 416.000       0.8406
 417.000       0.8468
 418.000       0.7783
 419.000       0.7770
 420.000       0.7619
 421.000       0.7680
 422.000       0.7252
 423.000       0.7636
 424.000       0.7733
 425.000       0.7637
 426.000       0.8068
 427.000       0.8234
 428.000       0.8009
 429.000       0.8292
 430.000       0.8708
 431.000       0.8282
 432.000       0.8071
 433.000       0.8355
 434.000       0.8376
 435.000       0.8505
 436.000       0.8159
 437.000       0.7740
 438.000       0.7314
 439.000       0.6737
 440.000       0.7476
 441.000       0.7495
 442.000       0.6697
 443.000       0.6555
 444.000       0.7766
 445.000       0.7932
 446.000       0.7688
 447.000       0.7857
 448.000       0.7932
 449.000       0.8140
 450.000       0.8672
 451.000       0.9007
 452.000       0.8846
 453.000       0.8635
 454.000       0.8459
 455.000       0.9804
 456.000       0.9322
 457.000       0.8020
 458.000       0.8774
 459.000       0.9623
 460.000       0.8910
 461.000       0.8067
 462.000       0.9020
 463.000       1.0342
 464.000       0.9866
 465.000       0.9999
 466.000       1.0745
 467.000       1.0621
 468.000       1.0735
 469.000       1.1389
 470.000       1.1421
 471.000       1.0751
 472.000       0.9625
 473.000       0.8683
 474.000       0.9025
 475.000       0.9137
 476.000       0.8155
 477.000       0.8432
 478.000       1.0134
 479.000       0.9160
 480.000       0.8769
 481.000       0.8369
 482.000       0.8494
 483.000       0.8602
 484.000       0.7706
 485.000       0.7400
 486.000       0.8104
 487.000       0.8003
 488.000       0.7400
 489.000       0.7798
 490.000       0.8883
 491.000       0.8563
 492.000       0.8478
 493.000       0.9432
 494.000       1.0559
 495.000       1.1066
 496.000       1.0478
 497.000       1.2428
 498.000       1.1553
 499.000       1.0798
 500.000       1.1260
 501.000       1.1468
 502.000       1.3249
 503.000       1.7599
 504.000       1.2377
 505.000       1.2780
 506.000       1.0816
 507.000       1.1789
 508.000       1.2920
 509.000       1.2303
 510.000       1.0542
 511.000       1.0985
 512.000       1.1475
 513.000       1.0751
 514.000       1.0142
 515.000       1.0681
 516.000       1.0902
 517.000       1.0672
 518.000       1.0743
 519.000       1.0541
 520.000       1.1142
 521.000       1.2602
 522.000       1.0752
 523.000       0.7205
 524.000       0.7033
 525.000       0.7254
 526.000       0.9617
 527.000       1.1033
 528.000       1.0292
 529.000       1.4697
 530.000       1.9141
 531.000       2.0480
 532.000       2.0983
 533.000       2.7953
 534.000       3.2322
 535.000       3.1879
 536.000       3.4680
 537.000       4.4865
 538.000       5.2684
 539.000       4.9557
 540.000       5.0209
 541.000       4.5422
 542.000       4.6083
 543.000       4.4063
 544.000       3.8516
 545.000       3.7102
 546.000       3.8406
 547.000       3.5276
 548.000       3.1441
 549.000       3.1888
 550.000       3.4564
 551.000       3.7686
 553.000      52.3690
