#Res        AtomicFlx
   1.000       1.9266
   2.000       1.1577
   3.000       0.9112
   4.000       0.8800
   5.000       1.3217
   6.000       0.8414
   7.000       0.7620
   8.000       0.7285
   9.000       0.6295
  10.000       0.5729
  11.000       0.5968
  12.000       0.5473
  13.000       0.4950
  14.000       0.5349
  15.000       0.5221
  16.000       0.5613
  17.000       0.5175
  18.000       0.5464
  19.000       0.4792
  20.000       0.5787
  21.000       0.6275
  22.000       0.6253
  23.000       0.5115
  24.000       0.5904
  25.000       0.9164
  26.000       0.6457
  27.000       0.5845
  28.000       0.5978
  29.000       0.6489
  30.000       0.6181
  31.000       0.6331
  32.000       0.6830
  33.000       0.7005
  34.000       0.6611
  35.000       0.8228
  36.000       0.8427
  37.000       0.7982
  38.000       0.7596
  39.000       0.6467
  40.000       0.6784
  41.000       0.7162
  42.000       0.6101
  43.000       0.5608
  44.000       0.6263
  45.000       0.6104
  46.000       0.5855
  47.000       0.5834
  48.000       0.6323
  49.000       0.7340
  50.000       0.7790
  51.000       0.6227
  52.000       0.5472
  53.000       0.5615
  54.000       0.6197
  55.000       0.6294
  56.000       0.5842
  57.000       0.7364
  58.000       0.9719
  59.000       0.7499
  60.000       0.6187
  61.000       0.6312
  62.000       0.6922
  63.000       0.7121
  64.000       0.7733
  65.000       0.9090
  66.000       0.7439
  67.000       0.7332
  68.000       0.7448
  69.000       0.7676
  70.000       0.7000
  71.000       0.6513
  72.000       0.6563
  73.000       0.7634
  74.000       1.1119
  75.000       1.4716
  76.000       1.3219
  77.000       1.2190
  78.000       0.7652
  79.000       0.8534
  80.000       0.6249
  81.000       0.5848
  82.000       0.5847
  83.000       0.5851
  84.000       0.5607
  85.000       0.5562
  86.000       0.5483
  87.000       0.5623
  88.000       0.5156
  89.000       0.5053
  90.000       0.5471
  91.000       0.5694
  92.000       0.5410
  93.000       0.5300
  94.000       0.5702
  95.000       0.5586
  96.000       0.5606
  97.000       0.5951
  98.000       0.6323
  99.000       0.7150
 100.000       0.6711
 101.000       0.5106
 102.000       0.4860
 103.000       0.4908
 104.000       0.4625
 105.000       0.4412
 106.000       0.4602
 107.000       0.4366
 108.000       0.4395
 109.000       0.4980
 110.000       0.5482
 111.000       0.5614
 112.000       0.6633
 113.000       0.7448
 114.000       0.8920
 115.000       0.8329
 116.000       0.6084
 117.000       0.7144
 118.000       0.7787
 119.000       0.9193
 120.000       0.8845
 121.000       0.8993
 122.000       1.1706
 123.000       1.0547
 124.000       1.2247
 125.000       1.0774
 126.000       1.0207
 127.000       1.7169
 128.000       2.4110
 129.000       2.2342
 130.000       1.6396
 131.000       2.2808
 132.000       3.3795
 133.000       4.6409
 134.000       5.1681
 135.000       4.6382
 136.000       4.4232
 137.000       4.9592
 138.000       5.4571
 139.000       5.1401
 140.000       4.6003
 141.000       4.6287
 142.000       4.5424
 143.000       3.3494
 144.000       2.7821
 145.000       2.3816
 146.000       1.9992
 147.000       1.3473
 148.000       1.3265
 149.000       1.1224
 150.000       1.3103
 151.000       1.5441
 152.000       1.4835
 153.000       2.9781
 154.000       3.2585
 155.000       4.4023
 156.000       3.4781
 157.000       4.0380
 158.000       4.7487
 159.000       3.9876
 160.000       3.8974
 161.000       2.3313
 162.000       1.3531
 163.000       1.1622
 164.000       0.8115
 165.000       0.6870
 166.000       0.5378
 167.000       0.5640
 168.000       0.6174
 169.000       0.5467
 170.000       0.5102
 171.000       0.6278
 172.000       0.6721
 173.000       0.6652
 174.000       0.6312
 175.000       0.7131
 176.000       0.8198
 177.000       1.3231
 178.000       1.7671
 179.000       1.6818
 180.000       1.9861
 181.000       1.0229
 182.000       0.9705
 183.000       1.0440
 184.000       1.0814
 185.000       0.9487
 186.000       0.8875
 187.000       0.8499
 188.000       0.7260
 189.000       0.7632
 190.000       0.6956
 191.000       0.5947
 192.000       0.6436
 193.000       0.6425
 194.000       0.5439
 195.000       0.5701
 196.000       0.6439
 197.000       0.6034
 198.000       0.5805
 199.000       0.5966
 200.000       0.6475
 201.000       0.6388
 202.000       0.6445
 203.000       0.6610
 204.000       0.6855
 205.000       0.6460
 206.000       0.6891
 207.000       0.7451
 208.000       0.8165
 209.000       0.8533
 210.000       1.0294
 211.000       0.9763
 212.000       0.7878
 213.000       0.8154
 214.000       0.9520
 215.000       1.0272
 216.000       0.7835
 217.000       0.6029
 218.000       0.7338
 219.000       0.6804
 220.000       1.1189
 221.000       1.4177
 222.000       1.1076
 223.000       0.8319
 224.000       0.6890
 225.000       0.6172
 226.000       0.6780
 227.000       0.6401
 228.000       0.5894
 229.000       0.6390
 230.000       0.6979
 231.000       0.6714
 232.000       0.7009
 233.000       0.8551
 234.000       0.8941
 235.000       0.8093
 236.000       0.8613
 237.000       1.3855
 238.000       0.9552
 239.000       0.9853
 240.000       0.9060
 241.000       0.7249
 242.000       0.7737
 243.000       0.7933
 244.000       0.6789
 245.000       0.6949
 246.000       0.7827
 247.000       0.7305
 248.000       0.6672
 249.000       0.7494
 250.000       0.8134
 251.000       0.8944
 252.000       1.1073
 253.000       1.3083
 254.000       1.1438
 255.000       0.8605
 256.000       0.9427
 257.000       1.1295
 258.000       0.8684
 259.000       0.8786
 260.000       0.8357
 261.000       0.6795
 262.000       0.6364
 263.000       0.6477
 264.000       0.6014
 265.000       0.5638
 266.000       0.5348
 267.000       0.4974
 268.000       0.4902
 269.000       0.5189
 270.000       0.4719
 271.000       0.4397
 272.000       0.4553
 273.000       0.4743
 274.000       0.5568
 275.000       0.6142
 276.000       0.6594
 277.000       0.6544
 278.000       0.7618
 279.000       0.6314
 280.000       0.6999
 281.000       0.5857
 282.000       0.5782
 283.000       0.6229
 284.000       0.6106
 285.000       0.6334
 286.000       0.7417
 287.000       0.7877
 288.000       0.9108
 289.000       0.9283
 290.000       0.9199
 291.000       0.8967
 292.000       0.8911
 293.000       0.8082
 294.000       0.7614
 295.000       0.6919
 296.000       0.7024
 297.000       0.6675
 298.000       0.6410
 299.000       0.7000
 300.000       0.6364
 301.000       0.5799
 302.000       0.6621
 303.000       0.6295
 304.000       0.5103
 305.000       0.5659
 306.000       0.6308
 307.000       0.5339
 308.000       0.4964
 309.000       0.5915
 310.000       0.5973
 311.000       0.5840
 312.000       0.5962
 313.000       0.5958
 314.000       0.5663
 315.000       0.5341
 316.000       0.5758
 317.000       0.6049
 318.000       0.6382
 319.000       0.6779
 320.000       0.6908
 321.000       0.6730
 322.000       0.6684
 323.000       0.6944
 324.000       0.7748
 325.000       0.8132
 326.000       0.8889
 327.000       0.9888
 328.000       0.9231
 329.000       0.9141
 330.000       0.7788
 331.000       0.8598
 332.000       0.8958
 333.000       0.7875
 334.000       0.7802
 335.000       0.8515
 336.000       0.9126
 337.000       0.8986
 338.000       0.7188
 339.000       0.6045
 340.000       0.6317
 341.000       0.6522
 342.000       0.5434
 343.000       0.4918
 344.000       0.5541
 345.000       0.5239
 346.000       0.5634
 347.000       0.5744
 348.000       0.5617
 349.000       0.5443
 350.000       0.6145
 351.000       0.7518
 352.000       0.8426
 353.000       0.8923
 354.000       0.8521
 355.000       0.6366
 356.000       0.5934
 357.000       0.6301
 358.000       0.5636
 359.000       0.4934
 360.000       0.4944
 361.000       0.5168
 362.000       0.4538
 363.000       0.4397
 364.000       0.4723
 365.000       0.4910
 366.000       0.5145
 367.000       0.4839
 368.000       0.5046
 369.000       0.5352
 370.000       0.5890
 371.000       0.5854
 372.000       0.6114
 373.000       0.5395
 374.000       0.5327
 375.000       0.5966
 376.000       0.5894
 377.000       0.5816
 378.000       0.5681
 379.000       0.6299
 380.000       0.7024
 381.000       0.6194
 382.000       0.5413
 383.000       0.5822
 384.000       0.6353
 385.000       0.6706
 386.000       0.7053
 387.000       0.7665
 388.000       0.8890
 389.000       1.1621
 390.000       2.0900
 391.000       2.8329
 392.000       1.6478
 393.000       1.5458
 394.000       1.0825
 395.000       1.4840
 396.000       1.3701
 397.000       0.9484
 398.000       0.8275
 399.000       0.7819
 400.000       0.7478
 401.000       0.6754
 402.000       0.6369
 403.000       0.6644
 404.000       0.6967
 405.000       0.6224
 406.000       0.6259
 407.000       0.6812
 408.000       0.6830
 409.000       0.6693
 410.000       0.6591
 411.000       0.7074
 412.000       0.7030
 413.000       0.6597
 414.000       0.6963
 415.000       0.7427
 416.000       0.6441
 417.000       0.6695
 418.000       0.6526
 419.000       0.7235
 420.000       0.6793
 421.000       0.7657
 422.000       0.6672
 423.000       0.5932
 424.000       0.5873
 425.000       0.5916
 426.000       0.6250
 427.000       0.6720
 428.000       0.6543
 429.000       0.6528
 430.000       0.7431
 431.000       0.7378
 432.000       0.9022
 433.000       0.9590
 434.000       0.9485
 435.000       0.8174
 436.000       0.8552
 437.000       0.6335
 438.000       0.5499
 439.000       0.6338
 440.000       0.5988
 441.000       0.6144
 442.000       0.6777
 443.000       0.6420
 444.000       0.6333
 445.000       0.7072
 446.000       0.7726
 447.000       0.7412
 448.000       0.7160
 449.000       0.7216
 450.000       0.8256
 451.000       0.9417
 452.000       0.8832
 453.000       0.8675
 454.000       0.8083
 455.000       0.9244
 456.000       0.9159
 457.000       0.7737
 458.000       0.8443
 459.000       0.9706
 460.000       1.0229
 461.000       0.8854
 462.000       0.9141
 463.000       1.2611
 464.000       1.4372
 465.000       1.3477
 466.000       1.2040
 467.000       1.0825
 468.000       1.0264
 469.000       1.0691
 470.000       0.9779
 471.000       0.8845
 472.000       0.7852
 473.000       0.7375
 474.000       0.7544
 475.000       0.7109
 476.000       0.6064
 477.000       0.6625
 478.000       0.7436
 479.000       0.6965
 480.000       0.7315
 481.000       0.9105
 482.000       0.8190
 483.000       0.7209
 484.000       0.6208
 485.000       0.5747
 486.000       0.6482
 487.000       0.6273
 488.000       0.5600
 489.000       0.6179
 490.000       0.6882
 491.000       0.6695
 492.000       0.6542
 493.000       0.7545
 494.000       0.8742
 495.000       0.9161
 496.000       0.9023
 497.000       1.1622
 498.000       1.0414
 499.000       0.9674
 500.000       1.0486
 501.000       1.0622
 502.000       1.6933
 503.000       1.7015
 504.000       1.4326
 505.000       1.3804
 506.000       1.1159
 507.000       1.3115
 508.000       1.4278
 509.000       1.3303
 510.000       1.0283
 511.000       1.0611
 512.000       1.1475
 513.000       0.9942
 514.000       0.8491
 515.000       0.8593
 516.000       0.8591
 517.000       0.8116
 518.000       0.6929
 519.000       0.6342
 520.000       0.6702
 521.000       0.5930
 522.000       0.6692
 523.000       0.6745
 524.000       0.6412
 525.000       0.6535
 526.000       0.7630
 527.000       0.8187
 528.000       0.7312
 529.000       0.7750
 530.000       0.8672
 531.000       0.9669
 532.000       1.0258
 533.000       1.1189
 534.000       1.2688
 535.000       1.4254
 536.000       1.5487
 537.000       2.0226
 538.000       2.4920
 539.000       3.1993
 540.000       3.1442
 541.000       2.6127
 542.000       3.0061
 543.000       2.8458
 544.000       2.1199
 545.000       2.2206
 546.000       2.7119
 547.000       2.2685
 548.000       1.9327
 549.000       2.4257
 550.000       2.6955
 551.000       3.0938
 553.000      51.2857
